target_polynomial: 0.698076616857022*a*b**2 - 0.967342994632584*b
number_of_variables: 2
degree: 3
lambda_net_hidden_layers: [10]
