target_polynomial: -0.551365942050521*a + 0.724383034843367*b**2
number_of_variables: 2
degree: 3
lambda_net_hidden_layers: [10]
