target_polynomial: 0.184460837523674*a**2*b - 0.503173069834058*b
number_of_variables: 2
degree: 3
lambda_net_hidden_layers: [10]
