function_family_maximum_depth;function_family_beta;function_family_decision_sparsity;function_family_fully_grown;function_family_dt_type;function_family_basic_function_representation_length;function_family_function_representation_length;data_number_of_variables;data_num_classes;data_categorical_indices;data_use_distribution_list;data_random_parameters_distribution;data_max_distributions_per_class;data_exclude_linearly_seperable;data_data_generation_filtering;data_fixed_class_probability;data_balanced_data;data_weighted_data_generation;data_shift_distrib;data_dt_type_train;data_maximum_depth_train;data_decision_sparsity_train;data_function_generation_type;data_distrib_by_feature;data_distribution_list;data_distribution_list_eval;data_objective;data_x_max;data_x_min;data_x_distrib;data_lambda_dataset_size;data_number_of_generated_datasets;data_noise_injected_level;data_noise_injected_type;data_data_noise;data_distrib_param_max;lambda_net_epochs_lambda;lambda_net_early_stopping_lambda;lambda_net_early_stopping_min_delta_lambda;lambda_net_restore_best_weights;lambda_net_patience_lambda;lambda_net_batch_lambda;lambda_net_dropout_lambda;lambda_net_lambda_network_layers;lambda_net_use_batchnorm_lambda;lambda_net_optimizer_lambda;lambda_net_loss_lambda;lambda_net_number_of_lambda_weights;lambda_net_number_initializations_lambda;lambda_net_number_of_trained_lambda_nets;i_net_dense_layers;i_net_dropout;i_net_hidden_activation;i_net_optimizer;i_net_learning_rate;i_net_separate_weight_bias;i_net_convolution_layers;i_net_lstm_layers;i_net_additional_hidden;i_net_loss;i_net_metrics;i_net_epochs;i_net_early_stopping;i_net_batch_size;i_net_interpretation_dataset_size;i_net_test_size;i_net_evaluate_distribution;i_net_force_evaluate_real_world;i_net_function_representation_type;i_net_normalize_lambda_nets;i_net_optimize_decision_function;i_net_function_value_loss;i_net_data_reshape_version;i_net_resampling_strategy;i_net_resampling_threshold;i_net_nas;i_net_nas_type;i_net_nas_trials;i_net_nas_optimizer;evaluation_number_of_random_evaluations_per_distribution;evaluation_optimize_sampling;evaluation_random_evaluation_dataset_size;evaluation_random_evaluation_dataset_distribution;evaluation_per_network_optimization_dataset_size;evaluation_different_eval_data;evaluation_eval_data_description_eval_data_function_generation_type;evaluation_eval_data_description_eval_data_lambda_dataset_size;evaluation_eval_data_description_eval_data_noise_injected_level;evaluation_eval_data_description_eval_data_noise_injected_type;evaluation_eval_data_description_eval_data_number_of_trained_lambda_nets;evaluation_eval_data_description_eval_data_interpretation_dataset_size;computation_load_model;computation_n_jobs;computation_use_gpu;computation_gpu_numbers;computation_RANDOM_SEED;computation_verbosity;train_dt_scores_soft_binary_crossentropy;train_dt_scores_soft_binary_crossentropy_median;train_dt_scores_soft_binary_crossentropy_data_random;train_dt_scores_soft_binary_crossentropy_data_random_median;train_dt_scores_binary_crossentropy;train_dt_scores_binary_crossentropy_median;train_dt_scores_binary_crossentropy_data_random;train_dt_scores_binary_crossentropy_data_random_median;train_dt_scores_accuracy;train_dt_scores_accuracy_median;train_dt_scores_accuracy_data_random;train_dt_scores_accuracy_data_random_median;train_dt_scores_f1_score;train_dt_scores_f1_score_median;train_dt_scores_f1_score_data_random;train_dt_scores_f1_score_data_random_median;train_dt_scores_roc_auc_score;train_dt_scores_roc_auc_score_median;train_dt_scores_roc_auc_score_data_random;train_dt_scores_roc_auc_score_data_random_median;train_dt_scores_runtime;train_dt_scores_runtime_median;train_inet_scores_soft_binary_crossentropy;train_inet_scores_soft_binary_crossentropy_median;train_inet_scores_binary_crossentropy;train_inet_scores_binary_crossentropy_median;train_inet_scores_accuracy;train_inet_scores_accuracy_median;train_inet_scores_f1_score;train_inet_scores_f1_score_median;train_inet_scores_roc_auc_score;train_inet_scores_roc_auc_score_median;train_inet_scores_runtime;train_inet_scores_runtime_median;valid_dt_scores_soft_binary_crossentropy;valid_dt_scores_soft_binary_crossentropy_median;valid_dt_scores_soft_binary_crossentropy_data_random;valid_dt_scores_soft_binary_crossentropy_data_random_median;valid_dt_scores_binary_crossentropy;valid_dt_scores_binary_crossentropy_median;valid_dt_scores_binary_crossentropy_data_random;valid_dt_scores_binary_crossentropy_data_random_median;valid_dt_scores_accuracy;valid_dt_scores_accuracy_median;valid_dt_scores_accuracy_data_random;valid_dt_scores_accuracy_data_random_median;valid_dt_scores_f1_score;valid_dt_scores_f1_score_median;valid_dt_scores_f1_score_data_random;valid_dt_scores_f1_score_data_random_median;valid_dt_scores_roc_auc_score;valid_dt_scores_roc_auc_score_median;valid_dt_scores_roc_auc_score_data_random;valid_dt_scores_roc_auc_score_data_random_median;valid_dt_scores_runtime;valid_dt_scores_runtime_median;valid_inet_scores_soft_binary_crossentropy;valid_inet_scores_soft_binary_crossentropy_median;valid_inet_scores_binary_crossentropy;valid_inet_scores_binary_crossentropy_median;valid_inet_scores_accuracy;valid_inet_scores_accuracy_median;valid_inet_scores_f1_score;valid_inet_scores_f1_score_median;valid_inet_scores_roc_auc_score;valid_inet_scores_roc_auc_score_median;valid_inet_scores_runtime;valid_inet_scores_runtime_median;test_['uniform', 'normal', 'gamma', 'beta', 'poisson']_dt_scores_soft_binary_crossentropy;test_['uniform', 'normal', 'gamma', 'beta', 'poisson']_dt_scores_soft_binary_crossentropy_median;test_['uniform', 'normal', 'gamma', 'beta', 'poisson']_dt_scores_soft_binary_crossentropy_data_random;test_['uniform', 'normal', 'gamma', 'beta', 'poisson']_dt_scores_soft_binary_crossentropy_data_random_median;test_['uniform', 'normal', 'gamma', 'beta', 'poisson']_dt_scores_binary_crossentropy;test_['uniform', 'normal', 'gamma', 'beta', 'poisson']_dt_scores_binary_crossentropy_median;test_['uniform', 'normal', 'gamma', 'beta', 'poisson']_dt_scores_binary_crossentropy_data_random;test_['uniform', 'normal', 'gamma', 'beta', 'poisson']_dt_scores_binary_crossentropy_data_random_median;test_['uniform', 'normal', 'gamma', 'beta', 'poisson']_dt_scores_accuracy;test_['uniform', 'normal', 'gamma', 'beta', 'poisson']_dt_scores_accuracy_median;test_['uniform', 'normal', 'gamma', 'beta', 'poisson']_dt_scores_accuracy_data_random;test_['uniform', 'normal', 'gamma', 'beta', 'poisson']_dt_scores_accuracy_data_random_median;test_['uniform', 'normal', 'gamma', 'beta', 'poisson']_dt_scores_f1_score;test_['uniform', 'normal', 'gamma', 'beta', 'poisson']_dt_scores_f1_score_median;test_['uniform', 'normal', 'gamma', 'beta', 'poisson']_dt_scores_f1_score_data_random;test_['uniform', 'normal', 'gamma', 'beta', 'poisson']_dt_scores_f1_score_data_random_median;test_['uniform', 'normal', 'gamma', 'beta', 'poisson']_dt_scores_roc_auc_score;test_['uniform', 'normal', 'gamma', 'beta', 'poisson']_dt_scores_roc_auc_score_median;test_['uniform', 'normal', 'gamma', 'beta', 'poisson']_dt_scores_roc_auc_score_data_random;test_['uniform', 'normal', 'gamma', 'beta', 'poisson']_dt_scores_roc_auc_score_data_random_median;test_['uniform', 'normal', 'gamma', 'beta', 'poisson']_dt_scores_runtime;test_['uniform', 'normal', 'gamma', 'beta', 'poisson']_dt_scores_runtime_median;test_['uniform', 'normal', 'gamma', 'beta', 'poisson']_dt_scores_soft_binary_crossentropy_train_data;test_['uniform', 'normal', 'gamma', 'beta', 'poisson']_dt_scores_soft_binary_crossentropy_train_data_median;test_['uniform', 'normal', 'gamma', 'beta', 'poisson']_dt_scores_binary_crossentropy_train_data;test_['uniform', 'normal', 'gamma', 'beta', 'poisson']_dt_scores_binary_crossentropy_train_data_median;test_['uniform', 'normal', 'gamma', 'beta', 'poisson']_dt_scores_accuracy_train_data;test_['uniform', 'normal', 'gamma', 'beta', 'poisson']_dt_scores_accuracy_train_data_median;test_['uniform', 'normal', 'gamma', 'beta', 'poisson']_dt_scores_f1_score_train_data;test_['uniform', 'normal', 'gamma', 'beta', 'poisson']_dt_scores_f1_score_train_data_median;test_['uniform', 'normal', 'gamma', 'beta', 'poisson']_dt_scores_roc_auc_score_train_data;test_['uniform', 'normal', 'gamma', 'beta', 'poisson']_dt_scores_roc_auc_score_train_data_median;test_['uniform', 'normal', 'gamma', 'beta', 'poisson']_dt_scores_soft_binary_crossentropy_uniform_data;test_['uniform', 'normal', 'gamma', 'beta', 'poisson']_dt_scores_soft_binary_crossentropy_uniform_data_median;test_['uniform', 'normal', 'gamma', 'beta', 'poisson']_dt_scores_binary_crossentropy_uniform_data;test_['uniform', 'normal', 'gamma', 'beta', 'poisson']_dt_scores_binary_crossentropy_uniform_data_median;test_['uniform', 'normal', 'gamma', 'beta', 'poisson']_dt_scores_accuracy_uniform_data;test_['uniform', 'normal', 'gamma', 'beta', 'poisson']_dt_scores_accuracy_uniform_data_median;test_['uniform', 'normal', 'gamma', 'beta', 'poisson']_dt_scores_f1_score_uniform_data;test_['uniform', 'normal', 'gamma', 'beta', 'poisson']_dt_scores_f1_score_uniform_data_median;test_['uniform', 'normal', 'gamma', 'beta', 'poisson']_dt_scores_roc_auc_uniform_data;test_['uniform', 'normal', 'gamma', 'beta', 'poisson']_dt_scores_roc_auc_uniform_data_median;test_['uniform', 'normal', 'gamma', 'beta', 'poisson']_dt_scores_soft_binary_crossentropy_normal_data;test_['uniform', 'normal', 'gamma', 'beta', 'poisson']_dt_scores_soft_binary_crossentropy_normal_data_median;test_['uniform', 'normal', 'gamma', 'beta', 'poisson']_dt_scores_binary_crossentropy_normal_data;test_['uniform', 'normal', 'gamma', 'beta', 'poisson']_dt_scores_binary_crossentropy_normal_data_median;test_['uniform', 'normal', 'gamma', 'beta', 'poisson']_dt_scores_accuracy_normal_data;test_['uniform', 'normal', 'gamma', 'beta', 'poisson']_dt_scores_accuracy_normal_data_median;test_['uniform', 'normal', 'gamma', 'beta', 'poisson']_dt_scores_f1_score_normal_data;test_['uniform', 'normal', 'gamma', 'beta', 'poisson']_dt_scores_f1_score_normal_data_median;test_['uniform', 'normal', 'gamma', 'beta', 'poisson']_dt_scores_roc_auc_score_normal_data;test_['uniform', 'normal', 'gamma', 'beta', 'poisson']_dt_scores_roc_auc_score_normal_data_median;test_['uniform', 'normal', 'gamma', 'beta', 'poisson']_inet_scores_soft_binary_crossentropy;test_['uniform', 'normal', 'gamma', 'beta', 'poisson']_inet_scores_soft_binary_crossentropy_median;test_['uniform', 'normal', 'gamma', 'beta', 'poisson']_inet_scores_binary_crossentropy;test_['uniform', 'normal', 'gamma', 'beta', 'poisson']_inet_scores_binary_crossentropy_median;test_['uniform', 'normal', 'gamma', 'beta', 'poisson']_inet_scores_accuracy;test_['uniform', 'normal', 'gamma', 'beta', 'poisson']_inet_scores_accuracy_median;test_['uniform', 'normal', 'gamma', 'beta', 'poisson']_inet_scores_f1_score;test_['uniform', 'normal', 'gamma', 'beta', 'poisson']_inet_scores_f1_score_median;test_['uniform', 'normal', 'gamma', 'beta', 'poisson']_inet_scores_roc_auc_score;test_['uniform', 'normal', 'gamma', 'beta', 'poisson']_inet_scores_roc_auc_score_median;test_['uniform', 'normal', 'gamma', 'beta', 'poisson']_inet_scores_runtime;test_['uniform', 'normal', 'gamma', 'beta', 'poisson']_inet_scores_runtime_median;dt_scores_soft_binary_crossentropy_['uniform', 'normal', 'gamma', 'beta', 'poisson']_Adult_10000;dt_scores_binary_crossentropy_['uniform', 'normal', 'gamma', 'beta', 'poisson']_Adult_10000;dt_scores_accuracy_['uniform', 'normal', 'gamma', 'beta', 'poisson']_Adult_10000;dt_scores_f1_score_['uniform', 'normal', 'gamma', 'beta', 'poisson']_Adult_10000;dt_scores_roc_auc_score_['uniform', 'normal', 'gamma', 'beta', 'poisson']_Adult_10000;dt_scores_soft_binary_crossentropy_data_random_['uniform', 'normal', 'gamma', 'beta', 'poisson']_Adult_10000;dt_scores_binary_crossentropy_data_random_['uniform', 'normal', 'gamma', 'beta', 'poisson']_Adult_10000;dt_scores_accuracy_data_random_['uniform', 'normal', 'gamma', 'beta', 'poisson']_Adult_10000;dt_scores_f1_score_data_random_['uniform', 'normal', 'gamma', 'beta', 'poisson']_Adult_10000;dt_scores_roc_auc_score_data_random_['uniform', 'normal', 'gamma', 'beta', 'poisson']_Adult_10000;dt_scores_runtime_['uniform', 'normal', 'gamma', 'beta', 'poisson']_Adult_10000;dt_scores_soft_binary_crossentropy_Adult_10000;dt_scores_binary_crossentropy_Adult_10000;dt_scores_accuracy_Adult_10000;dt_scores_f1_score_Adult_10000;dt_scores_roc_auc_score_Adult_10000;dt_scores_soft_binary_crossentropy_data_random_Adult_10000;dt_scores_binary_crossentropy_data_random_Adult_10000;dt_scores_accuracy_data_random_Adult_10000;dt_scores_f1_score_data_random_Adult_10000;dt_scores_roc_auc_score_data_random_Adult_10000;dt_scores_soft_binary_crossentropy_std_Adult_10000;dt_scores_binary_crossentropy_std_Adult_10000;dt_scores_accuracy_std_Adult_10000;dt_scores_f1_score_std_Adult_10000;dt_scores_roc_auc_score_std_Adult_10000;dt_scores_soft_binary_crossentropy_data_random_std_Adult_10000;dt_scores_binary_crossentropy_data_random_std_Adult_10000;dt_scores_accuracy_data_random_std_Adult_10000;dt_scores_f1_score_data_random_std_Adult_10000;dt_scores_roc_auc_score_data_random_std_Adult_10000;dt_scores_runtime_Adult_10000;inet_scores_soft_binary_crossentropy_Adult_10000;inet_scores_binary_crossentropy_Adult_10000;inet_scores_accuracy_Adult_10000;inet_scores_f1_score_Adult_10000;inet_scores_roc_auc_score_Adult_10000;inet_scores_runtime_Adult_10000;model_scores_soft_binary_crossentropy_Adult_10000;model_scores_binary_crossentropy_Adult_10000;model_scores_accuracy_Adult_10000;model_scores_f1_score_Adult_10000;model_scores_roc_auc_score_Adult_10000;model_scores_runtime_Adult_10000;dt_scores_soft_binary_crossentropy_['uniform', 'normal', 'gamma', 'beta', 'poisson']_Titanic_10000;dt_scores_binary_crossentropy_['uniform', 'normal', 'gamma', 'beta', 'poisson']_Titanic_10000;dt_scores_accuracy_['uniform', 'normal', 'gamma', 'beta', 'poisson']_Titanic_10000;dt_scores_f1_score_['uniform', 'normal', 'gamma', 'beta', 'poisson']_Titanic_10000;dt_scores_roc_auc_score_['uniform', 'normal', 'gamma', 'beta', 'poisson']_Titanic_10000;dt_scores_soft_binary_crossentropy_data_random_['uniform', 'normal', 'gamma', 'beta', 'poisson']_Titanic_10000;dt_scores_binary_crossentropy_data_random_['uniform', 'normal', 'gamma', 'beta', 'poisson']_Titanic_10000;dt_scores_accuracy_data_random_['uniform', 'normal', 'gamma', 'beta', 'poisson']_Titanic_10000;dt_scores_f1_score_data_random_['uniform', 'normal', 'gamma', 'beta', 'poisson']_Titanic_10000;dt_scores_roc_auc_score_data_random_['uniform', 'normal', 'gamma', 'beta', 'poisson']_Titanic_10000;dt_scores_runtime_['uniform', 'normal', 'gamma', 'beta', 'poisson']_Titanic_10000;dt_scores_soft_binary_crossentropy_Titanic_10000;dt_scores_binary_crossentropy_Titanic_10000;dt_scores_accuracy_Titanic_10000;dt_scores_f1_score_Titanic_10000;dt_scores_roc_auc_score_Titanic_10000;dt_scores_soft_binary_crossentropy_data_random_Titanic_10000;dt_scores_binary_crossentropy_data_random_Titanic_10000;dt_scores_accuracy_data_random_Titanic_10000;dt_scores_f1_score_data_random_Titanic_10000;dt_scores_roc_auc_score_data_random_Titanic_10000;dt_scores_soft_binary_crossentropy_std_Titanic_10000;dt_scores_binary_crossentropy_std_Titanic_10000;dt_scores_accuracy_std_Titanic_10000;dt_scores_f1_score_std_Titanic_10000;dt_scores_roc_auc_score_std_Titanic_10000;dt_scores_soft_binary_crossentropy_data_random_std_Titanic_10000;dt_scores_binary_crossentropy_data_random_std_Titanic_10000;dt_scores_accuracy_data_random_std_Titanic_10000;dt_scores_f1_score_data_random_std_Titanic_10000;dt_scores_roc_auc_score_data_random_std_Titanic_10000;dt_scores_runtime_Titanic_10000;inet_scores_soft_binary_crossentropy_Titanic_10000;inet_scores_binary_crossentropy_Titanic_10000;inet_scores_accuracy_Titanic_10000;inet_scores_f1_score_Titanic_10000;inet_scores_roc_auc_score_Titanic_10000;inet_scores_runtime_Titanic_10000;model_scores_soft_binary_crossentropy_Titanic_10000;model_scores_binary_crossentropy_Titanic_10000;model_scores_accuracy_Titanic_10000;model_scores_f1_score_Titanic_10000;model_scores_roc_auc_score_Titanic_10000;model_scores_runtime_Titanic_10000;dt_scores_soft_binary_crossentropy_['uniform', 'normal', 'gamma', 'beta', 'poisson']_Absenteeism_10000;dt_scores_binary_crossentropy_['uniform', 'normal', 'gamma', 'beta', 'poisson']_Absenteeism_10000;dt_scores_accuracy_['uniform', 'normal', 'gamma', 'beta', 'poisson']_Absenteeism_10000;dt_scores_f1_score_['uniform', 'normal', 'gamma', 'beta', 'poisson']_Absenteeism_10000;dt_scores_roc_auc_score_['uniform', 'normal', 'gamma', 'beta', 'poisson']_Absenteeism_10000;dt_scores_soft_binary_crossentropy_data_random_['uniform', 'normal', 'gamma', 'beta', 'poisson']_Absenteeism_10000;dt_scores_binary_crossentropy_data_random_['uniform', 'normal', 'gamma', 'beta', 'poisson']_Absenteeism_10000;dt_scores_accuracy_data_random_['uniform', 'normal', 'gamma', 'beta', 'poisson']_Absenteeism_10000;dt_scores_f1_score_data_random_['uniform', 'normal', 'gamma', 'beta', 'poisson']_Absenteeism_10000;dt_scores_roc_auc_score_data_random_['uniform', 'normal', 'gamma', 'beta', 'poisson']_Absenteeism_10000;dt_scores_runtime_['uniform', 'normal', 'gamma', 'beta', 'poisson']_Absenteeism_10000;dt_scores_soft_binary_crossentropy_Absenteeism_10000;dt_scores_binary_crossentropy_Absenteeism_10000;dt_scores_accuracy_Absenteeism_10000;dt_scores_f1_score_Absenteeism_10000;dt_scores_roc_auc_score_Absenteeism_10000;dt_scores_soft_binary_crossentropy_data_random_Absenteeism_10000;dt_scores_binary_crossentropy_data_random_Absenteeism_10000;dt_scores_accuracy_data_random_Absenteeism_10000;dt_scores_f1_score_data_random_Absenteeism_10000;dt_scores_roc_auc_score_data_random_Absenteeism_10000;dt_scores_soft_binary_crossentropy_std_Absenteeism_10000;dt_scores_binary_crossentropy_std_Absenteeism_10000;dt_scores_accuracy_std_Absenteeism_10000;dt_scores_f1_score_std_Absenteeism_10000;dt_scores_roc_auc_score_std_Absenteeism_10000;dt_scores_soft_binary_crossentropy_data_random_std_Absenteeism_10000;dt_scores_binary_crossentropy_data_random_std_Absenteeism_10000;dt_scores_accuracy_data_random_std_Absenteeism_10000;dt_scores_f1_score_data_random_std_Absenteeism_10000;dt_scores_roc_auc_score_data_random_std_Absenteeism_10000;dt_scores_runtime_Absenteeism_10000;inet_scores_soft_binary_crossentropy_Absenteeism_10000;inet_scores_binary_crossentropy_Absenteeism_10000;inet_scores_accuracy_Absenteeism_10000;inet_scores_f1_score_Absenteeism_10000;inet_scores_roc_auc_score_Absenteeism_10000;inet_scores_runtime_Absenteeism_10000;model_scores_soft_binary_crossentropy_Absenteeism_10000;model_scores_binary_crossentropy_Absenteeism_10000;model_scores_accuracy_Absenteeism_10000;model_scores_f1_score_Absenteeism_10000;model_scores_roc_auc_score_Absenteeism_10000;model_scores_runtime_Absenteeism_10000;dt_scores_soft_binary_crossentropy_['uniform', 'normal', 'gamma', 'beta', 'poisson']_Loan House_10000;dt_scores_binary_crossentropy_['uniform', 'normal', 'gamma', 'beta', 'poisson']_Loan House_10000;dt_scores_accuracy_['uniform', 'normal', 'gamma', 'beta', 'poisson']_Loan House_10000;dt_scores_f1_score_['uniform', 'normal', 'gamma', 'beta', 'poisson']_Loan House_10000;dt_scores_roc_auc_score_['uniform', 'normal', 'gamma', 'beta', 'poisson']_Loan House_10000;dt_scores_soft_binary_crossentropy_data_random_['uniform', 'normal', 'gamma', 'beta', 'poisson']_Loan House_10000;dt_scores_binary_crossentropy_data_random_['uniform', 'normal', 'gamma', 'beta', 'poisson']_Loan House_10000;dt_scores_accuracy_data_random_['uniform', 'normal', 'gamma', 'beta', 'poisson']_Loan House_10000;dt_scores_f1_score_data_random_['uniform', 'normal', 'gamma', 'beta', 'poisson']_Loan House_10000;dt_scores_roc_auc_score_data_random_['uniform', 'normal', 'gamma', 'beta', 'poisson']_Loan House_10000;dt_scores_runtime_['uniform', 'normal', 'gamma', 'beta', 'poisson']_Loan House_10000;dt_scores_soft_binary_crossentropy_Loan House_10000;dt_scores_binary_crossentropy_Loan House_10000;dt_scores_accuracy_Loan House_10000;dt_scores_f1_score_Loan House_10000;dt_scores_roc_auc_score_Loan House_10000;dt_scores_soft_binary_crossentropy_data_random_Loan House_10000;dt_scores_binary_crossentropy_data_random_Loan House_10000;dt_scores_accuracy_data_random_Loan House_10000;dt_scores_f1_score_data_random_Loan House_10000;dt_scores_roc_auc_score_data_random_Loan House_10000;dt_scores_soft_binary_crossentropy_std_Loan House_10000;dt_scores_binary_crossentropy_std_Loan House_10000;dt_scores_accuracy_std_Loan House_10000;dt_scores_f1_score_std_Loan House_10000;dt_scores_roc_auc_score_std_Loan House_10000;dt_scores_soft_binary_crossentropy_data_random_std_Loan House_10000;dt_scores_binary_crossentropy_data_random_std_Loan House_10000;dt_scores_accuracy_data_random_std_Loan House_10000;dt_scores_f1_score_data_random_std_Loan House_10000;dt_scores_roc_auc_score_data_random_std_Loan House_10000;dt_scores_runtime_Loan House_10000;inet_scores_soft_binary_crossentropy_Loan House_10000;inet_scores_binary_crossentropy_Loan House_10000;inet_scores_accuracy_Loan House_10000;inet_scores_f1_score_Loan House_10000;inet_scores_roc_auc_score_Loan House_10000;inet_scores_runtime_Loan House_10000;model_scores_soft_binary_crossentropy_Loan House_10000;model_scores_binary_crossentropy_Loan House_10000;model_scores_accuracy_Loan House_10000;model_scores_f1_score_Loan House_10000;model_scores_roc_auc_score_Loan House_10000;model_scores_runtime_Loan House_10000;dt_scores_soft_binary_crossentropy_['uniform', 'normal', 'gamma', 'beta', 'poisson']_Loan Credit_10000;dt_scores_binary_crossentropy_['uniform', 'normal', 'gamma', 'beta', 'poisson']_Loan Credit_10000;dt_scores_accuracy_['uniform', 'normal', 'gamma', 'beta', 'poisson']_Loan Credit_10000;dt_scores_f1_score_['uniform', 'normal', 'gamma', 'beta', 'poisson']_Loan Credit_10000;dt_scores_roc_auc_score_['uniform', 'normal', 'gamma', 'beta', 'poisson']_Loan Credit_10000;dt_scores_soft_binary_crossentropy_data_random_['uniform', 'normal', 'gamma', 'beta', 'poisson']_Loan Credit_10000;dt_scores_binary_crossentropy_data_random_['uniform', 'normal', 'gamma', 'beta', 'poisson']_Loan Credit_10000;dt_scores_accuracy_data_random_['uniform', 'normal', 'gamma', 'beta', 'poisson']_Loan Credit_10000;dt_scores_f1_score_data_random_['uniform', 'normal', 'gamma', 'beta', 'poisson']_Loan Credit_10000;dt_scores_roc_auc_score_data_random_['uniform', 'normal', 'gamma', 'beta', 'poisson']_Loan Credit_10000;dt_scores_runtime_['uniform', 'normal', 'gamma', 'beta', 'poisson']_Loan Credit_10000;dt_scores_soft_binary_crossentropy_Loan Credit_10000;dt_scores_binary_crossentropy_Loan Credit_10000;dt_scores_accuracy_Loan Credit_10000;dt_scores_f1_score_Loan Credit_10000;dt_scores_roc_auc_score_Loan Credit_10000;dt_scores_soft_binary_crossentropy_data_random_Loan Credit_10000;dt_scores_binary_crossentropy_data_random_Loan Credit_10000;dt_scores_accuracy_data_random_Loan Credit_10000;dt_scores_f1_score_data_random_Loan Credit_10000;dt_scores_roc_auc_score_data_random_Loan Credit_10000;dt_scores_soft_binary_crossentropy_std_Loan Credit_10000;dt_scores_binary_crossentropy_std_Loan Credit_10000;dt_scores_accuracy_std_Loan Credit_10000;dt_scores_f1_score_std_Loan Credit_10000;dt_scores_roc_auc_score_std_Loan Credit_10000;dt_scores_soft_binary_crossentropy_data_random_std_Loan Credit_10000;dt_scores_binary_crossentropy_data_random_std_Loan Credit_10000;dt_scores_accuracy_data_random_std_Loan Credit_10000;dt_scores_f1_score_data_random_std_Loan Credit_10000;dt_scores_roc_auc_score_data_random_std_Loan Credit_10000;dt_scores_runtime_Loan Credit_10000;inet_scores_soft_binary_crossentropy_Loan Credit_10000;inet_scores_binary_crossentropy_Loan Credit_10000;inet_scores_accuracy_Loan Credit_10000;inet_scores_f1_score_Loan Credit_10000;inet_scores_roc_auc_score_Loan Credit_10000;inet_scores_runtime_Loan Credit_10000;model_scores_soft_binary_crossentropy_Loan Credit_10000;model_scores_binary_crossentropy_Loan Credit_10000;model_scores_accuracy_Loan Credit_10000;model_scores_f1_score_Loan Credit_10000;model_scores_roc_auc_score_Loan Credit_10000;model_scores_runtime_Loan Credit_10000;dt_scores_soft_binary_crossentropy_['uniform', 'normal', 'gamma', 'beta', 'poisson']_Medical Insurance_10000;dt_scores_binary_crossentropy_['uniform', 'normal', 'gamma', 'beta', 'poisson']_Medical Insurance_10000;dt_scores_accuracy_['uniform', 'normal', 'gamma', 'beta', 'poisson']_Medical Insurance_10000;dt_scores_f1_score_['uniform', 'normal', 'gamma', 'beta', 'poisson']_Medical Insurance_10000;dt_scores_roc_auc_score_['uniform', 'normal', 'gamma', 'beta', 'poisson']_Medical Insurance_10000;dt_scores_soft_binary_crossentropy_data_random_['uniform', 'normal', 'gamma', 'beta', 'poisson']_Medical Insurance_10000;dt_scores_binary_crossentropy_data_random_['uniform', 'normal', 'gamma', 'beta', 'poisson']_Medical Insurance_10000;dt_scores_accuracy_data_random_['uniform', 'normal', 'gamma', 'beta', 'poisson']_Medical Insurance_10000;dt_scores_f1_score_data_random_['uniform', 'normal', 'gamma', 'beta', 'poisson']_Medical Insurance_10000;dt_scores_roc_auc_score_data_random_['uniform', 'normal', 'gamma', 'beta', 'poisson']_Medical Insurance_10000;dt_scores_runtime_['uniform', 'normal', 'gamma', 'beta', 'poisson']_Medical Insurance_10000;dt_scores_soft_binary_crossentropy_Medical Insurance_10000;dt_scores_binary_crossentropy_Medical Insurance_10000;dt_scores_accuracy_Medical Insurance_10000;dt_scores_f1_score_Medical Insurance_10000;dt_scores_roc_auc_score_Medical Insurance_10000;dt_scores_soft_binary_crossentropy_data_random_Medical Insurance_10000;dt_scores_binary_crossentropy_data_random_Medical Insurance_10000;dt_scores_accuracy_data_random_Medical Insurance_10000;dt_scores_f1_score_data_random_Medical Insurance_10000;dt_scores_roc_auc_score_data_random_Medical Insurance_10000;dt_scores_soft_binary_crossentropy_std_Medical Insurance_10000;dt_scores_binary_crossentropy_std_Medical Insurance_10000;dt_scores_accuracy_std_Medical Insurance_10000;dt_scores_f1_score_std_Medical Insurance_10000;dt_scores_roc_auc_score_std_Medical Insurance_10000;dt_scores_soft_binary_crossentropy_data_random_std_Medical Insurance_10000;dt_scores_binary_crossentropy_data_random_std_Medical Insurance_10000;dt_scores_accuracy_data_random_std_Medical Insurance_10000;dt_scores_f1_score_data_random_std_Medical Insurance_10000;dt_scores_roc_auc_score_data_random_std_Medical Insurance_10000;dt_scores_runtime_Medical Insurance_10000;inet_scores_soft_binary_crossentropy_Medical Insurance_10000;inet_scores_binary_crossentropy_Medical Insurance_10000;inet_scores_accuracy_Medical Insurance_10000;inet_scores_f1_score_Medical Insurance_10000;inet_scores_roc_auc_score_Medical Insurance_10000;inet_scores_runtime_Medical Insurance_10000;model_scores_soft_binary_crossentropy_Medical Insurance_10000;model_scores_binary_crossentropy_Medical Insurance_10000;model_scores_accuracy_Medical Insurance_10000;model_scores_f1_score_Medical Insurance_10000;model_scores_roc_auc_score_Medical Insurance_10000;model_scores_runtime_Medical Insurance_10000;dt_scores_soft_binary_crossentropy_['uniform', 'normal', 'gamma', 'beta', 'poisson']_Bank Marketing_10000;dt_scores_binary_crossentropy_['uniform', 'normal', 'gamma', 'beta', 'poisson']_Bank Marketing_10000;dt_scores_accuracy_['uniform', 'normal', 'gamma', 'beta', 'poisson']_Bank Marketing_10000;dt_scores_f1_score_['uniform', 'normal', 'gamma', 'beta', 'poisson']_Bank Marketing_10000;dt_scores_roc_auc_score_['uniform', 'normal', 'gamma', 'beta', 'poisson']_Bank Marketing_10000;dt_scores_soft_binary_crossentropy_data_random_['uniform', 'normal', 'gamma', 'beta', 'poisson']_Bank Marketing_10000;dt_scores_binary_crossentropy_data_random_['uniform', 'normal', 'gamma', 'beta', 'poisson']_Bank Marketing_10000;dt_scores_accuracy_data_random_['uniform', 'normal', 'gamma', 'beta', 'poisson']_Bank Marketing_10000;dt_scores_f1_score_data_random_['uniform', 'normal', 'gamma', 'beta', 'poisson']_Bank Marketing_10000;dt_scores_roc_auc_score_data_random_['uniform', 'normal', 'gamma', 'beta', 'poisson']_Bank Marketing_10000;dt_scores_runtime_['uniform', 'normal', 'gamma', 'beta', 'poisson']_Bank Marketing_10000;dt_scores_soft_binary_crossentropy_Bank Marketing_10000;dt_scores_binary_crossentropy_Bank Marketing_10000;dt_scores_accuracy_Bank Marketing_10000;dt_scores_f1_score_Bank Marketing_10000;dt_scores_roc_auc_score_Bank Marketing_10000;dt_scores_soft_binary_crossentropy_data_random_Bank Marketing_10000;dt_scores_binary_crossentropy_data_random_Bank Marketing_10000;dt_scores_accuracy_data_random_Bank Marketing_10000;dt_scores_f1_score_data_random_Bank Marketing_10000;dt_scores_roc_auc_score_data_random_Bank Marketing_10000;dt_scores_soft_binary_crossentropy_std_Bank Marketing_10000;dt_scores_binary_crossentropy_std_Bank Marketing_10000;dt_scores_accuracy_std_Bank Marketing_10000;dt_scores_f1_score_std_Bank Marketing_10000;dt_scores_roc_auc_score_std_Bank Marketing_10000;dt_scores_soft_binary_crossentropy_data_random_std_Bank Marketing_10000;dt_scores_binary_crossentropy_data_random_std_Bank Marketing_10000;dt_scores_accuracy_data_random_std_Bank Marketing_10000;dt_scores_f1_score_data_random_std_Bank Marketing_10000;dt_scores_roc_auc_score_data_random_std_Bank Marketing_10000;dt_scores_runtime_Bank Marketing_10000;inet_scores_soft_binary_crossentropy_Bank Marketing_10000;inet_scores_binary_crossentropy_Bank Marketing_10000;inet_scores_accuracy_Bank Marketing_10000;inet_scores_f1_score_Bank Marketing_10000;inet_scores_roc_auc_score_Bank Marketing_10000;inet_scores_runtime_Bank Marketing_10000;model_scores_soft_binary_crossentropy_Bank Marketing_10000;model_scores_binary_crossentropy_Bank Marketing_10000;model_scores_accuracy_Bank Marketing_10000;model_scores_f1_score_Bank Marketing_10000;model_scores_roc_auc_score_Bank Marketing_10000;model_scores_runtime_Bank Marketing_10000;dt_scores_soft_binary_crossentropy_['uniform', 'normal', 'gamma', 'beta', 'poisson']_Cervical Cancer_10000;dt_scores_binary_crossentropy_['uniform', 'normal', 'gamma', 'beta', 'poisson']_Cervical Cancer_10000;dt_scores_accuracy_['uniform', 'normal', 'gamma', 'beta', 'poisson']_Cervical Cancer_10000;dt_scores_f1_score_['uniform', 'normal', 'gamma', 'beta', 'poisson']_Cervical Cancer_10000;dt_scores_roc_auc_score_['uniform', 'normal', 'gamma', 'beta', 'poisson']_Cervical Cancer_10000;dt_scores_soft_binary_crossentropy_data_random_['uniform', 'normal', 'gamma', 'beta', 'poisson']_Cervical Cancer_10000;dt_scores_binary_crossentropy_data_random_['uniform', 'normal', 'gamma', 'beta', 'poisson']_Cervical Cancer_10000;dt_scores_accuracy_data_random_['uniform', 'normal', 'gamma', 'beta', 'poisson']_Cervical Cancer_10000;dt_scores_f1_score_data_random_['uniform', 'normal', 'gamma', 'beta', 'poisson']_Cervical Cancer_10000;dt_scores_roc_auc_score_data_random_['uniform', 'normal', 'gamma', 'beta', 'poisson']_Cervical Cancer_10000;dt_scores_runtime_['uniform', 'normal', 'gamma', 'beta', 'poisson']_Cervical Cancer_10000;dt_scores_soft_binary_crossentropy_Cervical Cancer_10000;dt_scores_binary_crossentropy_Cervical Cancer_10000;dt_scores_accuracy_Cervical Cancer_10000;dt_scores_f1_score_Cervical Cancer_10000;dt_scores_roc_auc_score_Cervical Cancer_10000;dt_scores_soft_binary_crossentropy_data_random_Cervical Cancer_10000;dt_scores_binary_crossentropy_data_random_Cervical Cancer_10000;dt_scores_accuracy_data_random_Cervical Cancer_10000;dt_scores_f1_score_data_random_Cervical Cancer_10000;dt_scores_roc_auc_score_data_random_Cervical Cancer_10000;dt_scores_soft_binary_crossentropy_std_Cervical Cancer_10000;dt_scores_binary_crossentropy_std_Cervical Cancer_10000;dt_scores_accuracy_std_Cervical Cancer_10000;dt_scores_f1_score_std_Cervical Cancer_10000;dt_scores_roc_auc_score_std_Cervical Cancer_10000;dt_scores_soft_binary_crossentropy_data_random_std_Cervical Cancer_10000;dt_scores_binary_crossentropy_data_random_std_Cervical Cancer_10000;dt_scores_accuracy_data_random_std_Cervical Cancer_10000;dt_scores_f1_score_data_random_std_Cervical Cancer_10000;dt_scores_roc_auc_score_data_random_std_Cervical Cancer_10000;dt_scores_runtime_Cervical Cancer_10000;inet_scores_soft_binary_crossentropy_Cervical Cancer_10000;inet_scores_binary_crossentropy_Cervical Cancer_10000;inet_scores_accuracy_Cervical Cancer_10000;inet_scores_f1_score_Cervical Cancer_10000;inet_scores_roc_auc_score_Cervical Cancer_10000;inet_scores_runtime_Cervical Cancer_10000;model_scores_soft_binary_crossentropy_Cervical Cancer_10000;model_scores_binary_crossentropy_Cervical Cancer_10000;model_scores_accuracy_Cervical Cancer_10000;model_scores_f1_score_Cervical Cancer_10000;model_scores_roc_auc_score_Cervical Cancer_10000;model_scores_runtime_Cervical Cancer_10000;dt_scores_soft_binary_crossentropy_['uniform', 'normal', 'gamma', 'beta', 'poisson']_Brest Cancer Wisconsin_10000;dt_scores_binary_crossentropy_['uniform', 'normal', 'gamma', 'beta', 'poisson']_Brest Cancer Wisconsin_10000;dt_scores_accuracy_['uniform', 'normal', 'gamma', 'beta', 'poisson']_Brest Cancer Wisconsin_10000;dt_scores_f1_score_['uniform', 'normal', 'gamma', 'beta', 'poisson']_Brest Cancer Wisconsin_10000;dt_scores_roc_auc_score_['uniform', 'normal', 'gamma', 'beta', 'poisson']_Brest Cancer Wisconsin_10000;dt_scores_soft_binary_crossentropy_data_random_['uniform', 'normal', 'gamma', 'beta', 'poisson']_Brest Cancer Wisconsin_10000;dt_scores_binary_crossentropy_data_random_['uniform', 'normal', 'gamma', 'beta', 'poisson']_Brest Cancer Wisconsin_10000;dt_scores_accuracy_data_random_['uniform', 'normal', 'gamma', 'beta', 'poisson']_Brest Cancer Wisconsin_10000;dt_scores_f1_score_data_random_['uniform', 'normal', 'gamma', 'beta', 'poisson']_Brest Cancer Wisconsin_10000;dt_scores_roc_auc_score_data_random_['uniform', 'normal', 'gamma', 'beta', 'poisson']_Brest Cancer Wisconsin_10000;dt_scores_runtime_['uniform', 'normal', 'gamma', 'beta', 'poisson']_Brest Cancer Wisconsin_10000;dt_scores_soft_binary_crossentropy_Brest Cancer Wisconsin_10000;dt_scores_binary_crossentropy_Brest Cancer Wisconsin_10000;dt_scores_accuracy_Brest Cancer Wisconsin_10000;dt_scores_f1_score_Brest Cancer Wisconsin_10000;dt_scores_roc_auc_score_Brest Cancer Wisconsin_10000;dt_scores_soft_binary_crossentropy_data_random_Brest Cancer Wisconsin_10000;dt_scores_binary_crossentropy_data_random_Brest Cancer Wisconsin_10000;dt_scores_accuracy_data_random_Brest Cancer Wisconsin_10000;dt_scores_f1_score_data_random_Brest Cancer Wisconsin_10000;dt_scores_roc_auc_score_data_random_Brest Cancer Wisconsin_10000;dt_scores_soft_binary_crossentropy_std_Brest Cancer Wisconsin_10000;dt_scores_binary_crossentropy_std_Brest Cancer Wisconsin_10000;dt_scores_accuracy_std_Brest Cancer Wisconsin_10000;dt_scores_f1_score_std_Brest Cancer Wisconsin_10000;dt_scores_roc_auc_score_std_Brest Cancer Wisconsin_10000;dt_scores_soft_binary_crossentropy_data_random_std_Brest Cancer Wisconsin_10000;dt_scores_binary_crossentropy_data_random_std_Brest Cancer Wisconsin_10000;dt_scores_accuracy_data_random_std_Brest Cancer Wisconsin_10000;dt_scores_f1_score_data_random_std_Brest Cancer Wisconsin_10000;dt_scores_roc_auc_score_data_random_std_Brest Cancer Wisconsin_10000;dt_scores_runtime_Brest Cancer Wisconsin_10000;inet_scores_soft_binary_crossentropy_Brest Cancer Wisconsin_10000;inet_scores_binary_crossentropy_Brest Cancer Wisconsin_10000;inet_scores_accuracy_Brest Cancer Wisconsin_10000;inet_scores_f1_score_Brest Cancer Wisconsin_10000;inet_scores_roc_auc_score_Brest Cancer Wisconsin_10000;inet_scores_runtime_Brest Cancer Wisconsin_10000;model_scores_soft_binary_crossentropy_Brest Cancer Wisconsin_10000;model_scores_binary_crossentropy_Brest Cancer Wisconsin_10000;model_scores_accuracy_Brest Cancer Wisconsin_10000;model_scores_f1_score_Brest Cancer Wisconsin_10000;model_scores_roc_auc_score_Brest Cancer Wisconsin_10000;model_scores_runtime_Brest Cancer Wisconsin_10000;dt_scores_soft_binary_crossentropy_['uniform', 'normal', 'gamma', 'beta', 'poisson']_Wisconsin Diagnostic Breast Cancer_10000;dt_scores_binary_crossentropy_['uniform', 'normal', 'gamma', 'beta', 'poisson']_Wisconsin Diagnostic Breast Cancer_10000;dt_scores_accuracy_['uniform', 'normal', 'gamma', 'beta', 'poisson']_Wisconsin Diagnostic Breast Cancer_10000;dt_scores_f1_score_['uniform', 'normal', 'gamma', 'beta', 'poisson']_Wisconsin Diagnostic Breast Cancer_10000;dt_scores_roc_auc_score_['uniform', 'normal', 'gamma', 'beta', 'poisson']_Wisconsin Diagnostic Breast Cancer_10000;dt_scores_soft_binary_crossentropy_data_random_['uniform', 'normal', 'gamma', 'beta', 'poisson']_Wisconsin Diagnostic Breast Cancer_10000;dt_scores_binary_crossentropy_data_random_['uniform', 'normal', 'gamma', 'beta', 'poisson']_Wisconsin Diagnostic Breast Cancer_10000;dt_scores_accuracy_data_random_['uniform', 'normal', 'gamma', 'beta', 'poisson']_Wisconsin Diagnostic Breast Cancer_10000;dt_scores_f1_score_data_random_['uniform', 'normal', 'gamma', 'beta', 'poisson']_Wisconsin Diagnostic Breast Cancer_10000;dt_scores_roc_auc_score_data_random_['uniform', 'normal', 'gamma', 'beta', 'poisson']_Wisconsin Diagnostic Breast Cancer_10000;dt_scores_runtime_['uniform', 'normal', 'gamma', 'beta', 'poisson']_Wisconsin Diagnostic Breast Cancer_10000;dt_scores_soft_binary_crossentropy_Wisconsin Diagnostic Breast Cancer_10000;dt_scores_binary_crossentropy_Wisconsin Diagnostic Breast Cancer_10000;dt_scores_accuracy_Wisconsin Diagnostic Breast Cancer_10000;dt_scores_f1_score_Wisconsin Diagnostic Breast Cancer_10000;dt_scores_roc_auc_score_Wisconsin Diagnostic Breast Cancer_10000;dt_scores_soft_binary_crossentropy_data_random_Wisconsin Diagnostic Breast Cancer_10000;dt_scores_binary_crossentropy_data_random_Wisconsin Diagnostic Breast Cancer_10000;dt_scores_accuracy_data_random_Wisconsin Diagnostic Breast Cancer_10000;dt_scores_f1_score_data_random_Wisconsin Diagnostic Breast Cancer_10000;dt_scores_roc_auc_score_data_random_Wisconsin Diagnostic Breast Cancer_10000;dt_scores_soft_binary_crossentropy_std_Wisconsin Diagnostic Breast Cancer_10000;dt_scores_binary_crossentropy_std_Wisconsin Diagnostic Breast Cancer_10000;dt_scores_accuracy_std_Wisconsin Diagnostic Breast Cancer_10000;dt_scores_f1_score_std_Wisconsin Diagnostic Breast Cancer_10000;dt_scores_roc_auc_score_std_Wisconsin Diagnostic Breast Cancer_10000;dt_scores_soft_binary_crossentropy_data_random_std_Wisconsin Diagnostic Breast Cancer_10000;dt_scores_binary_crossentropy_data_random_std_Wisconsin Diagnostic Breast Cancer_10000;dt_scores_accuracy_data_random_std_Wisconsin Diagnostic Breast Cancer_10000;dt_scores_f1_score_data_random_std_Wisconsin Diagnostic Breast Cancer_10000;dt_scores_roc_auc_score_data_random_std_Wisconsin Diagnostic Breast Cancer_10000;dt_scores_runtime_Wisconsin Diagnostic Breast Cancer_10000;inet_scores_soft_binary_crossentropy_Wisconsin Diagnostic Breast Cancer_10000;inet_scores_binary_crossentropy_Wisconsin Diagnostic Breast Cancer_10000;inet_scores_accuracy_Wisconsin Diagnostic Breast Cancer_10000;inet_scores_f1_score_Wisconsin Diagnostic Breast Cancer_10000;inet_scores_roc_auc_score_Wisconsin Diagnostic Breast Cancer_10000;inet_scores_runtime_Wisconsin Diagnostic Breast Cancer_10000;model_scores_soft_binary_crossentropy_Wisconsin Diagnostic Breast Cancer_10000;model_scores_binary_crossentropy_Wisconsin Diagnostic Breast Cancer_10000;model_scores_accuracy_Wisconsin Diagnostic Breast Cancer_10000;model_scores_f1_score_Wisconsin Diagnostic Breast Cancer_10000;model_scores_roc_auc_score_Wisconsin Diagnostic Breast Cancer_10000;model_scores_runtime_Wisconsin Diagnostic Breast Cancer_10000;dt_scores_soft_binary_crossentropy_['uniform', 'normal', 'gamma', 'beta', 'poisson']_Wisconsin Prognostic Breast Cancer_10000;dt_scores_binary_crossentropy_['uniform', 'normal', 'gamma', 'beta', 'poisson']_Wisconsin Prognostic Breast Cancer_10000;dt_scores_accuracy_['uniform', 'normal', 'gamma', 'beta', 'poisson']_Wisconsin Prognostic Breast Cancer_10000;dt_scores_f1_score_['uniform', 'normal', 'gamma', 'beta', 'poisson']_Wisconsin Prognostic Breast Cancer_10000;dt_scores_roc_auc_score_['uniform', 'normal', 'gamma', 'beta', 'poisson']_Wisconsin Prognostic Breast Cancer_10000;dt_scores_soft_binary_crossentropy_data_random_['uniform', 'normal', 'gamma', 'beta', 'poisson']_Wisconsin Prognostic Breast Cancer_10000;dt_scores_binary_crossentropy_data_random_['uniform', 'normal', 'gamma', 'beta', 'poisson']_Wisconsin Prognostic Breast Cancer_10000;dt_scores_accuracy_data_random_['uniform', 'normal', 'gamma', 'beta', 'poisson']_Wisconsin Prognostic Breast Cancer_10000;dt_scores_f1_score_data_random_['uniform', 'normal', 'gamma', 'beta', 'poisson']_Wisconsin Prognostic Breast Cancer_10000;dt_scores_roc_auc_score_data_random_['uniform', 'normal', 'gamma', 'beta', 'poisson']_Wisconsin Prognostic Breast Cancer_10000;dt_scores_runtime_['uniform', 'normal', 'gamma', 'beta', 'poisson']_Wisconsin Prognostic Breast Cancer_10000;dt_scores_soft_binary_crossentropy_Wisconsin Prognostic Breast Cancer_10000;dt_scores_binary_crossentropy_Wisconsin Prognostic Breast Cancer_10000;dt_scores_accuracy_Wisconsin Prognostic Breast Cancer_10000;dt_scores_f1_score_Wisconsin Prognostic Breast Cancer_10000;dt_scores_roc_auc_score_Wisconsin Prognostic Breast Cancer_10000;dt_scores_soft_binary_crossentropy_data_random_Wisconsin Prognostic Breast Cancer_10000;dt_scores_binary_crossentropy_data_random_Wisconsin Prognostic Breast Cancer_10000;dt_scores_accuracy_data_random_Wisconsin Prognostic Breast Cancer_10000;dt_scores_f1_score_data_random_Wisconsin Prognostic Breast Cancer_10000;dt_scores_roc_auc_score_data_random_Wisconsin Prognostic Breast Cancer_10000;dt_scores_soft_binary_crossentropy_std_Wisconsin Prognostic Breast Cancer_10000;dt_scores_binary_crossentropy_std_Wisconsin Prognostic Breast Cancer_10000;dt_scores_accuracy_std_Wisconsin Prognostic Breast Cancer_10000;dt_scores_f1_score_std_Wisconsin Prognostic Breast Cancer_10000;dt_scores_roc_auc_score_std_Wisconsin Prognostic Breast Cancer_10000;dt_scores_soft_binary_crossentropy_data_random_std_Wisconsin Prognostic Breast Cancer_10000;dt_scores_binary_crossentropy_data_random_std_Wisconsin Prognostic Breast Cancer_10000;dt_scores_accuracy_data_random_std_Wisconsin Prognostic Breast Cancer_10000;dt_scores_f1_score_data_random_std_Wisconsin Prognostic Breast Cancer_10000;dt_scores_roc_auc_score_data_random_std_Wisconsin Prognostic Breast Cancer_10000;dt_scores_runtime_Wisconsin Prognostic Breast Cancer_10000;inet_scores_soft_binary_crossentropy_Wisconsin Prognostic Breast Cancer_10000;inet_scores_binary_crossentropy_Wisconsin Prognostic Breast Cancer_10000;inet_scores_accuracy_Wisconsin Prognostic Breast Cancer_10000;inet_scores_f1_score_Wisconsin Prognostic Breast Cancer_10000;inet_scores_roc_auc_score_Wisconsin Prognostic Breast Cancer_10000;inet_scores_runtime_Wisconsin Prognostic Breast Cancer_10000;model_scores_soft_binary_crossentropy_Wisconsin Prognostic Breast Cancer_10000;model_scores_binary_crossentropy_Wisconsin Prognostic Breast Cancer_10000;model_scores_accuracy_Wisconsin Prognostic Breast Cancer_10000;model_scores_f1_score_Wisconsin Prognostic Breast Cancer_10000;model_scores_roc_auc_score_Wisconsin Prognostic Breast Cancer_10000;model_scores_runtime_Wisconsin Prognostic Breast Cancer_10000;dt_scores_soft_binary_crossentropy_['uniform', 'normal', 'gamma', 'beta', 'poisson']_Abalone_10000;dt_scores_binary_crossentropy_['uniform', 'normal', 'gamma', 'beta', 'poisson']_Abalone_10000;dt_scores_accuracy_['uniform', 'normal', 'gamma', 'beta', 'poisson']_Abalone_10000;dt_scores_f1_score_['uniform', 'normal', 'gamma', 'beta', 'poisson']_Abalone_10000;dt_scores_roc_auc_score_['uniform', 'normal', 'gamma', 'beta', 'poisson']_Abalone_10000;dt_scores_soft_binary_crossentropy_data_random_['uniform', 'normal', 'gamma', 'beta', 'poisson']_Abalone_10000;dt_scores_binary_crossentropy_data_random_['uniform', 'normal', 'gamma', 'beta', 'poisson']_Abalone_10000;dt_scores_accuracy_data_random_['uniform', 'normal', 'gamma', 'beta', 'poisson']_Abalone_10000;dt_scores_f1_score_data_random_['uniform', 'normal', 'gamma', 'beta', 'poisson']_Abalone_10000;dt_scores_roc_auc_score_data_random_['uniform', 'normal', 'gamma', 'beta', 'poisson']_Abalone_10000;dt_scores_runtime_['uniform', 'normal', 'gamma', 'beta', 'poisson']_Abalone_10000;dt_scores_soft_binary_crossentropy_Abalone_10000;dt_scores_binary_crossentropy_Abalone_10000;dt_scores_accuracy_Abalone_10000;dt_scores_f1_score_Abalone_10000;dt_scores_roc_auc_score_Abalone_10000;dt_scores_soft_binary_crossentropy_data_random_Abalone_10000;dt_scores_binary_crossentropy_data_random_Abalone_10000;dt_scores_accuracy_data_random_Abalone_10000;dt_scores_f1_score_data_random_Abalone_10000;dt_scores_roc_auc_score_data_random_Abalone_10000;dt_scores_soft_binary_crossentropy_std_Abalone_10000;dt_scores_binary_crossentropy_std_Abalone_10000;dt_scores_accuracy_std_Abalone_10000;dt_scores_f1_score_std_Abalone_10000;dt_scores_roc_auc_score_std_Abalone_10000;dt_scores_soft_binary_crossentropy_data_random_std_Abalone_10000;dt_scores_binary_crossentropy_data_random_std_Abalone_10000;dt_scores_accuracy_data_random_std_Abalone_10000;dt_scores_f1_score_data_random_std_Abalone_10000;dt_scores_roc_auc_score_data_random_std_Abalone_10000;dt_scores_runtime_Abalone_10000;inet_scores_soft_binary_crossentropy_Abalone_10000;inet_scores_binary_crossentropy_Abalone_10000;inet_scores_accuracy_Abalone_10000;inet_scores_f1_score_Abalone_10000;inet_scores_roc_auc_score_Abalone_10000;inet_scores_runtime_Abalone_10000;model_scores_soft_binary_crossentropy_Abalone_10000;model_scores_binary_crossentropy_Abalone_10000;model_scores_accuracy_Abalone_10000;model_scores_f1_score_Abalone_10000;model_scores_roc_auc_score_Abalone_10000;model_scores_runtime_Abalone_10000;dt_scores_soft_binary_crossentropy_['uniform', 'normal', 'gamma', 'beta', 'poisson']_Car_10000;dt_scores_binary_crossentropy_['uniform', 'normal', 'gamma', 'beta', 'poisson']_Car_10000;dt_scores_accuracy_['uniform', 'normal', 'gamma', 'beta', 'poisson']_Car_10000;dt_scores_f1_score_['uniform', 'normal', 'gamma', 'beta', 'poisson']_Car_10000;dt_scores_roc_auc_score_['uniform', 'normal', 'gamma', 'beta', 'poisson']_Car_10000;dt_scores_soft_binary_crossentropy_data_random_['uniform', 'normal', 'gamma', 'beta', 'poisson']_Car_10000;dt_scores_binary_crossentropy_data_random_['uniform', 'normal', 'gamma', 'beta', 'poisson']_Car_10000;dt_scores_accuracy_data_random_['uniform', 'normal', 'gamma', 'beta', 'poisson']_Car_10000;dt_scores_f1_score_data_random_['uniform', 'normal', 'gamma', 'beta', 'poisson']_Car_10000;dt_scores_roc_auc_score_data_random_['uniform', 'normal', 'gamma', 'beta', 'poisson']_Car_10000;dt_scores_runtime_['uniform', 'normal', 'gamma', 'beta', 'poisson']_Car_10000;dt_scores_soft_binary_crossentropy_Car_10000;dt_scores_binary_crossentropy_Car_10000;dt_scores_accuracy_Car_10000;dt_scores_f1_score_Car_10000;dt_scores_roc_auc_score_Car_10000;dt_scores_soft_binary_crossentropy_data_random_Car_10000;dt_scores_binary_crossentropy_data_random_Car_10000;dt_scores_accuracy_data_random_Car_10000;dt_scores_f1_score_data_random_Car_10000;dt_scores_roc_auc_score_data_random_Car_10000;dt_scores_soft_binary_crossentropy_std_Car_10000;dt_scores_binary_crossentropy_std_Car_10000;dt_scores_accuracy_std_Car_10000;dt_scores_f1_score_std_Car_10000;dt_scores_roc_auc_score_std_Car_10000;dt_scores_soft_binary_crossentropy_data_random_std_Car_10000;dt_scores_binary_crossentropy_data_random_std_Car_10000;dt_scores_accuracy_data_random_std_Car_10000;dt_scores_f1_score_data_random_std_Car_10000;dt_scores_roc_auc_score_data_random_std_Car_10000;dt_scores_runtime_Car_10000;inet_scores_soft_binary_crossentropy_Car_10000;inet_scores_binary_crossentropy_Car_10000;inet_scores_accuracy_Car_10000;inet_scores_f1_score_Car_10000;inet_scores_roc_auc_score_Car_10000;inet_scores_runtime_Car_10000;model_scores_soft_binary_crossentropy_Car_10000;model_scores_binary_crossentropy_Car_10000;model_scores_accuracy_Car_10000;model_scores_f1_score_Car_10000;model_scores_roc_auc_score_Car_10000;model_scores_runtime_Car_10000;dt_scores_soft_binary_crossentropy_['uniform', 'normal', 'gamma', 'beta', 'poisson']_Heart Disease_10000;dt_scores_binary_crossentropy_['uniform', 'normal', 'gamma', 'beta', 'poisson']_Heart Disease_10000;dt_scores_accuracy_['uniform', 'normal', 'gamma', 'beta', 'poisson']_Heart Disease_10000;dt_scores_f1_score_['uniform', 'normal', 'gamma', 'beta', 'poisson']_Heart Disease_10000;dt_scores_roc_auc_score_['uniform', 'normal', 'gamma', 'beta', 'poisson']_Heart Disease_10000;dt_scores_soft_binary_crossentropy_data_random_['uniform', 'normal', 'gamma', 'beta', 'poisson']_Heart Disease_10000;dt_scores_binary_crossentropy_data_random_['uniform', 'normal', 'gamma', 'beta', 'poisson']_Heart Disease_10000;dt_scores_accuracy_data_random_['uniform', 'normal', 'gamma', 'beta', 'poisson']_Heart Disease_10000;dt_scores_f1_score_data_random_['uniform', 'normal', 'gamma', 'beta', 'poisson']_Heart Disease_10000;dt_scores_roc_auc_score_data_random_['uniform', 'normal', 'gamma', 'beta', 'poisson']_Heart Disease_10000;dt_scores_runtime_['uniform', 'normal', 'gamma', 'beta', 'poisson']_Heart Disease_10000;dt_scores_soft_binary_crossentropy_Heart Disease_10000;dt_scores_binary_crossentropy_Heart Disease_10000;dt_scores_accuracy_Heart Disease_10000;dt_scores_f1_score_Heart Disease_10000;dt_scores_roc_auc_score_Heart Disease_10000;dt_scores_soft_binary_crossentropy_data_random_Heart Disease_10000;dt_scores_binary_crossentropy_data_random_Heart Disease_10000;dt_scores_accuracy_data_random_Heart Disease_10000;dt_scores_f1_score_data_random_Heart Disease_10000;dt_scores_roc_auc_score_data_random_Heart Disease_10000;dt_scores_soft_binary_crossentropy_std_Heart Disease_10000;dt_scores_binary_crossentropy_std_Heart Disease_10000;dt_scores_accuracy_std_Heart Disease_10000;dt_scores_f1_score_std_Heart Disease_10000;dt_scores_roc_auc_score_std_Heart Disease_10000;dt_scores_soft_binary_crossentropy_data_random_std_Heart Disease_10000;dt_scores_binary_crossentropy_data_random_std_Heart Disease_10000;dt_scores_accuracy_data_random_std_Heart Disease_10000;dt_scores_f1_score_data_random_std_Heart Disease_10000;dt_scores_roc_auc_score_data_random_std_Heart Disease_10000;dt_scores_runtime_Heart Disease_10000;inet_scores_soft_binary_crossentropy_Heart Disease_10000;inet_scores_binary_crossentropy_Heart Disease_10000;inet_scores_accuracy_Heart Disease_10000;inet_scores_f1_score_Heart Disease_10000;inet_scores_roc_auc_score_Heart Disease_10000;inet_scores_runtime_Heart Disease_10000;model_scores_soft_binary_crossentropy_Heart Disease_10000;model_scores_binary_crossentropy_Heart Disease_10000;model_scores_accuracy_Heart Disease_10000;model_scores_f1_score_Heart Disease_10000;model_scores_roc_auc_score_Heart Disease_10000;model_scores_runtime_Heart Disease_10000;dt_scores_soft_binary_crossentropy_['uniform', 'normal', 'gamma', 'beta', 'poisson']_Credit Card_10000;dt_scores_binary_crossentropy_['uniform', 'normal', 'gamma', 'beta', 'poisson']_Credit Card_10000;dt_scores_accuracy_['uniform', 'normal', 'gamma', 'beta', 'poisson']_Credit Card_10000;dt_scores_f1_score_['uniform', 'normal', 'gamma', 'beta', 'poisson']_Credit Card_10000;dt_scores_roc_auc_score_['uniform', 'normal', 'gamma', 'beta', 'poisson']_Credit Card_10000;dt_scores_soft_binary_crossentropy_data_random_['uniform', 'normal', 'gamma', 'beta', 'poisson']_Credit Card_10000;dt_scores_binary_crossentropy_data_random_['uniform', 'normal', 'gamma', 'beta', 'poisson']_Credit Card_10000;dt_scores_accuracy_data_random_['uniform', 'normal', 'gamma', 'beta', 'poisson']_Credit Card_10000;dt_scores_f1_score_data_random_['uniform', 'normal', 'gamma', 'beta', 'poisson']_Credit Card_10000;dt_scores_roc_auc_score_data_random_['uniform', 'normal', 'gamma', 'beta', 'poisson']_Credit Card_10000;dt_scores_runtime_['uniform', 'normal', 'gamma', 'beta', 'poisson']_Credit Card_10000;dt_scores_soft_binary_crossentropy_Credit Card_10000;dt_scores_binary_crossentropy_Credit Card_10000;dt_scores_accuracy_Credit Card_10000;dt_scores_f1_score_Credit Card_10000;dt_scores_roc_auc_score_Credit Card_10000;dt_scores_soft_binary_crossentropy_data_random_Credit Card_10000;dt_scores_binary_crossentropy_data_random_Credit Card_10000;dt_scores_accuracy_data_random_Credit Card_10000;dt_scores_f1_score_data_random_Credit Card_10000;dt_scores_roc_auc_score_data_random_Credit Card_10000;dt_scores_soft_binary_crossentropy_std_Credit Card_10000;dt_scores_binary_crossentropy_std_Credit Card_10000;dt_scores_accuracy_std_Credit Card_10000;dt_scores_f1_score_std_Credit Card_10000;dt_scores_roc_auc_score_std_Credit Card_10000;dt_scores_soft_binary_crossentropy_data_random_std_Credit Card_10000;dt_scores_binary_crossentropy_data_random_std_Credit Card_10000;dt_scores_accuracy_data_random_std_Credit Card_10000;dt_scores_f1_score_data_random_std_Credit Card_10000;dt_scores_roc_auc_score_data_random_std_Credit Card_10000;dt_scores_runtime_Credit Card_10000;inet_scores_soft_binary_crossentropy_Credit Card_10000;inet_scores_binary_crossentropy_Credit Card_10000;inet_scores_accuracy_Credit Card_10000;inet_scores_f1_score_Credit Card_10000;inet_scores_roc_auc_score_Credit Card_10000;inet_scores_runtime_Credit Card_10000;model_scores_soft_binary_crossentropy_Credit Card_10000;model_scores_binary_crossentropy_Credit Card_10000;model_scores_accuracy_Credit Card_10000;model_scores_f1_score_Credit Card_10000;model_scores_roc_auc_score_Credit Card_10000;model_scores_runtime_Credit Card_10000;dt_scores_soft_binary_crossentropy_['uniform', 'normal', 'gamma', 'beta', 'poisson']_Haberman_10000;dt_scores_binary_crossentropy_['uniform', 'normal', 'gamma', 'beta', 'poisson']_Haberman_10000;dt_scores_accuracy_['uniform', 'normal', 'gamma', 'beta', 'poisson']_Haberman_10000;dt_scores_f1_score_['uniform', 'normal', 'gamma', 'beta', 'poisson']_Haberman_10000;dt_scores_roc_auc_score_['uniform', 'normal', 'gamma', 'beta', 'poisson']_Haberman_10000;dt_scores_soft_binary_crossentropy_data_random_['uniform', 'normal', 'gamma', 'beta', 'poisson']_Haberman_10000;dt_scores_binary_crossentropy_data_random_['uniform', 'normal', 'gamma', 'beta', 'poisson']_Haberman_10000;dt_scores_accuracy_data_random_['uniform', 'normal', 'gamma', 'beta', 'poisson']_Haberman_10000;dt_scores_f1_score_data_random_['uniform', 'normal', 'gamma', 'beta', 'poisson']_Haberman_10000;dt_scores_roc_auc_score_data_random_['uniform', 'normal', 'gamma', 'beta', 'poisson']_Haberman_10000;dt_scores_runtime_['uniform', 'normal', 'gamma', 'beta', 'poisson']_Haberman_10000;dt_scores_soft_binary_crossentropy_Haberman_10000;dt_scores_binary_crossentropy_Haberman_10000;dt_scores_accuracy_Haberman_10000;dt_scores_f1_score_Haberman_10000;dt_scores_roc_auc_score_Haberman_10000;dt_scores_soft_binary_crossentropy_data_random_Haberman_10000;dt_scores_binary_crossentropy_data_random_Haberman_10000;dt_scores_accuracy_data_random_Haberman_10000;dt_scores_f1_score_data_random_Haberman_10000;dt_scores_roc_auc_score_data_random_Haberman_10000;dt_scores_soft_binary_crossentropy_std_Haberman_10000;dt_scores_binary_crossentropy_std_Haberman_10000;dt_scores_accuracy_std_Haberman_10000;dt_scores_f1_score_std_Haberman_10000;dt_scores_roc_auc_score_std_Haberman_10000;dt_scores_soft_binary_crossentropy_data_random_std_Haberman_10000;dt_scores_binary_crossentropy_data_random_std_Haberman_10000;dt_scores_accuracy_data_random_std_Haberman_10000;dt_scores_f1_score_data_random_std_Haberman_10000;dt_scores_roc_auc_score_data_random_std_Haberman_10000;dt_scores_runtime_Haberman_10000;inet_scores_soft_binary_crossentropy_Haberman_10000;inet_scores_binary_crossentropy_Haberman_10000;inet_scores_accuracy_Haberman_10000;inet_scores_f1_score_Haberman_10000;inet_scores_roc_auc_score_Haberman_10000;inet_scores_runtime_Haberman_10000;model_scores_soft_binary_crossentropy_Haberman_10000;model_scores_binary_crossentropy_Haberman_10000;model_scores_accuracy_Haberman_10000;model_scores_f1_score_Haberman_10000;model_scores_roc_auc_score_Haberman_10000;model_scores_runtime_Haberman_10000;dt_scores_soft_binary_crossentropy_['uniform', 'normal', 'gamma', 'beta', 'poisson']_Adult_10000;dt_scores_binary_crossentropy_['uniform', 'normal', 'gamma', 'beta', 'poisson']_Adult_10000;dt_scores_accuracy_['uniform', 'normal', 'gamma', 'beta', 'poisson']_Adult_10000;dt_scores_f1_score_['uniform', 'normal', 'gamma', 'beta', 'poisson']_Adult_10000;dt_scores_roc_auc_score_['uniform', 'normal', 'gamma', 'beta', 'poisson']_Adult_10000;dt_scores_soft_binary_crossentropy_data_random_['uniform', 'normal', 'gamma', 'beta', 'poisson']_Adult_10000;dt_scores_binary_crossentropy_data_random_['uniform', 'normal', 'gamma', 'beta', 'poisson']_Adult_10000;dt_scores_accuracy_data_random_['uniform', 'normal', 'gamma', 'beta', 'poisson']_Adult_10000;dt_scores_f1_score_data_random_['uniform', 'normal', 'gamma', 'beta', 'poisson']_Adult_10000;dt_scores_roc_auc_score_data_random_['uniform', 'normal', 'gamma', 'beta', 'poisson']_Adult_10000;dt_scores_runtime_['uniform', 'normal', 'gamma', 'beta', 'poisson']_Adult_10000;dt_scores_soft_binary_crossentropy_Adult_10000;dt_scores_binary_crossentropy_Adult_10000;dt_scores_accuracy_Adult_10000;dt_scores_f1_score_Adult_10000;dt_scores_roc_auc_score_Adult_10000;dt_scores_soft_binary_crossentropy_data_random_Adult_10000;dt_scores_binary_crossentropy_data_random_Adult_10000;dt_scores_accuracy_data_random_Adult_10000;dt_scores_f1_score_data_random_Adult_10000;dt_scores_roc_auc_score_data_random_Adult_10000;dt_scores_soft_binary_crossentropy_std_Adult_10000;dt_scores_binary_crossentropy_std_Adult_10000;dt_scores_accuracy_std_Adult_10000;dt_scores_f1_score_std_Adult_10000;dt_scores_roc_auc_score_std_Adult_10000;dt_scores_soft_binary_crossentropy_data_random_std_Adult_10000;dt_scores_binary_crossentropy_data_random_std_Adult_10000;dt_scores_accuracy_data_random_std_Adult_10000;dt_scores_f1_score_data_random_std_Adult_10000;dt_scores_roc_auc_score_data_random_std_Adult_10000;dt_scores_runtime_Adult_10000;inet_scores_soft_binary_crossentropy_Adult_10000;inet_scores_binary_crossentropy_Adult_10000;inet_scores_accuracy_Adult_10000;inet_scores_f1_score_Adult_10000;inet_scores_roc_auc_score_Adult_10000;inet_scores_runtime_Adult_10000;model_scores_soft_binary_crossentropy_Adult_10000;model_scores_binary_crossentropy_Adult_10000;model_scores_accuracy_Adult_10000;model_scores_f1_score_Adult_10000;model_scores_roc_auc_score_Adult_10000;model_scores_runtime_Adult_10000;dt_scores_soft_binary_crossentropy_['uniform', 'normal', 'gamma', 'beta', 'poisson']_Titanic_10000;dt_scores_binary_crossentropy_['uniform', 'normal', 'gamma', 'beta', 'poisson']_Titanic_10000;dt_scores_accuracy_['uniform', 'normal', 'gamma', 'beta', 'poisson']_Titanic_10000;dt_scores_f1_score_['uniform', 'normal', 'gamma', 'beta', 'poisson']_Titanic_10000;dt_scores_roc_auc_score_['uniform', 'normal', 'gamma', 'beta', 'poisson']_Titanic_10000;dt_scores_soft_binary_crossentropy_data_random_['uniform', 'normal', 'gamma', 'beta', 'poisson']_Titanic_10000;dt_scores_binary_crossentropy_data_random_['uniform', 'normal', 'gamma', 'beta', 'poisson']_Titanic_10000;dt_scores_accuracy_data_random_['uniform', 'normal', 'gamma', 'beta', 'poisson']_Titanic_10000;dt_scores_f1_score_data_random_['uniform', 'normal', 'gamma', 'beta', 'poisson']_Titanic_10000;dt_scores_roc_auc_score_data_random_['uniform', 'normal', 'gamma', 'beta', 'poisson']_Titanic_10000;dt_scores_runtime_['uniform', 'normal', 'gamma', 'beta', 'poisson']_Titanic_10000;dt_scores_soft_binary_crossentropy_Titanic_10000;dt_scores_binary_crossentropy_Titanic_10000;dt_scores_accuracy_Titanic_10000;dt_scores_f1_score_Titanic_10000;dt_scores_roc_auc_score_Titanic_10000;dt_scores_soft_binary_crossentropy_data_random_Titanic_10000;dt_scores_binary_crossentropy_data_random_Titanic_10000;dt_scores_accuracy_data_random_Titanic_10000;dt_scores_f1_score_data_random_Titanic_10000;dt_scores_roc_auc_score_data_random_Titanic_10000;dt_scores_soft_binary_crossentropy_std_Titanic_10000;dt_scores_binary_crossentropy_std_Titanic_10000;dt_scores_accuracy_std_Titanic_10000;dt_scores_f1_score_std_Titanic_10000;dt_scores_roc_auc_score_std_Titanic_10000;dt_scores_soft_binary_crossentropy_data_random_std_Titanic_10000;dt_scores_binary_crossentropy_data_random_std_Titanic_10000;dt_scores_accuracy_data_random_std_Titanic_10000;dt_scores_f1_score_data_random_std_Titanic_10000;dt_scores_roc_auc_score_data_random_std_Titanic_10000;dt_scores_runtime_Titanic_10000;inet_scores_soft_binary_crossentropy_Titanic_10000;inet_scores_binary_crossentropy_Titanic_10000;inet_scores_accuracy_Titanic_10000;inet_scores_f1_score_Titanic_10000;inet_scores_roc_auc_score_Titanic_10000;inet_scores_runtime_Titanic_10000;model_scores_soft_binary_crossentropy_Titanic_10000;model_scores_binary_crossentropy_Titanic_10000;model_scores_accuracy_Titanic_10000;model_scores_f1_score_Titanic_10000;model_scores_roc_auc_score_Titanic_10000;model_scores_runtime_Titanic_10000;dt_scores_soft_binary_crossentropy_['uniform', 'normal', 'gamma', 'beta', 'poisson']_Absenteeism_10000;dt_scores_binary_crossentropy_['uniform', 'normal', 'gamma', 'beta', 'poisson']_Absenteeism_10000;dt_scores_accuracy_['uniform', 'normal', 'gamma', 'beta', 'poisson']_Absenteeism_10000;dt_scores_f1_score_['uniform', 'normal', 'gamma', 'beta', 'poisson']_Absenteeism_10000;dt_scores_roc_auc_score_['uniform', 'normal', 'gamma', 'beta', 'poisson']_Absenteeism_10000;dt_scores_soft_binary_crossentropy_data_random_['uniform', 'normal', 'gamma', 'beta', 'poisson']_Absenteeism_10000;dt_scores_binary_crossentropy_data_random_['uniform', 'normal', 'gamma', 'beta', 'poisson']_Absenteeism_10000;dt_scores_accuracy_data_random_['uniform', 'normal', 'gamma', 'beta', 'poisson']_Absenteeism_10000;dt_scores_f1_score_data_random_['uniform', 'normal', 'gamma', 'beta', 'poisson']_Absenteeism_10000;dt_scores_roc_auc_score_data_random_['uniform', 'normal', 'gamma', 'beta', 'poisson']_Absenteeism_10000;dt_scores_runtime_['uniform', 'normal', 'gamma', 'beta', 'poisson']_Absenteeism_10000;dt_scores_soft_binary_crossentropy_Absenteeism_10000;dt_scores_binary_crossentropy_Absenteeism_10000;dt_scores_accuracy_Absenteeism_10000;dt_scores_f1_score_Absenteeism_10000;dt_scores_roc_auc_score_Absenteeism_10000;dt_scores_soft_binary_crossentropy_data_random_Absenteeism_10000;dt_scores_binary_crossentropy_data_random_Absenteeism_10000;dt_scores_accuracy_data_random_Absenteeism_10000;dt_scores_f1_score_data_random_Absenteeism_10000;dt_scores_roc_auc_score_data_random_Absenteeism_10000;dt_scores_soft_binary_crossentropy_std_Absenteeism_10000;dt_scores_binary_crossentropy_std_Absenteeism_10000;dt_scores_accuracy_std_Absenteeism_10000;dt_scores_f1_score_std_Absenteeism_10000;dt_scores_roc_auc_score_std_Absenteeism_10000;dt_scores_soft_binary_crossentropy_data_random_std_Absenteeism_10000;dt_scores_binary_crossentropy_data_random_std_Absenteeism_10000;dt_scores_accuracy_data_random_std_Absenteeism_10000;dt_scores_f1_score_data_random_std_Absenteeism_10000;dt_scores_roc_auc_score_data_random_std_Absenteeism_10000;dt_scores_runtime_Absenteeism_10000;inet_scores_soft_binary_crossentropy_Absenteeism_10000;inet_scores_binary_crossentropy_Absenteeism_10000;inet_scores_accuracy_Absenteeism_10000;inet_scores_f1_score_Absenteeism_10000;inet_scores_roc_auc_score_Absenteeism_10000;inet_scores_runtime_Absenteeism_10000;model_scores_soft_binary_crossentropy_Absenteeism_10000;model_scores_binary_crossentropy_Absenteeism_10000;model_scores_accuracy_Absenteeism_10000;model_scores_f1_score_Absenteeism_10000;model_scores_roc_auc_score_Absenteeism_10000;model_scores_runtime_Absenteeism_10000;dt_scores_soft_binary_crossentropy_['uniform', 'normal', 'gamma', 'beta', 'poisson']_Loan House_10000;dt_scores_binary_crossentropy_['uniform', 'normal', 'gamma', 'beta', 'poisson']_Loan House_10000;dt_scores_accuracy_['uniform', 'normal', 'gamma', 'beta', 'poisson']_Loan House_10000;dt_scores_f1_score_['uniform', 'normal', 'gamma', 'beta', 'poisson']_Loan House_10000;dt_scores_roc_auc_score_['uniform', 'normal', 'gamma', 'beta', 'poisson']_Loan House_10000;dt_scores_soft_binary_crossentropy_data_random_['uniform', 'normal', 'gamma', 'beta', 'poisson']_Loan House_10000;dt_scores_binary_crossentropy_data_random_['uniform', 'normal', 'gamma', 'beta', 'poisson']_Loan House_10000;dt_scores_accuracy_data_random_['uniform', 'normal', 'gamma', 'beta', 'poisson']_Loan House_10000;dt_scores_f1_score_data_random_['uniform', 'normal', 'gamma', 'beta', 'poisson']_Loan House_10000;dt_scores_roc_auc_score_data_random_['uniform', 'normal', 'gamma', 'beta', 'poisson']_Loan House_10000;dt_scores_runtime_['uniform', 'normal', 'gamma', 'beta', 'poisson']_Loan House_10000;dt_scores_soft_binary_crossentropy_Loan House_10000;dt_scores_binary_crossentropy_Loan House_10000;dt_scores_accuracy_Loan House_10000;dt_scores_f1_score_Loan House_10000;dt_scores_roc_auc_score_Loan House_10000;dt_scores_soft_binary_crossentropy_data_random_Loan House_10000;dt_scores_binary_crossentropy_data_random_Loan House_10000;dt_scores_accuracy_data_random_Loan House_10000;dt_scores_f1_score_data_random_Loan House_10000;dt_scores_roc_auc_score_data_random_Loan House_10000;dt_scores_soft_binary_crossentropy_std_Loan House_10000;dt_scores_binary_crossentropy_std_Loan House_10000;dt_scores_accuracy_std_Loan House_10000;dt_scores_f1_score_std_Loan House_10000;dt_scores_roc_auc_score_std_Loan House_10000;dt_scores_soft_binary_crossentropy_data_random_std_Loan House_10000;dt_scores_binary_crossentropy_data_random_std_Loan House_10000;dt_scores_accuracy_data_random_std_Loan House_10000;dt_scores_f1_score_data_random_std_Loan House_10000;dt_scores_roc_auc_score_data_random_std_Loan House_10000;dt_scores_runtime_Loan House_10000;inet_scores_soft_binary_crossentropy_Loan House_10000;inet_scores_binary_crossentropy_Loan House_10000;inet_scores_accuracy_Loan House_10000;inet_scores_f1_score_Loan House_10000;inet_scores_roc_auc_score_Loan House_10000;inet_scores_runtime_Loan House_10000;model_scores_soft_binary_crossentropy_Loan House_10000;model_scores_binary_crossentropy_Loan House_10000;model_scores_accuracy_Loan House_10000;model_scores_f1_score_Loan House_10000;model_scores_roc_auc_score_Loan House_10000;model_scores_runtime_Loan House_10000;dt_scores_soft_binary_crossentropy_['uniform', 'normal', 'gamma', 'beta', 'poisson']_Loan Credit_10000;dt_scores_binary_crossentropy_['uniform', 'normal', 'gamma', 'beta', 'poisson']_Loan Credit_10000;dt_scores_accuracy_['uniform', 'normal', 'gamma', 'beta', 'poisson']_Loan Credit_10000;dt_scores_f1_score_['uniform', 'normal', 'gamma', 'beta', 'poisson']_Loan Credit_10000;dt_scores_roc_auc_score_['uniform', 'normal', 'gamma', 'beta', 'poisson']_Loan Credit_10000;dt_scores_soft_binary_crossentropy_data_random_['uniform', 'normal', 'gamma', 'beta', 'poisson']_Loan Credit_10000;dt_scores_binary_crossentropy_data_random_['uniform', 'normal', 'gamma', 'beta', 'poisson']_Loan Credit_10000;dt_scores_accuracy_data_random_['uniform', 'normal', 'gamma', 'beta', 'poisson']_Loan Credit_10000;dt_scores_f1_score_data_random_['uniform', 'normal', 'gamma', 'beta', 'poisson']_Loan Credit_10000;dt_scores_roc_auc_score_data_random_['uniform', 'normal', 'gamma', 'beta', 'poisson']_Loan Credit_10000;dt_scores_runtime_['uniform', 'normal', 'gamma', 'beta', 'poisson']_Loan Credit_10000;dt_scores_soft_binary_crossentropy_Loan Credit_10000;dt_scores_binary_crossentropy_Loan Credit_10000;dt_scores_accuracy_Loan Credit_10000;dt_scores_f1_score_Loan Credit_10000;dt_scores_roc_auc_score_Loan Credit_10000;dt_scores_soft_binary_crossentropy_data_random_Loan Credit_10000;dt_scores_binary_crossentropy_data_random_Loan Credit_10000;dt_scores_accuracy_data_random_Loan Credit_10000;dt_scores_f1_score_data_random_Loan Credit_10000;dt_scores_roc_auc_score_data_random_Loan Credit_10000;dt_scores_soft_binary_crossentropy_std_Loan Credit_10000;dt_scores_binary_crossentropy_std_Loan Credit_10000;dt_scores_accuracy_std_Loan Credit_10000;dt_scores_f1_score_std_Loan Credit_10000;dt_scores_roc_auc_score_std_Loan Credit_10000;dt_scores_soft_binary_crossentropy_data_random_std_Loan Credit_10000;dt_scores_binary_crossentropy_data_random_std_Loan Credit_10000;dt_scores_accuracy_data_random_std_Loan Credit_10000;dt_scores_f1_score_data_random_std_Loan Credit_10000;dt_scores_roc_auc_score_data_random_std_Loan Credit_10000;dt_scores_runtime_Loan Credit_10000;inet_scores_soft_binary_crossentropy_Loan Credit_10000;inet_scores_binary_crossentropy_Loan Credit_10000;inet_scores_accuracy_Loan Credit_10000;inet_scores_f1_score_Loan Credit_10000;inet_scores_roc_auc_score_Loan Credit_10000;inet_scores_runtime_Loan Credit_10000;model_scores_soft_binary_crossentropy_Loan Credit_10000;model_scores_binary_crossentropy_Loan Credit_10000;model_scores_accuracy_Loan Credit_10000;model_scores_f1_score_Loan Credit_10000;model_scores_roc_auc_score_Loan Credit_10000;model_scores_runtime_Loan Credit_10000;dt_scores_soft_binary_crossentropy_['uniform', 'normal', 'gamma', 'beta', 'poisson']_Medical Insurance_10000;dt_scores_binary_crossentropy_['uniform', 'normal', 'gamma', 'beta', 'poisson']_Medical Insurance_10000;dt_scores_accuracy_['uniform', 'normal', 'gamma', 'beta', 'poisson']_Medical Insurance_10000;dt_scores_f1_score_['uniform', 'normal', 'gamma', 'beta', 'poisson']_Medical Insurance_10000;dt_scores_roc_auc_score_['uniform', 'normal', 'gamma', 'beta', 'poisson']_Medical Insurance_10000;dt_scores_soft_binary_crossentropy_data_random_['uniform', 'normal', 'gamma', 'beta', 'poisson']_Medical Insurance_10000;dt_scores_binary_crossentropy_data_random_['uniform', 'normal', 'gamma', 'beta', 'poisson']_Medical Insurance_10000;dt_scores_accuracy_data_random_['uniform', 'normal', 'gamma', 'beta', 'poisson']_Medical Insurance_10000;dt_scores_f1_score_data_random_['uniform', 'normal', 'gamma', 'beta', 'poisson']_Medical Insurance_10000;dt_scores_roc_auc_score_data_random_['uniform', 'normal', 'gamma', 'beta', 'poisson']_Medical Insurance_10000;dt_scores_runtime_['uniform', 'normal', 'gamma', 'beta', 'poisson']_Medical Insurance_10000;dt_scores_soft_binary_crossentropy_Medical Insurance_10000;dt_scores_binary_crossentropy_Medical Insurance_10000;dt_scores_accuracy_Medical Insurance_10000;dt_scores_f1_score_Medical Insurance_10000;dt_scores_roc_auc_score_Medical Insurance_10000;dt_scores_soft_binary_crossentropy_data_random_Medical Insurance_10000;dt_scores_binary_crossentropy_data_random_Medical Insurance_10000;dt_scores_accuracy_data_random_Medical Insurance_10000;dt_scores_f1_score_data_random_Medical Insurance_10000;dt_scores_roc_auc_score_data_random_Medical Insurance_10000;dt_scores_soft_binary_crossentropy_std_Medical Insurance_10000;dt_scores_binary_crossentropy_std_Medical Insurance_10000;dt_scores_accuracy_std_Medical Insurance_10000;dt_scores_f1_score_std_Medical Insurance_10000;dt_scores_roc_auc_score_std_Medical Insurance_10000;dt_scores_soft_binary_crossentropy_data_random_std_Medical Insurance_10000;dt_scores_binary_crossentropy_data_random_std_Medical Insurance_10000;dt_scores_accuracy_data_random_std_Medical Insurance_10000;dt_scores_f1_score_data_random_std_Medical Insurance_10000;dt_scores_roc_auc_score_data_random_std_Medical Insurance_10000;dt_scores_runtime_Medical Insurance_10000;inet_scores_soft_binary_crossentropy_Medical Insurance_10000;inet_scores_binary_crossentropy_Medical Insurance_10000;inet_scores_accuracy_Medical Insurance_10000;inet_scores_f1_score_Medical Insurance_10000;inet_scores_roc_auc_score_Medical Insurance_10000;inet_scores_runtime_Medical Insurance_10000;model_scores_soft_binary_crossentropy_Medical Insurance_10000;model_scores_binary_crossentropy_Medical Insurance_10000;model_scores_accuracy_Medical Insurance_10000;model_scores_f1_score_Medical Insurance_10000;model_scores_roc_auc_score_Medical Insurance_10000;model_scores_runtime_Medical Insurance_10000;dt_scores_soft_binary_crossentropy_['uniform', 'normal', 'gamma', 'beta', 'poisson']_Bank Marketing_10000;dt_scores_binary_crossentropy_['uniform', 'normal', 'gamma', 'beta', 'poisson']_Bank Marketing_10000;dt_scores_accuracy_['uniform', 'normal', 'gamma', 'beta', 'poisson']_Bank Marketing_10000;dt_scores_f1_score_['uniform', 'normal', 'gamma', 'beta', 'poisson']_Bank Marketing_10000;dt_scores_roc_auc_score_['uniform', 'normal', 'gamma', 'beta', 'poisson']_Bank Marketing_10000;dt_scores_soft_binary_crossentropy_data_random_['uniform', 'normal', 'gamma', 'beta', 'poisson']_Bank Marketing_10000;dt_scores_binary_crossentropy_data_random_['uniform', 'normal', 'gamma', 'beta', 'poisson']_Bank Marketing_10000;dt_scores_accuracy_data_random_['uniform', 'normal', 'gamma', 'beta', 'poisson']_Bank Marketing_10000;dt_scores_f1_score_data_random_['uniform', 'normal', 'gamma', 'beta', 'poisson']_Bank Marketing_10000;dt_scores_roc_auc_score_data_random_['uniform', 'normal', 'gamma', 'beta', 'poisson']_Bank Marketing_10000;dt_scores_runtime_['uniform', 'normal', 'gamma', 'beta', 'poisson']_Bank Marketing_10000;dt_scores_soft_binary_crossentropy_Bank Marketing_10000;dt_scores_binary_crossentropy_Bank Marketing_10000;dt_scores_accuracy_Bank Marketing_10000;dt_scores_f1_score_Bank Marketing_10000;dt_scores_roc_auc_score_Bank Marketing_10000;dt_scores_soft_binary_crossentropy_data_random_Bank Marketing_10000;dt_scores_binary_crossentropy_data_random_Bank Marketing_10000;dt_scores_accuracy_data_random_Bank Marketing_10000;dt_scores_f1_score_data_random_Bank Marketing_10000;dt_scores_roc_auc_score_data_random_Bank Marketing_10000;dt_scores_soft_binary_crossentropy_std_Bank Marketing_10000;dt_scores_binary_crossentropy_std_Bank Marketing_10000;dt_scores_accuracy_std_Bank Marketing_10000;dt_scores_f1_score_std_Bank Marketing_10000;dt_scores_roc_auc_score_std_Bank Marketing_10000;dt_scores_soft_binary_crossentropy_data_random_std_Bank Marketing_10000;dt_scores_binary_crossentropy_data_random_std_Bank Marketing_10000;dt_scores_accuracy_data_random_std_Bank Marketing_10000;dt_scores_f1_score_data_random_std_Bank Marketing_10000;dt_scores_roc_auc_score_data_random_std_Bank Marketing_10000;dt_scores_runtime_Bank Marketing_10000;inet_scores_soft_binary_crossentropy_Bank Marketing_10000;inet_scores_binary_crossentropy_Bank Marketing_10000;inet_scores_accuracy_Bank Marketing_10000;inet_scores_f1_score_Bank Marketing_10000;inet_scores_roc_auc_score_Bank Marketing_10000;inet_scores_runtime_Bank Marketing_10000;model_scores_soft_binary_crossentropy_Bank Marketing_10000;model_scores_binary_crossentropy_Bank Marketing_10000;model_scores_accuracy_Bank Marketing_10000;model_scores_f1_score_Bank Marketing_10000;model_scores_roc_auc_score_Bank Marketing_10000;model_scores_runtime_Bank Marketing_10000;dt_scores_soft_binary_crossentropy_['uniform', 'normal', 'gamma', 'beta', 'poisson']_Cervical Cancer_10000;dt_scores_binary_crossentropy_['uniform', 'normal', 'gamma', 'beta', 'poisson']_Cervical Cancer_10000;dt_scores_accuracy_['uniform', 'normal', 'gamma', 'beta', 'poisson']_Cervical Cancer_10000;dt_scores_f1_score_['uniform', 'normal', 'gamma', 'beta', 'poisson']_Cervical Cancer_10000;dt_scores_roc_auc_score_['uniform', 'normal', 'gamma', 'beta', 'poisson']_Cervical Cancer_10000;dt_scores_soft_binary_crossentropy_data_random_['uniform', 'normal', 'gamma', 'beta', 'poisson']_Cervical Cancer_10000;dt_scores_binary_crossentropy_data_random_['uniform', 'normal', 'gamma', 'beta', 'poisson']_Cervical Cancer_10000;dt_scores_accuracy_data_random_['uniform', 'normal', 'gamma', 'beta', 'poisson']_Cervical Cancer_10000;dt_scores_f1_score_data_random_['uniform', 'normal', 'gamma', 'beta', 'poisson']_Cervical Cancer_10000;dt_scores_roc_auc_score_data_random_['uniform', 'normal', 'gamma', 'beta', 'poisson']_Cervical Cancer_10000;dt_scores_runtime_['uniform', 'normal', 'gamma', 'beta', 'poisson']_Cervical Cancer_10000;dt_scores_soft_binary_crossentropy_Cervical Cancer_10000;dt_scores_binary_crossentropy_Cervical Cancer_10000;dt_scores_accuracy_Cervical Cancer_10000;dt_scores_f1_score_Cervical Cancer_10000;dt_scores_roc_auc_score_Cervical Cancer_10000;dt_scores_soft_binary_crossentropy_data_random_Cervical Cancer_10000;dt_scores_binary_crossentropy_data_random_Cervical Cancer_10000;dt_scores_accuracy_data_random_Cervical Cancer_10000;dt_scores_f1_score_data_random_Cervical Cancer_10000;dt_scores_roc_auc_score_data_random_Cervical Cancer_10000;dt_scores_soft_binary_crossentropy_std_Cervical Cancer_10000;dt_scores_binary_crossentropy_std_Cervical Cancer_10000;dt_scores_accuracy_std_Cervical Cancer_10000;dt_scores_f1_score_std_Cervical Cancer_10000;dt_scores_roc_auc_score_std_Cervical Cancer_10000;dt_scores_soft_binary_crossentropy_data_random_std_Cervical Cancer_10000;dt_scores_binary_crossentropy_data_random_std_Cervical Cancer_10000;dt_scores_accuracy_data_random_std_Cervical Cancer_10000;dt_scores_f1_score_data_random_std_Cervical Cancer_10000;dt_scores_roc_auc_score_data_random_std_Cervical Cancer_10000;dt_scores_runtime_Cervical Cancer_10000;inet_scores_soft_binary_crossentropy_Cervical Cancer_10000;inet_scores_binary_crossentropy_Cervical Cancer_10000;inet_scores_accuracy_Cervical Cancer_10000;inet_scores_f1_score_Cervical Cancer_10000;inet_scores_roc_auc_score_Cervical Cancer_10000;inet_scores_runtime_Cervical Cancer_10000;model_scores_soft_binary_crossentropy_Cervical Cancer_10000;model_scores_binary_crossentropy_Cervical Cancer_10000;model_scores_accuracy_Cervical Cancer_10000;model_scores_f1_score_Cervical Cancer_10000;model_scores_roc_auc_score_Cervical Cancer_10000;model_scores_runtime_Cervical Cancer_10000;dt_scores_soft_binary_crossentropy_['uniform', 'normal', 'gamma', 'beta', 'poisson']_Brest Cancer Wisconsin_10000;dt_scores_binary_crossentropy_['uniform', 'normal', 'gamma', 'beta', 'poisson']_Brest Cancer Wisconsin_10000;dt_scores_accuracy_['uniform', 'normal', 'gamma', 'beta', 'poisson']_Brest Cancer Wisconsin_10000;dt_scores_f1_score_['uniform', 'normal', 'gamma', 'beta', 'poisson']_Brest Cancer Wisconsin_10000;dt_scores_roc_auc_score_['uniform', 'normal', 'gamma', 'beta', 'poisson']_Brest Cancer Wisconsin_10000;dt_scores_soft_binary_crossentropy_data_random_['uniform', 'normal', 'gamma', 'beta', 'poisson']_Brest Cancer Wisconsin_10000;dt_scores_binary_crossentropy_data_random_['uniform', 'normal', 'gamma', 'beta', 'poisson']_Brest Cancer Wisconsin_10000;dt_scores_accuracy_data_random_['uniform', 'normal', 'gamma', 'beta', 'poisson']_Brest Cancer Wisconsin_10000;dt_scores_f1_score_data_random_['uniform', 'normal', 'gamma', 'beta', 'poisson']_Brest Cancer Wisconsin_10000;dt_scores_roc_auc_score_data_random_['uniform', 'normal', 'gamma', 'beta', 'poisson']_Brest Cancer Wisconsin_10000;dt_scores_runtime_['uniform', 'normal', 'gamma', 'beta', 'poisson']_Brest Cancer Wisconsin_10000;dt_scores_soft_binary_crossentropy_Brest Cancer Wisconsin_10000;dt_scores_binary_crossentropy_Brest Cancer Wisconsin_10000;dt_scores_accuracy_Brest Cancer Wisconsin_10000;dt_scores_f1_score_Brest Cancer Wisconsin_10000;dt_scores_roc_auc_score_Brest Cancer Wisconsin_10000;dt_scores_soft_binary_crossentropy_data_random_Brest Cancer Wisconsin_10000;dt_scores_binary_crossentropy_data_random_Brest Cancer Wisconsin_10000;dt_scores_accuracy_data_random_Brest Cancer Wisconsin_10000;dt_scores_f1_score_data_random_Brest Cancer Wisconsin_10000;dt_scores_roc_auc_score_data_random_Brest Cancer Wisconsin_10000;dt_scores_soft_binary_crossentropy_std_Brest Cancer Wisconsin_10000;dt_scores_binary_crossentropy_std_Brest Cancer Wisconsin_10000;dt_scores_accuracy_std_Brest Cancer Wisconsin_10000;dt_scores_f1_score_std_Brest Cancer Wisconsin_10000;dt_scores_roc_auc_score_std_Brest Cancer Wisconsin_10000;dt_scores_soft_binary_crossentropy_data_random_std_Brest Cancer Wisconsin_10000;dt_scores_binary_crossentropy_data_random_std_Brest Cancer Wisconsin_10000;dt_scores_accuracy_data_random_std_Brest Cancer Wisconsin_10000;dt_scores_f1_score_data_random_std_Brest Cancer Wisconsin_10000;dt_scores_roc_auc_score_data_random_std_Brest Cancer Wisconsin_10000;dt_scores_runtime_Brest Cancer Wisconsin_10000;inet_scores_soft_binary_crossentropy_Brest Cancer Wisconsin_10000;inet_scores_binary_crossentropy_Brest Cancer Wisconsin_10000;inet_scores_accuracy_Brest Cancer Wisconsin_10000;inet_scores_f1_score_Brest Cancer Wisconsin_10000;inet_scores_roc_auc_score_Brest Cancer Wisconsin_10000;inet_scores_runtime_Brest Cancer Wisconsin_10000;model_scores_soft_binary_crossentropy_Brest Cancer Wisconsin_10000;model_scores_binary_crossentropy_Brest Cancer Wisconsin_10000;model_scores_accuracy_Brest Cancer Wisconsin_10000;model_scores_f1_score_Brest Cancer Wisconsin_10000;model_scores_roc_auc_score_Brest Cancer Wisconsin_10000;model_scores_runtime_Brest Cancer Wisconsin_10000;dt_scores_soft_binary_crossentropy_['uniform', 'normal', 'gamma', 'beta', 'poisson']_Wisconsin Diagnostic Breast Cancer_10000;dt_scores_binary_crossentropy_['uniform', 'normal', 'gamma', 'beta', 'poisson']_Wisconsin Diagnostic Breast Cancer_10000;dt_scores_accuracy_['uniform', 'normal', 'gamma', 'beta', 'poisson']_Wisconsin Diagnostic Breast Cancer_10000;dt_scores_f1_score_['uniform', 'normal', 'gamma', 'beta', 'poisson']_Wisconsin Diagnostic Breast Cancer_10000;dt_scores_roc_auc_score_['uniform', 'normal', 'gamma', 'beta', 'poisson']_Wisconsin Diagnostic Breast Cancer_10000;dt_scores_soft_binary_crossentropy_data_random_['uniform', 'normal', 'gamma', 'beta', 'poisson']_Wisconsin Diagnostic Breast Cancer_10000;dt_scores_binary_crossentropy_data_random_['uniform', 'normal', 'gamma', 'beta', 'poisson']_Wisconsin Diagnostic Breast Cancer_10000;dt_scores_accuracy_data_random_['uniform', 'normal', 'gamma', 'beta', 'poisson']_Wisconsin Diagnostic Breast Cancer_10000;dt_scores_f1_score_data_random_['uniform', 'normal', 'gamma', 'beta', 'poisson']_Wisconsin Diagnostic Breast Cancer_10000;dt_scores_roc_auc_score_data_random_['uniform', 'normal', 'gamma', 'beta', 'poisson']_Wisconsin Diagnostic Breast Cancer_10000;dt_scores_runtime_['uniform', 'normal', 'gamma', 'beta', 'poisson']_Wisconsin Diagnostic Breast Cancer_10000;dt_scores_soft_binary_crossentropy_Wisconsin Diagnostic Breast Cancer_10000;dt_scores_binary_crossentropy_Wisconsin Diagnostic Breast Cancer_10000;dt_scores_accuracy_Wisconsin Diagnostic Breast Cancer_10000;dt_scores_f1_score_Wisconsin Diagnostic Breast Cancer_10000;dt_scores_roc_auc_score_Wisconsin Diagnostic Breast Cancer_10000;dt_scores_soft_binary_crossentropy_data_random_Wisconsin Diagnostic Breast Cancer_10000;dt_scores_binary_crossentropy_data_random_Wisconsin Diagnostic Breast Cancer_10000;dt_scores_accuracy_data_random_Wisconsin Diagnostic Breast Cancer_10000;dt_scores_f1_score_data_random_Wisconsin Diagnostic Breast Cancer_10000;dt_scores_roc_auc_score_data_random_Wisconsin Diagnostic Breast Cancer_10000;dt_scores_soft_binary_crossentropy_std_Wisconsin Diagnostic Breast Cancer_10000;dt_scores_binary_crossentropy_std_Wisconsin Diagnostic Breast Cancer_10000;dt_scores_accuracy_std_Wisconsin Diagnostic Breast Cancer_10000;dt_scores_f1_score_std_Wisconsin Diagnostic Breast Cancer_10000;dt_scores_roc_auc_score_std_Wisconsin Diagnostic Breast Cancer_10000;dt_scores_soft_binary_crossentropy_data_random_std_Wisconsin Diagnostic Breast Cancer_10000;dt_scores_binary_crossentropy_data_random_std_Wisconsin Diagnostic Breast Cancer_10000;dt_scores_accuracy_data_random_std_Wisconsin Diagnostic Breast Cancer_10000;dt_scores_f1_score_data_random_std_Wisconsin Diagnostic Breast Cancer_10000;dt_scores_roc_auc_score_data_random_std_Wisconsin Diagnostic Breast Cancer_10000;dt_scores_runtime_Wisconsin Diagnostic Breast Cancer_10000;inet_scores_soft_binary_crossentropy_Wisconsin Diagnostic Breast Cancer_10000;inet_scores_binary_crossentropy_Wisconsin Diagnostic Breast Cancer_10000;inet_scores_accuracy_Wisconsin Diagnostic Breast Cancer_10000;inet_scores_f1_score_Wisconsin Diagnostic Breast Cancer_10000;inet_scores_roc_auc_score_Wisconsin Diagnostic Breast Cancer_10000;inet_scores_runtime_Wisconsin Diagnostic Breast Cancer_10000;model_scores_soft_binary_crossentropy_Wisconsin Diagnostic Breast Cancer_10000;model_scores_binary_crossentropy_Wisconsin Diagnostic Breast Cancer_10000;model_scores_accuracy_Wisconsin Diagnostic Breast Cancer_10000;model_scores_f1_score_Wisconsin Diagnostic Breast Cancer_10000;model_scores_roc_auc_score_Wisconsin Diagnostic Breast Cancer_10000;model_scores_runtime_Wisconsin Diagnostic Breast Cancer_10000;dt_scores_soft_binary_crossentropy_['uniform', 'normal', 'gamma', 'beta', 'poisson']_Wisconsin Prognostic Breast Cancer_10000;dt_scores_binary_crossentropy_['uniform', 'normal', 'gamma', 'beta', 'poisson']_Wisconsin Prognostic Breast Cancer_10000;dt_scores_accuracy_['uniform', 'normal', 'gamma', 'beta', 'poisson']_Wisconsin Prognostic Breast Cancer_10000;dt_scores_f1_score_['uniform', 'normal', 'gamma', 'beta', 'poisson']_Wisconsin Prognostic Breast Cancer_10000;dt_scores_roc_auc_score_['uniform', 'normal', 'gamma', 'beta', 'poisson']_Wisconsin Prognostic Breast Cancer_10000;dt_scores_soft_binary_crossentropy_data_random_['uniform', 'normal', 'gamma', 'beta', 'poisson']_Wisconsin Prognostic Breast Cancer_10000;dt_scores_binary_crossentropy_data_random_['uniform', 'normal', 'gamma', 'beta', 'poisson']_Wisconsin Prognostic Breast Cancer_10000;dt_scores_accuracy_data_random_['uniform', 'normal', 'gamma', 'beta', 'poisson']_Wisconsin Prognostic Breast Cancer_10000;dt_scores_f1_score_data_random_['uniform', 'normal', 'gamma', 'beta', 'poisson']_Wisconsin Prognostic Breast Cancer_10000;dt_scores_roc_auc_score_data_random_['uniform', 'normal', 'gamma', 'beta', 'poisson']_Wisconsin Prognostic Breast Cancer_10000;dt_scores_runtime_['uniform', 'normal', 'gamma', 'beta', 'poisson']_Wisconsin Prognostic Breast Cancer_10000;dt_scores_soft_binary_crossentropy_Wisconsin Prognostic Breast Cancer_10000;dt_scores_binary_crossentropy_Wisconsin Prognostic Breast Cancer_10000;dt_scores_accuracy_Wisconsin Prognostic Breast Cancer_10000;dt_scores_f1_score_Wisconsin Prognostic Breast Cancer_10000;dt_scores_roc_auc_score_Wisconsin Prognostic Breast Cancer_10000;dt_scores_soft_binary_crossentropy_data_random_Wisconsin Prognostic Breast Cancer_10000;dt_scores_binary_crossentropy_data_random_Wisconsin Prognostic Breast Cancer_10000;dt_scores_accuracy_data_random_Wisconsin Prognostic Breast Cancer_10000;dt_scores_f1_score_data_random_Wisconsin Prognostic Breast Cancer_10000;dt_scores_roc_auc_score_data_random_Wisconsin Prognostic Breast Cancer_10000;dt_scores_soft_binary_crossentropy_std_Wisconsin Prognostic Breast Cancer_10000;dt_scores_binary_crossentropy_std_Wisconsin Prognostic Breast Cancer_10000;dt_scores_accuracy_std_Wisconsin Prognostic Breast Cancer_10000;dt_scores_f1_score_std_Wisconsin Prognostic Breast Cancer_10000;dt_scores_roc_auc_score_std_Wisconsin Prognostic Breast Cancer_10000;dt_scores_soft_binary_crossentropy_data_random_std_Wisconsin Prognostic Breast Cancer_10000;dt_scores_binary_crossentropy_data_random_std_Wisconsin Prognostic Breast Cancer_10000;dt_scores_accuracy_data_random_std_Wisconsin Prognostic Breast Cancer_10000;dt_scores_f1_score_data_random_std_Wisconsin Prognostic Breast Cancer_10000;dt_scores_roc_auc_score_data_random_std_Wisconsin Prognostic Breast Cancer_10000;dt_scores_runtime_Wisconsin Prognostic Breast Cancer_10000;inet_scores_soft_binary_crossentropy_Wisconsin Prognostic Breast Cancer_10000;inet_scores_binary_crossentropy_Wisconsin Prognostic Breast Cancer_10000;inet_scores_accuracy_Wisconsin Prognostic Breast Cancer_10000;inet_scores_f1_score_Wisconsin Prognostic Breast Cancer_10000;inet_scores_roc_auc_score_Wisconsin Prognostic Breast Cancer_10000;inet_scores_runtime_Wisconsin Prognostic Breast Cancer_10000;model_scores_soft_binary_crossentropy_Wisconsin Prognostic Breast Cancer_10000;model_scores_binary_crossentropy_Wisconsin Prognostic Breast Cancer_10000;model_scores_accuracy_Wisconsin Prognostic Breast Cancer_10000;model_scores_f1_score_Wisconsin Prognostic Breast Cancer_10000;model_scores_roc_auc_score_Wisconsin Prognostic Breast Cancer_10000;model_scores_runtime_Wisconsin Prognostic Breast Cancer_10000;dt_scores_soft_binary_crossentropy_['uniform', 'normal', 'gamma', 'beta', 'poisson']_Abalone_10000;dt_scores_binary_crossentropy_['uniform', 'normal', 'gamma', 'beta', 'poisson']_Abalone_10000;dt_scores_accuracy_['uniform', 'normal', 'gamma', 'beta', 'poisson']_Abalone_10000;dt_scores_f1_score_['uniform', 'normal', 'gamma', 'beta', 'poisson']_Abalone_10000;dt_scores_roc_auc_score_['uniform', 'normal', 'gamma', 'beta', 'poisson']_Abalone_10000;dt_scores_soft_binary_crossentropy_data_random_['uniform', 'normal', 'gamma', 'beta', 'poisson']_Abalone_10000;dt_scores_binary_crossentropy_data_random_['uniform', 'normal', 'gamma', 'beta', 'poisson']_Abalone_10000;dt_scores_accuracy_data_random_['uniform', 'normal', 'gamma', 'beta', 'poisson']_Abalone_10000;dt_scores_f1_score_data_random_['uniform', 'normal', 'gamma', 'beta', 'poisson']_Abalone_10000;dt_scores_roc_auc_score_data_random_['uniform', 'normal', 'gamma', 'beta', 'poisson']_Abalone_10000;dt_scores_runtime_['uniform', 'normal', 'gamma', 'beta', 'poisson']_Abalone_10000;dt_scores_soft_binary_crossentropy_Abalone_10000;dt_scores_binary_crossentropy_Abalone_10000;dt_scores_accuracy_Abalone_10000;dt_scores_f1_score_Abalone_10000;dt_scores_roc_auc_score_Abalone_10000;dt_scores_soft_binary_crossentropy_data_random_Abalone_10000;dt_scores_binary_crossentropy_data_random_Abalone_10000;dt_scores_accuracy_data_random_Abalone_10000;dt_scores_f1_score_data_random_Abalone_10000;dt_scores_roc_auc_score_data_random_Abalone_10000;dt_scores_soft_binary_crossentropy_std_Abalone_10000;dt_scores_binary_crossentropy_std_Abalone_10000;dt_scores_accuracy_std_Abalone_10000;dt_scores_f1_score_std_Abalone_10000;dt_scores_roc_auc_score_std_Abalone_10000;dt_scores_soft_binary_crossentropy_data_random_std_Abalone_10000;dt_scores_binary_crossentropy_data_random_std_Abalone_10000;dt_scores_accuracy_data_random_std_Abalone_10000;dt_scores_f1_score_data_random_std_Abalone_10000;dt_scores_roc_auc_score_data_random_std_Abalone_10000;dt_scores_runtime_Abalone_10000;inet_scores_soft_binary_crossentropy_Abalone_10000;inet_scores_binary_crossentropy_Abalone_10000;inet_scores_accuracy_Abalone_10000;inet_scores_f1_score_Abalone_10000;inet_scores_roc_auc_score_Abalone_10000;inet_scores_runtime_Abalone_10000;model_scores_soft_binary_crossentropy_Abalone_10000;model_scores_binary_crossentropy_Abalone_10000;model_scores_accuracy_Abalone_10000;model_scores_f1_score_Abalone_10000;model_scores_roc_auc_score_Abalone_10000;model_scores_runtime_Abalone_10000;dt_scores_soft_binary_crossentropy_['uniform', 'normal', 'gamma', 'beta', 'poisson']_Car_10000;dt_scores_binary_crossentropy_['uniform', 'normal', 'gamma', 'beta', 'poisson']_Car_10000;dt_scores_accuracy_['uniform', 'normal', 'gamma', 'beta', 'poisson']_Car_10000;dt_scores_f1_score_['uniform', 'normal', 'gamma', 'beta', 'poisson']_Car_10000;dt_scores_roc_auc_score_['uniform', 'normal', 'gamma', 'beta', 'poisson']_Car_10000;dt_scores_soft_binary_crossentropy_data_random_['uniform', 'normal', 'gamma', 'beta', 'poisson']_Car_10000;dt_scores_binary_crossentropy_data_random_['uniform', 'normal', 'gamma', 'beta', 'poisson']_Car_10000;dt_scores_accuracy_data_random_['uniform', 'normal', 'gamma', 'beta', 'poisson']_Car_10000;dt_scores_f1_score_data_random_['uniform', 'normal', 'gamma', 'beta', 'poisson']_Car_10000;dt_scores_roc_auc_score_data_random_['uniform', 'normal', 'gamma', 'beta', 'poisson']_Car_10000;dt_scores_runtime_['uniform', 'normal', 'gamma', 'beta', 'poisson']_Car_10000;dt_scores_soft_binary_crossentropy_Car_10000;dt_scores_binary_crossentropy_Car_10000;dt_scores_accuracy_Car_10000;dt_scores_f1_score_Car_10000;dt_scores_roc_auc_score_Car_10000;dt_scores_soft_binary_crossentropy_data_random_Car_10000;dt_scores_binary_crossentropy_data_random_Car_10000;dt_scores_accuracy_data_random_Car_10000;dt_scores_f1_score_data_random_Car_10000;dt_scores_roc_auc_score_data_random_Car_10000;dt_scores_soft_binary_crossentropy_std_Car_10000;dt_scores_binary_crossentropy_std_Car_10000;dt_scores_accuracy_std_Car_10000;dt_scores_f1_score_std_Car_10000;dt_scores_roc_auc_score_std_Car_10000;dt_scores_soft_binary_crossentropy_data_random_std_Car_10000;dt_scores_binary_crossentropy_data_random_std_Car_10000;dt_scores_accuracy_data_random_std_Car_10000;dt_scores_f1_score_data_random_std_Car_10000;dt_scores_roc_auc_score_data_random_std_Car_10000;dt_scores_runtime_Car_10000;inet_scores_soft_binary_crossentropy_Car_10000;inet_scores_binary_crossentropy_Car_10000;inet_scores_accuracy_Car_10000;inet_scores_f1_score_Car_10000;inet_scores_roc_auc_score_Car_10000;inet_scores_runtime_Car_10000;model_scores_soft_binary_crossentropy_Car_10000;model_scores_binary_crossentropy_Car_10000;model_scores_accuracy_Car_10000;model_scores_f1_score_Car_10000;model_scores_roc_auc_score_Car_10000;model_scores_runtime_Car_10000;dt_scores_soft_binary_crossentropy_['uniform', 'normal', 'gamma', 'beta', 'poisson']_Heart Disease_10000;dt_scores_binary_crossentropy_['uniform', 'normal', 'gamma', 'beta', 'poisson']_Heart Disease_10000;dt_scores_accuracy_['uniform', 'normal', 'gamma', 'beta', 'poisson']_Heart Disease_10000;dt_scores_f1_score_['uniform', 'normal', 'gamma', 'beta', 'poisson']_Heart Disease_10000;dt_scores_roc_auc_score_['uniform', 'normal', 'gamma', 'beta', 'poisson']_Heart Disease_10000;dt_scores_soft_binary_crossentropy_data_random_['uniform', 'normal', 'gamma', 'beta', 'poisson']_Heart Disease_10000;dt_scores_binary_crossentropy_data_random_['uniform', 'normal', 'gamma', 'beta', 'poisson']_Heart Disease_10000;dt_scores_accuracy_data_random_['uniform', 'normal', 'gamma', 'beta', 'poisson']_Heart Disease_10000;dt_scores_f1_score_data_random_['uniform', 'normal', 'gamma', 'beta', 'poisson']_Heart Disease_10000;dt_scores_roc_auc_score_data_random_['uniform', 'normal', 'gamma', 'beta', 'poisson']_Heart Disease_10000;dt_scores_runtime_['uniform', 'normal', 'gamma', 'beta', 'poisson']_Heart Disease_10000;dt_scores_soft_binary_crossentropy_Heart Disease_10000;dt_scores_binary_crossentropy_Heart Disease_10000;dt_scores_accuracy_Heart Disease_10000;dt_scores_f1_score_Heart Disease_10000;dt_scores_roc_auc_score_Heart Disease_10000;dt_scores_soft_binary_crossentropy_data_random_Heart Disease_10000;dt_scores_binary_crossentropy_data_random_Heart Disease_10000;dt_scores_accuracy_data_random_Heart Disease_10000;dt_scores_f1_score_data_random_Heart Disease_10000;dt_scores_roc_auc_score_data_random_Heart Disease_10000;dt_scores_soft_binary_crossentropy_std_Heart Disease_10000;dt_scores_binary_crossentropy_std_Heart Disease_10000;dt_scores_accuracy_std_Heart Disease_10000;dt_scores_f1_score_std_Heart Disease_10000;dt_scores_roc_auc_score_std_Heart Disease_10000;dt_scores_soft_binary_crossentropy_data_random_std_Heart Disease_10000;dt_scores_binary_crossentropy_data_random_std_Heart Disease_10000;dt_scores_accuracy_data_random_std_Heart Disease_10000;dt_scores_f1_score_data_random_std_Heart Disease_10000;dt_scores_roc_auc_score_data_random_std_Heart Disease_10000;dt_scores_runtime_Heart Disease_10000;inet_scores_soft_binary_crossentropy_Heart Disease_10000;inet_scores_binary_crossentropy_Heart Disease_10000;inet_scores_accuracy_Heart Disease_10000;inet_scores_f1_score_Heart Disease_10000;inet_scores_roc_auc_score_Heart Disease_10000;inet_scores_runtime_Heart Disease_10000;model_scores_soft_binary_crossentropy_Heart Disease_10000;model_scores_binary_crossentropy_Heart Disease_10000;model_scores_accuracy_Heart Disease_10000;model_scores_f1_score_Heart Disease_10000;model_scores_roc_auc_score_Heart Disease_10000;model_scores_runtime_Heart Disease_10000;dt_scores_soft_binary_crossentropy_['uniform', 'normal', 'gamma', 'beta', 'poisson']_Credit Card_10000;dt_scores_binary_crossentropy_['uniform', 'normal', 'gamma', 'beta', 'poisson']_Credit Card_10000;dt_scores_accuracy_['uniform', 'normal', 'gamma', 'beta', 'poisson']_Credit Card_10000;dt_scores_f1_score_['uniform', 'normal', 'gamma', 'beta', 'poisson']_Credit Card_10000;dt_scores_roc_auc_score_['uniform', 'normal', 'gamma', 'beta', 'poisson']_Credit Card_10000;dt_scores_soft_binary_crossentropy_data_random_['uniform', 'normal', 'gamma', 'beta', 'poisson']_Credit Card_10000;dt_scores_binary_crossentropy_data_random_['uniform', 'normal', 'gamma', 'beta', 'poisson']_Credit Card_10000;dt_scores_accuracy_data_random_['uniform', 'normal', 'gamma', 'beta', 'poisson']_Credit Card_10000;dt_scores_f1_score_data_random_['uniform', 'normal', 'gamma', 'beta', 'poisson']_Credit Card_10000;dt_scores_roc_auc_score_data_random_['uniform', 'normal', 'gamma', 'beta', 'poisson']_Credit Card_10000;dt_scores_runtime_['uniform', 'normal', 'gamma', 'beta', 'poisson']_Credit Card_10000;dt_scores_soft_binary_crossentropy_Credit Card_10000;dt_scores_binary_crossentropy_Credit Card_10000;dt_scores_accuracy_Credit Card_10000;dt_scores_f1_score_Credit Card_10000;dt_scores_roc_auc_score_Credit Card_10000;dt_scores_soft_binary_crossentropy_data_random_Credit Card_10000;dt_scores_binary_crossentropy_data_random_Credit Card_10000;dt_scores_accuracy_data_random_Credit Card_10000;dt_scores_f1_score_data_random_Credit Card_10000;dt_scores_roc_auc_score_data_random_Credit Card_10000;dt_scores_soft_binary_crossentropy_std_Credit Card_10000;dt_scores_binary_crossentropy_std_Credit Card_10000;dt_scores_accuracy_std_Credit Card_10000;dt_scores_f1_score_std_Credit Card_10000;dt_scores_roc_auc_score_std_Credit Card_10000;dt_scores_soft_binary_crossentropy_data_random_std_Credit Card_10000;dt_scores_binary_crossentropy_data_random_std_Credit Card_10000;dt_scores_accuracy_data_random_std_Credit Card_10000;dt_scores_f1_score_data_random_std_Credit Card_10000;dt_scores_roc_auc_score_data_random_std_Credit Card_10000;dt_scores_runtime_Credit Card_10000;inet_scores_soft_binary_crossentropy_Credit Card_10000;inet_scores_binary_crossentropy_Credit Card_10000;inet_scores_accuracy_Credit Card_10000;inet_scores_f1_score_Credit Card_10000;inet_scores_roc_auc_score_Credit Card_10000;inet_scores_runtime_Credit Card_10000;model_scores_soft_binary_crossentropy_Credit Card_10000;model_scores_binary_crossentropy_Credit Card_10000;model_scores_accuracy_Credit Card_10000;model_scores_f1_score_Credit Card_10000;model_scores_roc_auc_score_Credit Card_10000;model_scores_runtime_Credit Card_10000;dt_scores_soft_binary_crossentropy_['uniform', 'normal', 'gamma', 'beta', 'poisson']_Haberman_10000;dt_scores_binary_crossentropy_['uniform', 'normal', 'gamma', 'beta', 'poisson']_Haberman_10000;dt_scores_accuracy_['uniform', 'normal', 'gamma', 'beta', 'poisson']_Haberman_10000;dt_scores_f1_score_['uniform', 'normal', 'gamma', 'beta', 'poisson']_Haberman_10000;dt_scores_roc_auc_score_['uniform', 'normal', 'gamma', 'beta', 'poisson']_Haberman_10000;dt_scores_soft_binary_crossentropy_data_random_['uniform', 'normal', 'gamma', 'beta', 'poisson']_Haberman_10000;dt_scores_binary_crossentropy_data_random_['uniform', 'normal', 'gamma', 'beta', 'poisson']_Haberman_10000;dt_scores_accuracy_data_random_['uniform', 'normal', 'gamma', 'beta', 'poisson']_Haberman_10000;dt_scores_f1_score_data_random_['uniform', 'normal', 'gamma', 'beta', 'poisson']_Haberman_10000;dt_scores_roc_auc_score_data_random_['uniform', 'normal', 'gamma', 'beta', 'poisson']_Haberman_10000;dt_scores_runtime_['uniform', 'normal', 'gamma', 'beta', 'poisson']_Haberman_10000;dt_scores_soft_binary_crossentropy_Haberman_10000;dt_scores_binary_crossentropy_Haberman_10000;dt_scores_accuracy_Haberman_10000;dt_scores_f1_score_Haberman_10000;dt_scores_roc_auc_score_Haberman_10000;dt_scores_soft_binary_crossentropy_data_random_Haberman_10000;dt_scores_binary_crossentropy_data_random_Haberman_10000;dt_scores_accuracy_data_random_Haberman_10000;dt_scores_f1_score_data_random_Haberman_10000;dt_scores_roc_auc_score_data_random_Haberman_10000;dt_scores_soft_binary_crossentropy_std_Haberman_10000;dt_scores_binary_crossentropy_std_Haberman_10000;dt_scores_accuracy_std_Haberman_10000;dt_scores_f1_score_std_Haberman_10000;dt_scores_roc_auc_score_std_Haberman_10000;dt_scores_soft_binary_crossentropy_data_random_std_Haberman_10000;dt_scores_binary_crossentropy_data_random_std_Haberman_10000;dt_scores_accuracy_data_random_std_Haberman_10000;dt_scores_f1_score_data_random_std_Haberman_10000;dt_scores_roc_auc_score_data_random_std_Haberman_10000;dt_scores_runtime_Haberman_10000;inet_scores_soft_binary_crossentropy_Haberman_10000;inet_scores_binary_crossentropy_Haberman_10000;inet_scores_accuracy_Haberman_10000;inet_scores_f1_score_Haberman_10000;inet_scores_roc_auc_score_Haberman_10000;inet_scores_runtime_Haberman_10000;model_scores_soft_binary_crossentropy_Haberman_10000;model_scores_binary_crossentropy_Haberman_10000;model_scores_accuracy_Haberman_10000;model_scores_f1_score_Haberman_10000;model_scores_roc_auc_score_Haberman_10000;model_scores_runtime_Haberman_10000;dt_scores_soft_binary_crossentropy_['uniform', 'normal', 'gamma', 'beta', 'poisson']_Adult_10000;dt_scores_binary_crossentropy_['uniform', 'normal', 'gamma', 'beta', 'poisson']_Adult_10000;dt_scores_accuracy_['uniform', 'normal', 'gamma', 'beta', 'poisson']_Adult_10000;dt_scores_f1_score_['uniform', 'normal', 'gamma', 'beta', 'poisson']_Adult_10000;dt_scores_roc_auc_score_['uniform', 'normal', 'gamma', 'beta', 'poisson']_Adult_10000;dt_scores_soft_binary_crossentropy_data_random_['uniform', 'normal', 'gamma', 'beta', 'poisson']_Adult_10000;dt_scores_binary_crossentropy_data_random_['uniform', 'normal', 'gamma', 'beta', 'poisson']_Adult_10000;dt_scores_accuracy_data_random_['uniform', 'normal', 'gamma', 'beta', 'poisson']_Adult_10000;dt_scores_f1_score_data_random_['uniform', 'normal', 'gamma', 'beta', 'poisson']_Adult_10000;dt_scores_roc_auc_score_data_random_['uniform', 'normal', 'gamma', 'beta', 'poisson']_Adult_10000;dt_scores_runtime_['uniform', 'normal', 'gamma', 'beta', 'poisson']_Adult_10000;dt_scores_soft_binary_crossentropy_Adult_10000;dt_scores_binary_crossentropy_Adult_10000;dt_scores_accuracy_Adult_10000;dt_scores_f1_score_Adult_10000;dt_scores_roc_auc_score_Adult_10000;dt_scores_soft_binary_crossentropy_data_random_Adult_10000;dt_scores_binary_crossentropy_data_random_Adult_10000;dt_scores_accuracy_data_random_Adult_10000;dt_scores_f1_score_data_random_Adult_10000;dt_scores_roc_auc_score_data_random_Adult_10000;dt_scores_soft_binary_crossentropy_std_Adult_10000;dt_scores_binary_crossentropy_std_Adult_10000;dt_scores_accuracy_std_Adult_10000;dt_scores_f1_score_std_Adult_10000;dt_scores_roc_auc_score_std_Adult_10000;dt_scores_soft_binary_crossentropy_data_random_std_Adult_10000;dt_scores_binary_crossentropy_data_random_std_Adult_10000;dt_scores_accuracy_data_random_std_Adult_10000;dt_scores_f1_score_data_random_std_Adult_10000;dt_scores_roc_auc_score_data_random_std_Adult_10000;dt_scores_runtime_Adult_10000;inet_scores_soft_binary_crossentropy_Adult_10000;inet_scores_binary_crossentropy_Adult_10000;inet_scores_accuracy_Adult_10000;inet_scores_f1_score_Adult_10000;inet_scores_roc_auc_score_Adult_10000;inet_scores_runtime_Adult_10000;model_scores_soft_binary_crossentropy_Adult_10000;model_scores_binary_crossentropy_Adult_10000;model_scores_accuracy_Adult_10000;model_scores_f1_score_Adult_10000;model_scores_roc_auc_score_Adult_10000;model_scores_runtime_Adult_10000;dt_scores_soft_binary_crossentropy_['uniform', 'normal', 'gamma', 'beta', 'poisson']_Titanic_10000;dt_scores_binary_crossentropy_['uniform', 'normal', 'gamma', 'beta', 'poisson']_Titanic_10000;dt_scores_accuracy_['uniform', 'normal', 'gamma', 'beta', 'poisson']_Titanic_10000;dt_scores_f1_score_['uniform', 'normal', 'gamma', 'beta', 'poisson']_Titanic_10000;dt_scores_roc_auc_score_['uniform', 'normal', 'gamma', 'beta', 'poisson']_Titanic_10000;dt_scores_soft_binary_crossentropy_data_random_['uniform', 'normal', 'gamma', 'beta', 'poisson']_Titanic_10000;dt_scores_binary_crossentropy_data_random_['uniform', 'normal', 'gamma', 'beta', 'poisson']_Titanic_10000;dt_scores_accuracy_data_random_['uniform', 'normal', 'gamma', 'beta', 'poisson']_Titanic_10000;dt_scores_f1_score_data_random_['uniform', 'normal', 'gamma', 'beta', 'poisson']_Titanic_10000;dt_scores_roc_auc_score_data_random_['uniform', 'normal', 'gamma', 'beta', 'poisson']_Titanic_10000;dt_scores_runtime_['uniform', 'normal', 'gamma', 'beta', 'poisson']_Titanic_10000;dt_scores_soft_binary_crossentropy_Titanic_10000;dt_scores_binary_crossentropy_Titanic_10000;dt_scores_accuracy_Titanic_10000;dt_scores_f1_score_Titanic_10000;dt_scores_roc_auc_score_Titanic_10000;dt_scores_soft_binary_crossentropy_data_random_Titanic_10000;dt_scores_binary_crossentropy_data_random_Titanic_10000;dt_scores_accuracy_data_random_Titanic_10000;dt_scores_f1_score_data_random_Titanic_10000;dt_scores_roc_auc_score_data_random_Titanic_10000;dt_scores_soft_binary_crossentropy_std_Titanic_10000;dt_scores_binary_crossentropy_std_Titanic_10000;dt_scores_accuracy_std_Titanic_10000;dt_scores_f1_score_std_Titanic_10000;dt_scores_roc_auc_score_std_Titanic_10000;dt_scores_soft_binary_crossentropy_data_random_std_Titanic_10000;dt_scores_binary_crossentropy_data_random_std_Titanic_10000;dt_scores_accuracy_data_random_std_Titanic_10000;dt_scores_f1_score_data_random_std_Titanic_10000;dt_scores_roc_auc_score_data_random_std_Titanic_10000;dt_scores_runtime_Titanic_10000;inet_scores_soft_binary_crossentropy_Titanic_10000;inet_scores_binary_crossentropy_Titanic_10000;inet_scores_accuracy_Titanic_10000;inet_scores_f1_score_Titanic_10000;inet_scores_roc_auc_score_Titanic_10000;inet_scores_runtime_Titanic_10000;model_scores_soft_binary_crossentropy_Titanic_10000;model_scores_binary_crossentropy_Titanic_10000;model_scores_accuracy_Titanic_10000;model_scores_f1_score_Titanic_10000;model_scores_roc_auc_score_Titanic_10000;model_scores_runtime_Titanic_10000;dt_scores_soft_binary_crossentropy_['uniform', 'normal', 'gamma', 'beta', 'poisson']_Absenteeism_10000;dt_scores_binary_crossentropy_['uniform', 'normal', 'gamma', 'beta', 'poisson']_Absenteeism_10000;dt_scores_accuracy_['uniform', 'normal', 'gamma', 'beta', 'poisson']_Absenteeism_10000;dt_scores_f1_score_['uniform', 'normal', 'gamma', 'beta', 'poisson']_Absenteeism_10000;dt_scores_roc_auc_score_['uniform', 'normal', 'gamma', 'beta', 'poisson']_Absenteeism_10000;dt_scores_soft_binary_crossentropy_data_random_['uniform', 'normal', 'gamma', 'beta', 'poisson']_Absenteeism_10000;dt_scores_binary_crossentropy_data_random_['uniform', 'normal', 'gamma', 'beta', 'poisson']_Absenteeism_10000;dt_scores_accuracy_data_random_['uniform', 'normal', 'gamma', 'beta', 'poisson']_Absenteeism_10000;dt_scores_f1_score_data_random_['uniform', 'normal', 'gamma', 'beta', 'poisson']_Absenteeism_10000;dt_scores_roc_auc_score_data_random_['uniform', 'normal', 'gamma', 'beta', 'poisson']_Absenteeism_10000;dt_scores_runtime_['uniform', 'normal', 'gamma', 'beta', 'poisson']_Absenteeism_10000;dt_scores_soft_binary_crossentropy_Absenteeism_10000;dt_scores_binary_crossentropy_Absenteeism_10000;dt_scores_accuracy_Absenteeism_10000;dt_scores_f1_score_Absenteeism_10000;dt_scores_roc_auc_score_Absenteeism_10000;dt_scores_soft_binary_crossentropy_data_random_Absenteeism_10000;dt_scores_binary_crossentropy_data_random_Absenteeism_10000;dt_scores_accuracy_data_random_Absenteeism_10000;dt_scores_f1_score_data_random_Absenteeism_10000;dt_scores_roc_auc_score_data_random_Absenteeism_10000;dt_scores_soft_binary_crossentropy_std_Absenteeism_10000;dt_scores_binary_crossentropy_std_Absenteeism_10000;dt_scores_accuracy_std_Absenteeism_10000;dt_scores_f1_score_std_Absenteeism_10000;dt_scores_roc_auc_score_std_Absenteeism_10000;dt_scores_soft_binary_crossentropy_data_random_std_Absenteeism_10000;dt_scores_binary_crossentropy_data_random_std_Absenteeism_10000;dt_scores_accuracy_data_random_std_Absenteeism_10000;dt_scores_f1_score_data_random_std_Absenteeism_10000;dt_scores_roc_auc_score_data_random_std_Absenteeism_10000;dt_scores_runtime_Absenteeism_10000;inet_scores_soft_binary_crossentropy_Absenteeism_10000;inet_scores_binary_crossentropy_Absenteeism_10000;inet_scores_accuracy_Absenteeism_10000;inet_scores_f1_score_Absenteeism_10000;inet_scores_roc_auc_score_Absenteeism_10000;inet_scores_runtime_Absenteeism_10000;model_scores_soft_binary_crossentropy_Absenteeism_10000;model_scores_binary_crossentropy_Absenteeism_10000;model_scores_accuracy_Absenteeism_10000;model_scores_f1_score_Absenteeism_10000;model_scores_roc_auc_score_Absenteeism_10000;model_scores_runtime_Absenteeism_10000;dt_scores_soft_binary_crossentropy_['uniform', 'normal', 'gamma', 'beta', 'poisson']_Loan House_10000;dt_scores_binary_crossentropy_['uniform', 'normal', 'gamma', 'beta', 'poisson']_Loan House_10000;dt_scores_accuracy_['uniform', 'normal', 'gamma', 'beta', 'poisson']_Loan House_10000;dt_scores_f1_score_['uniform', 'normal', 'gamma', 'beta', 'poisson']_Loan House_10000;dt_scores_roc_auc_score_['uniform', 'normal', 'gamma', 'beta', 'poisson']_Loan House_10000;dt_scores_soft_binary_crossentropy_data_random_['uniform', 'normal', 'gamma', 'beta', 'poisson']_Loan House_10000;dt_scores_binary_crossentropy_data_random_['uniform', 'normal', 'gamma', 'beta', 'poisson']_Loan House_10000;dt_scores_accuracy_data_random_['uniform', 'normal', 'gamma', 'beta', 'poisson']_Loan House_10000;dt_scores_f1_score_data_random_['uniform', 'normal', 'gamma', 'beta', 'poisson']_Loan House_10000;dt_scores_roc_auc_score_data_random_['uniform', 'normal', 'gamma', 'beta', 'poisson']_Loan House_10000;dt_scores_runtime_['uniform', 'normal', 'gamma', 'beta', 'poisson']_Loan House_10000;dt_scores_soft_binary_crossentropy_Loan House_10000;dt_scores_binary_crossentropy_Loan House_10000;dt_scores_accuracy_Loan House_10000;dt_scores_f1_score_Loan House_10000;dt_scores_roc_auc_score_Loan House_10000;dt_scores_soft_binary_crossentropy_data_random_Loan House_10000;dt_scores_binary_crossentropy_data_random_Loan House_10000;dt_scores_accuracy_data_random_Loan House_10000;dt_scores_f1_score_data_random_Loan House_10000;dt_scores_roc_auc_score_data_random_Loan House_10000;dt_scores_soft_binary_crossentropy_std_Loan House_10000;dt_scores_binary_crossentropy_std_Loan House_10000;dt_scores_accuracy_std_Loan House_10000;dt_scores_f1_score_std_Loan House_10000;dt_scores_roc_auc_score_std_Loan House_10000;dt_scores_soft_binary_crossentropy_data_random_std_Loan House_10000;dt_scores_binary_crossentropy_data_random_std_Loan House_10000;dt_scores_accuracy_data_random_std_Loan House_10000;dt_scores_f1_score_data_random_std_Loan House_10000;dt_scores_roc_auc_score_data_random_std_Loan House_10000;dt_scores_runtime_Loan House_10000;inet_scores_soft_binary_crossentropy_Loan House_10000;inet_scores_binary_crossentropy_Loan House_10000;inet_scores_accuracy_Loan House_10000;inet_scores_f1_score_Loan House_10000;inet_scores_roc_auc_score_Loan House_10000;inet_scores_runtime_Loan House_10000;model_scores_soft_binary_crossentropy_Loan House_10000;model_scores_binary_crossentropy_Loan House_10000;model_scores_accuracy_Loan House_10000;model_scores_f1_score_Loan House_10000;model_scores_roc_auc_score_Loan House_10000;model_scores_runtime_Loan House_10000;dt_scores_soft_binary_crossentropy_['uniform', 'normal', 'gamma', 'beta', 'poisson']_Loan Credit_10000;dt_scores_binary_crossentropy_['uniform', 'normal', 'gamma', 'beta', 'poisson']_Loan Credit_10000;dt_scores_accuracy_['uniform', 'normal', 'gamma', 'beta', 'poisson']_Loan Credit_10000;dt_scores_f1_score_['uniform', 'normal', 'gamma', 'beta', 'poisson']_Loan Credit_10000;dt_scores_roc_auc_score_['uniform', 'normal', 'gamma', 'beta', 'poisson']_Loan Credit_10000;dt_scores_soft_binary_crossentropy_data_random_['uniform', 'normal', 'gamma', 'beta', 'poisson']_Loan Credit_10000;dt_scores_binary_crossentropy_data_random_['uniform', 'normal', 'gamma', 'beta', 'poisson']_Loan Credit_10000;dt_scores_accuracy_data_random_['uniform', 'normal', 'gamma', 'beta', 'poisson']_Loan Credit_10000;dt_scores_f1_score_data_random_['uniform', 'normal', 'gamma', 'beta', 'poisson']_Loan Credit_10000;dt_scores_roc_auc_score_data_random_['uniform', 'normal', 'gamma', 'beta', 'poisson']_Loan Credit_10000;dt_scores_runtime_['uniform', 'normal', 'gamma', 'beta', 'poisson']_Loan Credit_10000;dt_scores_soft_binary_crossentropy_Loan Credit_10000;dt_scores_binary_crossentropy_Loan Credit_10000;dt_scores_accuracy_Loan Credit_10000;dt_scores_f1_score_Loan Credit_10000;dt_scores_roc_auc_score_Loan Credit_10000;dt_scores_soft_binary_crossentropy_data_random_Loan Credit_10000;dt_scores_binary_crossentropy_data_random_Loan Credit_10000;dt_scores_accuracy_data_random_Loan Credit_10000;dt_scores_f1_score_data_random_Loan Credit_10000;dt_scores_roc_auc_score_data_random_Loan Credit_10000;dt_scores_soft_binary_crossentropy_std_Loan Credit_10000;dt_scores_binary_crossentropy_std_Loan Credit_10000;dt_scores_accuracy_std_Loan Credit_10000;dt_scores_f1_score_std_Loan Credit_10000;dt_scores_roc_auc_score_std_Loan Credit_10000;dt_scores_soft_binary_crossentropy_data_random_std_Loan Credit_10000;dt_scores_binary_crossentropy_data_random_std_Loan Credit_10000;dt_scores_accuracy_data_random_std_Loan Credit_10000;dt_scores_f1_score_data_random_std_Loan Credit_10000;dt_scores_roc_auc_score_data_random_std_Loan Credit_10000;dt_scores_runtime_Loan Credit_10000;inet_scores_soft_binary_crossentropy_Loan Credit_10000;inet_scores_binary_crossentropy_Loan Credit_10000;inet_scores_accuracy_Loan Credit_10000;inet_scores_f1_score_Loan Credit_10000;inet_scores_roc_auc_score_Loan Credit_10000;inet_scores_runtime_Loan Credit_10000;model_scores_soft_binary_crossentropy_Loan Credit_10000;model_scores_binary_crossentropy_Loan Credit_10000;model_scores_accuracy_Loan Credit_10000;model_scores_f1_score_Loan Credit_10000;model_scores_roc_auc_score_Loan Credit_10000;model_scores_runtime_Loan Credit_10000;dt_scores_soft_binary_crossentropy_['uniform', 'normal', 'gamma', 'beta', 'poisson']_Medical Insurance_10000;dt_scores_binary_crossentropy_['uniform', 'normal', 'gamma', 'beta', 'poisson']_Medical Insurance_10000;dt_scores_accuracy_['uniform', 'normal', 'gamma', 'beta', 'poisson']_Medical Insurance_10000;dt_scores_f1_score_['uniform', 'normal', 'gamma', 'beta', 'poisson']_Medical Insurance_10000;dt_scores_roc_auc_score_['uniform', 'normal', 'gamma', 'beta', 'poisson']_Medical Insurance_10000;dt_scores_soft_binary_crossentropy_data_random_['uniform', 'normal', 'gamma', 'beta', 'poisson']_Medical Insurance_10000;dt_scores_binary_crossentropy_data_random_['uniform', 'normal', 'gamma', 'beta', 'poisson']_Medical Insurance_10000;dt_scores_accuracy_data_random_['uniform', 'normal', 'gamma', 'beta', 'poisson']_Medical Insurance_10000;dt_scores_f1_score_data_random_['uniform', 'normal', 'gamma', 'beta', 'poisson']_Medical Insurance_10000;dt_scores_roc_auc_score_data_random_['uniform', 'normal', 'gamma', 'beta', 'poisson']_Medical Insurance_10000;dt_scores_runtime_['uniform', 'normal', 'gamma', 'beta', 'poisson']_Medical Insurance_10000;dt_scores_soft_binary_crossentropy_Medical Insurance_10000;dt_scores_binary_crossentropy_Medical Insurance_10000;dt_scores_accuracy_Medical Insurance_10000;dt_scores_f1_score_Medical Insurance_10000;dt_scores_roc_auc_score_Medical Insurance_10000;dt_scores_soft_binary_crossentropy_data_random_Medical Insurance_10000;dt_scores_binary_crossentropy_data_random_Medical Insurance_10000;dt_scores_accuracy_data_random_Medical Insurance_10000;dt_scores_f1_score_data_random_Medical Insurance_10000;dt_scores_roc_auc_score_data_random_Medical Insurance_10000;dt_scores_soft_binary_crossentropy_std_Medical Insurance_10000;dt_scores_binary_crossentropy_std_Medical Insurance_10000;dt_scores_accuracy_std_Medical Insurance_10000;dt_scores_f1_score_std_Medical Insurance_10000;dt_scores_roc_auc_score_std_Medical Insurance_10000;dt_scores_soft_binary_crossentropy_data_random_std_Medical Insurance_10000;dt_scores_binary_crossentropy_data_random_std_Medical Insurance_10000;dt_scores_accuracy_data_random_std_Medical Insurance_10000;dt_scores_f1_score_data_random_std_Medical Insurance_10000;dt_scores_roc_auc_score_data_random_std_Medical Insurance_10000;dt_scores_runtime_Medical Insurance_10000;inet_scores_soft_binary_crossentropy_Medical Insurance_10000;inet_scores_binary_crossentropy_Medical Insurance_10000;inet_scores_accuracy_Medical Insurance_10000;inet_scores_f1_score_Medical Insurance_10000;inet_scores_roc_auc_score_Medical Insurance_10000;inet_scores_runtime_Medical Insurance_10000;model_scores_soft_binary_crossentropy_Medical Insurance_10000;model_scores_binary_crossentropy_Medical Insurance_10000;model_scores_accuracy_Medical Insurance_10000;model_scores_f1_score_Medical Insurance_10000;model_scores_roc_auc_score_Medical Insurance_10000;model_scores_runtime_Medical Insurance_10000;dt_scores_soft_binary_crossentropy_['uniform', 'normal', 'gamma', 'beta', 'poisson']_Bank Marketing_10000;dt_scores_binary_crossentropy_['uniform', 'normal', 'gamma', 'beta', 'poisson']_Bank Marketing_10000;dt_scores_accuracy_['uniform', 'normal', 'gamma', 'beta', 'poisson']_Bank Marketing_10000;dt_scores_f1_score_['uniform', 'normal', 'gamma', 'beta', 'poisson']_Bank Marketing_10000;dt_scores_roc_auc_score_['uniform', 'normal', 'gamma', 'beta', 'poisson']_Bank Marketing_10000;dt_scores_soft_binary_crossentropy_data_random_['uniform', 'normal', 'gamma', 'beta', 'poisson']_Bank Marketing_10000;dt_scores_binary_crossentropy_data_random_['uniform', 'normal', 'gamma', 'beta', 'poisson']_Bank Marketing_10000;dt_scores_accuracy_data_random_['uniform', 'normal', 'gamma', 'beta', 'poisson']_Bank Marketing_10000;dt_scores_f1_score_data_random_['uniform', 'normal', 'gamma', 'beta', 'poisson']_Bank Marketing_10000;dt_scores_roc_auc_score_data_random_['uniform', 'normal', 'gamma', 'beta', 'poisson']_Bank Marketing_10000;dt_scores_runtime_['uniform', 'normal', 'gamma', 'beta', 'poisson']_Bank Marketing_10000;dt_scores_soft_binary_crossentropy_Bank Marketing_10000;dt_scores_binary_crossentropy_Bank Marketing_10000;dt_scores_accuracy_Bank Marketing_10000;dt_scores_f1_score_Bank Marketing_10000;dt_scores_roc_auc_score_Bank Marketing_10000;dt_scores_soft_binary_crossentropy_data_random_Bank Marketing_10000;dt_scores_binary_crossentropy_data_random_Bank Marketing_10000;dt_scores_accuracy_data_random_Bank Marketing_10000;dt_scores_f1_score_data_random_Bank Marketing_10000;dt_scores_roc_auc_score_data_random_Bank Marketing_10000;dt_scores_soft_binary_crossentropy_std_Bank Marketing_10000;dt_scores_binary_crossentropy_std_Bank Marketing_10000;dt_scores_accuracy_std_Bank Marketing_10000;dt_scores_f1_score_std_Bank Marketing_10000;dt_scores_roc_auc_score_std_Bank Marketing_10000;dt_scores_soft_binary_crossentropy_data_random_std_Bank Marketing_10000;dt_scores_binary_crossentropy_data_random_std_Bank Marketing_10000;dt_scores_accuracy_data_random_std_Bank Marketing_10000;dt_scores_f1_score_data_random_std_Bank Marketing_10000;dt_scores_roc_auc_score_data_random_std_Bank Marketing_10000;dt_scores_runtime_Bank Marketing_10000;inet_scores_soft_binary_crossentropy_Bank Marketing_10000;inet_scores_binary_crossentropy_Bank Marketing_10000;inet_scores_accuracy_Bank Marketing_10000;inet_scores_f1_score_Bank Marketing_10000;inet_scores_roc_auc_score_Bank Marketing_10000;inet_scores_runtime_Bank Marketing_10000;model_scores_soft_binary_crossentropy_Bank Marketing_10000;model_scores_binary_crossentropy_Bank Marketing_10000;model_scores_accuracy_Bank Marketing_10000;model_scores_f1_score_Bank Marketing_10000;model_scores_roc_auc_score_Bank Marketing_10000;model_scores_runtime_Bank Marketing_10000;dt_scores_soft_binary_crossentropy_['uniform', 'normal', 'gamma', 'beta', 'poisson']_Cervical Cancer_10000;dt_scores_binary_crossentropy_['uniform', 'normal', 'gamma', 'beta', 'poisson']_Cervical Cancer_10000;dt_scores_accuracy_['uniform', 'normal', 'gamma', 'beta', 'poisson']_Cervical Cancer_10000;dt_scores_f1_score_['uniform', 'normal', 'gamma', 'beta', 'poisson']_Cervical Cancer_10000;dt_scores_roc_auc_score_['uniform', 'normal', 'gamma', 'beta', 'poisson']_Cervical Cancer_10000;dt_scores_soft_binary_crossentropy_data_random_['uniform', 'normal', 'gamma', 'beta', 'poisson']_Cervical Cancer_10000;dt_scores_binary_crossentropy_data_random_['uniform', 'normal', 'gamma', 'beta', 'poisson']_Cervical Cancer_10000;dt_scores_accuracy_data_random_['uniform', 'normal', 'gamma', 'beta', 'poisson']_Cervical Cancer_10000;dt_scores_f1_score_data_random_['uniform', 'normal', 'gamma', 'beta', 'poisson']_Cervical Cancer_10000;dt_scores_roc_auc_score_data_random_['uniform', 'normal', 'gamma', 'beta', 'poisson']_Cervical Cancer_10000;dt_scores_runtime_['uniform', 'normal', 'gamma', 'beta', 'poisson']_Cervical Cancer_10000;dt_scores_soft_binary_crossentropy_Cervical Cancer_10000;dt_scores_binary_crossentropy_Cervical Cancer_10000;dt_scores_accuracy_Cervical Cancer_10000;dt_scores_f1_score_Cervical Cancer_10000;dt_scores_roc_auc_score_Cervical Cancer_10000;dt_scores_soft_binary_crossentropy_data_random_Cervical Cancer_10000;dt_scores_binary_crossentropy_data_random_Cervical Cancer_10000;dt_scores_accuracy_data_random_Cervical Cancer_10000;dt_scores_f1_score_data_random_Cervical Cancer_10000;dt_scores_roc_auc_score_data_random_Cervical Cancer_10000;dt_scores_soft_binary_crossentropy_std_Cervical Cancer_10000;dt_scores_binary_crossentropy_std_Cervical Cancer_10000;dt_scores_accuracy_std_Cervical Cancer_10000;dt_scores_f1_score_std_Cervical Cancer_10000;dt_scores_roc_auc_score_std_Cervical Cancer_10000;dt_scores_soft_binary_crossentropy_data_random_std_Cervical Cancer_10000;dt_scores_binary_crossentropy_data_random_std_Cervical Cancer_10000;dt_scores_accuracy_data_random_std_Cervical Cancer_10000;dt_scores_f1_score_data_random_std_Cervical Cancer_10000;dt_scores_roc_auc_score_data_random_std_Cervical Cancer_10000;dt_scores_runtime_Cervical Cancer_10000;inet_scores_soft_binary_crossentropy_Cervical Cancer_10000;inet_scores_binary_crossentropy_Cervical Cancer_10000;inet_scores_accuracy_Cervical Cancer_10000;inet_scores_f1_score_Cervical Cancer_10000;inet_scores_roc_auc_score_Cervical Cancer_10000;inet_scores_runtime_Cervical Cancer_10000;model_scores_soft_binary_crossentropy_Cervical Cancer_10000;model_scores_binary_crossentropy_Cervical Cancer_10000;model_scores_accuracy_Cervical Cancer_10000;model_scores_f1_score_Cervical Cancer_10000;model_scores_roc_auc_score_Cervical Cancer_10000;model_scores_runtime_Cervical Cancer_10000;dt_scores_soft_binary_crossentropy_['uniform', 'normal', 'gamma', 'beta', 'poisson']_Brest Cancer Wisconsin_10000;dt_scores_binary_crossentropy_['uniform', 'normal', 'gamma', 'beta', 'poisson']_Brest Cancer Wisconsin_10000;dt_scores_accuracy_['uniform', 'normal', 'gamma', 'beta', 'poisson']_Brest Cancer Wisconsin_10000;dt_scores_f1_score_['uniform', 'normal', 'gamma', 'beta', 'poisson']_Brest Cancer Wisconsin_10000;dt_scores_roc_auc_score_['uniform', 'normal', 'gamma', 'beta', 'poisson']_Brest Cancer Wisconsin_10000;dt_scores_soft_binary_crossentropy_data_random_['uniform', 'normal', 'gamma', 'beta', 'poisson']_Brest Cancer Wisconsin_10000;dt_scores_binary_crossentropy_data_random_['uniform', 'normal', 'gamma', 'beta', 'poisson']_Brest Cancer Wisconsin_10000;dt_scores_accuracy_data_random_['uniform', 'normal', 'gamma', 'beta', 'poisson']_Brest Cancer Wisconsin_10000;dt_scores_f1_score_data_random_['uniform', 'normal', 'gamma', 'beta', 'poisson']_Brest Cancer Wisconsin_10000;dt_scores_roc_auc_score_data_random_['uniform', 'normal', 'gamma', 'beta', 'poisson']_Brest Cancer Wisconsin_10000;dt_scores_runtime_['uniform', 'normal', 'gamma', 'beta', 'poisson']_Brest Cancer Wisconsin_10000;dt_scores_soft_binary_crossentropy_Brest Cancer Wisconsin_10000;dt_scores_binary_crossentropy_Brest Cancer Wisconsin_10000;dt_scores_accuracy_Brest Cancer Wisconsin_10000;dt_scores_f1_score_Brest Cancer Wisconsin_10000;dt_scores_roc_auc_score_Brest Cancer Wisconsin_10000;dt_scores_soft_binary_crossentropy_data_random_Brest Cancer Wisconsin_10000;dt_scores_binary_crossentropy_data_random_Brest Cancer Wisconsin_10000;dt_scores_accuracy_data_random_Brest Cancer Wisconsin_10000;dt_scores_f1_score_data_random_Brest Cancer Wisconsin_10000;dt_scores_roc_auc_score_data_random_Brest Cancer Wisconsin_10000;dt_scores_soft_binary_crossentropy_std_Brest Cancer Wisconsin_10000;dt_scores_binary_crossentropy_std_Brest Cancer Wisconsin_10000;dt_scores_accuracy_std_Brest Cancer Wisconsin_10000;dt_scores_f1_score_std_Brest Cancer Wisconsin_10000;dt_scores_roc_auc_score_std_Brest Cancer Wisconsin_10000;dt_scores_soft_binary_crossentropy_data_random_std_Brest Cancer Wisconsin_10000;dt_scores_binary_crossentropy_data_random_std_Brest Cancer Wisconsin_10000;dt_scores_accuracy_data_random_std_Brest Cancer Wisconsin_10000;dt_scores_f1_score_data_random_std_Brest Cancer Wisconsin_10000;dt_scores_roc_auc_score_data_random_std_Brest Cancer Wisconsin_10000;dt_scores_runtime_Brest Cancer Wisconsin_10000;inet_scores_soft_binary_crossentropy_Brest Cancer Wisconsin_10000;inet_scores_binary_crossentropy_Brest Cancer Wisconsin_10000;inet_scores_accuracy_Brest Cancer Wisconsin_10000;inet_scores_f1_score_Brest Cancer Wisconsin_10000;inet_scores_roc_auc_score_Brest Cancer Wisconsin_10000;inet_scores_runtime_Brest Cancer Wisconsin_10000;model_scores_soft_binary_crossentropy_Brest Cancer Wisconsin_10000;model_scores_binary_crossentropy_Brest Cancer Wisconsin_10000;model_scores_accuracy_Brest Cancer Wisconsin_10000;model_scores_f1_score_Brest Cancer Wisconsin_10000;model_scores_roc_auc_score_Brest Cancer Wisconsin_10000;model_scores_runtime_Brest Cancer Wisconsin_10000;dt_scores_soft_binary_crossentropy_['uniform', 'normal', 'gamma', 'beta', 'poisson']_Wisconsin Diagnostic Breast Cancer_10000;dt_scores_binary_crossentropy_['uniform', 'normal', 'gamma', 'beta', 'poisson']_Wisconsin Diagnostic Breast Cancer_10000;dt_scores_accuracy_['uniform', 'normal', 'gamma', 'beta', 'poisson']_Wisconsin Diagnostic Breast Cancer_10000;dt_scores_f1_score_['uniform', 'normal', 'gamma', 'beta', 'poisson']_Wisconsin Diagnostic Breast Cancer_10000;dt_scores_roc_auc_score_['uniform', 'normal', 'gamma', 'beta', 'poisson']_Wisconsin Diagnostic Breast Cancer_10000;dt_scores_soft_binary_crossentropy_data_random_['uniform', 'normal', 'gamma', 'beta', 'poisson']_Wisconsin Diagnostic Breast Cancer_10000;dt_scores_binary_crossentropy_data_random_['uniform', 'normal', 'gamma', 'beta', 'poisson']_Wisconsin Diagnostic Breast Cancer_10000;dt_scores_accuracy_data_random_['uniform', 'normal', 'gamma', 'beta', 'poisson']_Wisconsin Diagnostic Breast Cancer_10000;dt_scores_f1_score_data_random_['uniform', 'normal', 'gamma', 'beta', 'poisson']_Wisconsin Diagnostic Breast Cancer_10000;dt_scores_roc_auc_score_data_random_['uniform', 'normal', 'gamma', 'beta', 'poisson']_Wisconsin Diagnostic Breast Cancer_10000;dt_scores_runtime_['uniform', 'normal', 'gamma', 'beta', 'poisson']_Wisconsin Diagnostic Breast Cancer_10000;dt_scores_soft_binary_crossentropy_Wisconsin Diagnostic Breast Cancer_10000;dt_scores_binary_crossentropy_Wisconsin Diagnostic Breast Cancer_10000;dt_scores_accuracy_Wisconsin Diagnostic Breast Cancer_10000;dt_scores_f1_score_Wisconsin Diagnostic Breast Cancer_10000;dt_scores_roc_auc_score_Wisconsin Diagnostic Breast Cancer_10000;dt_scores_soft_binary_crossentropy_data_random_Wisconsin Diagnostic Breast Cancer_10000;dt_scores_binary_crossentropy_data_random_Wisconsin Diagnostic Breast Cancer_10000;dt_scores_accuracy_data_random_Wisconsin Diagnostic Breast Cancer_10000;dt_scores_f1_score_data_random_Wisconsin Diagnostic Breast Cancer_10000;dt_scores_roc_auc_score_data_random_Wisconsin Diagnostic Breast Cancer_10000;dt_scores_soft_binary_crossentropy_std_Wisconsin Diagnostic Breast Cancer_10000;dt_scores_binary_crossentropy_std_Wisconsin Diagnostic Breast Cancer_10000;dt_scores_accuracy_std_Wisconsin Diagnostic Breast Cancer_10000;dt_scores_f1_score_std_Wisconsin Diagnostic Breast Cancer_10000;dt_scores_roc_auc_score_std_Wisconsin Diagnostic Breast Cancer_10000;dt_scores_soft_binary_crossentropy_data_random_std_Wisconsin Diagnostic Breast Cancer_10000;dt_scores_binary_crossentropy_data_random_std_Wisconsin Diagnostic Breast Cancer_10000;dt_scores_accuracy_data_random_std_Wisconsin Diagnostic Breast Cancer_10000;dt_scores_f1_score_data_random_std_Wisconsin Diagnostic Breast Cancer_10000;dt_scores_roc_auc_score_data_random_std_Wisconsin Diagnostic Breast Cancer_10000;dt_scores_runtime_Wisconsin Diagnostic Breast Cancer_10000;inet_scores_soft_binary_crossentropy_Wisconsin Diagnostic Breast Cancer_10000;inet_scores_binary_crossentropy_Wisconsin Diagnostic Breast Cancer_10000;inet_scores_accuracy_Wisconsin Diagnostic Breast Cancer_10000;inet_scores_f1_score_Wisconsin Diagnostic Breast Cancer_10000;inet_scores_roc_auc_score_Wisconsin Diagnostic Breast Cancer_10000;inet_scores_runtime_Wisconsin Diagnostic Breast Cancer_10000;model_scores_soft_binary_crossentropy_Wisconsin Diagnostic Breast Cancer_10000;model_scores_binary_crossentropy_Wisconsin Diagnostic Breast Cancer_10000;model_scores_accuracy_Wisconsin Diagnostic Breast Cancer_10000;model_scores_f1_score_Wisconsin Diagnostic Breast Cancer_10000;model_scores_roc_auc_score_Wisconsin Diagnostic Breast Cancer_10000;model_scores_runtime_Wisconsin Diagnostic Breast Cancer_10000;dt_scores_soft_binary_crossentropy_['uniform', 'normal', 'gamma', 'beta', 'poisson']_Wisconsin Prognostic Breast Cancer_10000;dt_scores_binary_crossentropy_['uniform', 'normal', 'gamma', 'beta', 'poisson']_Wisconsin Prognostic Breast Cancer_10000;dt_scores_accuracy_['uniform', 'normal', 'gamma', 'beta', 'poisson']_Wisconsin Prognostic Breast Cancer_10000;dt_scores_f1_score_['uniform', 'normal', 'gamma', 'beta', 'poisson']_Wisconsin Prognostic Breast Cancer_10000;dt_scores_roc_auc_score_['uniform', 'normal', 'gamma', 'beta', 'poisson']_Wisconsin Prognostic Breast Cancer_10000;dt_scores_soft_binary_crossentropy_data_random_['uniform', 'normal', 'gamma', 'beta', 'poisson']_Wisconsin Prognostic Breast Cancer_10000;dt_scores_binary_crossentropy_data_random_['uniform', 'normal', 'gamma', 'beta', 'poisson']_Wisconsin Prognostic Breast Cancer_10000;dt_scores_accuracy_data_random_['uniform', 'normal', 'gamma', 'beta', 'poisson']_Wisconsin Prognostic Breast Cancer_10000;dt_scores_f1_score_data_random_['uniform', 'normal', 'gamma', 'beta', 'poisson']_Wisconsin Prognostic Breast Cancer_10000;dt_scores_roc_auc_score_data_random_['uniform', 'normal', 'gamma', 'beta', 'poisson']_Wisconsin Prognostic Breast Cancer_10000;dt_scores_runtime_['uniform', 'normal', 'gamma', 'beta', 'poisson']_Wisconsin Prognostic Breast Cancer_10000;dt_scores_soft_binary_crossentropy_Wisconsin Prognostic Breast Cancer_10000;dt_scores_binary_crossentropy_Wisconsin Prognostic Breast Cancer_10000;dt_scores_accuracy_Wisconsin Prognostic Breast Cancer_10000;dt_scores_f1_score_Wisconsin Prognostic Breast Cancer_10000;dt_scores_roc_auc_score_Wisconsin Prognostic Breast Cancer_10000;dt_scores_soft_binary_crossentropy_data_random_Wisconsin Prognostic Breast Cancer_10000;dt_scores_binary_crossentropy_data_random_Wisconsin Prognostic Breast Cancer_10000;dt_scores_accuracy_data_random_Wisconsin Prognostic Breast Cancer_10000;dt_scores_f1_score_data_random_Wisconsin Prognostic Breast Cancer_10000;dt_scores_roc_auc_score_data_random_Wisconsin Prognostic Breast Cancer_10000;dt_scores_soft_binary_crossentropy_std_Wisconsin Prognostic Breast Cancer_10000;dt_scores_binary_crossentropy_std_Wisconsin Prognostic Breast Cancer_10000;dt_scores_accuracy_std_Wisconsin Prognostic Breast Cancer_10000;dt_scores_f1_score_std_Wisconsin Prognostic Breast Cancer_10000;dt_scores_roc_auc_score_std_Wisconsin Prognostic Breast Cancer_10000;dt_scores_soft_binary_crossentropy_data_random_std_Wisconsin Prognostic Breast Cancer_10000;dt_scores_binary_crossentropy_data_random_std_Wisconsin Prognostic Breast Cancer_10000;dt_scores_accuracy_data_random_std_Wisconsin Prognostic Breast Cancer_10000;dt_scores_f1_score_data_random_std_Wisconsin Prognostic Breast Cancer_10000;dt_scores_roc_auc_score_data_random_std_Wisconsin Prognostic Breast Cancer_10000;dt_scores_runtime_Wisconsin Prognostic Breast Cancer_10000;inet_scores_soft_binary_crossentropy_Wisconsin Prognostic Breast Cancer_10000;inet_scores_binary_crossentropy_Wisconsin Prognostic Breast Cancer_10000;inet_scores_accuracy_Wisconsin Prognostic Breast Cancer_10000;inet_scores_f1_score_Wisconsin Prognostic Breast Cancer_10000;inet_scores_roc_auc_score_Wisconsin Prognostic Breast Cancer_10000;inet_scores_runtime_Wisconsin Prognostic Breast Cancer_10000;model_scores_soft_binary_crossentropy_Wisconsin Prognostic Breast Cancer_10000;model_scores_binary_crossentropy_Wisconsin Prognostic Breast Cancer_10000;model_scores_accuracy_Wisconsin Prognostic Breast Cancer_10000;model_scores_f1_score_Wisconsin Prognostic Breast Cancer_10000;model_scores_roc_auc_score_Wisconsin Prognostic Breast Cancer_10000;model_scores_runtime_Wisconsin Prognostic Breast Cancer_10000;dt_scores_soft_binary_crossentropy_['uniform', 'normal', 'gamma', 'beta', 'poisson']_Abalone_10000;dt_scores_binary_crossentropy_['uniform', 'normal', 'gamma', 'beta', 'poisson']_Abalone_10000;dt_scores_accuracy_['uniform', 'normal', 'gamma', 'beta', 'poisson']_Abalone_10000;dt_scores_f1_score_['uniform', 'normal', 'gamma', 'beta', 'poisson']_Abalone_10000;dt_scores_roc_auc_score_['uniform', 'normal', 'gamma', 'beta', 'poisson']_Abalone_10000;dt_scores_soft_binary_crossentropy_data_random_['uniform', 'normal', 'gamma', 'beta', 'poisson']_Abalone_10000;dt_scores_binary_crossentropy_data_random_['uniform', 'normal', 'gamma', 'beta', 'poisson']_Abalone_10000;dt_scores_accuracy_data_random_['uniform', 'normal', 'gamma', 'beta', 'poisson']_Abalone_10000;dt_scores_f1_score_data_random_['uniform', 'normal', 'gamma', 'beta', 'poisson']_Abalone_10000;dt_scores_roc_auc_score_data_random_['uniform', 'normal', 'gamma', 'beta', 'poisson']_Abalone_10000;dt_scores_runtime_['uniform', 'normal', 'gamma', 'beta', 'poisson']_Abalone_10000;dt_scores_soft_binary_crossentropy_Abalone_10000;dt_scores_binary_crossentropy_Abalone_10000;dt_scores_accuracy_Abalone_10000;dt_scores_f1_score_Abalone_10000;dt_scores_roc_auc_score_Abalone_10000;dt_scores_soft_binary_crossentropy_data_random_Abalone_10000;dt_scores_binary_crossentropy_data_random_Abalone_10000;dt_scores_accuracy_data_random_Abalone_10000;dt_scores_f1_score_data_random_Abalone_10000;dt_scores_roc_auc_score_data_random_Abalone_10000;dt_scores_soft_binary_crossentropy_std_Abalone_10000;dt_scores_binary_crossentropy_std_Abalone_10000;dt_scores_accuracy_std_Abalone_10000;dt_scores_f1_score_std_Abalone_10000;dt_scores_roc_auc_score_std_Abalone_10000;dt_scores_soft_binary_crossentropy_data_random_std_Abalone_10000;dt_scores_binary_crossentropy_data_random_std_Abalone_10000;dt_scores_accuracy_data_random_std_Abalone_10000;dt_scores_f1_score_data_random_std_Abalone_10000;dt_scores_roc_auc_score_data_random_std_Abalone_10000;dt_scores_runtime_Abalone_10000;inet_scores_soft_binary_crossentropy_Abalone_10000;inet_scores_binary_crossentropy_Abalone_10000;inet_scores_accuracy_Abalone_10000;inet_scores_f1_score_Abalone_10000;inet_scores_roc_auc_score_Abalone_10000;inet_scores_runtime_Abalone_10000;model_scores_soft_binary_crossentropy_Abalone_10000;model_scores_binary_crossentropy_Abalone_10000;model_scores_accuracy_Abalone_10000;model_scores_f1_score_Abalone_10000;model_scores_roc_auc_score_Abalone_10000;model_scores_runtime_Abalone_10000;dt_scores_soft_binary_crossentropy_['uniform', 'normal', 'gamma', 'beta', 'poisson']_Car_10000;dt_scores_binary_crossentropy_['uniform', 'normal', 'gamma', 'beta', 'poisson']_Car_10000;dt_scores_accuracy_['uniform', 'normal', 'gamma', 'beta', 'poisson']_Car_10000;dt_scores_f1_score_['uniform', 'normal', 'gamma', 'beta', 'poisson']_Car_10000;dt_scores_roc_auc_score_['uniform', 'normal', 'gamma', 'beta', 'poisson']_Car_10000;dt_scores_soft_binary_crossentropy_data_random_['uniform', 'normal', 'gamma', 'beta', 'poisson']_Car_10000;dt_scores_binary_crossentropy_data_random_['uniform', 'normal', 'gamma', 'beta', 'poisson']_Car_10000;dt_scores_accuracy_data_random_['uniform', 'normal', 'gamma', 'beta', 'poisson']_Car_10000;dt_scores_f1_score_data_random_['uniform', 'normal', 'gamma', 'beta', 'poisson']_Car_10000;dt_scores_roc_auc_score_data_random_['uniform', 'normal', 'gamma', 'beta', 'poisson']_Car_10000;dt_scores_runtime_['uniform', 'normal', 'gamma', 'beta', 'poisson']_Car_10000;dt_scores_soft_binary_crossentropy_Car_10000;dt_scores_binary_crossentropy_Car_10000;dt_scores_accuracy_Car_10000;dt_scores_f1_score_Car_10000;dt_scores_roc_auc_score_Car_10000;dt_scores_soft_binary_crossentropy_data_random_Car_10000;dt_scores_binary_crossentropy_data_random_Car_10000;dt_scores_accuracy_data_random_Car_10000;dt_scores_f1_score_data_random_Car_10000;dt_scores_roc_auc_score_data_random_Car_10000;dt_scores_soft_binary_crossentropy_std_Car_10000;dt_scores_binary_crossentropy_std_Car_10000;dt_scores_accuracy_std_Car_10000;dt_scores_f1_score_std_Car_10000;dt_scores_roc_auc_score_std_Car_10000;dt_scores_soft_binary_crossentropy_data_random_std_Car_10000;dt_scores_binary_crossentropy_data_random_std_Car_10000;dt_scores_accuracy_data_random_std_Car_10000;dt_scores_f1_score_data_random_std_Car_10000;dt_scores_roc_auc_score_data_random_std_Car_10000;dt_scores_runtime_Car_10000;inet_scores_soft_binary_crossentropy_Car_10000;inet_scores_binary_crossentropy_Car_10000;inet_scores_accuracy_Car_10000;inet_scores_f1_score_Car_10000;inet_scores_roc_auc_score_Car_10000;inet_scores_runtime_Car_10000;model_scores_soft_binary_crossentropy_Car_10000;model_scores_binary_crossentropy_Car_10000;model_scores_accuracy_Car_10000;model_scores_f1_score_Car_10000;model_scores_roc_auc_score_Car_10000;model_scores_runtime_Car_10000;dt_scores_soft_binary_crossentropy_['uniform', 'normal', 'gamma', 'beta', 'poisson']_Heart Disease_10000;dt_scores_binary_crossentropy_['uniform', 'normal', 'gamma', 'beta', 'poisson']_Heart Disease_10000;dt_scores_accuracy_['uniform', 'normal', 'gamma', 'beta', 'poisson']_Heart Disease_10000;dt_scores_f1_score_['uniform', 'normal', 'gamma', 'beta', 'poisson']_Heart Disease_10000;dt_scores_roc_auc_score_['uniform', 'normal', 'gamma', 'beta', 'poisson']_Heart Disease_10000;dt_scores_soft_binary_crossentropy_data_random_['uniform', 'normal', 'gamma', 'beta', 'poisson']_Heart Disease_10000;dt_scores_binary_crossentropy_data_random_['uniform', 'normal', 'gamma', 'beta', 'poisson']_Heart Disease_10000;dt_scores_accuracy_data_random_['uniform', 'normal', 'gamma', 'beta', 'poisson']_Heart Disease_10000;dt_scores_f1_score_data_random_['uniform', 'normal', 'gamma', 'beta', 'poisson']_Heart Disease_10000;dt_scores_roc_auc_score_data_random_['uniform', 'normal', 'gamma', 'beta', 'poisson']_Heart Disease_10000;dt_scores_runtime_['uniform', 'normal', 'gamma', 'beta', 'poisson']_Heart Disease_10000;dt_scores_soft_binary_crossentropy_Heart Disease_10000;dt_scores_binary_crossentropy_Heart Disease_10000;dt_scores_accuracy_Heart Disease_10000;dt_scores_f1_score_Heart Disease_10000;dt_scores_roc_auc_score_Heart Disease_10000;dt_scores_soft_binary_crossentropy_data_random_Heart Disease_10000;dt_scores_binary_crossentropy_data_random_Heart Disease_10000;dt_scores_accuracy_data_random_Heart Disease_10000;dt_scores_f1_score_data_random_Heart Disease_10000;dt_scores_roc_auc_score_data_random_Heart Disease_10000;dt_scores_soft_binary_crossentropy_std_Heart Disease_10000;dt_scores_binary_crossentropy_std_Heart Disease_10000;dt_scores_accuracy_std_Heart Disease_10000;dt_scores_f1_score_std_Heart Disease_10000;dt_scores_roc_auc_score_std_Heart Disease_10000;dt_scores_soft_binary_crossentropy_data_random_std_Heart Disease_10000;dt_scores_binary_crossentropy_data_random_std_Heart Disease_10000;dt_scores_accuracy_data_random_std_Heart Disease_10000;dt_scores_f1_score_data_random_std_Heart Disease_10000;dt_scores_roc_auc_score_data_random_std_Heart Disease_10000;dt_scores_runtime_Heart Disease_10000;inet_scores_soft_binary_crossentropy_Heart Disease_10000;inet_scores_binary_crossentropy_Heart Disease_10000;inet_scores_accuracy_Heart Disease_10000;inet_scores_f1_score_Heart Disease_10000;inet_scores_roc_auc_score_Heart Disease_10000;inet_scores_runtime_Heart Disease_10000;model_scores_soft_binary_crossentropy_Heart Disease_10000;model_scores_binary_crossentropy_Heart Disease_10000;model_scores_accuracy_Heart Disease_10000;model_scores_f1_score_Heart Disease_10000;model_scores_roc_auc_score_Heart Disease_10000;model_scores_runtime_Heart Disease_10000;dt_scores_soft_binary_crossentropy_['uniform', 'normal', 'gamma', 'beta', 'poisson']_Credit Card_10000;dt_scores_binary_crossentropy_['uniform', 'normal', 'gamma', 'beta', 'poisson']_Credit Card_10000;dt_scores_accuracy_['uniform', 'normal', 'gamma', 'beta', 'poisson']_Credit Card_10000;dt_scores_f1_score_['uniform', 'normal', 'gamma', 'beta', 'poisson']_Credit Card_10000;dt_scores_roc_auc_score_['uniform', 'normal', 'gamma', 'beta', 'poisson']_Credit Card_10000;dt_scores_soft_binary_crossentropy_data_random_['uniform', 'normal', 'gamma', 'beta', 'poisson']_Credit Card_10000;dt_scores_binary_crossentropy_data_random_['uniform', 'normal', 'gamma', 'beta', 'poisson']_Credit Card_10000;dt_scores_accuracy_data_random_['uniform', 'normal', 'gamma', 'beta', 'poisson']_Credit Card_10000;dt_scores_f1_score_data_random_['uniform', 'normal', 'gamma', 'beta', 'poisson']_Credit Card_10000;dt_scores_roc_auc_score_data_random_['uniform', 'normal', 'gamma', 'beta', 'poisson']_Credit Card_10000;dt_scores_runtime_['uniform', 'normal', 'gamma', 'beta', 'poisson']_Credit Card_10000;dt_scores_soft_binary_crossentropy_Credit Card_10000;dt_scores_binary_crossentropy_Credit Card_10000;dt_scores_accuracy_Credit Card_10000;dt_scores_f1_score_Credit Card_10000;dt_scores_roc_auc_score_Credit Card_10000;dt_scores_soft_binary_crossentropy_data_random_Credit Card_10000;dt_scores_binary_crossentropy_data_random_Credit Card_10000;dt_scores_accuracy_data_random_Credit Card_10000;dt_scores_f1_score_data_random_Credit Card_10000;dt_scores_roc_auc_score_data_random_Credit Card_10000;dt_scores_soft_binary_crossentropy_std_Credit Card_10000;dt_scores_binary_crossentropy_std_Credit Card_10000;dt_scores_accuracy_std_Credit Card_10000;dt_scores_f1_score_std_Credit Card_10000;dt_scores_roc_auc_score_std_Credit Card_10000;dt_scores_soft_binary_crossentropy_data_random_std_Credit Card_10000;dt_scores_binary_crossentropy_data_random_std_Credit Card_10000;dt_scores_accuracy_data_random_std_Credit Card_10000;dt_scores_f1_score_data_random_std_Credit Card_10000;dt_scores_roc_auc_score_data_random_std_Credit Card_10000;dt_scores_runtime_Credit Card_10000;inet_scores_soft_binary_crossentropy_Credit Card_10000;inet_scores_binary_crossentropy_Credit Card_10000;inet_scores_accuracy_Credit Card_10000;inet_scores_f1_score_Credit Card_10000;inet_scores_roc_auc_score_Credit Card_10000;inet_scores_runtime_Credit Card_10000;model_scores_soft_binary_crossentropy_Credit Card_10000;model_scores_binary_crossentropy_Credit Card_10000;model_scores_accuracy_Credit Card_10000;model_scores_f1_score_Credit Card_10000;model_scores_roc_auc_score_Credit Card_10000;model_scores_runtime_Credit Card_10000;dt_scores_soft_binary_crossentropy_['uniform', 'normal', 'gamma', 'beta', 'poisson']_Haberman_10000;dt_scores_binary_crossentropy_['uniform', 'normal', 'gamma', 'beta', 'poisson']_Haberman_10000;dt_scores_accuracy_['uniform', 'normal', 'gamma', 'beta', 'poisson']_Haberman_10000;dt_scores_f1_score_['uniform', 'normal', 'gamma', 'beta', 'poisson']_Haberman_10000;dt_scores_roc_auc_score_['uniform', 'normal', 'gamma', 'beta', 'poisson']_Haberman_10000;dt_scores_soft_binary_crossentropy_data_random_['uniform', 'normal', 'gamma', 'beta', 'poisson']_Haberman_10000;dt_scores_binary_crossentropy_data_random_['uniform', 'normal', 'gamma', 'beta', 'poisson']_Haberman_10000;dt_scores_accuracy_data_random_['uniform', 'normal', 'gamma', 'beta', 'poisson']_Haberman_10000;dt_scores_f1_score_data_random_['uniform', 'normal', 'gamma', 'beta', 'poisson']_Haberman_10000;dt_scores_roc_auc_score_data_random_['uniform', 'normal', 'gamma', 'beta', 'poisson']_Haberman_10000;dt_scores_runtime_['uniform', 'normal', 'gamma', 'beta', 'poisson']_Haberman_10000;dt_scores_soft_binary_crossentropy_Haberman_10000;dt_scores_binary_crossentropy_Haberman_10000;dt_scores_accuracy_Haberman_10000;dt_scores_f1_score_Haberman_10000;dt_scores_roc_auc_score_Haberman_10000;dt_scores_soft_binary_crossentropy_data_random_Haberman_10000;dt_scores_binary_crossentropy_data_random_Haberman_10000;dt_scores_accuracy_data_random_Haberman_10000;dt_scores_f1_score_data_random_Haberman_10000;dt_scores_roc_auc_score_data_random_Haberman_10000;dt_scores_soft_binary_crossentropy_std_Haberman_10000;dt_scores_binary_crossentropy_std_Haberman_10000;dt_scores_accuracy_std_Haberman_10000;dt_scores_f1_score_std_Haberman_10000;dt_scores_roc_auc_score_std_Haberman_10000;dt_scores_soft_binary_crossentropy_data_random_std_Haberman_10000;dt_scores_binary_crossentropy_data_random_std_Haberman_10000;dt_scores_accuracy_data_random_std_Haberman_10000;dt_scores_f1_score_data_random_std_Haberman_10000;dt_scores_roc_auc_score_data_random_std_Haberman_10000;dt_scores_runtime_Haberman_10000;inet_scores_soft_binary_crossentropy_Haberman_10000;inet_scores_binary_crossentropy_Haberman_10000;inet_scores_accuracy_Haberman_10000;inet_scores_f1_score_Haberman_10000;inet_scores_roc_auc_score_Haberman_10000;inet_scores_runtime_Haberman_10000;model_scores_soft_binary_crossentropy_Haberman_10000;model_scores_binary_crossentropy_Haberman_10000;model_scores_accuracy_Haberman_10000;model_scores_f1_score_Haberman_10000;model_scores_roc_auc_score_Haberman_10000;model_scores_runtime_Haberman_10000;dt_scores_soft_binary_crossentropy_['uniform', 'normal', 'gamma', 'beta', 'poisson']_Adult_10000;dt_scores_binary_crossentropy_['uniform', 'normal', 'gamma', 'beta', 'poisson']_Adult_10000;dt_scores_accuracy_['uniform', 'normal', 'gamma', 'beta', 'poisson']_Adult_10000;dt_scores_f1_score_['uniform', 'normal', 'gamma', 'beta', 'poisson']_Adult_10000;dt_scores_roc_auc_score_['uniform', 'normal', 'gamma', 'beta', 'poisson']_Adult_10000;dt_scores_soft_binary_crossentropy_data_random_['uniform', 'normal', 'gamma', 'beta', 'poisson']_Adult_10000;dt_scores_binary_crossentropy_data_random_['uniform', 'normal', 'gamma', 'beta', 'poisson']_Adult_10000;dt_scores_accuracy_data_random_['uniform', 'normal', 'gamma', 'beta', 'poisson']_Adult_10000;dt_scores_f1_score_data_random_['uniform', 'normal', 'gamma', 'beta', 'poisson']_Adult_10000;dt_scores_roc_auc_score_data_random_['uniform', 'normal', 'gamma', 'beta', 'poisson']_Adult_10000;dt_scores_runtime_['uniform', 'normal', 'gamma', 'beta', 'poisson']_Adult_10000;dt_scores_soft_binary_crossentropy_Adult_10000;dt_scores_binary_crossentropy_Adult_10000;dt_scores_accuracy_Adult_10000;dt_scores_f1_score_Adult_10000;dt_scores_roc_auc_score_Adult_10000;dt_scores_soft_binary_crossentropy_data_random_Adult_10000;dt_scores_binary_crossentropy_data_random_Adult_10000;dt_scores_accuracy_data_random_Adult_10000;dt_scores_f1_score_data_random_Adult_10000;dt_scores_roc_auc_score_data_random_Adult_10000;dt_scores_soft_binary_crossentropy_std_Adult_10000;dt_scores_binary_crossentropy_std_Adult_10000;dt_scores_accuracy_std_Adult_10000;dt_scores_f1_score_std_Adult_10000;dt_scores_roc_auc_score_std_Adult_10000;dt_scores_soft_binary_crossentropy_data_random_std_Adult_10000;dt_scores_binary_crossentropy_data_random_std_Adult_10000;dt_scores_accuracy_data_random_std_Adult_10000;dt_scores_f1_score_data_random_std_Adult_10000;dt_scores_roc_auc_score_data_random_std_Adult_10000;dt_scores_runtime_Adult_10000;inet_scores_soft_binary_crossentropy_Adult_10000;inet_scores_binary_crossentropy_Adult_10000;inet_scores_accuracy_Adult_10000;inet_scores_f1_score_Adult_10000;inet_scores_roc_auc_score_Adult_10000;inet_scores_runtime_Adult_10000;model_scores_soft_binary_crossentropy_Adult_10000;model_scores_binary_crossentropy_Adult_10000;model_scores_accuracy_Adult_10000;model_scores_f1_score_Adult_10000;model_scores_roc_auc_score_Adult_10000;model_scores_runtime_Adult_10000;dt_scores_soft_binary_crossentropy_['uniform', 'normal', 'gamma', 'beta', 'poisson']_Titanic_10000;dt_scores_binary_crossentropy_['uniform', 'normal', 'gamma', 'beta', 'poisson']_Titanic_10000;dt_scores_accuracy_['uniform', 'normal', 'gamma', 'beta', 'poisson']_Titanic_10000;dt_scores_f1_score_['uniform', 'normal', 'gamma', 'beta', 'poisson']_Titanic_10000;dt_scores_roc_auc_score_['uniform', 'normal', 'gamma', 'beta', 'poisson']_Titanic_10000;dt_scores_soft_binary_crossentropy_data_random_['uniform', 'normal', 'gamma', 'beta', 'poisson']_Titanic_10000;dt_scores_binary_crossentropy_data_random_['uniform', 'normal', 'gamma', 'beta', 'poisson']_Titanic_10000;dt_scores_accuracy_data_random_['uniform', 'normal', 'gamma', 'beta', 'poisson']_Titanic_10000;dt_scores_f1_score_data_random_['uniform', 'normal', 'gamma', 'beta', 'poisson']_Titanic_10000;dt_scores_roc_auc_score_data_random_['uniform', 'normal', 'gamma', 'beta', 'poisson']_Titanic_10000;dt_scores_runtime_['uniform', 'normal', 'gamma', 'beta', 'poisson']_Titanic_10000;dt_scores_soft_binary_crossentropy_Titanic_10000;dt_scores_binary_crossentropy_Titanic_10000;dt_scores_accuracy_Titanic_10000;dt_scores_f1_score_Titanic_10000;dt_scores_roc_auc_score_Titanic_10000;dt_scores_soft_binary_crossentropy_data_random_Titanic_10000;dt_scores_binary_crossentropy_data_random_Titanic_10000;dt_scores_accuracy_data_random_Titanic_10000;dt_scores_f1_score_data_random_Titanic_10000;dt_scores_roc_auc_score_data_random_Titanic_10000;dt_scores_soft_binary_crossentropy_std_Titanic_10000;dt_scores_binary_crossentropy_std_Titanic_10000;dt_scores_accuracy_std_Titanic_10000;dt_scores_f1_score_std_Titanic_10000;dt_scores_roc_auc_score_std_Titanic_10000;dt_scores_soft_binary_crossentropy_data_random_std_Titanic_10000;dt_scores_binary_crossentropy_data_random_std_Titanic_10000;dt_scores_accuracy_data_random_std_Titanic_10000;dt_scores_f1_score_data_random_std_Titanic_10000;dt_scores_roc_auc_score_data_random_std_Titanic_10000;dt_scores_runtime_Titanic_10000;inet_scores_soft_binary_crossentropy_Titanic_10000;inet_scores_binary_crossentropy_Titanic_10000;inet_scores_accuracy_Titanic_10000;inet_scores_f1_score_Titanic_10000;inet_scores_roc_auc_score_Titanic_10000;inet_scores_runtime_Titanic_10000;model_scores_soft_binary_crossentropy_Titanic_10000;model_scores_binary_crossentropy_Titanic_10000;model_scores_accuracy_Titanic_10000;model_scores_f1_score_Titanic_10000;model_scores_roc_auc_score_Titanic_10000;model_scores_runtime_Titanic_10000;dt_scores_soft_binary_crossentropy_['uniform', 'normal', 'gamma', 'beta', 'poisson']_Absenteeism_10000;dt_scores_binary_crossentropy_['uniform', 'normal', 'gamma', 'beta', 'poisson']_Absenteeism_10000;dt_scores_accuracy_['uniform', 'normal', 'gamma', 'beta', 'poisson']_Absenteeism_10000;dt_scores_f1_score_['uniform', 'normal', 'gamma', 'beta', 'poisson']_Absenteeism_10000;dt_scores_roc_auc_score_['uniform', 'normal', 'gamma', 'beta', 'poisson']_Absenteeism_10000;dt_scores_soft_binary_crossentropy_data_random_['uniform', 'normal', 'gamma', 'beta', 'poisson']_Absenteeism_10000;dt_scores_binary_crossentropy_data_random_['uniform', 'normal', 'gamma', 'beta', 'poisson']_Absenteeism_10000;dt_scores_accuracy_data_random_['uniform', 'normal', 'gamma', 'beta', 'poisson']_Absenteeism_10000;dt_scores_f1_score_data_random_['uniform', 'normal', 'gamma', 'beta', 'poisson']_Absenteeism_10000;dt_scores_roc_auc_score_data_random_['uniform', 'normal', 'gamma', 'beta', 'poisson']_Absenteeism_10000;dt_scores_runtime_['uniform', 'normal', 'gamma', 'beta', 'poisson']_Absenteeism_10000;dt_scores_soft_binary_crossentropy_Absenteeism_10000;dt_scores_binary_crossentropy_Absenteeism_10000;dt_scores_accuracy_Absenteeism_10000;dt_scores_f1_score_Absenteeism_10000;dt_scores_roc_auc_score_Absenteeism_10000;dt_scores_soft_binary_crossentropy_data_random_Absenteeism_10000;dt_scores_binary_crossentropy_data_random_Absenteeism_10000;dt_scores_accuracy_data_random_Absenteeism_10000;dt_scores_f1_score_data_random_Absenteeism_10000;dt_scores_roc_auc_score_data_random_Absenteeism_10000;dt_scores_soft_binary_crossentropy_std_Absenteeism_10000;dt_scores_binary_crossentropy_std_Absenteeism_10000;dt_scores_accuracy_std_Absenteeism_10000;dt_scores_f1_score_std_Absenteeism_10000;dt_scores_roc_auc_score_std_Absenteeism_10000;dt_scores_soft_binary_crossentropy_data_random_std_Absenteeism_10000;dt_scores_binary_crossentropy_data_random_std_Absenteeism_10000;dt_scores_accuracy_data_random_std_Absenteeism_10000;dt_scores_f1_score_data_random_std_Absenteeism_10000;dt_scores_roc_auc_score_data_random_std_Absenteeism_10000;dt_scores_runtime_Absenteeism_10000;inet_scores_soft_binary_crossentropy_Absenteeism_10000;inet_scores_binary_crossentropy_Absenteeism_10000;inet_scores_accuracy_Absenteeism_10000;inet_scores_f1_score_Absenteeism_10000;inet_scores_roc_auc_score_Absenteeism_10000;inet_scores_runtime_Absenteeism_10000;model_scores_soft_binary_crossentropy_Absenteeism_10000;model_scores_binary_crossentropy_Absenteeism_10000;model_scores_accuracy_Absenteeism_10000;model_scores_f1_score_Absenteeism_10000;model_scores_roc_auc_score_Absenteeism_10000;model_scores_runtime_Absenteeism_10000;dt_scores_soft_binary_crossentropy_['uniform', 'normal', 'gamma', 'beta', 'poisson']_Loan House_10000;dt_scores_binary_crossentropy_['uniform', 'normal', 'gamma', 'beta', 'poisson']_Loan House_10000;dt_scores_accuracy_['uniform', 'normal', 'gamma', 'beta', 'poisson']_Loan House_10000;dt_scores_f1_score_['uniform', 'normal', 'gamma', 'beta', 'poisson']_Loan House_10000;dt_scores_roc_auc_score_['uniform', 'normal', 'gamma', 'beta', 'poisson']_Loan House_10000;dt_scores_soft_binary_crossentropy_data_random_['uniform', 'normal', 'gamma', 'beta', 'poisson']_Loan House_10000;dt_scores_binary_crossentropy_data_random_['uniform', 'normal', 'gamma', 'beta', 'poisson']_Loan House_10000;dt_scores_accuracy_data_random_['uniform', 'normal', 'gamma', 'beta', 'poisson']_Loan House_10000;dt_scores_f1_score_data_random_['uniform', 'normal', 'gamma', 'beta', 'poisson']_Loan House_10000;dt_scores_roc_auc_score_data_random_['uniform', 'normal', 'gamma', 'beta', 'poisson']_Loan House_10000;dt_scores_runtime_['uniform', 'normal', 'gamma', 'beta', 'poisson']_Loan House_10000;dt_scores_soft_binary_crossentropy_Loan House_10000;dt_scores_binary_crossentropy_Loan House_10000;dt_scores_accuracy_Loan House_10000;dt_scores_f1_score_Loan House_10000;dt_scores_roc_auc_score_Loan House_10000;dt_scores_soft_binary_crossentropy_data_random_Loan House_10000;dt_scores_binary_crossentropy_data_random_Loan House_10000;dt_scores_accuracy_data_random_Loan House_10000;dt_scores_f1_score_data_random_Loan House_10000;dt_scores_roc_auc_score_data_random_Loan House_10000;dt_scores_soft_binary_crossentropy_std_Loan House_10000;dt_scores_binary_crossentropy_std_Loan House_10000;dt_scores_accuracy_std_Loan House_10000;dt_scores_f1_score_std_Loan House_10000;dt_scores_roc_auc_score_std_Loan House_10000;dt_scores_soft_binary_crossentropy_data_random_std_Loan House_10000;dt_scores_binary_crossentropy_data_random_std_Loan House_10000;dt_scores_accuracy_data_random_std_Loan House_10000;dt_scores_f1_score_data_random_std_Loan House_10000;dt_scores_roc_auc_score_data_random_std_Loan House_10000;dt_scores_runtime_Loan House_10000;inet_scores_soft_binary_crossentropy_Loan House_10000;inet_scores_binary_crossentropy_Loan House_10000;inet_scores_accuracy_Loan House_10000;inet_scores_f1_score_Loan House_10000;inet_scores_roc_auc_score_Loan House_10000;inet_scores_runtime_Loan House_10000;model_scores_soft_binary_crossentropy_Loan House_10000;model_scores_binary_crossentropy_Loan House_10000;model_scores_accuracy_Loan House_10000;model_scores_f1_score_Loan House_10000;model_scores_roc_auc_score_Loan House_10000;model_scores_runtime_Loan House_10000;dt_scores_soft_binary_crossentropy_['uniform', 'normal', 'gamma', 'beta', 'poisson']_Loan Credit_10000;dt_scores_binary_crossentropy_['uniform', 'normal', 'gamma', 'beta', 'poisson']_Loan Credit_10000;dt_scores_accuracy_['uniform', 'normal', 'gamma', 'beta', 'poisson']_Loan Credit_10000;dt_scores_f1_score_['uniform', 'normal', 'gamma', 'beta', 'poisson']_Loan Credit_10000;dt_scores_roc_auc_score_['uniform', 'normal', 'gamma', 'beta', 'poisson']_Loan Credit_10000;dt_scores_soft_binary_crossentropy_data_random_['uniform', 'normal', 'gamma', 'beta', 'poisson']_Loan Credit_10000;dt_scores_binary_crossentropy_data_random_['uniform', 'normal', 'gamma', 'beta', 'poisson']_Loan Credit_10000;dt_scores_accuracy_data_random_['uniform', 'normal', 'gamma', 'beta', 'poisson']_Loan Credit_10000;dt_scores_f1_score_data_random_['uniform', 'normal', 'gamma', 'beta', 'poisson']_Loan Credit_10000;dt_scores_roc_auc_score_data_random_['uniform', 'normal', 'gamma', 'beta', 'poisson']_Loan Credit_10000;dt_scores_runtime_['uniform', 'normal', 'gamma', 'beta', 'poisson']_Loan Credit_10000;dt_scores_soft_binary_crossentropy_Loan Credit_10000;dt_scores_binary_crossentropy_Loan Credit_10000;dt_scores_accuracy_Loan Credit_10000;dt_scores_f1_score_Loan Credit_10000;dt_scores_roc_auc_score_Loan Credit_10000;dt_scores_soft_binary_crossentropy_data_random_Loan Credit_10000;dt_scores_binary_crossentropy_data_random_Loan Credit_10000;dt_scores_accuracy_data_random_Loan Credit_10000;dt_scores_f1_score_data_random_Loan Credit_10000;dt_scores_roc_auc_score_data_random_Loan Credit_10000;dt_scores_soft_binary_crossentropy_std_Loan Credit_10000;dt_scores_binary_crossentropy_std_Loan Credit_10000;dt_scores_accuracy_std_Loan Credit_10000;dt_scores_f1_score_std_Loan Credit_10000;dt_scores_roc_auc_score_std_Loan Credit_10000;dt_scores_soft_binary_crossentropy_data_random_std_Loan Credit_10000;dt_scores_binary_crossentropy_data_random_std_Loan Credit_10000;dt_scores_accuracy_data_random_std_Loan Credit_10000;dt_scores_f1_score_data_random_std_Loan Credit_10000;dt_scores_roc_auc_score_data_random_std_Loan Credit_10000;dt_scores_runtime_Loan Credit_10000;inet_scores_soft_binary_crossentropy_Loan Credit_10000;inet_scores_binary_crossentropy_Loan Credit_10000;inet_scores_accuracy_Loan Credit_10000;inet_scores_f1_score_Loan Credit_10000;inet_scores_roc_auc_score_Loan Credit_10000;inet_scores_runtime_Loan Credit_10000;model_scores_soft_binary_crossentropy_Loan Credit_10000;model_scores_binary_crossentropy_Loan Credit_10000;model_scores_accuracy_Loan Credit_10000;model_scores_f1_score_Loan Credit_10000;model_scores_roc_auc_score_Loan Credit_10000;model_scores_runtime_Loan Credit_10000;dt_scores_soft_binary_crossentropy_['uniform', 'normal', 'gamma', 'beta', 'poisson']_Medical Insurance_10000;dt_scores_binary_crossentropy_['uniform', 'normal', 'gamma', 'beta', 'poisson']_Medical Insurance_10000;dt_scores_accuracy_['uniform', 'normal', 'gamma', 'beta', 'poisson']_Medical Insurance_10000;dt_scores_f1_score_['uniform', 'normal', 'gamma', 'beta', 'poisson']_Medical Insurance_10000;dt_scores_roc_auc_score_['uniform', 'normal', 'gamma', 'beta', 'poisson']_Medical Insurance_10000;dt_scores_soft_binary_crossentropy_data_random_['uniform', 'normal', 'gamma', 'beta', 'poisson']_Medical Insurance_10000;dt_scores_binary_crossentropy_data_random_['uniform', 'normal', 'gamma', 'beta', 'poisson']_Medical Insurance_10000;dt_scores_accuracy_data_random_['uniform', 'normal', 'gamma', 'beta', 'poisson']_Medical Insurance_10000;dt_scores_f1_score_data_random_['uniform', 'normal', 'gamma', 'beta', 'poisson']_Medical Insurance_10000;dt_scores_roc_auc_score_data_random_['uniform', 'normal', 'gamma', 'beta', 'poisson']_Medical Insurance_10000;dt_scores_runtime_['uniform', 'normal', 'gamma', 'beta', 'poisson']_Medical Insurance_10000;dt_scores_soft_binary_crossentropy_Medical Insurance_10000;dt_scores_binary_crossentropy_Medical Insurance_10000;dt_scores_accuracy_Medical Insurance_10000;dt_scores_f1_score_Medical Insurance_10000;dt_scores_roc_auc_score_Medical Insurance_10000;dt_scores_soft_binary_crossentropy_data_random_Medical Insurance_10000;dt_scores_binary_crossentropy_data_random_Medical Insurance_10000;dt_scores_accuracy_data_random_Medical Insurance_10000;dt_scores_f1_score_data_random_Medical Insurance_10000;dt_scores_roc_auc_score_data_random_Medical Insurance_10000;dt_scores_soft_binary_crossentropy_std_Medical Insurance_10000;dt_scores_binary_crossentropy_std_Medical Insurance_10000;dt_scores_accuracy_std_Medical Insurance_10000;dt_scores_f1_score_std_Medical Insurance_10000;dt_scores_roc_auc_score_std_Medical Insurance_10000;dt_scores_soft_binary_crossentropy_data_random_std_Medical Insurance_10000;dt_scores_binary_crossentropy_data_random_std_Medical Insurance_10000;dt_scores_accuracy_data_random_std_Medical Insurance_10000;dt_scores_f1_score_data_random_std_Medical Insurance_10000;dt_scores_roc_auc_score_data_random_std_Medical Insurance_10000;dt_scores_runtime_Medical Insurance_10000;inet_scores_soft_binary_crossentropy_Medical Insurance_10000;inet_scores_binary_crossentropy_Medical Insurance_10000;inet_scores_accuracy_Medical Insurance_10000;inet_scores_f1_score_Medical Insurance_10000;inet_scores_roc_auc_score_Medical Insurance_10000;inet_scores_runtime_Medical Insurance_10000;model_scores_soft_binary_crossentropy_Medical Insurance_10000;model_scores_binary_crossentropy_Medical Insurance_10000;model_scores_accuracy_Medical Insurance_10000;model_scores_f1_score_Medical Insurance_10000;model_scores_roc_auc_score_Medical Insurance_10000;model_scores_runtime_Medical Insurance_10000;dt_scores_soft_binary_crossentropy_['uniform', 'normal', 'gamma', 'beta', 'poisson']_Bank Marketing_10000;dt_scores_binary_crossentropy_['uniform', 'normal', 'gamma', 'beta', 'poisson']_Bank Marketing_10000;dt_scores_accuracy_['uniform', 'normal', 'gamma', 'beta', 'poisson']_Bank Marketing_10000;dt_scores_f1_score_['uniform', 'normal', 'gamma', 'beta', 'poisson']_Bank Marketing_10000;dt_scores_roc_auc_score_['uniform', 'normal', 'gamma', 'beta', 'poisson']_Bank Marketing_10000;dt_scores_soft_binary_crossentropy_data_random_['uniform', 'normal', 'gamma', 'beta', 'poisson']_Bank Marketing_10000;dt_scores_binary_crossentropy_data_random_['uniform', 'normal', 'gamma', 'beta', 'poisson']_Bank Marketing_10000;dt_scores_accuracy_data_random_['uniform', 'normal', 'gamma', 'beta', 'poisson']_Bank Marketing_10000;dt_scores_f1_score_data_random_['uniform', 'normal', 'gamma', 'beta', 'poisson']_Bank Marketing_10000;dt_scores_roc_auc_score_data_random_['uniform', 'normal', 'gamma', 'beta', 'poisson']_Bank Marketing_10000;dt_scores_runtime_['uniform', 'normal', 'gamma', 'beta', 'poisson']_Bank Marketing_10000;dt_scores_soft_binary_crossentropy_Bank Marketing_10000;dt_scores_binary_crossentropy_Bank Marketing_10000;dt_scores_accuracy_Bank Marketing_10000;dt_scores_f1_score_Bank Marketing_10000;dt_scores_roc_auc_score_Bank Marketing_10000;dt_scores_soft_binary_crossentropy_data_random_Bank Marketing_10000;dt_scores_binary_crossentropy_data_random_Bank Marketing_10000;dt_scores_accuracy_data_random_Bank Marketing_10000;dt_scores_f1_score_data_random_Bank Marketing_10000;dt_scores_roc_auc_score_data_random_Bank Marketing_10000;dt_scores_soft_binary_crossentropy_std_Bank Marketing_10000;dt_scores_binary_crossentropy_std_Bank Marketing_10000;dt_scores_accuracy_std_Bank Marketing_10000;dt_scores_f1_score_std_Bank Marketing_10000;dt_scores_roc_auc_score_std_Bank Marketing_10000;dt_scores_soft_binary_crossentropy_data_random_std_Bank Marketing_10000;dt_scores_binary_crossentropy_data_random_std_Bank Marketing_10000;dt_scores_accuracy_data_random_std_Bank Marketing_10000;dt_scores_f1_score_data_random_std_Bank Marketing_10000;dt_scores_roc_auc_score_data_random_std_Bank Marketing_10000;dt_scores_runtime_Bank Marketing_10000;inet_scores_soft_binary_crossentropy_Bank Marketing_10000;inet_scores_binary_crossentropy_Bank Marketing_10000;inet_scores_accuracy_Bank Marketing_10000;inet_scores_f1_score_Bank Marketing_10000;inet_scores_roc_auc_score_Bank Marketing_10000;inet_scores_runtime_Bank Marketing_10000;model_scores_soft_binary_crossentropy_Bank Marketing_10000;model_scores_binary_crossentropy_Bank Marketing_10000;model_scores_accuracy_Bank Marketing_10000;model_scores_f1_score_Bank Marketing_10000;model_scores_roc_auc_score_Bank Marketing_10000;model_scores_runtime_Bank Marketing_10000;dt_scores_soft_binary_crossentropy_['uniform', 'normal', 'gamma', 'beta', 'poisson']_Cervical Cancer_10000;dt_scores_binary_crossentropy_['uniform', 'normal', 'gamma', 'beta', 'poisson']_Cervical Cancer_10000;dt_scores_accuracy_['uniform', 'normal', 'gamma', 'beta', 'poisson']_Cervical Cancer_10000;dt_scores_f1_score_['uniform', 'normal', 'gamma', 'beta', 'poisson']_Cervical Cancer_10000;dt_scores_roc_auc_score_['uniform', 'normal', 'gamma', 'beta', 'poisson']_Cervical Cancer_10000;dt_scores_soft_binary_crossentropy_data_random_['uniform', 'normal', 'gamma', 'beta', 'poisson']_Cervical Cancer_10000;dt_scores_binary_crossentropy_data_random_['uniform', 'normal', 'gamma', 'beta', 'poisson']_Cervical Cancer_10000;dt_scores_accuracy_data_random_['uniform', 'normal', 'gamma', 'beta', 'poisson']_Cervical Cancer_10000;dt_scores_f1_score_data_random_['uniform', 'normal', 'gamma', 'beta', 'poisson']_Cervical Cancer_10000;dt_scores_roc_auc_score_data_random_['uniform', 'normal', 'gamma', 'beta', 'poisson']_Cervical Cancer_10000;dt_scores_runtime_['uniform', 'normal', 'gamma', 'beta', 'poisson']_Cervical Cancer_10000;dt_scores_soft_binary_crossentropy_Cervical Cancer_10000;dt_scores_binary_crossentropy_Cervical Cancer_10000;dt_scores_accuracy_Cervical Cancer_10000;dt_scores_f1_score_Cervical Cancer_10000;dt_scores_roc_auc_score_Cervical Cancer_10000;dt_scores_soft_binary_crossentropy_data_random_Cervical Cancer_10000;dt_scores_binary_crossentropy_data_random_Cervical Cancer_10000;dt_scores_accuracy_data_random_Cervical Cancer_10000;dt_scores_f1_score_data_random_Cervical Cancer_10000;dt_scores_roc_auc_score_data_random_Cervical Cancer_10000;dt_scores_soft_binary_crossentropy_std_Cervical Cancer_10000;dt_scores_binary_crossentropy_std_Cervical Cancer_10000;dt_scores_accuracy_std_Cervical Cancer_10000;dt_scores_f1_score_std_Cervical Cancer_10000;dt_scores_roc_auc_score_std_Cervical Cancer_10000;dt_scores_soft_binary_crossentropy_data_random_std_Cervical Cancer_10000;dt_scores_binary_crossentropy_data_random_std_Cervical Cancer_10000;dt_scores_accuracy_data_random_std_Cervical Cancer_10000;dt_scores_f1_score_data_random_std_Cervical Cancer_10000;dt_scores_roc_auc_score_data_random_std_Cervical Cancer_10000;dt_scores_runtime_Cervical Cancer_10000;inet_scores_soft_binary_crossentropy_Cervical Cancer_10000;inet_scores_binary_crossentropy_Cervical Cancer_10000;inet_scores_accuracy_Cervical Cancer_10000;inet_scores_f1_score_Cervical Cancer_10000;inet_scores_roc_auc_score_Cervical Cancer_10000;inet_scores_runtime_Cervical Cancer_10000;model_scores_soft_binary_crossentropy_Cervical Cancer_10000;model_scores_binary_crossentropy_Cervical Cancer_10000;model_scores_accuracy_Cervical Cancer_10000;model_scores_f1_score_Cervical Cancer_10000;model_scores_roc_auc_score_Cervical Cancer_10000;model_scores_runtime_Cervical Cancer_10000;dt_scores_soft_binary_crossentropy_['uniform', 'normal', 'gamma', 'beta', 'poisson']_Brest Cancer Wisconsin_10000;dt_scores_binary_crossentropy_['uniform', 'normal', 'gamma', 'beta', 'poisson']_Brest Cancer Wisconsin_10000;dt_scores_accuracy_['uniform', 'normal', 'gamma', 'beta', 'poisson']_Brest Cancer Wisconsin_10000;dt_scores_f1_score_['uniform', 'normal', 'gamma', 'beta', 'poisson']_Brest Cancer Wisconsin_10000;dt_scores_roc_auc_score_['uniform', 'normal', 'gamma', 'beta', 'poisson']_Brest Cancer Wisconsin_10000;dt_scores_soft_binary_crossentropy_data_random_['uniform', 'normal', 'gamma', 'beta', 'poisson']_Brest Cancer Wisconsin_10000;dt_scores_binary_crossentropy_data_random_['uniform', 'normal', 'gamma', 'beta', 'poisson']_Brest Cancer Wisconsin_10000;dt_scores_accuracy_data_random_['uniform', 'normal', 'gamma', 'beta', 'poisson']_Brest Cancer Wisconsin_10000;dt_scores_f1_score_data_random_['uniform', 'normal', 'gamma', 'beta', 'poisson']_Brest Cancer Wisconsin_10000;dt_scores_roc_auc_score_data_random_['uniform', 'normal', 'gamma', 'beta', 'poisson']_Brest Cancer Wisconsin_10000;dt_scores_runtime_['uniform', 'normal', 'gamma', 'beta', 'poisson']_Brest Cancer Wisconsin_10000;dt_scores_soft_binary_crossentropy_Brest Cancer Wisconsin_10000;dt_scores_binary_crossentropy_Brest Cancer Wisconsin_10000;dt_scores_accuracy_Brest Cancer Wisconsin_10000;dt_scores_f1_score_Brest Cancer Wisconsin_10000;dt_scores_roc_auc_score_Brest Cancer Wisconsin_10000;dt_scores_soft_binary_crossentropy_data_random_Brest Cancer Wisconsin_10000;dt_scores_binary_crossentropy_data_random_Brest Cancer Wisconsin_10000;dt_scores_accuracy_data_random_Brest Cancer Wisconsin_10000;dt_scores_f1_score_data_random_Brest Cancer Wisconsin_10000;dt_scores_roc_auc_score_data_random_Brest Cancer Wisconsin_10000;dt_scores_soft_binary_crossentropy_std_Brest Cancer Wisconsin_10000;dt_scores_binary_crossentropy_std_Brest Cancer Wisconsin_10000;dt_scores_accuracy_std_Brest Cancer Wisconsin_10000;dt_scores_f1_score_std_Brest Cancer Wisconsin_10000;dt_scores_roc_auc_score_std_Brest Cancer Wisconsin_10000;dt_scores_soft_binary_crossentropy_data_random_std_Brest Cancer Wisconsin_10000;dt_scores_binary_crossentropy_data_random_std_Brest Cancer Wisconsin_10000;dt_scores_accuracy_data_random_std_Brest Cancer Wisconsin_10000;dt_scores_f1_score_data_random_std_Brest Cancer Wisconsin_10000;dt_scores_roc_auc_score_data_random_std_Brest Cancer Wisconsin_10000;dt_scores_runtime_Brest Cancer Wisconsin_10000;inet_scores_soft_binary_crossentropy_Brest Cancer Wisconsin_10000;inet_scores_binary_crossentropy_Brest Cancer Wisconsin_10000;inet_scores_accuracy_Brest Cancer Wisconsin_10000;inet_scores_f1_score_Brest Cancer Wisconsin_10000;inet_scores_roc_auc_score_Brest Cancer Wisconsin_10000;inet_scores_runtime_Brest Cancer Wisconsin_10000;model_scores_soft_binary_crossentropy_Brest Cancer Wisconsin_10000;model_scores_binary_crossentropy_Brest Cancer Wisconsin_10000;model_scores_accuracy_Brest Cancer Wisconsin_10000;model_scores_f1_score_Brest Cancer Wisconsin_10000;model_scores_roc_auc_score_Brest Cancer Wisconsin_10000;model_scores_runtime_Brest Cancer Wisconsin_10000;dt_scores_soft_binary_crossentropy_['uniform', 'normal', 'gamma', 'beta', 'poisson']_Wisconsin Diagnostic Breast Cancer_10000;dt_scores_binary_crossentropy_['uniform', 'normal', 'gamma', 'beta', 'poisson']_Wisconsin Diagnostic Breast Cancer_10000;dt_scores_accuracy_['uniform', 'normal', 'gamma', 'beta', 'poisson']_Wisconsin Diagnostic Breast Cancer_10000;dt_scores_f1_score_['uniform', 'normal', 'gamma', 'beta', 'poisson']_Wisconsin Diagnostic Breast Cancer_10000;dt_scores_roc_auc_score_['uniform', 'normal', 'gamma', 'beta', 'poisson']_Wisconsin Diagnostic Breast Cancer_10000;dt_scores_soft_binary_crossentropy_data_random_['uniform', 'normal', 'gamma', 'beta', 'poisson']_Wisconsin Diagnostic Breast Cancer_10000;dt_scores_binary_crossentropy_data_random_['uniform', 'normal', 'gamma', 'beta', 'poisson']_Wisconsin Diagnostic Breast Cancer_10000;dt_scores_accuracy_data_random_['uniform', 'normal', 'gamma', 'beta', 'poisson']_Wisconsin Diagnostic Breast Cancer_10000;dt_scores_f1_score_data_random_['uniform', 'normal', 'gamma', 'beta', 'poisson']_Wisconsin Diagnostic Breast Cancer_10000;dt_scores_roc_auc_score_data_random_['uniform', 'normal', 'gamma', 'beta', 'poisson']_Wisconsin Diagnostic Breast Cancer_10000;dt_scores_runtime_['uniform', 'normal', 'gamma', 'beta', 'poisson']_Wisconsin Diagnostic Breast Cancer_10000;dt_scores_soft_binary_crossentropy_Wisconsin Diagnostic Breast Cancer_10000;dt_scores_binary_crossentropy_Wisconsin Diagnostic Breast Cancer_10000;dt_scores_accuracy_Wisconsin Diagnostic Breast Cancer_10000;dt_scores_f1_score_Wisconsin Diagnostic Breast Cancer_10000;dt_scores_roc_auc_score_Wisconsin Diagnostic Breast Cancer_10000;dt_scores_soft_binary_crossentropy_data_random_Wisconsin Diagnostic Breast Cancer_10000;dt_scores_binary_crossentropy_data_random_Wisconsin Diagnostic Breast Cancer_10000;dt_scores_accuracy_data_random_Wisconsin Diagnostic Breast Cancer_10000;dt_scores_f1_score_data_random_Wisconsin Diagnostic Breast Cancer_10000;dt_scores_roc_auc_score_data_random_Wisconsin Diagnostic Breast Cancer_10000;dt_scores_soft_binary_crossentropy_std_Wisconsin Diagnostic Breast Cancer_10000;dt_scores_binary_crossentropy_std_Wisconsin Diagnostic Breast Cancer_10000;dt_scores_accuracy_std_Wisconsin Diagnostic Breast Cancer_10000;dt_scores_f1_score_std_Wisconsin Diagnostic Breast Cancer_10000;dt_scores_roc_auc_score_std_Wisconsin Diagnostic Breast Cancer_10000;dt_scores_soft_binary_crossentropy_data_random_std_Wisconsin Diagnostic Breast Cancer_10000;dt_scores_binary_crossentropy_data_random_std_Wisconsin Diagnostic Breast Cancer_10000;dt_scores_accuracy_data_random_std_Wisconsin Diagnostic Breast Cancer_10000;dt_scores_f1_score_data_random_std_Wisconsin Diagnostic Breast Cancer_10000;dt_scores_roc_auc_score_data_random_std_Wisconsin Diagnostic Breast Cancer_10000;dt_scores_runtime_Wisconsin Diagnostic Breast Cancer_10000;inet_scores_soft_binary_crossentropy_Wisconsin Diagnostic Breast Cancer_10000;inet_scores_binary_crossentropy_Wisconsin Diagnostic Breast Cancer_10000;inet_scores_accuracy_Wisconsin Diagnostic Breast Cancer_10000;inet_scores_f1_score_Wisconsin Diagnostic Breast Cancer_10000;inet_scores_roc_auc_score_Wisconsin Diagnostic Breast Cancer_10000;inet_scores_runtime_Wisconsin Diagnostic Breast Cancer_10000;model_scores_soft_binary_crossentropy_Wisconsin Diagnostic Breast Cancer_10000;model_scores_binary_crossentropy_Wisconsin Diagnostic Breast Cancer_10000;model_scores_accuracy_Wisconsin Diagnostic Breast Cancer_10000;model_scores_f1_score_Wisconsin Diagnostic Breast Cancer_10000;model_scores_roc_auc_score_Wisconsin Diagnostic Breast Cancer_10000;model_scores_runtime_Wisconsin Diagnostic Breast Cancer_10000;dt_scores_soft_binary_crossentropy_['uniform', 'normal', 'gamma', 'beta', 'poisson']_Wisconsin Prognostic Breast Cancer_10000;dt_scores_binary_crossentropy_['uniform', 'normal', 'gamma', 'beta', 'poisson']_Wisconsin Prognostic Breast Cancer_10000;dt_scores_accuracy_['uniform', 'normal', 'gamma', 'beta', 'poisson']_Wisconsin Prognostic Breast Cancer_10000;dt_scores_f1_score_['uniform', 'normal', 'gamma', 'beta', 'poisson']_Wisconsin Prognostic Breast Cancer_10000;dt_scores_roc_auc_score_['uniform', 'normal', 'gamma', 'beta', 'poisson']_Wisconsin Prognostic Breast Cancer_10000;dt_scores_soft_binary_crossentropy_data_random_['uniform', 'normal', 'gamma', 'beta', 'poisson']_Wisconsin Prognostic Breast Cancer_10000;dt_scores_binary_crossentropy_data_random_['uniform', 'normal', 'gamma', 'beta', 'poisson']_Wisconsin Prognostic Breast Cancer_10000;dt_scores_accuracy_data_random_['uniform', 'normal', 'gamma', 'beta', 'poisson']_Wisconsin Prognostic Breast Cancer_10000;dt_scores_f1_score_data_random_['uniform', 'normal', 'gamma', 'beta', 'poisson']_Wisconsin Prognostic Breast Cancer_10000;dt_scores_roc_auc_score_data_random_['uniform', 'normal', 'gamma', 'beta', 'poisson']_Wisconsin Prognostic Breast Cancer_10000;dt_scores_runtime_['uniform', 'normal', 'gamma', 'beta', 'poisson']_Wisconsin Prognostic Breast Cancer_10000;dt_scores_soft_binary_crossentropy_Wisconsin Prognostic Breast Cancer_10000;dt_scores_binary_crossentropy_Wisconsin Prognostic Breast Cancer_10000;dt_scores_accuracy_Wisconsin Prognostic Breast Cancer_10000;dt_scores_f1_score_Wisconsin Prognostic Breast Cancer_10000;dt_scores_roc_auc_score_Wisconsin Prognostic Breast Cancer_10000;dt_scores_soft_binary_crossentropy_data_random_Wisconsin Prognostic Breast Cancer_10000;dt_scores_binary_crossentropy_data_random_Wisconsin Prognostic Breast Cancer_10000;dt_scores_accuracy_data_random_Wisconsin Prognostic Breast Cancer_10000;dt_scores_f1_score_data_random_Wisconsin Prognostic Breast Cancer_10000;dt_scores_roc_auc_score_data_random_Wisconsin Prognostic Breast Cancer_10000;dt_scores_soft_binary_crossentropy_std_Wisconsin Prognostic Breast Cancer_10000;dt_scores_binary_crossentropy_std_Wisconsin Prognostic Breast Cancer_10000;dt_scores_accuracy_std_Wisconsin Prognostic Breast Cancer_10000;dt_scores_f1_score_std_Wisconsin Prognostic Breast Cancer_10000;dt_scores_roc_auc_score_std_Wisconsin Prognostic Breast Cancer_10000;dt_scores_soft_binary_crossentropy_data_random_std_Wisconsin Prognostic Breast Cancer_10000;dt_scores_binary_crossentropy_data_random_std_Wisconsin Prognostic Breast Cancer_10000;dt_scores_accuracy_data_random_std_Wisconsin Prognostic Breast Cancer_10000;dt_scores_f1_score_data_random_std_Wisconsin Prognostic Breast Cancer_10000;dt_scores_roc_auc_score_data_random_std_Wisconsin Prognostic Breast Cancer_10000;dt_scores_runtime_Wisconsin Prognostic Breast Cancer_10000;inet_scores_soft_binary_crossentropy_Wisconsin Prognostic Breast Cancer_10000;inet_scores_binary_crossentropy_Wisconsin Prognostic Breast Cancer_10000;inet_scores_accuracy_Wisconsin Prognostic Breast Cancer_10000;inet_scores_f1_score_Wisconsin Prognostic Breast Cancer_10000;inet_scores_roc_auc_score_Wisconsin Prognostic Breast Cancer_10000;inet_scores_runtime_Wisconsin Prognostic Breast Cancer_10000;model_scores_soft_binary_crossentropy_Wisconsin Prognostic Breast Cancer_10000;model_scores_binary_crossentropy_Wisconsin Prognostic Breast Cancer_10000;model_scores_accuracy_Wisconsin Prognostic Breast Cancer_10000;model_scores_f1_score_Wisconsin Prognostic Breast Cancer_10000;model_scores_roc_auc_score_Wisconsin Prognostic Breast Cancer_10000;model_scores_runtime_Wisconsin Prognostic Breast Cancer_10000;dt_scores_soft_binary_crossentropy_['uniform', 'normal', 'gamma', 'beta', 'poisson']_Abalone_10000;dt_scores_binary_crossentropy_['uniform', 'normal', 'gamma', 'beta', 'poisson']_Abalone_10000;dt_scores_accuracy_['uniform', 'normal', 'gamma', 'beta', 'poisson']_Abalone_10000;dt_scores_f1_score_['uniform', 'normal', 'gamma', 'beta', 'poisson']_Abalone_10000;dt_scores_roc_auc_score_['uniform', 'normal', 'gamma', 'beta', 'poisson']_Abalone_10000;dt_scores_soft_binary_crossentropy_data_random_['uniform', 'normal', 'gamma', 'beta', 'poisson']_Abalone_10000;dt_scores_binary_crossentropy_data_random_['uniform', 'normal', 'gamma', 'beta', 'poisson']_Abalone_10000;dt_scores_accuracy_data_random_['uniform', 'normal', 'gamma', 'beta', 'poisson']_Abalone_10000;dt_scores_f1_score_data_random_['uniform', 'normal', 'gamma', 'beta', 'poisson']_Abalone_10000;dt_scores_roc_auc_score_data_random_['uniform', 'normal', 'gamma', 'beta', 'poisson']_Abalone_10000;dt_scores_runtime_['uniform', 'normal', 'gamma', 'beta', 'poisson']_Abalone_10000;dt_scores_soft_binary_crossentropy_Abalone_10000;dt_scores_binary_crossentropy_Abalone_10000;dt_scores_accuracy_Abalone_10000;dt_scores_f1_score_Abalone_10000;dt_scores_roc_auc_score_Abalone_10000;dt_scores_soft_binary_crossentropy_data_random_Abalone_10000;dt_scores_binary_crossentropy_data_random_Abalone_10000;dt_scores_accuracy_data_random_Abalone_10000;dt_scores_f1_score_data_random_Abalone_10000;dt_scores_roc_auc_score_data_random_Abalone_10000;dt_scores_soft_binary_crossentropy_std_Abalone_10000;dt_scores_binary_crossentropy_std_Abalone_10000;dt_scores_accuracy_std_Abalone_10000;dt_scores_f1_score_std_Abalone_10000;dt_scores_roc_auc_score_std_Abalone_10000;dt_scores_soft_binary_crossentropy_data_random_std_Abalone_10000;dt_scores_binary_crossentropy_data_random_std_Abalone_10000;dt_scores_accuracy_data_random_std_Abalone_10000;dt_scores_f1_score_data_random_std_Abalone_10000;dt_scores_roc_auc_score_data_random_std_Abalone_10000;dt_scores_runtime_Abalone_10000;inet_scores_soft_binary_crossentropy_Abalone_10000;inet_scores_binary_crossentropy_Abalone_10000;inet_scores_accuracy_Abalone_10000;inet_scores_f1_score_Abalone_10000;inet_scores_roc_auc_score_Abalone_10000;inet_scores_runtime_Abalone_10000;model_scores_soft_binary_crossentropy_Abalone_10000;model_scores_binary_crossentropy_Abalone_10000;model_scores_accuracy_Abalone_10000;model_scores_f1_score_Abalone_10000;model_scores_roc_auc_score_Abalone_10000;model_scores_runtime_Abalone_10000;dt_scores_soft_binary_crossentropy_['uniform', 'normal', 'gamma', 'beta', 'poisson']_Car_10000;dt_scores_binary_crossentropy_['uniform', 'normal', 'gamma', 'beta', 'poisson']_Car_10000;dt_scores_accuracy_['uniform', 'normal', 'gamma', 'beta', 'poisson']_Car_10000;dt_scores_f1_score_['uniform', 'normal', 'gamma', 'beta', 'poisson']_Car_10000;dt_scores_roc_auc_score_['uniform', 'normal', 'gamma', 'beta', 'poisson']_Car_10000;dt_scores_soft_binary_crossentropy_data_random_['uniform', 'normal', 'gamma', 'beta', 'poisson']_Car_10000;dt_scores_binary_crossentropy_data_random_['uniform', 'normal', 'gamma', 'beta', 'poisson']_Car_10000;dt_scores_accuracy_data_random_['uniform', 'normal', 'gamma', 'beta', 'poisson']_Car_10000;dt_scores_f1_score_data_random_['uniform', 'normal', 'gamma', 'beta', 'poisson']_Car_10000;dt_scores_roc_auc_score_data_random_['uniform', 'normal', 'gamma', 'beta', 'poisson']_Car_10000;dt_scores_runtime_['uniform', 'normal', 'gamma', 'beta', 'poisson']_Car_10000;dt_scores_soft_binary_crossentropy_Car_10000;dt_scores_binary_crossentropy_Car_10000;dt_scores_accuracy_Car_10000;dt_scores_f1_score_Car_10000;dt_scores_roc_auc_score_Car_10000;dt_scores_soft_binary_crossentropy_data_random_Car_10000;dt_scores_binary_crossentropy_data_random_Car_10000;dt_scores_accuracy_data_random_Car_10000;dt_scores_f1_score_data_random_Car_10000;dt_scores_roc_auc_score_data_random_Car_10000;dt_scores_soft_binary_crossentropy_std_Car_10000;dt_scores_binary_crossentropy_std_Car_10000;dt_scores_accuracy_std_Car_10000;dt_scores_f1_score_std_Car_10000;dt_scores_roc_auc_score_std_Car_10000;dt_scores_soft_binary_crossentropy_data_random_std_Car_10000;dt_scores_binary_crossentropy_data_random_std_Car_10000;dt_scores_accuracy_data_random_std_Car_10000;dt_scores_f1_score_data_random_std_Car_10000;dt_scores_roc_auc_score_data_random_std_Car_10000;dt_scores_runtime_Car_10000;inet_scores_soft_binary_crossentropy_Car_10000;inet_scores_binary_crossentropy_Car_10000;inet_scores_accuracy_Car_10000;inet_scores_f1_score_Car_10000;inet_scores_roc_auc_score_Car_10000;inet_scores_runtime_Car_10000;model_scores_soft_binary_crossentropy_Car_10000;model_scores_binary_crossentropy_Car_10000;model_scores_accuracy_Car_10000;model_scores_f1_score_Car_10000;model_scores_roc_auc_score_Car_10000;model_scores_runtime_Car_10000;dt_scores_soft_binary_crossentropy_['uniform', 'normal', 'gamma', 'beta', 'poisson']_Heart Disease_10000;dt_scores_binary_crossentropy_['uniform', 'normal', 'gamma', 'beta', 'poisson']_Heart Disease_10000;dt_scores_accuracy_['uniform', 'normal', 'gamma', 'beta', 'poisson']_Heart Disease_10000;dt_scores_f1_score_['uniform', 'normal', 'gamma', 'beta', 'poisson']_Heart Disease_10000;dt_scores_roc_auc_score_['uniform', 'normal', 'gamma', 'beta', 'poisson']_Heart Disease_10000;dt_scores_soft_binary_crossentropy_data_random_['uniform', 'normal', 'gamma', 'beta', 'poisson']_Heart Disease_10000;dt_scores_binary_crossentropy_data_random_['uniform', 'normal', 'gamma', 'beta', 'poisson']_Heart Disease_10000;dt_scores_accuracy_data_random_['uniform', 'normal', 'gamma', 'beta', 'poisson']_Heart Disease_10000;dt_scores_f1_score_data_random_['uniform', 'normal', 'gamma', 'beta', 'poisson']_Heart Disease_10000;dt_scores_roc_auc_score_data_random_['uniform', 'normal', 'gamma', 'beta', 'poisson']_Heart Disease_10000;dt_scores_runtime_['uniform', 'normal', 'gamma', 'beta', 'poisson']_Heart Disease_10000;dt_scores_soft_binary_crossentropy_Heart Disease_10000;dt_scores_binary_crossentropy_Heart Disease_10000;dt_scores_accuracy_Heart Disease_10000;dt_scores_f1_score_Heart Disease_10000;dt_scores_roc_auc_score_Heart Disease_10000;dt_scores_soft_binary_crossentropy_data_random_Heart Disease_10000;dt_scores_binary_crossentropy_data_random_Heart Disease_10000;dt_scores_accuracy_data_random_Heart Disease_10000;dt_scores_f1_score_data_random_Heart Disease_10000;dt_scores_roc_auc_score_data_random_Heart Disease_10000;dt_scores_soft_binary_crossentropy_std_Heart Disease_10000;dt_scores_binary_crossentropy_std_Heart Disease_10000;dt_scores_accuracy_std_Heart Disease_10000;dt_scores_f1_score_std_Heart Disease_10000;dt_scores_roc_auc_score_std_Heart Disease_10000;dt_scores_soft_binary_crossentropy_data_random_std_Heart Disease_10000;dt_scores_binary_crossentropy_data_random_std_Heart Disease_10000;dt_scores_accuracy_data_random_std_Heart Disease_10000;dt_scores_f1_score_data_random_std_Heart Disease_10000;dt_scores_roc_auc_score_data_random_std_Heart Disease_10000;dt_scores_runtime_Heart Disease_10000;inet_scores_soft_binary_crossentropy_Heart Disease_10000;inet_scores_binary_crossentropy_Heart Disease_10000;inet_scores_accuracy_Heart Disease_10000;inet_scores_f1_score_Heart Disease_10000;inet_scores_roc_auc_score_Heart Disease_10000;inet_scores_runtime_Heart Disease_10000;model_scores_soft_binary_crossentropy_Heart Disease_10000;model_scores_binary_crossentropy_Heart Disease_10000;model_scores_accuracy_Heart Disease_10000;model_scores_f1_score_Heart Disease_10000;model_scores_roc_auc_score_Heart Disease_10000;model_scores_runtime_Heart Disease_10000;dt_scores_soft_binary_crossentropy_['uniform', 'normal', 'gamma', 'beta', 'poisson']_Credit Card_10000;dt_scores_binary_crossentropy_['uniform', 'normal', 'gamma', 'beta', 'poisson']_Credit Card_10000;dt_scores_accuracy_['uniform', 'normal', 'gamma', 'beta', 'poisson']_Credit Card_10000;dt_scores_f1_score_['uniform', 'normal', 'gamma', 'beta', 'poisson']_Credit Card_10000;dt_scores_roc_auc_score_['uniform', 'normal', 'gamma', 'beta', 'poisson']_Credit Card_10000;dt_scores_soft_binary_crossentropy_data_random_['uniform', 'normal', 'gamma', 'beta', 'poisson']_Credit Card_10000;dt_scores_binary_crossentropy_data_random_['uniform', 'normal', 'gamma', 'beta', 'poisson']_Credit Card_10000;dt_scores_accuracy_data_random_['uniform', 'normal', 'gamma', 'beta', 'poisson']_Credit Card_10000;dt_scores_f1_score_data_random_['uniform', 'normal', 'gamma', 'beta', 'poisson']_Credit Card_10000;dt_scores_roc_auc_score_data_random_['uniform', 'normal', 'gamma', 'beta', 'poisson']_Credit Card_10000;dt_scores_runtime_['uniform', 'normal', 'gamma', 'beta', 'poisson']_Credit Card_10000;dt_scores_soft_binary_crossentropy_Credit Card_10000;dt_scores_binary_crossentropy_Credit Card_10000;dt_scores_accuracy_Credit Card_10000;dt_scores_f1_score_Credit Card_10000;dt_scores_roc_auc_score_Credit Card_10000;dt_scores_soft_binary_crossentropy_data_random_Credit Card_10000;dt_scores_binary_crossentropy_data_random_Credit Card_10000;dt_scores_accuracy_data_random_Credit Card_10000;dt_scores_f1_score_data_random_Credit Card_10000;dt_scores_roc_auc_score_data_random_Credit Card_10000;dt_scores_soft_binary_crossentropy_std_Credit Card_10000;dt_scores_binary_crossentropy_std_Credit Card_10000;dt_scores_accuracy_std_Credit Card_10000;dt_scores_f1_score_std_Credit Card_10000;dt_scores_roc_auc_score_std_Credit Card_10000;dt_scores_soft_binary_crossentropy_data_random_std_Credit Card_10000;dt_scores_binary_crossentropy_data_random_std_Credit Card_10000;dt_scores_accuracy_data_random_std_Credit Card_10000;dt_scores_f1_score_data_random_std_Credit Card_10000;dt_scores_roc_auc_score_data_random_std_Credit Card_10000;dt_scores_runtime_Credit Card_10000;inet_scores_soft_binary_crossentropy_Credit Card_10000;inet_scores_binary_crossentropy_Credit Card_10000;inet_scores_accuracy_Credit Card_10000;inet_scores_f1_score_Credit Card_10000;inet_scores_roc_auc_score_Credit Card_10000;inet_scores_runtime_Credit Card_10000;model_scores_soft_binary_crossentropy_Credit Card_10000;model_scores_binary_crossentropy_Credit Card_10000;model_scores_accuracy_Credit Card_10000;model_scores_f1_score_Credit Card_10000;model_scores_roc_auc_score_Credit Card_10000;model_scores_runtime_Credit Card_10000;dt_scores_soft_binary_crossentropy_['uniform', 'normal', 'gamma', 'beta', 'poisson']_Haberman_10000;dt_scores_binary_crossentropy_['uniform', 'normal', 'gamma', 'beta', 'poisson']_Haberman_10000;dt_scores_accuracy_['uniform', 'normal', 'gamma', 'beta', 'poisson']_Haberman_10000;dt_scores_f1_score_['uniform', 'normal', 'gamma', 'beta', 'poisson']_Haberman_10000;dt_scores_roc_auc_score_['uniform', 'normal', 'gamma', 'beta', 'poisson']_Haberman_10000;dt_scores_soft_binary_crossentropy_data_random_['uniform', 'normal', 'gamma', 'beta', 'poisson']_Haberman_10000;dt_scores_binary_crossentropy_data_random_['uniform', 'normal', 'gamma', 'beta', 'poisson']_Haberman_10000;dt_scores_accuracy_data_random_['uniform', 'normal', 'gamma', 'beta', 'poisson']_Haberman_10000;dt_scores_f1_score_data_random_['uniform', 'normal', 'gamma', 'beta', 'poisson']_Haberman_10000;dt_scores_roc_auc_score_data_random_['uniform', 'normal', 'gamma', 'beta', 'poisson']_Haberman_10000;dt_scores_runtime_['uniform', 'normal', 'gamma', 'beta', 'poisson']_Haberman_10000;dt_scores_soft_binary_crossentropy_Haberman_10000;dt_scores_binary_crossentropy_Haberman_10000;dt_scores_accuracy_Haberman_10000;dt_scores_f1_score_Haberman_10000;dt_scores_roc_auc_score_Haberman_10000;dt_scores_soft_binary_crossentropy_data_random_Haberman_10000;dt_scores_binary_crossentropy_data_random_Haberman_10000;dt_scores_accuracy_data_random_Haberman_10000;dt_scores_f1_score_data_random_Haberman_10000;dt_scores_roc_auc_score_data_random_Haberman_10000;dt_scores_soft_binary_crossentropy_std_Haberman_10000;dt_scores_binary_crossentropy_std_Haberman_10000;dt_scores_accuracy_std_Haberman_10000;dt_scores_f1_score_std_Haberman_10000;dt_scores_roc_auc_score_std_Haberman_10000;dt_scores_soft_binary_crossentropy_data_random_std_Haberman_10000;dt_scores_binary_crossentropy_data_random_std_Haberman_10000;dt_scores_accuracy_data_random_std_Haberman_10000;dt_scores_f1_score_data_random_std_Haberman_10000;dt_scores_roc_auc_score_data_random_std_Haberman_10000;dt_scores_runtime_Haberman_10000;inet_scores_soft_binary_crossentropy_Haberman_10000;inet_scores_binary_crossentropy_Haberman_10000;inet_scores_accuracy_Haberman_10000;inet_scores_f1_score_Haberman_10000;inet_scores_roc_auc_score_Haberman_10000;inet_scores_runtime_Haberman_10000;model_scores_soft_binary_crossentropy_Haberman_10000;model_scores_binary_crossentropy_Haberman_10000;model_scores_accuracy_Haberman_10000;model_scores_f1_score_Haberman_10000;model_scores_roc_auc_score_Haberman_10000;model_scores_runtime_Haberman_10000;dt_scores_soft_binary_crossentropy_['uniform', 'normal', 'gamma', 'beta', 'poisson']_Adult_10000;dt_scores_binary_crossentropy_['uniform', 'normal', 'gamma', 'beta', 'poisson']_Adult_10000;dt_scores_accuracy_['uniform', 'normal', 'gamma', 'beta', 'poisson']_Adult_10000;dt_scores_f1_score_['uniform', 'normal', 'gamma', 'beta', 'poisson']_Adult_10000;dt_scores_roc_auc_score_['uniform', 'normal', 'gamma', 'beta', 'poisson']_Adult_10000;dt_scores_soft_binary_crossentropy_data_random_['uniform', 'normal', 'gamma', 'beta', 'poisson']_Adult_10000;dt_scores_binary_crossentropy_data_random_['uniform', 'normal', 'gamma', 'beta', 'poisson']_Adult_10000;dt_scores_accuracy_data_random_['uniform', 'normal', 'gamma', 'beta', 'poisson']_Adult_10000;dt_scores_f1_score_data_random_['uniform', 'normal', 'gamma', 'beta', 'poisson']_Adult_10000;dt_scores_roc_auc_score_data_random_['uniform', 'normal', 'gamma', 'beta', 'poisson']_Adult_10000;dt_scores_runtime_['uniform', 'normal', 'gamma', 'beta', 'poisson']_Adult_10000;dt_scores_soft_binary_crossentropy_Adult_10000;dt_scores_binary_crossentropy_Adult_10000;dt_scores_accuracy_Adult_10000;dt_scores_f1_score_Adult_10000;dt_scores_roc_auc_score_Adult_10000;dt_scores_soft_binary_crossentropy_data_random_Adult_10000;dt_scores_binary_crossentropy_data_random_Adult_10000;dt_scores_accuracy_data_random_Adult_10000;dt_scores_f1_score_data_random_Adult_10000;dt_scores_roc_auc_score_data_random_Adult_10000;dt_scores_soft_binary_crossentropy_std_Adult_10000;dt_scores_binary_crossentropy_std_Adult_10000;dt_scores_accuracy_std_Adult_10000;dt_scores_f1_score_std_Adult_10000;dt_scores_roc_auc_score_std_Adult_10000;dt_scores_soft_binary_crossentropy_data_random_std_Adult_10000;dt_scores_binary_crossentropy_data_random_std_Adult_10000;dt_scores_accuracy_data_random_std_Adult_10000;dt_scores_f1_score_data_random_std_Adult_10000;dt_scores_roc_auc_score_data_random_std_Adult_10000;dt_scores_runtime_Adult_10000;inet_scores_soft_binary_crossentropy_Adult_10000;inet_scores_binary_crossentropy_Adult_10000;inet_scores_accuracy_Adult_10000;inet_scores_f1_score_Adult_10000;inet_scores_roc_auc_score_Adult_10000;inet_scores_runtime_Adult_10000;model_scores_soft_binary_crossentropy_Adult_10000;model_scores_binary_crossentropy_Adult_10000;model_scores_accuracy_Adult_10000;model_scores_f1_score_Adult_10000;model_scores_roc_auc_score_Adult_10000;model_scores_runtime_Adult_10000;dt_scores_soft_binary_crossentropy_['uniform', 'normal', 'gamma', 'beta', 'poisson']_Titanic_10000;dt_scores_binary_crossentropy_['uniform', 'normal', 'gamma', 'beta', 'poisson']_Titanic_10000;dt_scores_accuracy_['uniform', 'normal', 'gamma', 'beta', 'poisson']_Titanic_10000;dt_scores_f1_score_['uniform', 'normal', 'gamma', 'beta', 'poisson']_Titanic_10000;dt_scores_roc_auc_score_['uniform', 'normal', 'gamma', 'beta', 'poisson']_Titanic_10000;dt_scores_soft_binary_crossentropy_data_random_['uniform', 'normal', 'gamma', 'beta', 'poisson']_Titanic_10000;dt_scores_binary_crossentropy_data_random_['uniform', 'normal', 'gamma', 'beta', 'poisson']_Titanic_10000;dt_scores_accuracy_data_random_['uniform', 'normal', 'gamma', 'beta', 'poisson']_Titanic_10000;dt_scores_f1_score_data_random_['uniform', 'normal', 'gamma', 'beta', 'poisson']_Titanic_10000;dt_scores_roc_auc_score_data_random_['uniform', 'normal', 'gamma', 'beta', 'poisson']_Titanic_10000;dt_scores_runtime_['uniform', 'normal', 'gamma', 'beta', 'poisson']_Titanic_10000;dt_scores_soft_binary_crossentropy_Titanic_10000;dt_scores_binary_crossentropy_Titanic_10000;dt_scores_accuracy_Titanic_10000;dt_scores_f1_score_Titanic_10000;dt_scores_roc_auc_score_Titanic_10000;dt_scores_soft_binary_crossentropy_data_random_Titanic_10000;dt_scores_binary_crossentropy_data_random_Titanic_10000;dt_scores_accuracy_data_random_Titanic_10000;dt_scores_f1_score_data_random_Titanic_10000;dt_scores_roc_auc_score_data_random_Titanic_10000;dt_scores_soft_binary_crossentropy_std_Titanic_10000;dt_scores_binary_crossentropy_std_Titanic_10000;dt_scores_accuracy_std_Titanic_10000;dt_scores_f1_score_std_Titanic_10000;dt_scores_roc_auc_score_std_Titanic_10000;dt_scores_soft_binary_crossentropy_data_random_std_Titanic_10000;dt_scores_binary_crossentropy_data_random_std_Titanic_10000;dt_scores_accuracy_data_random_std_Titanic_10000;dt_scores_f1_score_data_random_std_Titanic_10000;dt_scores_roc_auc_score_data_random_std_Titanic_10000;dt_scores_runtime_Titanic_10000;inet_scores_soft_binary_crossentropy_Titanic_10000;inet_scores_binary_crossentropy_Titanic_10000;inet_scores_accuracy_Titanic_10000;inet_scores_f1_score_Titanic_10000;inet_scores_roc_auc_score_Titanic_10000;inet_scores_runtime_Titanic_10000;model_scores_soft_binary_crossentropy_Titanic_10000;model_scores_binary_crossentropy_Titanic_10000;model_scores_accuracy_Titanic_10000;model_scores_f1_score_Titanic_10000;model_scores_roc_auc_score_Titanic_10000;model_scores_runtime_Titanic_10000;dt_scores_soft_binary_crossentropy_['uniform', 'normal', 'gamma', 'beta', 'poisson']_Absenteeism_10000;dt_scores_binary_crossentropy_['uniform', 'normal', 'gamma', 'beta', 'poisson']_Absenteeism_10000;dt_scores_accuracy_['uniform', 'normal', 'gamma', 'beta', 'poisson']_Absenteeism_10000;dt_scores_f1_score_['uniform', 'normal', 'gamma', 'beta', 'poisson']_Absenteeism_10000;dt_scores_roc_auc_score_['uniform', 'normal', 'gamma', 'beta', 'poisson']_Absenteeism_10000;dt_scores_soft_binary_crossentropy_data_random_['uniform', 'normal', 'gamma', 'beta', 'poisson']_Absenteeism_10000;dt_scores_binary_crossentropy_data_random_['uniform', 'normal', 'gamma', 'beta', 'poisson']_Absenteeism_10000;dt_scores_accuracy_data_random_['uniform', 'normal', 'gamma', 'beta', 'poisson']_Absenteeism_10000;dt_scores_f1_score_data_random_['uniform', 'normal', 'gamma', 'beta', 'poisson']_Absenteeism_10000;dt_scores_roc_auc_score_data_random_['uniform', 'normal', 'gamma', 'beta', 'poisson']_Absenteeism_10000;dt_scores_runtime_['uniform', 'normal', 'gamma', 'beta', 'poisson']_Absenteeism_10000;dt_scores_soft_binary_crossentropy_Absenteeism_10000;dt_scores_binary_crossentropy_Absenteeism_10000;dt_scores_accuracy_Absenteeism_10000;dt_scores_f1_score_Absenteeism_10000;dt_scores_roc_auc_score_Absenteeism_10000;dt_scores_soft_binary_crossentropy_data_random_Absenteeism_10000;dt_scores_binary_crossentropy_data_random_Absenteeism_10000;dt_scores_accuracy_data_random_Absenteeism_10000;dt_scores_f1_score_data_random_Absenteeism_10000;dt_scores_roc_auc_score_data_random_Absenteeism_10000;dt_scores_soft_binary_crossentropy_std_Absenteeism_10000;dt_scores_binary_crossentropy_std_Absenteeism_10000;dt_scores_accuracy_std_Absenteeism_10000;dt_scores_f1_score_std_Absenteeism_10000;dt_scores_roc_auc_score_std_Absenteeism_10000;dt_scores_soft_binary_crossentropy_data_random_std_Absenteeism_10000;dt_scores_binary_crossentropy_data_random_std_Absenteeism_10000;dt_scores_accuracy_data_random_std_Absenteeism_10000;dt_scores_f1_score_data_random_std_Absenteeism_10000;dt_scores_roc_auc_score_data_random_std_Absenteeism_10000;dt_scores_runtime_Absenteeism_10000;inet_scores_soft_binary_crossentropy_Absenteeism_10000;inet_scores_binary_crossentropy_Absenteeism_10000;inet_scores_accuracy_Absenteeism_10000;inet_scores_f1_score_Absenteeism_10000;inet_scores_roc_auc_score_Absenteeism_10000;inet_scores_runtime_Absenteeism_10000;model_scores_soft_binary_crossentropy_Absenteeism_10000;model_scores_binary_crossentropy_Absenteeism_10000;model_scores_accuracy_Absenteeism_10000;model_scores_f1_score_Absenteeism_10000;model_scores_roc_auc_score_Absenteeism_10000;model_scores_runtime_Absenteeism_10000;dt_scores_soft_binary_crossentropy_['uniform', 'normal', 'gamma', 'beta', 'poisson']_Loan House_10000;dt_scores_binary_crossentropy_['uniform', 'normal', 'gamma', 'beta', 'poisson']_Loan House_10000;dt_scores_accuracy_['uniform', 'normal', 'gamma', 'beta', 'poisson']_Loan House_10000;dt_scores_f1_score_['uniform', 'normal', 'gamma', 'beta', 'poisson']_Loan House_10000;dt_scores_roc_auc_score_['uniform', 'normal', 'gamma', 'beta', 'poisson']_Loan House_10000;dt_scores_soft_binary_crossentropy_data_random_['uniform', 'normal', 'gamma', 'beta', 'poisson']_Loan House_10000;dt_scores_binary_crossentropy_data_random_['uniform', 'normal', 'gamma', 'beta', 'poisson']_Loan House_10000;dt_scores_accuracy_data_random_['uniform', 'normal', 'gamma', 'beta', 'poisson']_Loan House_10000;dt_scores_f1_score_data_random_['uniform', 'normal', 'gamma', 'beta', 'poisson']_Loan House_10000;dt_scores_roc_auc_score_data_random_['uniform', 'normal', 'gamma', 'beta', 'poisson']_Loan House_10000;dt_scores_runtime_['uniform', 'normal', 'gamma', 'beta', 'poisson']_Loan House_10000;dt_scores_soft_binary_crossentropy_Loan House_10000;dt_scores_binary_crossentropy_Loan House_10000;dt_scores_accuracy_Loan House_10000;dt_scores_f1_score_Loan House_10000;dt_scores_roc_auc_score_Loan House_10000;dt_scores_soft_binary_crossentropy_data_random_Loan House_10000;dt_scores_binary_crossentropy_data_random_Loan House_10000;dt_scores_accuracy_data_random_Loan House_10000;dt_scores_f1_score_data_random_Loan House_10000;dt_scores_roc_auc_score_data_random_Loan House_10000;dt_scores_soft_binary_crossentropy_std_Loan House_10000;dt_scores_binary_crossentropy_std_Loan House_10000;dt_scores_accuracy_std_Loan House_10000;dt_scores_f1_score_std_Loan House_10000;dt_scores_roc_auc_score_std_Loan House_10000;dt_scores_soft_binary_crossentropy_data_random_std_Loan House_10000;dt_scores_binary_crossentropy_data_random_std_Loan House_10000;dt_scores_accuracy_data_random_std_Loan House_10000;dt_scores_f1_score_data_random_std_Loan House_10000;dt_scores_roc_auc_score_data_random_std_Loan House_10000;dt_scores_runtime_Loan House_10000;inet_scores_soft_binary_crossentropy_Loan House_10000;inet_scores_binary_crossentropy_Loan House_10000;inet_scores_accuracy_Loan House_10000;inet_scores_f1_score_Loan House_10000;inet_scores_roc_auc_score_Loan House_10000;inet_scores_runtime_Loan House_10000;model_scores_soft_binary_crossentropy_Loan House_10000;model_scores_binary_crossentropy_Loan House_10000;model_scores_accuracy_Loan House_10000;model_scores_f1_score_Loan House_10000;model_scores_roc_auc_score_Loan House_10000;model_scores_runtime_Loan House_10000;dt_scores_soft_binary_crossentropy_['uniform', 'normal', 'gamma', 'beta', 'poisson']_Loan Credit_10000;dt_scores_binary_crossentropy_['uniform', 'normal', 'gamma', 'beta', 'poisson']_Loan Credit_10000;dt_scores_accuracy_['uniform', 'normal', 'gamma', 'beta', 'poisson']_Loan Credit_10000;dt_scores_f1_score_['uniform', 'normal', 'gamma', 'beta', 'poisson']_Loan Credit_10000;dt_scores_roc_auc_score_['uniform', 'normal', 'gamma', 'beta', 'poisson']_Loan Credit_10000;dt_scores_soft_binary_crossentropy_data_random_['uniform', 'normal', 'gamma', 'beta', 'poisson']_Loan Credit_10000;dt_scores_binary_crossentropy_data_random_['uniform', 'normal', 'gamma', 'beta', 'poisson']_Loan Credit_10000;dt_scores_accuracy_data_random_['uniform', 'normal', 'gamma', 'beta', 'poisson']_Loan Credit_10000;dt_scores_f1_score_data_random_['uniform', 'normal', 'gamma', 'beta', 'poisson']_Loan Credit_10000;dt_scores_roc_auc_score_data_random_['uniform', 'normal', 'gamma', 'beta', 'poisson']_Loan Credit_10000;dt_scores_runtime_['uniform', 'normal', 'gamma', 'beta', 'poisson']_Loan Credit_10000;dt_scores_soft_binary_crossentropy_Loan Credit_10000;dt_scores_binary_crossentropy_Loan Credit_10000;dt_scores_accuracy_Loan Credit_10000;dt_scores_f1_score_Loan Credit_10000;dt_scores_roc_auc_score_Loan Credit_10000;dt_scores_soft_binary_crossentropy_data_random_Loan Credit_10000;dt_scores_binary_crossentropy_data_random_Loan Credit_10000;dt_scores_accuracy_data_random_Loan Credit_10000;dt_scores_f1_score_data_random_Loan Credit_10000;dt_scores_roc_auc_score_data_random_Loan Credit_10000;dt_scores_soft_binary_crossentropy_std_Loan Credit_10000;dt_scores_binary_crossentropy_std_Loan Credit_10000;dt_scores_accuracy_std_Loan Credit_10000;dt_scores_f1_score_std_Loan Credit_10000;dt_scores_roc_auc_score_std_Loan Credit_10000;dt_scores_soft_binary_crossentropy_data_random_std_Loan Credit_10000;dt_scores_binary_crossentropy_data_random_std_Loan Credit_10000;dt_scores_accuracy_data_random_std_Loan Credit_10000;dt_scores_f1_score_data_random_std_Loan Credit_10000;dt_scores_roc_auc_score_data_random_std_Loan Credit_10000;dt_scores_runtime_Loan Credit_10000;inet_scores_soft_binary_crossentropy_Loan Credit_10000;inet_scores_binary_crossentropy_Loan Credit_10000;inet_scores_accuracy_Loan Credit_10000;inet_scores_f1_score_Loan Credit_10000;inet_scores_roc_auc_score_Loan Credit_10000;inet_scores_runtime_Loan Credit_10000;model_scores_soft_binary_crossentropy_Loan Credit_10000;model_scores_binary_crossentropy_Loan Credit_10000;model_scores_accuracy_Loan Credit_10000;model_scores_f1_score_Loan Credit_10000;model_scores_roc_auc_score_Loan Credit_10000;model_scores_runtime_Loan Credit_10000;dt_scores_soft_binary_crossentropy_['uniform', 'normal', 'gamma', 'beta', 'poisson']_Medical Insurance_10000;dt_scores_binary_crossentropy_['uniform', 'normal', 'gamma', 'beta', 'poisson']_Medical Insurance_10000;dt_scores_accuracy_['uniform', 'normal', 'gamma', 'beta', 'poisson']_Medical Insurance_10000;dt_scores_f1_score_['uniform', 'normal', 'gamma', 'beta', 'poisson']_Medical Insurance_10000;dt_scores_roc_auc_score_['uniform', 'normal', 'gamma', 'beta', 'poisson']_Medical Insurance_10000;dt_scores_soft_binary_crossentropy_data_random_['uniform', 'normal', 'gamma', 'beta', 'poisson']_Medical Insurance_10000;dt_scores_binary_crossentropy_data_random_['uniform', 'normal', 'gamma', 'beta', 'poisson']_Medical Insurance_10000;dt_scores_accuracy_data_random_['uniform', 'normal', 'gamma', 'beta', 'poisson']_Medical Insurance_10000;dt_scores_f1_score_data_random_['uniform', 'normal', 'gamma', 'beta', 'poisson']_Medical Insurance_10000;dt_scores_roc_auc_score_data_random_['uniform', 'normal', 'gamma', 'beta', 'poisson']_Medical Insurance_10000;dt_scores_runtime_['uniform', 'normal', 'gamma', 'beta', 'poisson']_Medical Insurance_10000;dt_scores_soft_binary_crossentropy_Medical Insurance_10000;dt_scores_binary_crossentropy_Medical Insurance_10000;dt_scores_accuracy_Medical Insurance_10000;dt_scores_f1_score_Medical Insurance_10000;dt_scores_roc_auc_score_Medical Insurance_10000;dt_scores_soft_binary_crossentropy_data_random_Medical Insurance_10000;dt_scores_binary_crossentropy_data_random_Medical Insurance_10000;dt_scores_accuracy_data_random_Medical Insurance_10000;dt_scores_f1_score_data_random_Medical Insurance_10000;dt_scores_roc_auc_score_data_random_Medical Insurance_10000;dt_scores_soft_binary_crossentropy_std_Medical Insurance_10000;dt_scores_binary_crossentropy_std_Medical Insurance_10000;dt_scores_accuracy_std_Medical Insurance_10000;dt_scores_f1_score_std_Medical Insurance_10000;dt_scores_roc_auc_score_std_Medical Insurance_10000;dt_scores_soft_binary_crossentropy_data_random_std_Medical Insurance_10000;dt_scores_binary_crossentropy_data_random_std_Medical Insurance_10000;dt_scores_accuracy_data_random_std_Medical Insurance_10000;dt_scores_f1_score_data_random_std_Medical Insurance_10000;dt_scores_roc_auc_score_data_random_std_Medical Insurance_10000;dt_scores_runtime_Medical Insurance_10000;inet_scores_soft_binary_crossentropy_Medical Insurance_10000;inet_scores_binary_crossentropy_Medical Insurance_10000;inet_scores_accuracy_Medical Insurance_10000;inet_scores_f1_score_Medical Insurance_10000;inet_scores_roc_auc_score_Medical Insurance_10000;inet_scores_runtime_Medical Insurance_10000;model_scores_soft_binary_crossentropy_Medical Insurance_10000;model_scores_binary_crossentropy_Medical Insurance_10000;model_scores_accuracy_Medical Insurance_10000;model_scores_f1_score_Medical Insurance_10000;model_scores_roc_auc_score_Medical Insurance_10000;model_scores_runtime_Medical Insurance_10000;dt_scores_soft_binary_crossentropy_['uniform', 'normal', 'gamma', 'beta', 'poisson']_Bank Marketing_10000;dt_scores_binary_crossentropy_['uniform', 'normal', 'gamma', 'beta', 'poisson']_Bank Marketing_10000;dt_scores_accuracy_['uniform', 'normal', 'gamma', 'beta', 'poisson']_Bank Marketing_10000;dt_scores_f1_score_['uniform', 'normal', 'gamma', 'beta', 'poisson']_Bank Marketing_10000;dt_scores_roc_auc_score_['uniform', 'normal', 'gamma', 'beta', 'poisson']_Bank Marketing_10000;dt_scores_soft_binary_crossentropy_data_random_['uniform', 'normal', 'gamma', 'beta', 'poisson']_Bank Marketing_10000;dt_scores_binary_crossentropy_data_random_['uniform', 'normal', 'gamma', 'beta', 'poisson']_Bank Marketing_10000;dt_scores_accuracy_data_random_['uniform', 'normal', 'gamma', 'beta', 'poisson']_Bank Marketing_10000;dt_scores_f1_score_data_random_['uniform', 'normal', 'gamma', 'beta', 'poisson']_Bank Marketing_10000;dt_scores_roc_auc_score_data_random_['uniform', 'normal', 'gamma', 'beta', 'poisson']_Bank Marketing_10000;dt_scores_runtime_['uniform', 'normal', 'gamma', 'beta', 'poisson']_Bank Marketing_10000;dt_scores_soft_binary_crossentropy_Bank Marketing_10000;dt_scores_binary_crossentropy_Bank Marketing_10000;dt_scores_accuracy_Bank Marketing_10000;dt_scores_f1_score_Bank Marketing_10000;dt_scores_roc_auc_score_Bank Marketing_10000;dt_scores_soft_binary_crossentropy_data_random_Bank Marketing_10000;dt_scores_binary_crossentropy_data_random_Bank Marketing_10000;dt_scores_accuracy_data_random_Bank Marketing_10000;dt_scores_f1_score_data_random_Bank Marketing_10000;dt_scores_roc_auc_score_data_random_Bank Marketing_10000;dt_scores_soft_binary_crossentropy_std_Bank Marketing_10000;dt_scores_binary_crossentropy_std_Bank Marketing_10000;dt_scores_accuracy_std_Bank Marketing_10000;dt_scores_f1_score_std_Bank Marketing_10000;dt_scores_roc_auc_score_std_Bank Marketing_10000;dt_scores_soft_binary_crossentropy_data_random_std_Bank Marketing_10000;dt_scores_binary_crossentropy_data_random_std_Bank Marketing_10000;dt_scores_accuracy_data_random_std_Bank Marketing_10000;dt_scores_f1_score_data_random_std_Bank Marketing_10000;dt_scores_roc_auc_score_data_random_std_Bank Marketing_10000;dt_scores_runtime_Bank Marketing_10000;inet_scores_soft_binary_crossentropy_Bank Marketing_10000;inet_scores_binary_crossentropy_Bank Marketing_10000;inet_scores_accuracy_Bank Marketing_10000;inet_scores_f1_score_Bank Marketing_10000;inet_scores_roc_auc_score_Bank Marketing_10000;inet_scores_runtime_Bank Marketing_10000;model_scores_soft_binary_crossentropy_Bank Marketing_10000;model_scores_binary_crossentropy_Bank Marketing_10000;model_scores_accuracy_Bank Marketing_10000;model_scores_f1_score_Bank Marketing_10000;model_scores_roc_auc_score_Bank Marketing_10000;model_scores_runtime_Bank Marketing_10000;dt_scores_soft_binary_crossentropy_['uniform', 'normal', 'gamma', 'beta', 'poisson']_Cervical Cancer_10000;dt_scores_binary_crossentropy_['uniform', 'normal', 'gamma', 'beta', 'poisson']_Cervical Cancer_10000;dt_scores_accuracy_['uniform', 'normal', 'gamma', 'beta', 'poisson']_Cervical Cancer_10000;dt_scores_f1_score_['uniform', 'normal', 'gamma', 'beta', 'poisson']_Cervical Cancer_10000;dt_scores_roc_auc_score_['uniform', 'normal', 'gamma', 'beta', 'poisson']_Cervical Cancer_10000;dt_scores_soft_binary_crossentropy_data_random_['uniform', 'normal', 'gamma', 'beta', 'poisson']_Cervical Cancer_10000;dt_scores_binary_crossentropy_data_random_['uniform', 'normal', 'gamma', 'beta', 'poisson']_Cervical Cancer_10000;dt_scores_accuracy_data_random_['uniform', 'normal', 'gamma', 'beta', 'poisson']_Cervical Cancer_10000;dt_scores_f1_score_data_random_['uniform', 'normal', 'gamma', 'beta', 'poisson']_Cervical Cancer_10000;dt_scores_roc_auc_score_data_random_['uniform', 'normal', 'gamma', 'beta', 'poisson']_Cervical Cancer_10000;dt_scores_runtime_['uniform', 'normal', 'gamma', 'beta', 'poisson']_Cervical Cancer_10000;dt_scores_soft_binary_crossentropy_Cervical Cancer_10000;dt_scores_binary_crossentropy_Cervical Cancer_10000;dt_scores_accuracy_Cervical Cancer_10000;dt_scores_f1_score_Cervical Cancer_10000;dt_scores_roc_auc_score_Cervical Cancer_10000;dt_scores_soft_binary_crossentropy_data_random_Cervical Cancer_10000;dt_scores_binary_crossentropy_data_random_Cervical Cancer_10000;dt_scores_accuracy_data_random_Cervical Cancer_10000;dt_scores_f1_score_data_random_Cervical Cancer_10000;dt_scores_roc_auc_score_data_random_Cervical Cancer_10000;dt_scores_soft_binary_crossentropy_std_Cervical Cancer_10000;dt_scores_binary_crossentropy_std_Cervical Cancer_10000;dt_scores_accuracy_std_Cervical Cancer_10000;dt_scores_f1_score_std_Cervical Cancer_10000;dt_scores_roc_auc_score_std_Cervical Cancer_10000;dt_scores_soft_binary_crossentropy_data_random_std_Cervical Cancer_10000;dt_scores_binary_crossentropy_data_random_std_Cervical Cancer_10000;dt_scores_accuracy_data_random_std_Cervical Cancer_10000;dt_scores_f1_score_data_random_std_Cervical Cancer_10000;dt_scores_roc_auc_score_data_random_std_Cervical Cancer_10000;dt_scores_runtime_Cervical Cancer_10000;inet_scores_soft_binary_crossentropy_Cervical Cancer_10000;inet_scores_binary_crossentropy_Cervical Cancer_10000;inet_scores_accuracy_Cervical Cancer_10000;inet_scores_f1_score_Cervical Cancer_10000;inet_scores_roc_auc_score_Cervical Cancer_10000;inet_scores_runtime_Cervical Cancer_10000;model_scores_soft_binary_crossentropy_Cervical Cancer_10000;model_scores_binary_crossentropy_Cervical Cancer_10000;model_scores_accuracy_Cervical Cancer_10000;model_scores_f1_score_Cervical Cancer_10000;model_scores_roc_auc_score_Cervical Cancer_10000;model_scores_runtime_Cervical Cancer_10000;dt_scores_soft_binary_crossentropy_['uniform', 'normal', 'gamma', 'beta', 'poisson']_Brest Cancer Wisconsin_10000;dt_scores_binary_crossentropy_['uniform', 'normal', 'gamma', 'beta', 'poisson']_Brest Cancer Wisconsin_10000;dt_scores_accuracy_['uniform', 'normal', 'gamma', 'beta', 'poisson']_Brest Cancer Wisconsin_10000;dt_scores_f1_score_['uniform', 'normal', 'gamma', 'beta', 'poisson']_Brest Cancer Wisconsin_10000;dt_scores_roc_auc_score_['uniform', 'normal', 'gamma', 'beta', 'poisson']_Brest Cancer Wisconsin_10000;dt_scores_soft_binary_crossentropy_data_random_['uniform', 'normal', 'gamma', 'beta', 'poisson']_Brest Cancer Wisconsin_10000;dt_scores_binary_crossentropy_data_random_['uniform', 'normal', 'gamma', 'beta', 'poisson']_Brest Cancer Wisconsin_10000;dt_scores_accuracy_data_random_['uniform', 'normal', 'gamma', 'beta', 'poisson']_Brest Cancer Wisconsin_10000;dt_scores_f1_score_data_random_['uniform', 'normal', 'gamma', 'beta', 'poisson']_Brest Cancer Wisconsin_10000;dt_scores_roc_auc_score_data_random_['uniform', 'normal', 'gamma', 'beta', 'poisson']_Brest Cancer Wisconsin_10000;dt_scores_runtime_['uniform', 'normal', 'gamma', 'beta', 'poisson']_Brest Cancer Wisconsin_10000;dt_scores_soft_binary_crossentropy_Brest Cancer Wisconsin_10000;dt_scores_binary_crossentropy_Brest Cancer Wisconsin_10000;dt_scores_accuracy_Brest Cancer Wisconsin_10000;dt_scores_f1_score_Brest Cancer Wisconsin_10000;dt_scores_roc_auc_score_Brest Cancer Wisconsin_10000;dt_scores_soft_binary_crossentropy_data_random_Brest Cancer Wisconsin_10000;dt_scores_binary_crossentropy_data_random_Brest Cancer Wisconsin_10000;dt_scores_accuracy_data_random_Brest Cancer Wisconsin_10000;dt_scores_f1_score_data_random_Brest Cancer Wisconsin_10000;dt_scores_roc_auc_score_data_random_Brest Cancer Wisconsin_10000;dt_scores_soft_binary_crossentropy_std_Brest Cancer Wisconsin_10000;dt_scores_binary_crossentropy_std_Brest Cancer Wisconsin_10000;dt_scores_accuracy_std_Brest Cancer Wisconsin_10000;dt_scores_f1_score_std_Brest Cancer Wisconsin_10000;dt_scores_roc_auc_score_std_Brest Cancer Wisconsin_10000;dt_scores_soft_binary_crossentropy_data_random_std_Brest Cancer Wisconsin_10000;dt_scores_binary_crossentropy_data_random_std_Brest Cancer Wisconsin_10000;dt_scores_accuracy_data_random_std_Brest Cancer Wisconsin_10000;dt_scores_f1_score_data_random_std_Brest Cancer Wisconsin_10000;dt_scores_roc_auc_score_data_random_std_Brest Cancer Wisconsin_10000;dt_scores_runtime_Brest Cancer Wisconsin_10000;inet_scores_soft_binary_crossentropy_Brest Cancer Wisconsin_10000;inet_scores_binary_crossentropy_Brest Cancer Wisconsin_10000;inet_scores_accuracy_Brest Cancer Wisconsin_10000;inet_scores_f1_score_Brest Cancer Wisconsin_10000;inet_scores_roc_auc_score_Brest Cancer Wisconsin_10000;inet_scores_runtime_Brest Cancer Wisconsin_10000;model_scores_soft_binary_crossentropy_Brest Cancer Wisconsin_10000;model_scores_binary_crossentropy_Brest Cancer Wisconsin_10000;model_scores_accuracy_Brest Cancer Wisconsin_10000;model_scores_f1_score_Brest Cancer Wisconsin_10000;model_scores_roc_auc_score_Brest Cancer Wisconsin_10000;model_scores_runtime_Brest Cancer Wisconsin_10000;dt_scores_soft_binary_crossentropy_['uniform', 'normal', 'gamma', 'beta', 'poisson']_Wisconsin Diagnostic Breast Cancer_10000;dt_scores_binary_crossentropy_['uniform', 'normal', 'gamma', 'beta', 'poisson']_Wisconsin Diagnostic Breast Cancer_10000;dt_scores_accuracy_['uniform', 'normal', 'gamma', 'beta', 'poisson']_Wisconsin Diagnostic Breast Cancer_10000;dt_scores_f1_score_['uniform', 'normal', 'gamma', 'beta', 'poisson']_Wisconsin Diagnostic Breast Cancer_10000;dt_scores_roc_auc_score_['uniform', 'normal', 'gamma', 'beta', 'poisson']_Wisconsin Diagnostic Breast Cancer_10000;dt_scores_soft_binary_crossentropy_data_random_['uniform', 'normal', 'gamma', 'beta', 'poisson']_Wisconsin Diagnostic Breast Cancer_10000;dt_scores_binary_crossentropy_data_random_['uniform', 'normal', 'gamma', 'beta', 'poisson']_Wisconsin Diagnostic Breast Cancer_10000;dt_scores_accuracy_data_random_['uniform', 'normal', 'gamma', 'beta', 'poisson']_Wisconsin Diagnostic Breast Cancer_10000;dt_scores_f1_score_data_random_['uniform', 'normal', 'gamma', 'beta', 'poisson']_Wisconsin Diagnostic Breast Cancer_10000;dt_scores_roc_auc_score_data_random_['uniform', 'normal', 'gamma', 'beta', 'poisson']_Wisconsin Diagnostic Breast Cancer_10000;dt_scores_runtime_['uniform', 'normal', 'gamma', 'beta', 'poisson']_Wisconsin Diagnostic Breast Cancer_10000;dt_scores_soft_binary_crossentropy_Wisconsin Diagnostic Breast Cancer_10000;dt_scores_binary_crossentropy_Wisconsin Diagnostic Breast Cancer_10000;dt_scores_accuracy_Wisconsin Diagnostic Breast Cancer_10000;dt_scores_f1_score_Wisconsin Diagnostic Breast Cancer_10000;dt_scores_roc_auc_score_Wisconsin Diagnostic Breast Cancer_10000;dt_scores_soft_binary_crossentropy_data_random_Wisconsin Diagnostic Breast Cancer_10000;dt_scores_binary_crossentropy_data_random_Wisconsin Diagnostic Breast Cancer_10000;dt_scores_accuracy_data_random_Wisconsin Diagnostic Breast Cancer_10000;dt_scores_f1_score_data_random_Wisconsin Diagnostic Breast Cancer_10000;dt_scores_roc_auc_score_data_random_Wisconsin Diagnostic Breast Cancer_10000;dt_scores_soft_binary_crossentropy_std_Wisconsin Diagnostic Breast Cancer_10000;dt_scores_binary_crossentropy_std_Wisconsin Diagnostic Breast Cancer_10000;dt_scores_accuracy_std_Wisconsin Diagnostic Breast Cancer_10000;dt_scores_f1_score_std_Wisconsin Diagnostic Breast Cancer_10000;dt_scores_roc_auc_score_std_Wisconsin Diagnostic Breast Cancer_10000;dt_scores_soft_binary_crossentropy_data_random_std_Wisconsin Diagnostic Breast Cancer_10000;dt_scores_binary_crossentropy_data_random_std_Wisconsin Diagnostic Breast Cancer_10000;dt_scores_accuracy_data_random_std_Wisconsin Diagnostic Breast Cancer_10000;dt_scores_f1_score_data_random_std_Wisconsin Diagnostic Breast Cancer_10000;dt_scores_roc_auc_score_data_random_std_Wisconsin Diagnostic Breast Cancer_10000;dt_scores_runtime_Wisconsin Diagnostic Breast Cancer_10000;inet_scores_soft_binary_crossentropy_Wisconsin Diagnostic Breast Cancer_10000;inet_scores_binary_crossentropy_Wisconsin Diagnostic Breast Cancer_10000;inet_scores_accuracy_Wisconsin Diagnostic Breast Cancer_10000;inet_scores_f1_score_Wisconsin Diagnostic Breast Cancer_10000;inet_scores_roc_auc_score_Wisconsin Diagnostic Breast Cancer_10000;inet_scores_runtime_Wisconsin Diagnostic Breast Cancer_10000;model_scores_soft_binary_crossentropy_Wisconsin Diagnostic Breast Cancer_10000;model_scores_binary_crossentropy_Wisconsin Diagnostic Breast Cancer_10000;model_scores_accuracy_Wisconsin Diagnostic Breast Cancer_10000;model_scores_f1_score_Wisconsin Diagnostic Breast Cancer_10000;model_scores_roc_auc_score_Wisconsin Diagnostic Breast Cancer_10000;model_scores_runtime_Wisconsin Diagnostic Breast Cancer_10000;dt_scores_soft_binary_crossentropy_['uniform', 'normal', 'gamma', 'beta', 'poisson']_Wisconsin Prognostic Breast Cancer_10000;dt_scores_binary_crossentropy_['uniform', 'normal', 'gamma', 'beta', 'poisson']_Wisconsin Prognostic Breast Cancer_10000;dt_scores_accuracy_['uniform', 'normal', 'gamma', 'beta', 'poisson']_Wisconsin Prognostic Breast Cancer_10000;dt_scores_f1_score_['uniform', 'normal', 'gamma', 'beta', 'poisson']_Wisconsin Prognostic Breast Cancer_10000;dt_scores_roc_auc_score_['uniform', 'normal', 'gamma', 'beta', 'poisson']_Wisconsin Prognostic Breast Cancer_10000;dt_scores_soft_binary_crossentropy_data_random_['uniform', 'normal', 'gamma', 'beta', 'poisson']_Wisconsin Prognostic Breast Cancer_10000;dt_scores_binary_crossentropy_data_random_['uniform', 'normal', 'gamma', 'beta', 'poisson']_Wisconsin Prognostic Breast Cancer_10000;dt_scores_accuracy_data_random_['uniform', 'normal', 'gamma', 'beta', 'poisson']_Wisconsin Prognostic Breast Cancer_10000;dt_scores_f1_score_data_random_['uniform', 'normal', 'gamma', 'beta', 'poisson']_Wisconsin Prognostic Breast Cancer_10000;dt_scores_roc_auc_score_data_random_['uniform', 'normal', 'gamma', 'beta', 'poisson']_Wisconsin Prognostic Breast Cancer_10000;dt_scores_runtime_['uniform', 'normal', 'gamma', 'beta', 'poisson']_Wisconsin Prognostic Breast Cancer_10000;dt_scores_soft_binary_crossentropy_Wisconsin Prognostic Breast Cancer_10000;dt_scores_binary_crossentropy_Wisconsin Prognostic Breast Cancer_10000;dt_scores_accuracy_Wisconsin Prognostic Breast Cancer_10000;dt_scores_f1_score_Wisconsin Prognostic Breast Cancer_10000;dt_scores_roc_auc_score_Wisconsin Prognostic Breast Cancer_10000;dt_scores_soft_binary_crossentropy_data_random_Wisconsin Prognostic Breast Cancer_10000;dt_scores_binary_crossentropy_data_random_Wisconsin Prognostic Breast Cancer_10000;dt_scores_accuracy_data_random_Wisconsin Prognostic Breast Cancer_10000;dt_scores_f1_score_data_random_Wisconsin Prognostic Breast Cancer_10000;dt_scores_roc_auc_score_data_random_Wisconsin Prognostic Breast Cancer_10000;dt_scores_soft_binary_crossentropy_std_Wisconsin Prognostic Breast Cancer_10000;dt_scores_binary_crossentropy_std_Wisconsin Prognostic Breast Cancer_10000;dt_scores_accuracy_std_Wisconsin Prognostic Breast Cancer_10000;dt_scores_f1_score_std_Wisconsin Prognostic Breast Cancer_10000;dt_scores_roc_auc_score_std_Wisconsin Prognostic Breast Cancer_10000;dt_scores_soft_binary_crossentropy_data_random_std_Wisconsin Prognostic Breast Cancer_10000;dt_scores_binary_crossentropy_data_random_std_Wisconsin Prognostic Breast Cancer_10000;dt_scores_accuracy_data_random_std_Wisconsin Prognostic Breast Cancer_10000;dt_scores_f1_score_data_random_std_Wisconsin Prognostic Breast Cancer_10000;dt_scores_roc_auc_score_data_random_std_Wisconsin Prognostic Breast Cancer_10000;dt_scores_runtime_Wisconsin Prognostic Breast Cancer_10000;inet_scores_soft_binary_crossentropy_Wisconsin Prognostic Breast Cancer_10000;inet_scores_binary_crossentropy_Wisconsin Prognostic Breast Cancer_10000;inet_scores_accuracy_Wisconsin Prognostic Breast Cancer_10000;inet_scores_f1_score_Wisconsin Prognostic Breast Cancer_10000;inet_scores_roc_auc_score_Wisconsin Prognostic Breast Cancer_10000;inet_scores_runtime_Wisconsin Prognostic Breast Cancer_10000;model_scores_soft_binary_crossentropy_Wisconsin Prognostic Breast Cancer_10000;model_scores_binary_crossentropy_Wisconsin Prognostic Breast Cancer_10000;model_scores_accuracy_Wisconsin Prognostic Breast Cancer_10000;model_scores_f1_score_Wisconsin Prognostic Breast Cancer_10000;model_scores_roc_auc_score_Wisconsin Prognostic Breast Cancer_10000;model_scores_runtime_Wisconsin Prognostic Breast Cancer_10000;dt_scores_soft_binary_crossentropy_['uniform', 'normal', 'gamma', 'beta', 'poisson']_Abalone_10000;dt_scores_binary_crossentropy_['uniform', 'normal', 'gamma', 'beta', 'poisson']_Abalone_10000;dt_scores_accuracy_['uniform', 'normal', 'gamma', 'beta', 'poisson']_Abalone_10000;dt_scores_f1_score_['uniform', 'normal', 'gamma', 'beta', 'poisson']_Abalone_10000;dt_scores_roc_auc_score_['uniform', 'normal', 'gamma', 'beta', 'poisson']_Abalone_10000;dt_scores_soft_binary_crossentropy_data_random_['uniform', 'normal', 'gamma', 'beta', 'poisson']_Abalone_10000;dt_scores_binary_crossentropy_data_random_['uniform', 'normal', 'gamma', 'beta', 'poisson']_Abalone_10000;dt_scores_accuracy_data_random_['uniform', 'normal', 'gamma', 'beta', 'poisson']_Abalone_10000;dt_scores_f1_score_data_random_['uniform', 'normal', 'gamma', 'beta', 'poisson']_Abalone_10000;dt_scores_roc_auc_score_data_random_['uniform', 'normal', 'gamma', 'beta', 'poisson']_Abalone_10000;dt_scores_runtime_['uniform', 'normal', 'gamma', 'beta', 'poisson']_Abalone_10000;dt_scores_soft_binary_crossentropy_Abalone_10000;dt_scores_binary_crossentropy_Abalone_10000;dt_scores_accuracy_Abalone_10000;dt_scores_f1_score_Abalone_10000;dt_scores_roc_auc_score_Abalone_10000;dt_scores_soft_binary_crossentropy_data_random_Abalone_10000;dt_scores_binary_crossentropy_data_random_Abalone_10000;dt_scores_accuracy_data_random_Abalone_10000;dt_scores_f1_score_data_random_Abalone_10000;dt_scores_roc_auc_score_data_random_Abalone_10000;dt_scores_soft_binary_crossentropy_std_Abalone_10000;dt_scores_binary_crossentropy_std_Abalone_10000;dt_scores_accuracy_std_Abalone_10000;dt_scores_f1_score_std_Abalone_10000;dt_scores_roc_auc_score_std_Abalone_10000;dt_scores_soft_binary_crossentropy_data_random_std_Abalone_10000;dt_scores_binary_crossentropy_data_random_std_Abalone_10000;dt_scores_accuracy_data_random_std_Abalone_10000;dt_scores_f1_score_data_random_std_Abalone_10000;dt_scores_roc_auc_score_data_random_std_Abalone_10000;dt_scores_runtime_Abalone_10000;inet_scores_soft_binary_crossentropy_Abalone_10000;inet_scores_binary_crossentropy_Abalone_10000;inet_scores_accuracy_Abalone_10000;inet_scores_f1_score_Abalone_10000;inet_scores_roc_auc_score_Abalone_10000;inet_scores_runtime_Abalone_10000;model_scores_soft_binary_crossentropy_Abalone_10000;model_scores_binary_crossentropy_Abalone_10000;model_scores_accuracy_Abalone_10000;model_scores_f1_score_Abalone_10000;model_scores_roc_auc_score_Abalone_10000;model_scores_runtime_Abalone_10000;dt_scores_soft_binary_crossentropy_['uniform', 'normal', 'gamma', 'beta', 'poisson']_Car_10000;dt_scores_binary_crossentropy_['uniform', 'normal', 'gamma', 'beta', 'poisson']_Car_10000;dt_scores_accuracy_['uniform', 'normal', 'gamma', 'beta', 'poisson']_Car_10000;dt_scores_f1_score_['uniform', 'normal', 'gamma', 'beta', 'poisson']_Car_10000;dt_scores_roc_auc_score_['uniform', 'normal', 'gamma', 'beta', 'poisson']_Car_10000;dt_scores_soft_binary_crossentropy_data_random_['uniform', 'normal', 'gamma', 'beta', 'poisson']_Car_10000;dt_scores_binary_crossentropy_data_random_['uniform', 'normal', 'gamma', 'beta', 'poisson']_Car_10000;dt_scores_accuracy_data_random_['uniform', 'normal', 'gamma', 'beta', 'poisson']_Car_10000;dt_scores_f1_score_data_random_['uniform', 'normal', 'gamma', 'beta', 'poisson']_Car_10000;dt_scores_roc_auc_score_data_random_['uniform', 'normal', 'gamma', 'beta', 'poisson']_Car_10000;dt_scores_runtime_['uniform', 'normal', 'gamma', 'beta', 'poisson']_Car_10000;dt_scores_soft_binary_crossentropy_Car_10000;dt_scores_binary_crossentropy_Car_10000;dt_scores_accuracy_Car_10000;dt_scores_f1_score_Car_10000;dt_scores_roc_auc_score_Car_10000;dt_scores_soft_binary_crossentropy_data_random_Car_10000;dt_scores_binary_crossentropy_data_random_Car_10000;dt_scores_accuracy_data_random_Car_10000;dt_scores_f1_score_data_random_Car_10000;dt_scores_roc_auc_score_data_random_Car_10000;dt_scores_soft_binary_crossentropy_std_Car_10000;dt_scores_binary_crossentropy_std_Car_10000;dt_scores_accuracy_std_Car_10000;dt_scores_f1_score_std_Car_10000;dt_scores_roc_auc_score_std_Car_10000;dt_scores_soft_binary_crossentropy_data_random_std_Car_10000;dt_scores_binary_crossentropy_data_random_std_Car_10000;dt_scores_accuracy_data_random_std_Car_10000;dt_scores_f1_score_data_random_std_Car_10000;dt_scores_roc_auc_score_data_random_std_Car_10000;dt_scores_runtime_Car_10000;inet_scores_soft_binary_crossentropy_Car_10000;inet_scores_binary_crossentropy_Car_10000;inet_scores_accuracy_Car_10000;inet_scores_f1_score_Car_10000;inet_scores_roc_auc_score_Car_10000;inet_scores_runtime_Car_10000;model_scores_soft_binary_crossentropy_Car_10000;model_scores_binary_crossentropy_Car_10000;model_scores_accuracy_Car_10000;model_scores_f1_score_Car_10000;model_scores_roc_auc_score_Car_10000;model_scores_runtime_Car_10000;dt_scores_soft_binary_crossentropy_['uniform', 'normal', 'gamma', 'beta', 'poisson']_Heart Disease_10000;dt_scores_binary_crossentropy_['uniform', 'normal', 'gamma', 'beta', 'poisson']_Heart Disease_10000;dt_scores_accuracy_['uniform', 'normal', 'gamma', 'beta', 'poisson']_Heart Disease_10000;dt_scores_f1_score_['uniform', 'normal', 'gamma', 'beta', 'poisson']_Heart Disease_10000;dt_scores_roc_auc_score_['uniform', 'normal', 'gamma', 'beta', 'poisson']_Heart Disease_10000;dt_scores_soft_binary_crossentropy_data_random_['uniform', 'normal', 'gamma', 'beta', 'poisson']_Heart Disease_10000;dt_scores_binary_crossentropy_data_random_['uniform', 'normal', 'gamma', 'beta', 'poisson']_Heart Disease_10000;dt_scores_accuracy_data_random_['uniform', 'normal', 'gamma', 'beta', 'poisson']_Heart Disease_10000;dt_scores_f1_score_data_random_['uniform', 'normal', 'gamma', 'beta', 'poisson']_Heart Disease_10000;dt_scores_roc_auc_score_data_random_['uniform', 'normal', 'gamma', 'beta', 'poisson']_Heart Disease_10000;dt_scores_runtime_['uniform', 'normal', 'gamma', 'beta', 'poisson']_Heart Disease_10000;dt_scores_soft_binary_crossentropy_Heart Disease_10000;dt_scores_binary_crossentropy_Heart Disease_10000;dt_scores_accuracy_Heart Disease_10000;dt_scores_f1_score_Heart Disease_10000;dt_scores_roc_auc_score_Heart Disease_10000;dt_scores_soft_binary_crossentropy_data_random_Heart Disease_10000;dt_scores_binary_crossentropy_data_random_Heart Disease_10000;dt_scores_accuracy_data_random_Heart Disease_10000;dt_scores_f1_score_data_random_Heart Disease_10000;dt_scores_roc_auc_score_data_random_Heart Disease_10000;dt_scores_soft_binary_crossentropy_std_Heart Disease_10000;dt_scores_binary_crossentropy_std_Heart Disease_10000;dt_scores_accuracy_std_Heart Disease_10000;dt_scores_f1_score_std_Heart Disease_10000;dt_scores_roc_auc_score_std_Heart Disease_10000;dt_scores_soft_binary_crossentropy_data_random_std_Heart Disease_10000;dt_scores_binary_crossentropy_data_random_std_Heart Disease_10000;dt_scores_accuracy_data_random_std_Heart Disease_10000;dt_scores_f1_score_data_random_std_Heart Disease_10000;dt_scores_roc_auc_score_data_random_std_Heart Disease_10000;dt_scores_runtime_Heart Disease_10000;inet_scores_soft_binary_crossentropy_Heart Disease_10000;inet_scores_binary_crossentropy_Heart Disease_10000;inet_scores_accuracy_Heart Disease_10000;inet_scores_f1_score_Heart Disease_10000;inet_scores_roc_auc_score_Heart Disease_10000;inet_scores_runtime_Heart Disease_10000;model_scores_soft_binary_crossentropy_Heart Disease_10000;model_scores_binary_crossentropy_Heart Disease_10000;model_scores_accuracy_Heart Disease_10000;model_scores_f1_score_Heart Disease_10000;model_scores_roc_auc_score_Heart Disease_10000;model_scores_runtime_Heart Disease_10000;dt_scores_soft_binary_crossentropy_['uniform', 'normal', 'gamma', 'beta', 'poisson']_Credit Card_10000;dt_scores_binary_crossentropy_['uniform', 'normal', 'gamma', 'beta', 'poisson']_Credit Card_10000;dt_scores_accuracy_['uniform', 'normal', 'gamma', 'beta', 'poisson']_Credit Card_10000;dt_scores_f1_score_['uniform', 'normal', 'gamma', 'beta', 'poisson']_Credit Card_10000;dt_scores_roc_auc_score_['uniform', 'normal', 'gamma', 'beta', 'poisson']_Credit Card_10000;dt_scores_soft_binary_crossentropy_data_random_['uniform', 'normal', 'gamma', 'beta', 'poisson']_Credit Card_10000;dt_scores_binary_crossentropy_data_random_['uniform', 'normal', 'gamma', 'beta', 'poisson']_Credit Card_10000;dt_scores_accuracy_data_random_['uniform', 'normal', 'gamma', 'beta', 'poisson']_Credit Card_10000;dt_scores_f1_score_data_random_['uniform', 'normal', 'gamma', 'beta', 'poisson']_Credit Card_10000;dt_scores_roc_auc_score_data_random_['uniform', 'normal', 'gamma', 'beta', 'poisson']_Credit Card_10000;dt_scores_runtime_['uniform', 'normal', 'gamma', 'beta', 'poisson']_Credit Card_10000;dt_scores_soft_binary_crossentropy_Credit Card_10000;dt_scores_binary_crossentropy_Credit Card_10000;dt_scores_accuracy_Credit Card_10000;dt_scores_f1_score_Credit Card_10000;dt_scores_roc_auc_score_Credit Card_10000;dt_scores_soft_binary_crossentropy_data_random_Credit Card_10000;dt_scores_binary_crossentropy_data_random_Credit Card_10000;dt_scores_accuracy_data_random_Credit Card_10000;dt_scores_f1_score_data_random_Credit Card_10000;dt_scores_roc_auc_score_data_random_Credit Card_10000;dt_scores_soft_binary_crossentropy_std_Credit Card_10000;dt_scores_binary_crossentropy_std_Credit Card_10000;dt_scores_accuracy_std_Credit Card_10000;dt_scores_f1_score_std_Credit Card_10000;dt_scores_roc_auc_score_std_Credit Card_10000;dt_scores_soft_binary_crossentropy_data_random_std_Credit Card_10000;dt_scores_binary_crossentropy_data_random_std_Credit Card_10000;dt_scores_accuracy_data_random_std_Credit Card_10000;dt_scores_f1_score_data_random_std_Credit Card_10000;dt_scores_roc_auc_score_data_random_std_Credit Card_10000;dt_scores_runtime_Credit Card_10000;inet_scores_soft_binary_crossentropy_Credit Card_10000;inet_scores_binary_crossentropy_Credit Card_10000;inet_scores_accuracy_Credit Card_10000;inet_scores_f1_score_Credit Card_10000;inet_scores_roc_auc_score_Credit Card_10000;inet_scores_runtime_Credit Card_10000;model_scores_soft_binary_crossentropy_Credit Card_10000;model_scores_binary_crossentropy_Credit Card_10000;model_scores_accuracy_Credit Card_10000;model_scores_f1_score_Credit Card_10000;model_scores_roc_auc_score_Credit Card_10000;model_scores_runtime_Credit Card_10000;dt_scores_soft_binary_crossentropy_['uniform', 'normal', 'gamma', 'beta', 'poisson']_Haberman_10000;dt_scores_binary_crossentropy_['uniform', 'normal', 'gamma', 'beta', 'poisson']_Haberman_10000;dt_scores_accuracy_['uniform', 'normal', 'gamma', 'beta', 'poisson']_Haberman_10000;dt_scores_f1_score_['uniform', 'normal', 'gamma', 'beta', 'poisson']_Haberman_10000;dt_scores_roc_auc_score_['uniform', 'normal', 'gamma', 'beta', 'poisson']_Haberman_10000;dt_scores_soft_binary_crossentropy_data_random_['uniform', 'normal', 'gamma', 'beta', 'poisson']_Haberman_10000;dt_scores_binary_crossentropy_data_random_['uniform', 'normal', 'gamma', 'beta', 'poisson']_Haberman_10000;dt_scores_accuracy_data_random_['uniform', 'normal', 'gamma', 'beta', 'poisson']_Haberman_10000;dt_scores_f1_score_data_random_['uniform', 'normal', 'gamma', 'beta', 'poisson']_Haberman_10000;dt_scores_roc_auc_score_data_random_['uniform', 'normal', 'gamma', 'beta', 'poisson']_Haberman_10000;dt_scores_runtime_['uniform', 'normal', 'gamma', 'beta', 'poisson']_Haberman_10000;dt_scores_soft_binary_crossentropy_Haberman_10000;dt_scores_binary_crossentropy_Haberman_10000;dt_scores_accuracy_Haberman_10000;dt_scores_f1_score_Haberman_10000;dt_scores_roc_auc_score_Haberman_10000;dt_scores_soft_binary_crossentropy_data_random_Haberman_10000;dt_scores_binary_crossentropy_data_random_Haberman_10000;dt_scores_accuracy_data_random_Haberman_10000;dt_scores_f1_score_data_random_Haberman_10000;dt_scores_roc_auc_score_data_random_Haberman_10000;dt_scores_soft_binary_crossentropy_std_Haberman_10000;dt_scores_binary_crossentropy_std_Haberman_10000;dt_scores_accuracy_std_Haberman_10000;dt_scores_f1_score_std_Haberman_10000;dt_scores_roc_auc_score_std_Haberman_10000;dt_scores_soft_binary_crossentropy_data_random_std_Haberman_10000;dt_scores_binary_crossentropy_data_random_std_Haberman_10000;dt_scores_accuracy_data_random_std_Haberman_10000;dt_scores_f1_score_data_random_std_Haberman_10000;dt_scores_roc_auc_score_data_random_std_Haberman_10000;dt_scores_runtime_Haberman_10000;inet_scores_soft_binary_crossentropy_Haberman_10000;inet_scores_binary_crossentropy_Haberman_10000;inet_scores_accuracy_Haberman_10000;inet_scores_f1_score_Haberman_10000;inet_scores_roc_auc_score_Haberman_10000;inet_scores_runtime_Haberman_10000;model_scores_soft_binary_crossentropy_Haberman_10000;model_scores_binary_crossentropy_Haberman_10000;model_scores_accuracy_Haberman_10000;model_scores_f1_score_Haberman_10000;model_scores_roc_auc_score_Haberman_10000;model_scores_runtime_Haberman_10000;dt_scores_soft_binary_crossentropy_['uniform', 'normal', 'gamma', 'beta', 'poisson']_Adult_10000;dt_scores_binary_crossentropy_['uniform', 'normal', 'gamma', 'beta', 'poisson']_Adult_10000;dt_scores_accuracy_['uniform', 'normal', 'gamma', 'beta', 'poisson']_Adult_10000;dt_scores_f1_score_['uniform', 'normal', 'gamma', 'beta', 'poisson']_Adult_10000;dt_scores_roc_auc_score_['uniform', 'normal', 'gamma', 'beta', 'poisson']_Adult_10000;dt_scores_soft_binary_crossentropy_data_random_['uniform', 'normal', 'gamma', 'beta', 'poisson']_Adult_10000;dt_scores_binary_crossentropy_data_random_['uniform', 'normal', 'gamma', 'beta', 'poisson']_Adult_10000;dt_scores_accuracy_data_random_['uniform', 'normal', 'gamma', 'beta', 'poisson']_Adult_10000;dt_scores_f1_score_data_random_['uniform', 'normal', 'gamma', 'beta', 'poisson']_Adult_10000;dt_scores_roc_auc_score_data_random_['uniform', 'normal', 'gamma', 'beta', 'poisson']_Adult_10000;dt_scores_runtime_['uniform', 'normal', 'gamma', 'beta', 'poisson']_Adult_10000;dt_scores_soft_binary_crossentropy_Adult_10000;dt_scores_binary_crossentropy_Adult_10000;dt_scores_accuracy_Adult_10000;dt_scores_f1_score_Adult_10000;dt_scores_roc_auc_score_Adult_10000;dt_scores_soft_binary_crossentropy_data_random_Adult_10000;dt_scores_binary_crossentropy_data_random_Adult_10000;dt_scores_accuracy_data_random_Adult_10000;dt_scores_f1_score_data_random_Adult_10000;dt_scores_roc_auc_score_data_random_Adult_10000;dt_scores_soft_binary_crossentropy_std_Adult_10000;dt_scores_binary_crossentropy_std_Adult_10000;dt_scores_accuracy_std_Adult_10000;dt_scores_f1_score_std_Adult_10000;dt_scores_roc_auc_score_std_Adult_10000;dt_scores_soft_binary_crossentropy_data_random_std_Adult_10000;dt_scores_binary_crossentropy_data_random_std_Adult_10000;dt_scores_accuracy_data_random_std_Adult_10000;dt_scores_f1_score_data_random_std_Adult_10000;dt_scores_roc_auc_score_data_random_std_Adult_10000;dt_scores_runtime_Adult_10000;inet_scores_soft_binary_crossentropy_Adult_10000;inet_scores_binary_crossentropy_Adult_10000;inet_scores_accuracy_Adult_10000;inet_scores_f1_score_Adult_10000;inet_scores_roc_auc_score_Adult_10000;inet_scores_runtime_Adult_10000;model_scores_soft_binary_crossentropy_Adult_10000;model_scores_binary_crossentropy_Adult_10000;model_scores_accuracy_Adult_10000;model_scores_f1_score_Adult_10000;model_scores_roc_auc_score_Adult_10000;model_scores_runtime_Adult_10000;dt_scores_soft_binary_crossentropy_['uniform', 'normal', 'gamma', 'beta', 'poisson']_Titanic_10000;dt_scores_binary_crossentropy_['uniform', 'normal', 'gamma', 'beta', 'poisson']_Titanic_10000;dt_scores_accuracy_['uniform', 'normal', 'gamma', 'beta', 'poisson']_Titanic_10000;dt_scores_f1_score_['uniform', 'normal', 'gamma', 'beta', 'poisson']_Titanic_10000;dt_scores_roc_auc_score_['uniform', 'normal', 'gamma', 'beta', 'poisson']_Titanic_10000;dt_scores_soft_binary_crossentropy_data_random_['uniform', 'normal', 'gamma', 'beta', 'poisson']_Titanic_10000;dt_scores_binary_crossentropy_data_random_['uniform', 'normal', 'gamma', 'beta', 'poisson']_Titanic_10000;dt_scores_accuracy_data_random_['uniform', 'normal', 'gamma', 'beta', 'poisson']_Titanic_10000;dt_scores_f1_score_data_random_['uniform', 'normal', 'gamma', 'beta', 'poisson']_Titanic_10000;dt_scores_roc_auc_score_data_random_['uniform', 'normal', 'gamma', 'beta', 'poisson']_Titanic_10000;dt_scores_runtime_['uniform', 'normal', 'gamma', 'beta', 'poisson']_Titanic_10000;dt_scores_soft_binary_crossentropy_Titanic_10000;dt_scores_binary_crossentropy_Titanic_10000;dt_scores_accuracy_Titanic_10000;dt_scores_f1_score_Titanic_10000;dt_scores_roc_auc_score_Titanic_10000;dt_scores_soft_binary_crossentropy_data_random_Titanic_10000;dt_scores_binary_crossentropy_data_random_Titanic_10000;dt_scores_accuracy_data_random_Titanic_10000;dt_scores_f1_score_data_random_Titanic_10000;dt_scores_roc_auc_score_data_random_Titanic_10000;dt_scores_soft_binary_crossentropy_std_Titanic_10000;dt_scores_binary_crossentropy_std_Titanic_10000;dt_scores_accuracy_std_Titanic_10000;dt_scores_f1_score_std_Titanic_10000;dt_scores_roc_auc_score_std_Titanic_10000;dt_scores_soft_binary_crossentropy_data_random_std_Titanic_10000;dt_scores_binary_crossentropy_data_random_std_Titanic_10000;dt_scores_accuracy_data_random_std_Titanic_10000;dt_scores_f1_score_data_random_std_Titanic_10000;dt_scores_roc_auc_score_data_random_std_Titanic_10000;dt_scores_runtime_Titanic_10000;inet_scores_soft_binary_crossentropy_Titanic_10000;inet_scores_binary_crossentropy_Titanic_10000;inet_scores_accuracy_Titanic_10000;inet_scores_f1_score_Titanic_10000;inet_scores_roc_auc_score_Titanic_10000;inet_scores_runtime_Titanic_10000;model_scores_soft_binary_crossentropy_Titanic_10000;model_scores_binary_crossentropy_Titanic_10000;model_scores_accuracy_Titanic_10000;model_scores_f1_score_Titanic_10000;model_scores_roc_auc_score_Titanic_10000;model_scores_runtime_Titanic_10000;dt_scores_soft_binary_crossentropy_['uniform', 'normal', 'gamma', 'beta', 'poisson']_Absenteeism_10000;dt_scores_binary_crossentropy_['uniform', 'normal', 'gamma', 'beta', 'poisson']_Absenteeism_10000;dt_scores_accuracy_['uniform', 'normal', 'gamma', 'beta', 'poisson']_Absenteeism_10000;dt_scores_f1_score_['uniform', 'normal', 'gamma', 'beta', 'poisson']_Absenteeism_10000;dt_scores_roc_auc_score_['uniform', 'normal', 'gamma', 'beta', 'poisson']_Absenteeism_10000;dt_scores_soft_binary_crossentropy_data_random_['uniform', 'normal', 'gamma', 'beta', 'poisson']_Absenteeism_10000;dt_scores_binary_crossentropy_data_random_['uniform', 'normal', 'gamma', 'beta', 'poisson']_Absenteeism_10000;dt_scores_accuracy_data_random_['uniform', 'normal', 'gamma', 'beta', 'poisson']_Absenteeism_10000;dt_scores_f1_score_data_random_['uniform', 'normal', 'gamma', 'beta', 'poisson']_Absenteeism_10000;dt_scores_roc_auc_score_data_random_['uniform', 'normal', 'gamma', 'beta', 'poisson']_Absenteeism_10000;dt_scores_runtime_['uniform', 'normal', 'gamma', 'beta', 'poisson']_Absenteeism_10000;dt_scores_soft_binary_crossentropy_Absenteeism_10000;dt_scores_binary_crossentropy_Absenteeism_10000;dt_scores_accuracy_Absenteeism_10000;dt_scores_f1_score_Absenteeism_10000;dt_scores_roc_auc_score_Absenteeism_10000;dt_scores_soft_binary_crossentropy_data_random_Absenteeism_10000;dt_scores_binary_crossentropy_data_random_Absenteeism_10000;dt_scores_accuracy_data_random_Absenteeism_10000;dt_scores_f1_score_data_random_Absenteeism_10000;dt_scores_roc_auc_score_data_random_Absenteeism_10000;dt_scores_soft_binary_crossentropy_std_Absenteeism_10000;dt_scores_binary_crossentropy_std_Absenteeism_10000;dt_scores_accuracy_std_Absenteeism_10000;dt_scores_f1_score_std_Absenteeism_10000;dt_scores_roc_auc_score_std_Absenteeism_10000;dt_scores_soft_binary_crossentropy_data_random_std_Absenteeism_10000;dt_scores_binary_crossentropy_data_random_std_Absenteeism_10000;dt_scores_accuracy_data_random_std_Absenteeism_10000;dt_scores_f1_score_data_random_std_Absenteeism_10000;dt_scores_roc_auc_score_data_random_std_Absenteeism_10000;dt_scores_runtime_Absenteeism_10000;inet_scores_soft_binary_crossentropy_Absenteeism_10000;inet_scores_binary_crossentropy_Absenteeism_10000;inet_scores_accuracy_Absenteeism_10000;inet_scores_f1_score_Absenteeism_10000;inet_scores_roc_auc_score_Absenteeism_10000;inet_scores_runtime_Absenteeism_10000;model_scores_soft_binary_crossentropy_Absenteeism_10000;model_scores_binary_crossentropy_Absenteeism_10000;model_scores_accuracy_Absenteeism_10000;model_scores_f1_score_Absenteeism_10000;model_scores_roc_auc_score_Absenteeism_10000;model_scores_runtime_Absenteeism_10000;dt_scores_soft_binary_crossentropy_['uniform', 'normal', 'gamma', 'beta', 'poisson']_Loan House_10000;dt_scores_binary_crossentropy_['uniform', 'normal', 'gamma', 'beta', 'poisson']_Loan House_10000;dt_scores_accuracy_['uniform', 'normal', 'gamma', 'beta', 'poisson']_Loan House_10000;dt_scores_f1_score_['uniform', 'normal', 'gamma', 'beta', 'poisson']_Loan House_10000;dt_scores_roc_auc_score_['uniform', 'normal', 'gamma', 'beta', 'poisson']_Loan House_10000;dt_scores_soft_binary_crossentropy_data_random_['uniform', 'normal', 'gamma', 'beta', 'poisson']_Loan House_10000;dt_scores_binary_crossentropy_data_random_['uniform', 'normal', 'gamma', 'beta', 'poisson']_Loan House_10000;dt_scores_accuracy_data_random_['uniform', 'normal', 'gamma', 'beta', 'poisson']_Loan House_10000;dt_scores_f1_score_data_random_['uniform', 'normal', 'gamma', 'beta', 'poisson']_Loan House_10000;dt_scores_roc_auc_score_data_random_['uniform', 'normal', 'gamma', 'beta', 'poisson']_Loan House_10000;dt_scores_runtime_['uniform', 'normal', 'gamma', 'beta', 'poisson']_Loan House_10000;dt_scores_soft_binary_crossentropy_Loan House_10000;dt_scores_binary_crossentropy_Loan House_10000;dt_scores_accuracy_Loan House_10000;dt_scores_f1_score_Loan House_10000;dt_scores_roc_auc_score_Loan House_10000;dt_scores_soft_binary_crossentropy_data_random_Loan House_10000;dt_scores_binary_crossentropy_data_random_Loan House_10000;dt_scores_accuracy_data_random_Loan House_10000;dt_scores_f1_score_data_random_Loan House_10000;dt_scores_roc_auc_score_data_random_Loan House_10000;dt_scores_soft_binary_crossentropy_std_Loan House_10000;dt_scores_binary_crossentropy_std_Loan House_10000;dt_scores_accuracy_std_Loan House_10000;dt_scores_f1_score_std_Loan House_10000;dt_scores_roc_auc_score_std_Loan House_10000;dt_scores_soft_binary_crossentropy_data_random_std_Loan House_10000;dt_scores_binary_crossentropy_data_random_std_Loan House_10000;dt_scores_accuracy_data_random_std_Loan House_10000;dt_scores_f1_score_data_random_std_Loan House_10000;dt_scores_roc_auc_score_data_random_std_Loan House_10000;dt_scores_runtime_Loan House_10000;inet_scores_soft_binary_crossentropy_Loan House_10000;inet_scores_binary_crossentropy_Loan House_10000;inet_scores_accuracy_Loan House_10000;inet_scores_f1_score_Loan House_10000;inet_scores_roc_auc_score_Loan House_10000;inet_scores_runtime_Loan House_10000;model_scores_soft_binary_crossentropy_Loan House_10000;model_scores_binary_crossentropy_Loan House_10000;model_scores_accuracy_Loan House_10000;model_scores_f1_score_Loan House_10000;model_scores_roc_auc_score_Loan House_10000;model_scores_runtime_Loan House_10000;dt_scores_soft_binary_crossentropy_['uniform', 'normal', 'gamma', 'beta', 'poisson']_Loan Credit_10000;dt_scores_binary_crossentropy_['uniform', 'normal', 'gamma', 'beta', 'poisson']_Loan Credit_10000;dt_scores_accuracy_['uniform', 'normal', 'gamma', 'beta', 'poisson']_Loan Credit_10000;dt_scores_f1_score_['uniform', 'normal', 'gamma', 'beta', 'poisson']_Loan Credit_10000;dt_scores_roc_auc_score_['uniform', 'normal', 'gamma', 'beta', 'poisson']_Loan Credit_10000;dt_scores_soft_binary_crossentropy_data_random_['uniform', 'normal', 'gamma', 'beta', 'poisson']_Loan Credit_10000;dt_scores_binary_crossentropy_data_random_['uniform', 'normal', 'gamma', 'beta', 'poisson']_Loan Credit_10000;dt_scores_accuracy_data_random_['uniform', 'normal', 'gamma', 'beta', 'poisson']_Loan Credit_10000;dt_scores_f1_score_data_random_['uniform', 'normal', 'gamma', 'beta', 'poisson']_Loan Credit_10000;dt_scores_roc_auc_score_data_random_['uniform', 'normal', 'gamma', 'beta', 'poisson']_Loan Credit_10000;dt_scores_runtime_['uniform', 'normal', 'gamma', 'beta', 'poisson']_Loan Credit_10000;dt_scores_soft_binary_crossentropy_Loan Credit_10000;dt_scores_binary_crossentropy_Loan Credit_10000;dt_scores_accuracy_Loan Credit_10000;dt_scores_f1_score_Loan Credit_10000;dt_scores_roc_auc_score_Loan Credit_10000;dt_scores_soft_binary_crossentropy_data_random_Loan Credit_10000;dt_scores_binary_crossentropy_data_random_Loan Credit_10000;dt_scores_accuracy_data_random_Loan Credit_10000;dt_scores_f1_score_data_random_Loan Credit_10000;dt_scores_roc_auc_score_data_random_Loan Credit_10000;dt_scores_soft_binary_crossentropy_std_Loan Credit_10000;dt_scores_binary_crossentropy_std_Loan Credit_10000;dt_scores_accuracy_std_Loan Credit_10000;dt_scores_f1_score_std_Loan Credit_10000;dt_scores_roc_auc_score_std_Loan Credit_10000;dt_scores_soft_binary_crossentropy_data_random_std_Loan Credit_10000;dt_scores_binary_crossentropy_data_random_std_Loan Credit_10000;dt_scores_accuracy_data_random_std_Loan Credit_10000;dt_scores_f1_score_data_random_std_Loan Credit_10000;dt_scores_roc_auc_score_data_random_std_Loan Credit_10000;dt_scores_runtime_Loan Credit_10000;inet_scores_soft_binary_crossentropy_Loan Credit_10000;inet_scores_binary_crossentropy_Loan Credit_10000;inet_scores_accuracy_Loan Credit_10000;inet_scores_f1_score_Loan Credit_10000;inet_scores_roc_auc_score_Loan Credit_10000;inet_scores_runtime_Loan Credit_10000;model_scores_soft_binary_crossentropy_Loan Credit_10000;model_scores_binary_crossentropy_Loan Credit_10000;model_scores_accuracy_Loan Credit_10000;model_scores_f1_score_Loan Credit_10000;model_scores_roc_auc_score_Loan Credit_10000;model_scores_runtime_Loan Credit_10000;dt_scores_soft_binary_crossentropy_['uniform', 'normal', 'gamma', 'beta', 'poisson']_Medical Insurance_10000;dt_scores_binary_crossentropy_['uniform', 'normal', 'gamma', 'beta', 'poisson']_Medical Insurance_10000;dt_scores_accuracy_['uniform', 'normal', 'gamma', 'beta', 'poisson']_Medical Insurance_10000;dt_scores_f1_score_['uniform', 'normal', 'gamma', 'beta', 'poisson']_Medical Insurance_10000;dt_scores_roc_auc_score_['uniform', 'normal', 'gamma', 'beta', 'poisson']_Medical Insurance_10000;dt_scores_soft_binary_crossentropy_data_random_['uniform', 'normal', 'gamma', 'beta', 'poisson']_Medical Insurance_10000;dt_scores_binary_crossentropy_data_random_['uniform', 'normal', 'gamma', 'beta', 'poisson']_Medical Insurance_10000;dt_scores_accuracy_data_random_['uniform', 'normal', 'gamma', 'beta', 'poisson']_Medical Insurance_10000;dt_scores_f1_score_data_random_['uniform', 'normal', 'gamma', 'beta', 'poisson']_Medical Insurance_10000;dt_scores_roc_auc_score_data_random_['uniform', 'normal', 'gamma', 'beta', 'poisson']_Medical Insurance_10000;dt_scores_runtime_['uniform', 'normal', 'gamma', 'beta', 'poisson']_Medical Insurance_10000;dt_scores_soft_binary_crossentropy_Medical Insurance_10000;dt_scores_binary_crossentropy_Medical Insurance_10000;dt_scores_accuracy_Medical Insurance_10000;dt_scores_f1_score_Medical Insurance_10000;dt_scores_roc_auc_score_Medical Insurance_10000;dt_scores_soft_binary_crossentropy_data_random_Medical Insurance_10000;dt_scores_binary_crossentropy_data_random_Medical Insurance_10000;dt_scores_accuracy_data_random_Medical Insurance_10000;dt_scores_f1_score_data_random_Medical Insurance_10000;dt_scores_roc_auc_score_data_random_Medical Insurance_10000;dt_scores_soft_binary_crossentropy_std_Medical Insurance_10000;dt_scores_binary_crossentropy_std_Medical Insurance_10000;dt_scores_accuracy_std_Medical Insurance_10000;dt_scores_f1_score_std_Medical Insurance_10000;dt_scores_roc_auc_score_std_Medical Insurance_10000;dt_scores_soft_binary_crossentropy_data_random_std_Medical Insurance_10000;dt_scores_binary_crossentropy_data_random_std_Medical Insurance_10000;dt_scores_accuracy_data_random_std_Medical Insurance_10000;dt_scores_f1_score_data_random_std_Medical Insurance_10000;dt_scores_roc_auc_score_data_random_std_Medical Insurance_10000;dt_scores_runtime_Medical Insurance_10000;inet_scores_soft_binary_crossentropy_Medical Insurance_10000;inet_scores_binary_crossentropy_Medical Insurance_10000;inet_scores_accuracy_Medical Insurance_10000;inet_scores_f1_score_Medical Insurance_10000;inet_scores_roc_auc_score_Medical Insurance_10000;inet_scores_runtime_Medical Insurance_10000;model_scores_soft_binary_crossentropy_Medical Insurance_10000;model_scores_binary_crossentropy_Medical Insurance_10000;model_scores_accuracy_Medical Insurance_10000;model_scores_f1_score_Medical Insurance_10000;model_scores_roc_auc_score_Medical Insurance_10000;model_scores_runtime_Medical Insurance_10000;dt_scores_soft_binary_crossentropy_['uniform', 'normal', 'gamma', 'beta', 'poisson']_Bank Marketing_10000;dt_scores_binary_crossentropy_['uniform', 'normal', 'gamma', 'beta', 'poisson']_Bank Marketing_10000;dt_scores_accuracy_['uniform', 'normal', 'gamma', 'beta', 'poisson']_Bank Marketing_10000;dt_scores_f1_score_['uniform', 'normal', 'gamma', 'beta', 'poisson']_Bank Marketing_10000;dt_scores_roc_auc_score_['uniform', 'normal', 'gamma', 'beta', 'poisson']_Bank Marketing_10000;dt_scores_soft_binary_crossentropy_data_random_['uniform', 'normal', 'gamma', 'beta', 'poisson']_Bank Marketing_10000;dt_scores_binary_crossentropy_data_random_['uniform', 'normal', 'gamma', 'beta', 'poisson']_Bank Marketing_10000;dt_scores_accuracy_data_random_['uniform', 'normal', 'gamma', 'beta', 'poisson']_Bank Marketing_10000;dt_scores_f1_score_data_random_['uniform', 'normal', 'gamma', 'beta', 'poisson']_Bank Marketing_10000;dt_scores_roc_auc_score_data_random_['uniform', 'normal', 'gamma', 'beta', 'poisson']_Bank Marketing_10000;dt_scores_runtime_['uniform', 'normal', 'gamma', 'beta', 'poisson']_Bank Marketing_10000;dt_scores_soft_binary_crossentropy_Bank Marketing_10000;dt_scores_binary_crossentropy_Bank Marketing_10000;dt_scores_accuracy_Bank Marketing_10000;dt_scores_f1_score_Bank Marketing_10000;dt_scores_roc_auc_score_Bank Marketing_10000;dt_scores_soft_binary_crossentropy_data_random_Bank Marketing_10000;dt_scores_binary_crossentropy_data_random_Bank Marketing_10000;dt_scores_accuracy_data_random_Bank Marketing_10000;dt_scores_f1_score_data_random_Bank Marketing_10000;dt_scores_roc_auc_score_data_random_Bank Marketing_10000;dt_scores_soft_binary_crossentropy_std_Bank Marketing_10000;dt_scores_binary_crossentropy_std_Bank Marketing_10000;dt_scores_accuracy_std_Bank Marketing_10000;dt_scores_f1_score_std_Bank Marketing_10000;dt_scores_roc_auc_score_std_Bank Marketing_10000;dt_scores_soft_binary_crossentropy_data_random_std_Bank Marketing_10000;dt_scores_binary_crossentropy_data_random_std_Bank Marketing_10000;dt_scores_accuracy_data_random_std_Bank Marketing_10000;dt_scores_f1_score_data_random_std_Bank Marketing_10000;dt_scores_roc_auc_score_data_random_std_Bank Marketing_10000;dt_scores_runtime_Bank Marketing_10000;inet_scores_soft_binary_crossentropy_Bank Marketing_10000;inet_scores_binary_crossentropy_Bank Marketing_10000;inet_scores_accuracy_Bank Marketing_10000;inet_scores_f1_score_Bank Marketing_10000;inet_scores_roc_auc_score_Bank Marketing_10000;inet_scores_runtime_Bank Marketing_10000;model_scores_soft_binary_crossentropy_Bank Marketing_10000;model_scores_binary_crossentropy_Bank Marketing_10000;model_scores_accuracy_Bank Marketing_10000;model_scores_f1_score_Bank Marketing_10000;model_scores_roc_auc_score_Bank Marketing_10000;model_scores_runtime_Bank Marketing_10000;dt_scores_soft_binary_crossentropy_['uniform', 'normal', 'gamma', 'beta', 'poisson']_Cervical Cancer_10000;dt_scores_binary_crossentropy_['uniform', 'normal', 'gamma', 'beta', 'poisson']_Cervical Cancer_10000;dt_scores_accuracy_['uniform', 'normal', 'gamma', 'beta', 'poisson']_Cervical Cancer_10000;dt_scores_f1_score_['uniform', 'normal', 'gamma', 'beta', 'poisson']_Cervical Cancer_10000;dt_scores_roc_auc_score_['uniform', 'normal', 'gamma', 'beta', 'poisson']_Cervical Cancer_10000;dt_scores_soft_binary_crossentropy_data_random_['uniform', 'normal', 'gamma', 'beta', 'poisson']_Cervical Cancer_10000;dt_scores_binary_crossentropy_data_random_['uniform', 'normal', 'gamma', 'beta', 'poisson']_Cervical Cancer_10000;dt_scores_accuracy_data_random_['uniform', 'normal', 'gamma', 'beta', 'poisson']_Cervical Cancer_10000;dt_scores_f1_score_data_random_['uniform', 'normal', 'gamma', 'beta', 'poisson']_Cervical Cancer_10000;dt_scores_roc_auc_score_data_random_['uniform', 'normal', 'gamma', 'beta', 'poisson']_Cervical Cancer_10000;dt_scores_runtime_['uniform', 'normal', 'gamma', 'beta', 'poisson']_Cervical Cancer_10000;dt_scores_soft_binary_crossentropy_Cervical Cancer_10000;dt_scores_binary_crossentropy_Cervical Cancer_10000;dt_scores_accuracy_Cervical Cancer_10000;dt_scores_f1_score_Cervical Cancer_10000;dt_scores_roc_auc_score_Cervical Cancer_10000;dt_scores_soft_binary_crossentropy_data_random_Cervical Cancer_10000;dt_scores_binary_crossentropy_data_random_Cervical Cancer_10000;dt_scores_accuracy_data_random_Cervical Cancer_10000;dt_scores_f1_score_data_random_Cervical Cancer_10000;dt_scores_roc_auc_score_data_random_Cervical Cancer_10000;dt_scores_soft_binary_crossentropy_std_Cervical Cancer_10000;dt_scores_binary_crossentropy_std_Cervical Cancer_10000;dt_scores_accuracy_std_Cervical Cancer_10000;dt_scores_f1_score_std_Cervical Cancer_10000;dt_scores_roc_auc_score_std_Cervical Cancer_10000;dt_scores_soft_binary_crossentropy_data_random_std_Cervical Cancer_10000;dt_scores_binary_crossentropy_data_random_std_Cervical Cancer_10000;dt_scores_accuracy_data_random_std_Cervical Cancer_10000;dt_scores_f1_score_data_random_std_Cervical Cancer_10000;dt_scores_roc_auc_score_data_random_std_Cervical Cancer_10000;dt_scores_runtime_Cervical Cancer_10000;inet_scores_soft_binary_crossentropy_Cervical Cancer_10000;inet_scores_binary_crossentropy_Cervical Cancer_10000;inet_scores_accuracy_Cervical Cancer_10000;inet_scores_f1_score_Cervical Cancer_10000;inet_scores_roc_auc_score_Cervical Cancer_10000;inet_scores_runtime_Cervical Cancer_10000;model_scores_soft_binary_crossentropy_Cervical Cancer_10000;model_scores_binary_crossentropy_Cervical Cancer_10000;model_scores_accuracy_Cervical Cancer_10000;model_scores_f1_score_Cervical Cancer_10000;model_scores_roc_auc_score_Cervical Cancer_10000;model_scores_runtime_Cervical Cancer_10000;dt_scores_soft_binary_crossentropy_['uniform', 'normal', 'gamma', 'beta', 'poisson']_Brest Cancer Wisconsin_10000;dt_scores_binary_crossentropy_['uniform', 'normal', 'gamma', 'beta', 'poisson']_Brest Cancer Wisconsin_10000;dt_scores_accuracy_['uniform', 'normal', 'gamma', 'beta', 'poisson']_Brest Cancer Wisconsin_10000;dt_scores_f1_score_['uniform', 'normal', 'gamma', 'beta', 'poisson']_Brest Cancer Wisconsin_10000;dt_scores_roc_auc_score_['uniform', 'normal', 'gamma', 'beta', 'poisson']_Brest Cancer Wisconsin_10000;dt_scores_soft_binary_crossentropy_data_random_['uniform', 'normal', 'gamma', 'beta', 'poisson']_Brest Cancer Wisconsin_10000;dt_scores_binary_crossentropy_data_random_['uniform', 'normal', 'gamma', 'beta', 'poisson']_Brest Cancer Wisconsin_10000;dt_scores_accuracy_data_random_['uniform', 'normal', 'gamma', 'beta', 'poisson']_Brest Cancer Wisconsin_10000;dt_scores_f1_score_data_random_['uniform', 'normal', 'gamma', 'beta', 'poisson']_Brest Cancer Wisconsin_10000;dt_scores_roc_auc_score_data_random_['uniform', 'normal', 'gamma', 'beta', 'poisson']_Brest Cancer Wisconsin_10000;dt_scores_runtime_['uniform', 'normal', 'gamma', 'beta', 'poisson']_Brest Cancer Wisconsin_10000;dt_scores_soft_binary_crossentropy_Brest Cancer Wisconsin_10000;dt_scores_binary_crossentropy_Brest Cancer Wisconsin_10000;dt_scores_accuracy_Brest Cancer Wisconsin_10000;dt_scores_f1_score_Brest Cancer Wisconsin_10000;dt_scores_roc_auc_score_Brest Cancer Wisconsin_10000;dt_scores_soft_binary_crossentropy_data_random_Brest Cancer Wisconsin_10000;dt_scores_binary_crossentropy_data_random_Brest Cancer Wisconsin_10000;dt_scores_accuracy_data_random_Brest Cancer Wisconsin_10000;dt_scores_f1_score_data_random_Brest Cancer Wisconsin_10000;dt_scores_roc_auc_score_data_random_Brest Cancer Wisconsin_10000;dt_scores_soft_binary_crossentropy_std_Brest Cancer Wisconsin_10000;dt_scores_binary_crossentropy_std_Brest Cancer Wisconsin_10000;dt_scores_accuracy_std_Brest Cancer Wisconsin_10000;dt_scores_f1_score_std_Brest Cancer Wisconsin_10000;dt_scores_roc_auc_score_std_Brest Cancer Wisconsin_10000;dt_scores_soft_binary_crossentropy_data_random_std_Brest Cancer Wisconsin_10000;dt_scores_binary_crossentropy_data_random_std_Brest Cancer Wisconsin_10000;dt_scores_accuracy_data_random_std_Brest Cancer Wisconsin_10000;dt_scores_f1_score_data_random_std_Brest Cancer Wisconsin_10000;dt_scores_roc_auc_score_data_random_std_Brest Cancer Wisconsin_10000;dt_scores_runtime_Brest Cancer Wisconsin_10000;inet_scores_soft_binary_crossentropy_Brest Cancer Wisconsin_10000;inet_scores_binary_crossentropy_Brest Cancer Wisconsin_10000;inet_scores_accuracy_Brest Cancer Wisconsin_10000;inet_scores_f1_score_Brest Cancer Wisconsin_10000;inet_scores_roc_auc_score_Brest Cancer Wisconsin_10000;inet_scores_runtime_Brest Cancer Wisconsin_10000;model_scores_soft_binary_crossentropy_Brest Cancer Wisconsin_10000;model_scores_binary_crossentropy_Brest Cancer Wisconsin_10000;model_scores_accuracy_Brest Cancer Wisconsin_10000;model_scores_f1_score_Brest Cancer Wisconsin_10000;model_scores_roc_auc_score_Brest Cancer Wisconsin_10000;model_scores_runtime_Brest Cancer Wisconsin_10000;dt_scores_soft_binary_crossentropy_['uniform', 'normal', 'gamma', 'beta', 'poisson']_Wisconsin Diagnostic Breast Cancer_10000;dt_scores_binary_crossentropy_['uniform', 'normal', 'gamma', 'beta', 'poisson']_Wisconsin Diagnostic Breast Cancer_10000;dt_scores_accuracy_['uniform', 'normal', 'gamma', 'beta', 'poisson']_Wisconsin Diagnostic Breast Cancer_10000;dt_scores_f1_score_['uniform', 'normal', 'gamma', 'beta', 'poisson']_Wisconsin Diagnostic Breast Cancer_10000;dt_scores_roc_auc_score_['uniform', 'normal', 'gamma', 'beta', 'poisson']_Wisconsin Diagnostic Breast Cancer_10000;dt_scores_soft_binary_crossentropy_data_random_['uniform', 'normal', 'gamma', 'beta', 'poisson']_Wisconsin Diagnostic Breast Cancer_10000;dt_scores_binary_crossentropy_data_random_['uniform', 'normal', 'gamma', 'beta', 'poisson']_Wisconsin Diagnostic Breast Cancer_10000;dt_scores_accuracy_data_random_['uniform', 'normal', 'gamma', 'beta', 'poisson']_Wisconsin Diagnostic Breast Cancer_10000;dt_scores_f1_score_data_random_['uniform', 'normal', 'gamma', 'beta', 'poisson']_Wisconsin Diagnostic Breast Cancer_10000;dt_scores_roc_auc_score_data_random_['uniform', 'normal', 'gamma', 'beta', 'poisson']_Wisconsin Diagnostic Breast Cancer_10000;dt_scores_runtime_['uniform', 'normal', 'gamma', 'beta', 'poisson']_Wisconsin Diagnostic Breast Cancer_10000;dt_scores_soft_binary_crossentropy_Wisconsin Diagnostic Breast Cancer_10000;dt_scores_binary_crossentropy_Wisconsin Diagnostic Breast Cancer_10000;dt_scores_accuracy_Wisconsin Diagnostic Breast Cancer_10000;dt_scores_f1_score_Wisconsin Diagnostic Breast Cancer_10000;dt_scores_roc_auc_score_Wisconsin Diagnostic Breast Cancer_10000;dt_scores_soft_binary_crossentropy_data_random_Wisconsin Diagnostic Breast Cancer_10000;dt_scores_binary_crossentropy_data_random_Wisconsin Diagnostic Breast Cancer_10000;dt_scores_accuracy_data_random_Wisconsin Diagnostic Breast Cancer_10000;dt_scores_f1_score_data_random_Wisconsin Diagnostic Breast Cancer_10000;dt_scores_roc_auc_score_data_random_Wisconsin Diagnostic Breast Cancer_10000;dt_scores_soft_binary_crossentropy_std_Wisconsin Diagnostic Breast Cancer_10000;dt_scores_binary_crossentropy_std_Wisconsin Diagnostic Breast Cancer_10000;dt_scores_accuracy_std_Wisconsin Diagnostic Breast Cancer_10000;dt_scores_f1_score_std_Wisconsin Diagnostic Breast Cancer_10000;dt_scores_roc_auc_score_std_Wisconsin Diagnostic Breast Cancer_10000;dt_scores_soft_binary_crossentropy_data_random_std_Wisconsin Diagnostic Breast Cancer_10000;dt_scores_binary_crossentropy_data_random_std_Wisconsin Diagnostic Breast Cancer_10000;dt_scores_accuracy_data_random_std_Wisconsin Diagnostic Breast Cancer_10000;dt_scores_f1_score_data_random_std_Wisconsin Diagnostic Breast Cancer_10000;dt_scores_roc_auc_score_data_random_std_Wisconsin Diagnostic Breast Cancer_10000;dt_scores_runtime_Wisconsin Diagnostic Breast Cancer_10000;inet_scores_soft_binary_crossentropy_Wisconsin Diagnostic Breast Cancer_10000;inet_scores_binary_crossentropy_Wisconsin Diagnostic Breast Cancer_10000;inet_scores_accuracy_Wisconsin Diagnostic Breast Cancer_10000;inet_scores_f1_score_Wisconsin Diagnostic Breast Cancer_10000;inet_scores_roc_auc_score_Wisconsin Diagnostic Breast Cancer_10000;inet_scores_runtime_Wisconsin Diagnostic Breast Cancer_10000;model_scores_soft_binary_crossentropy_Wisconsin Diagnostic Breast Cancer_10000;model_scores_binary_crossentropy_Wisconsin Diagnostic Breast Cancer_10000;model_scores_accuracy_Wisconsin Diagnostic Breast Cancer_10000;model_scores_f1_score_Wisconsin Diagnostic Breast Cancer_10000;model_scores_roc_auc_score_Wisconsin Diagnostic Breast Cancer_10000;model_scores_runtime_Wisconsin Diagnostic Breast Cancer_10000;dt_scores_soft_binary_crossentropy_['uniform', 'normal', 'gamma', 'beta', 'poisson']_Wisconsin Prognostic Breast Cancer_10000;dt_scores_binary_crossentropy_['uniform', 'normal', 'gamma', 'beta', 'poisson']_Wisconsin Prognostic Breast Cancer_10000;dt_scores_accuracy_['uniform', 'normal', 'gamma', 'beta', 'poisson']_Wisconsin Prognostic Breast Cancer_10000;dt_scores_f1_score_['uniform', 'normal', 'gamma', 'beta', 'poisson']_Wisconsin Prognostic Breast Cancer_10000;dt_scores_roc_auc_score_['uniform', 'normal', 'gamma', 'beta', 'poisson']_Wisconsin Prognostic Breast Cancer_10000;dt_scores_soft_binary_crossentropy_data_random_['uniform', 'normal', 'gamma', 'beta', 'poisson']_Wisconsin Prognostic Breast Cancer_10000;dt_scores_binary_crossentropy_data_random_['uniform', 'normal', 'gamma', 'beta', 'poisson']_Wisconsin Prognostic Breast Cancer_10000;dt_scores_accuracy_data_random_['uniform', 'normal', 'gamma', 'beta', 'poisson']_Wisconsin Prognostic Breast Cancer_10000;dt_scores_f1_score_data_random_['uniform', 'normal', 'gamma', 'beta', 'poisson']_Wisconsin Prognostic Breast Cancer_10000;dt_scores_roc_auc_score_data_random_['uniform', 'normal', 'gamma', 'beta', 'poisson']_Wisconsin Prognostic Breast Cancer_10000;dt_scores_runtime_['uniform', 'normal', 'gamma', 'beta', 'poisson']_Wisconsin Prognostic Breast Cancer_10000;dt_scores_soft_binary_crossentropy_Wisconsin Prognostic Breast Cancer_10000;dt_scores_binary_crossentropy_Wisconsin Prognostic Breast Cancer_10000;dt_scores_accuracy_Wisconsin Prognostic Breast Cancer_10000;dt_scores_f1_score_Wisconsin Prognostic Breast Cancer_10000;dt_scores_roc_auc_score_Wisconsin Prognostic Breast Cancer_10000;dt_scores_soft_binary_crossentropy_data_random_Wisconsin Prognostic Breast Cancer_10000;dt_scores_binary_crossentropy_data_random_Wisconsin Prognostic Breast Cancer_10000;dt_scores_accuracy_data_random_Wisconsin Prognostic Breast Cancer_10000;dt_scores_f1_score_data_random_Wisconsin Prognostic Breast Cancer_10000;dt_scores_roc_auc_score_data_random_Wisconsin Prognostic Breast Cancer_10000;dt_scores_soft_binary_crossentropy_std_Wisconsin Prognostic Breast Cancer_10000;dt_scores_binary_crossentropy_std_Wisconsin Prognostic Breast Cancer_10000;dt_scores_accuracy_std_Wisconsin Prognostic Breast Cancer_10000;dt_scores_f1_score_std_Wisconsin Prognostic Breast Cancer_10000;dt_scores_roc_auc_score_std_Wisconsin Prognostic Breast Cancer_10000;dt_scores_soft_binary_crossentropy_data_random_std_Wisconsin Prognostic Breast Cancer_10000;dt_scores_binary_crossentropy_data_random_std_Wisconsin Prognostic Breast Cancer_10000;dt_scores_accuracy_data_random_std_Wisconsin Prognostic Breast Cancer_10000;dt_scores_f1_score_data_random_std_Wisconsin Prognostic Breast Cancer_10000;dt_scores_roc_auc_score_data_random_std_Wisconsin Prognostic Breast Cancer_10000;dt_scores_runtime_Wisconsin Prognostic Breast Cancer_10000;inet_scores_soft_binary_crossentropy_Wisconsin Prognostic Breast Cancer_10000;inet_scores_binary_crossentropy_Wisconsin Prognostic Breast Cancer_10000;inet_scores_accuracy_Wisconsin Prognostic Breast Cancer_10000;inet_scores_f1_score_Wisconsin Prognostic Breast Cancer_10000;inet_scores_roc_auc_score_Wisconsin Prognostic Breast Cancer_10000;inet_scores_runtime_Wisconsin Prognostic Breast Cancer_10000;model_scores_soft_binary_crossentropy_Wisconsin Prognostic Breast Cancer_10000;model_scores_binary_crossentropy_Wisconsin Prognostic Breast Cancer_10000;model_scores_accuracy_Wisconsin Prognostic Breast Cancer_10000;model_scores_f1_score_Wisconsin Prognostic Breast Cancer_10000;model_scores_roc_auc_score_Wisconsin Prognostic Breast Cancer_10000;model_scores_runtime_Wisconsin Prognostic Breast Cancer_10000;dt_scores_soft_binary_crossentropy_['uniform', 'normal', 'gamma', 'beta', 'poisson']_Abalone_10000;dt_scores_binary_crossentropy_['uniform', 'normal', 'gamma', 'beta', 'poisson']_Abalone_10000;dt_scores_accuracy_['uniform', 'normal', 'gamma', 'beta', 'poisson']_Abalone_10000;dt_scores_f1_score_['uniform', 'normal', 'gamma', 'beta', 'poisson']_Abalone_10000;dt_scores_roc_auc_score_['uniform', 'normal', 'gamma', 'beta', 'poisson']_Abalone_10000;dt_scores_soft_binary_crossentropy_data_random_['uniform', 'normal', 'gamma', 'beta', 'poisson']_Abalone_10000;dt_scores_binary_crossentropy_data_random_['uniform', 'normal', 'gamma', 'beta', 'poisson']_Abalone_10000;dt_scores_accuracy_data_random_['uniform', 'normal', 'gamma', 'beta', 'poisson']_Abalone_10000;dt_scores_f1_score_data_random_['uniform', 'normal', 'gamma', 'beta', 'poisson']_Abalone_10000;dt_scores_roc_auc_score_data_random_['uniform', 'normal', 'gamma', 'beta', 'poisson']_Abalone_10000;dt_scores_runtime_['uniform', 'normal', 'gamma', 'beta', 'poisson']_Abalone_10000;dt_scores_soft_binary_crossentropy_Abalone_10000;dt_scores_binary_crossentropy_Abalone_10000;dt_scores_accuracy_Abalone_10000;dt_scores_f1_score_Abalone_10000;dt_scores_roc_auc_score_Abalone_10000;dt_scores_soft_binary_crossentropy_data_random_Abalone_10000;dt_scores_binary_crossentropy_data_random_Abalone_10000;dt_scores_accuracy_data_random_Abalone_10000;dt_scores_f1_score_data_random_Abalone_10000;dt_scores_roc_auc_score_data_random_Abalone_10000;dt_scores_soft_binary_crossentropy_std_Abalone_10000;dt_scores_binary_crossentropy_std_Abalone_10000;dt_scores_accuracy_std_Abalone_10000;dt_scores_f1_score_std_Abalone_10000;dt_scores_roc_auc_score_std_Abalone_10000;dt_scores_soft_binary_crossentropy_data_random_std_Abalone_10000;dt_scores_binary_crossentropy_data_random_std_Abalone_10000;dt_scores_accuracy_data_random_std_Abalone_10000;dt_scores_f1_score_data_random_std_Abalone_10000;dt_scores_roc_auc_score_data_random_std_Abalone_10000;dt_scores_runtime_Abalone_10000;inet_scores_soft_binary_crossentropy_Abalone_10000;inet_scores_binary_crossentropy_Abalone_10000;inet_scores_accuracy_Abalone_10000;inet_scores_f1_score_Abalone_10000;inet_scores_roc_auc_score_Abalone_10000;inet_scores_runtime_Abalone_10000;model_scores_soft_binary_crossentropy_Abalone_10000;model_scores_binary_crossentropy_Abalone_10000;model_scores_accuracy_Abalone_10000;model_scores_f1_score_Abalone_10000;model_scores_roc_auc_score_Abalone_10000;model_scores_runtime_Abalone_10000;dt_scores_soft_binary_crossentropy_['uniform', 'normal', 'gamma', 'beta', 'poisson']_Car_10000;dt_scores_binary_crossentropy_['uniform', 'normal', 'gamma', 'beta', 'poisson']_Car_10000;dt_scores_accuracy_['uniform', 'normal', 'gamma', 'beta', 'poisson']_Car_10000;dt_scores_f1_score_['uniform', 'normal', 'gamma', 'beta', 'poisson']_Car_10000;dt_scores_roc_auc_score_['uniform', 'normal', 'gamma', 'beta', 'poisson']_Car_10000;dt_scores_soft_binary_crossentropy_data_random_['uniform', 'normal', 'gamma', 'beta', 'poisson']_Car_10000;dt_scores_binary_crossentropy_data_random_['uniform', 'normal', 'gamma', 'beta', 'poisson']_Car_10000;dt_scores_accuracy_data_random_['uniform', 'normal', 'gamma', 'beta', 'poisson']_Car_10000;dt_scores_f1_score_data_random_['uniform', 'normal', 'gamma', 'beta', 'poisson']_Car_10000;dt_scores_roc_auc_score_data_random_['uniform', 'normal', 'gamma', 'beta', 'poisson']_Car_10000;dt_scores_runtime_['uniform', 'normal', 'gamma', 'beta', 'poisson']_Car_10000;dt_scores_soft_binary_crossentropy_Car_10000;dt_scores_binary_crossentropy_Car_10000;dt_scores_accuracy_Car_10000;dt_scores_f1_score_Car_10000;dt_scores_roc_auc_score_Car_10000;dt_scores_soft_binary_crossentropy_data_random_Car_10000;dt_scores_binary_crossentropy_data_random_Car_10000;dt_scores_accuracy_data_random_Car_10000;dt_scores_f1_score_data_random_Car_10000;dt_scores_roc_auc_score_data_random_Car_10000;dt_scores_soft_binary_crossentropy_std_Car_10000;dt_scores_binary_crossentropy_std_Car_10000;dt_scores_accuracy_std_Car_10000;dt_scores_f1_score_std_Car_10000;dt_scores_roc_auc_score_std_Car_10000;dt_scores_soft_binary_crossentropy_data_random_std_Car_10000;dt_scores_binary_crossentropy_data_random_std_Car_10000;dt_scores_accuracy_data_random_std_Car_10000;dt_scores_f1_score_data_random_std_Car_10000;dt_scores_roc_auc_score_data_random_std_Car_10000;dt_scores_runtime_Car_10000;inet_scores_soft_binary_crossentropy_Car_10000;inet_scores_binary_crossentropy_Car_10000;inet_scores_accuracy_Car_10000;inet_scores_f1_score_Car_10000;inet_scores_roc_auc_score_Car_10000;inet_scores_runtime_Car_10000;model_scores_soft_binary_crossentropy_Car_10000;model_scores_binary_crossentropy_Car_10000;model_scores_accuracy_Car_10000;model_scores_f1_score_Car_10000;model_scores_roc_auc_score_Car_10000;model_scores_runtime_Car_10000;dt_scores_soft_binary_crossentropy_['uniform', 'normal', 'gamma', 'beta', 'poisson']_Heart Disease_10000;dt_scores_binary_crossentropy_['uniform', 'normal', 'gamma', 'beta', 'poisson']_Heart Disease_10000;dt_scores_accuracy_['uniform', 'normal', 'gamma', 'beta', 'poisson']_Heart Disease_10000;dt_scores_f1_score_['uniform', 'normal', 'gamma', 'beta', 'poisson']_Heart Disease_10000;dt_scores_roc_auc_score_['uniform', 'normal', 'gamma', 'beta', 'poisson']_Heart Disease_10000;dt_scores_soft_binary_crossentropy_data_random_['uniform', 'normal', 'gamma', 'beta', 'poisson']_Heart Disease_10000;dt_scores_binary_crossentropy_data_random_['uniform', 'normal', 'gamma', 'beta', 'poisson']_Heart Disease_10000;dt_scores_accuracy_data_random_['uniform', 'normal', 'gamma', 'beta', 'poisson']_Heart Disease_10000;dt_scores_f1_score_data_random_['uniform', 'normal', 'gamma', 'beta', 'poisson']_Heart Disease_10000;dt_scores_roc_auc_score_data_random_['uniform', 'normal', 'gamma', 'beta', 'poisson']_Heart Disease_10000;dt_scores_runtime_['uniform', 'normal', 'gamma', 'beta', 'poisson']_Heart Disease_10000;dt_scores_soft_binary_crossentropy_Heart Disease_10000;dt_scores_binary_crossentropy_Heart Disease_10000;dt_scores_accuracy_Heart Disease_10000;dt_scores_f1_score_Heart Disease_10000;dt_scores_roc_auc_score_Heart Disease_10000;dt_scores_soft_binary_crossentropy_data_random_Heart Disease_10000;dt_scores_binary_crossentropy_data_random_Heart Disease_10000;dt_scores_accuracy_data_random_Heart Disease_10000;dt_scores_f1_score_data_random_Heart Disease_10000;dt_scores_roc_auc_score_data_random_Heart Disease_10000;dt_scores_soft_binary_crossentropy_std_Heart Disease_10000;dt_scores_binary_crossentropy_std_Heart Disease_10000;dt_scores_accuracy_std_Heart Disease_10000;dt_scores_f1_score_std_Heart Disease_10000;dt_scores_roc_auc_score_std_Heart Disease_10000;dt_scores_soft_binary_crossentropy_data_random_std_Heart Disease_10000;dt_scores_binary_crossentropy_data_random_std_Heart Disease_10000;dt_scores_accuracy_data_random_std_Heart Disease_10000;dt_scores_f1_score_data_random_std_Heart Disease_10000;dt_scores_roc_auc_score_data_random_std_Heart Disease_10000;dt_scores_runtime_Heart Disease_10000;inet_scores_soft_binary_crossentropy_Heart Disease_10000;inet_scores_binary_crossentropy_Heart Disease_10000;inet_scores_accuracy_Heart Disease_10000;inet_scores_f1_score_Heart Disease_10000;inet_scores_roc_auc_score_Heart Disease_10000;inet_scores_runtime_Heart Disease_10000;model_scores_soft_binary_crossentropy_Heart Disease_10000;model_scores_binary_crossentropy_Heart Disease_10000;model_scores_accuracy_Heart Disease_10000;model_scores_f1_score_Heart Disease_10000;model_scores_roc_auc_score_Heart Disease_10000;model_scores_runtime_Heart Disease_10000;dt_scores_soft_binary_crossentropy_['uniform', 'normal', 'gamma', 'beta', 'poisson']_Credit Card_10000;dt_scores_binary_crossentropy_['uniform', 'normal', 'gamma', 'beta', 'poisson']_Credit Card_10000;dt_scores_accuracy_['uniform', 'normal', 'gamma', 'beta', 'poisson']_Credit Card_10000;dt_scores_f1_score_['uniform', 'normal', 'gamma', 'beta', 'poisson']_Credit Card_10000;dt_scores_roc_auc_score_['uniform', 'normal', 'gamma', 'beta', 'poisson']_Credit Card_10000;dt_scores_soft_binary_crossentropy_data_random_['uniform', 'normal', 'gamma', 'beta', 'poisson']_Credit Card_10000;dt_scores_binary_crossentropy_data_random_['uniform', 'normal', 'gamma', 'beta', 'poisson']_Credit Card_10000;dt_scores_accuracy_data_random_['uniform', 'normal', 'gamma', 'beta', 'poisson']_Credit Card_10000;dt_scores_f1_score_data_random_['uniform', 'normal', 'gamma', 'beta', 'poisson']_Credit Card_10000;dt_scores_roc_auc_score_data_random_['uniform', 'normal', 'gamma', 'beta', 'poisson']_Credit Card_10000;dt_scores_runtime_['uniform', 'normal', 'gamma', 'beta', 'poisson']_Credit Card_10000;dt_scores_soft_binary_crossentropy_Credit Card_10000;dt_scores_binary_crossentropy_Credit Card_10000;dt_scores_accuracy_Credit Card_10000;dt_scores_f1_score_Credit Card_10000;dt_scores_roc_auc_score_Credit Card_10000;dt_scores_soft_binary_crossentropy_data_random_Credit Card_10000;dt_scores_binary_crossentropy_data_random_Credit Card_10000;dt_scores_accuracy_data_random_Credit Card_10000;dt_scores_f1_score_data_random_Credit Card_10000;dt_scores_roc_auc_score_data_random_Credit Card_10000;dt_scores_soft_binary_crossentropy_std_Credit Card_10000;dt_scores_binary_crossentropy_std_Credit Card_10000;dt_scores_accuracy_std_Credit Card_10000;dt_scores_f1_score_std_Credit Card_10000;dt_scores_roc_auc_score_std_Credit Card_10000;dt_scores_soft_binary_crossentropy_data_random_std_Credit Card_10000;dt_scores_binary_crossentropy_data_random_std_Credit Card_10000;dt_scores_accuracy_data_random_std_Credit Card_10000;dt_scores_f1_score_data_random_std_Credit Card_10000;dt_scores_roc_auc_score_data_random_std_Credit Card_10000;dt_scores_runtime_Credit Card_10000;inet_scores_soft_binary_crossentropy_Credit Card_10000;inet_scores_binary_crossentropy_Credit Card_10000;inet_scores_accuracy_Credit Card_10000;inet_scores_f1_score_Credit Card_10000;inet_scores_roc_auc_score_Credit Card_10000;inet_scores_runtime_Credit Card_10000;model_scores_soft_binary_crossentropy_Credit Card_10000;model_scores_binary_crossentropy_Credit Card_10000;model_scores_accuracy_Credit Card_10000;model_scores_f1_score_Credit Card_10000;model_scores_roc_auc_score_Credit Card_10000;model_scores_runtime_Credit Card_10000;dt_scores_soft_binary_crossentropy_['uniform', 'normal', 'gamma', 'beta', 'poisson']_Haberman_10000;dt_scores_binary_crossentropy_['uniform', 'normal', 'gamma', 'beta', 'poisson']_Haberman_10000;dt_scores_accuracy_['uniform', 'normal', 'gamma', 'beta', 'poisson']_Haberman_10000;dt_scores_f1_score_['uniform', 'normal', 'gamma', 'beta', 'poisson']_Haberman_10000;dt_scores_roc_auc_score_['uniform', 'normal', 'gamma', 'beta', 'poisson']_Haberman_10000;dt_scores_soft_binary_crossentropy_data_random_['uniform', 'normal', 'gamma', 'beta', 'poisson']_Haberman_10000;dt_scores_binary_crossentropy_data_random_['uniform', 'normal', 'gamma', 'beta', 'poisson']_Haberman_10000;dt_scores_accuracy_data_random_['uniform', 'normal', 'gamma', 'beta', 'poisson']_Haberman_10000;dt_scores_f1_score_data_random_['uniform', 'normal', 'gamma', 'beta', 'poisson']_Haberman_10000;dt_scores_roc_auc_score_data_random_['uniform', 'normal', 'gamma', 'beta', 'poisson']_Haberman_10000;dt_scores_runtime_['uniform', 'normal', 'gamma', 'beta', 'poisson']_Haberman_10000;dt_scores_soft_binary_crossentropy_Haberman_10000;dt_scores_binary_crossentropy_Haberman_10000;dt_scores_accuracy_Haberman_10000;dt_scores_f1_score_Haberman_10000;dt_scores_roc_auc_score_Haberman_10000;dt_scores_soft_binary_crossentropy_data_random_Haberman_10000;dt_scores_binary_crossentropy_data_random_Haberman_10000;dt_scores_accuracy_data_random_Haberman_10000;dt_scores_f1_score_data_random_Haberman_10000;dt_scores_roc_auc_score_data_random_Haberman_10000;dt_scores_soft_binary_crossentropy_std_Haberman_10000;dt_scores_binary_crossentropy_std_Haberman_10000;dt_scores_accuracy_std_Haberman_10000;dt_scores_f1_score_std_Haberman_10000;dt_scores_roc_auc_score_std_Haberman_10000;dt_scores_soft_binary_crossentropy_data_random_std_Haberman_10000;dt_scores_binary_crossentropy_data_random_std_Haberman_10000;dt_scores_accuracy_data_random_std_Haberman_10000;dt_scores_f1_score_data_random_std_Haberman_10000;dt_scores_roc_auc_score_data_random_std_Haberman_10000;dt_scores_runtime_Haberman_10000;inet_scores_soft_binary_crossentropy_Haberman_10000;inet_scores_binary_crossentropy_Haberman_10000;inet_scores_accuracy_Haberman_10000;inet_scores_f1_score_Haberman_10000;inet_scores_roc_auc_score_Haberman_10000;inet_scores_runtime_Haberman_10000;model_scores_soft_binary_crossentropy_Haberman_10000;model_scores_binary_crossentropy_Haberman_10000;model_scores_accuracy_Haberman_10000;model_scores_f1_score_Haberman_10000;model_scores_roc_auc_score_Haberman_10000;model_scores_runtime_Haberman_10000;dt_scores_soft_binary_crossentropy_['uniform', 'normal', 'gamma', 'beta', 'poisson']_Adult_10000;dt_scores_binary_crossentropy_['uniform', 'normal', 'gamma', 'beta', 'poisson']_Adult_10000;dt_scores_accuracy_['uniform', 'normal', 'gamma', 'beta', 'poisson']_Adult_10000;dt_scores_f1_score_['uniform', 'normal', 'gamma', 'beta', 'poisson']_Adult_10000;dt_scores_roc_auc_score_['uniform', 'normal', 'gamma', 'beta', 'poisson']_Adult_10000;dt_scores_soft_binary_crossentropy_data_random_['uniform', 'normal', 'gamma', 'beta', 'poisson']_Adult_10000;dt_scores_binary_crossentropy_data_random_['uniform', 'normal', 'gamma', 'beta', 'poisson']_Adult_10000;dt_scores_accuracy_data_random_['uniform', 'normal', 'gamma', 'beta', 'poisson']_Adult_10000;dt_scores_f1_score_data_random_['uniform', 'normal', 'gamma', 'beta', 'poisson']_Adult_10000;dt_scores_roc_auc_score_data_random_['uniform', 'normal', 'gamma', 'beta', 'poisson']_Adult_10000;dt_scores_runtime_['uniform', 'normal', 'gamma', 'beta', 'poisson']_Adult_10000;dt_scores_soft_binary_crossentropy_Adult_10000;dt_scores_binary_crossentropy_Adult_10000;dt_scores_accuracy_Adult_10000;dt_scores_f1_score_Adult_10000;dt_scores_roc_auc_score_Adult_10000;dt_scores_soft_binary_crossentropy_data_random_Adult_10000;dt_scores_binary_crossentropy_data_random_Adult_10000;dt_scores_accuracy_data_random_Adult_10000;dt_scores_f1_score_data_random_Adult_10000;dt_scores_roc_auc_score_data_random_Adult_10000;dt_scores_soft_binary_crossentropy_std_Adult_10000;dt_scores_binary_crossentropy_std_Adult_10000;dt_scores_accuracy_std_Adult_10000;dt_scores_f1_score_std_Adult_10000;dt_scores_roc_auc_score_std_Adult_10000;dt_scores_soft_binary_crossentropy_data_random_std_Adult_10000;dt_scores_binary_crossentropy_data_random_std_Adult_10000;dt_scores_accuracy_data_random_std_Adult_10000;dt_scores_f1_score_data_random_std_Adult_10000;dt_scores_roc_auc_score_data_random_std_Adult_10000;dt_scores_runtime_Adult_10000;inet_scores_soft_binary_crossentropy_Adult_10000;inet_scores_binary_crossentropy_Adult_10000;inet_scores_accuracy_Adult_10000;inet_scores_f1_score_Adult_10000;inet_scores_roc_auc_score_Adult_10000;inet_scores_runtime_Adult_10000;model_scores_soft_binary_crossentropy_Adult_10000;model_scores_binary_crossentropy_Adult_10000;model_scores_accuracy_Adult_10000;model_scores_f1_score_Adult_10000;model_scores_roc_auc_score_Adult_10000;model_scores_runtime_Adult_10000;dt_scores_soft_binary_crossentropy_['uniform', 'normal', 'gamma', 'beta', 'poisson']_Titanic_10000;dt_scores_binary_crossentropy_['uniform', 'normal', 'gamma', 'beta', 'poisson']_Titanic_10000;dt_scores_accuracy_['uniform', 'normal', 'gamma', 'beta', 'poisson']_Titanic_10000;dt_scores_f1_score_['uniform', 'normal', 'gamma', 'beta', 'poisson']_Titanic_10000;dt_scores_roc_auc_score_['uniform', 'normal', 'gamma', 'beta', 'poisson']_Titanic_10000;dt_scores_soft_binary_crossentropy_data_random_['uniform', 'normal', 'gamma', 'beta', 'poisson']_Titanic_10000;dt_scores_binary_crossentropy_data_random_['uniform', 'normal', 'gamma', 'beta', 'poisson']_Titanic_10000;dt_scores_accuracy_data_random_['uniform', 'normal', 'gamma', 'beta', 'poisson']_Titanic_10000;dt_scores_f1_score_data_random_['uniform', 'normal', 'gamma', 'beta', 'poisson']_Titanic_10000;dt_scores_roc_auc_score_data_random_['uniform', 'normal', 'gamma', 'beta', 'poisson']_Titanic_10000;dt_scores_runtime_['uniform', 'normal', 'gamma', 'beta', 'poisson']_Titanic_10000;dt_scores_soft_binary_crossentropy_Titanic_10000;dt_scores_binary_crossentropy_Titanic_10000;dt_scores_accuracy_Titanic_10000;dt_scores_f1_score_Titanic_10000;dt_scores_roc_auc_score_Titanic_10000;dt_scores_soft_binary_crossentropy_data_random_Titanic_10000;dt_scores_binary_crossentropy_data_random_Titanic_10000;dt_scores_accuracy_data_random_Titanic_10000;dt_scores_f1_score_data_random_Titanic_10000;dt_scores_roc_auc_score_data_random_Titanic_10000;dt_scores_soft_binary_crossentropy_std_Titanic_10000;dt_scores_binary_crossentropy_std_Titanic_10000;dt_scores_accuracy_std_Titanic_10000;dt_scores_f1_score_std_Titanic_10000;dt_scores_roc_auc_score_std_Titanic_10000;dt_scores_soft_binary_crossentropy_data_random_std_Titanic_10000;dt_scores_binary_crossentropy_data_random_std_Titanic_10000;dt_scores_accuracy_data_random_std_Titanic_10000;dt_scores_f1_score_data_random_std_Titanic_10000;dt_scores_roc_auc_score_data_random_std_Titanic_10000;dt_scores_runtime_Titanic_10000;inet_scores_soft_binary_crossentropy_Titanic_10000;inet_scores_binary_crossentropy_Titanic_10000;inet_scores_accuracy_Titanic_10000;inet_scores_f1_score_Titanic_10000;inet_scores_roc_auc_score_Titanic_10000;inet_scores_runtime_Titanic_10000;model_scores_soft_binary_crossentropy_Titanic_10000;model_scores_binary_crossentropy_Titanic_10000;model_scores_accuracy_Titanic_10000;model_scores_f1_score_Titanic_10000;model_scores_roc_auc_score_Titanic_10000;model_scores_runtime_Titanic_10000;dt_scores_soft_binary_crossentropy_['uniform', 'normal', 'gamma', 'beta', 'poisson']_Absenteeism_10000;dt_scores_binary_crossentropy_['uniform', 'normal', 'gamma', 'beta', 'poisson']_Absenteeism_10000;dt_scores_accuracy_['uniform', 'normal', 'gamma', 'beta', 'poisson']_Absenteeism_10000;dt_scores_f1_score_['uniform', 'normal', 'gamma', 'beta', 'poisson']_Absenteeism_10000;dt_scores_roc_auc_score_['uniform', 'normal', 'gamma', 'beta', 'poisson']_Absenteeism_10000;dt_scores_soft_binary_crossentropy_data_random_['uniform', 'normal', 'gamma', 'beta', 'poisson']_Absenteeism_10000;dt_scores_binary_crossentropy_data_random_['uniform', 'normal', 'gamma', 'beta', 'poisson']_Absenteeism_10000;dt_scores_accuracy_data_random_['uniform', 'normal', 'gamma', 'beta', 'poisson']_Absenteeism_10000;dt_scores_f1_score_data_random_['uniform', 'normal', 'gamma', 'beta', 'poisson']_Absenteeism_10000;dt_scores_roc_auc_score_data_random_['uniform', 'normal', 'gamma', 'beta', 'poisson']_Absenteeism_10000;dt_scores_runtime_['uniform', 'normal', 'gamma', 'beta', 'poisson']_Absenteeism_10000;dt_scores_soft_binary_crossentropy_Absenteeism_10000;dt_scores_binary_crossentropy_Absenteeism_10000;dt_scores_accuracy_Absenteeism_10000;dt_scores_f1_score_Absenteeism_10000;dt_scores_roc_auc_score_Absenteeism_10000;dt_scores_soft_binary_crossentropy_data_random_Absenteeism_10000;dt_scores_binary_crossentropy_data_random_Absenteeism_10000;dt_scores_accuracy_data_random_Absenteeism_10000;dt_scores_f1_score_data_random_Absenteeism_10000;dt_scores_roc_auc_score_data_random_Absenteeism_10000;dt_scores_soft_binary_crossentropy_std_Absenteeism_10000;dt_scores_binary_crossentropy_std_Absenteeism_10000;dt_scores_accuracy_std_Absenteeism_10000;dt_scores_f1_score_std_Absenteeism_10000;dt_scores_roc_auc_score_std_Absenteeism_10000;dt_scores_soft_binary_crossentropy_data_random_std_Absenteeism_10000;dt_scores_binary_crossentropy_data_random_std_Absenteeism_10000;dt_scores_accuracy_data_random_std_Absenteeism_10000;dt_scores_f1_score_data_random_std_Absenteeism_10000;dt_scores_roc_auc_score_data_random_std_Absenteeism_10000;dt_scores_runtime_Absenteeism_10000;inet_scores_soft_binary_crossentropy_Absenteeism_10000;inet_scores_binary_crossentropy_Absenteeism_10000;inet_scores_accuracy_Absenteeism_10000;inet_scores_f1_score_Absenteeism_10000;inet_scores_roc_auc_score_Absenteeism_10000;inet_scores_runtime_Absenteeism_10000;model_scores_soft_binary_crossentropy_Absenteeism_10000;model_scores_binary_crossentropy_Absenteeism_10000;model_scores_accuracy_Absenteeism_10000;model_scores_f1_score_Absenteeism_10000;model_scores_roc_auc_score_Absenteeism_10000;model_scores_runtime_Absenteeism_10000;dt_scores_soft_binary_crossentropy_['uniform', 'normal', 'gamma', 'beta', 'poisson']_Loan House_10000;dt_scores_binary_crossentropy_['uniform', 'normal', 'gamma', 'beta', 'poisson']_Loan House_10000;dt_scores_accuracy_['uniform', 'normal', 'gamma', 'beta', 'poisson']_Loan House_10000;dt_scores_f1_score_['uniform', 'normal', 'gamma', 'beta', 'poisson']_Loan House_10000;dt_scores_roc_auc_score_['uniform', 'normal', 'gamma', 'beta', 'poisson']_Loan House_10000;dt_scores_soft_binary_crossentropy_data_random_['uniform', 'normal', 'gamma', 'beta', 'poisson']_Loan House_10000;dt_scores_binary_crossentropy_data_random_['uniform', 'normal', 'gamma', 'beta', 'poisson']_Loan House_10000;dt_scores_accuracy_data_random_['uniform', 'normal', 'gamma', 'beta', 'poisson']_Loan House_10000;dt_scores_f1_score_data_random_['uniform', 'normal', 'gamma', 'beta', 'poisson']_Loan House_10000;dt_scores_roc_auc_score_data_random_['uniform', 'normal', 'gamma', 'beta', 'poisson']_Loan House_10000;dt_scores_runtime_['uniform', 'normal', 'gamma', 'beta', 'poisson']_Loan House_10000;dt_scores_soft_binary_crossentropy_Loan House_10000;dt_scores_binary_crossentropy_Loan House_10000;dt_scores_accuracy_Loan House_10000;dt_scores_f1_score_Loan House_10000;dt_scores_roc_auc_score_Loan House_10000;dt_scores_soft_binary_crossentropy_data_random_Loan House_10000;dt_scores_binary_crossentropy_data_random_Loan House_10000;dt_scores_accuracy_data_random_Loan House_10000;dt_scores_f1_score_data_random_Loan House_10000;dt_scores_roc_auc_score_data_random_Loan House_10000;dt_scores_soft_binary_crossentropy_std_Loan House_10000;dt_scores_binary_crossentropy_std_Loan House_10000;dt_scores_accuracy_std_Loan House_10000;dt_scores_f1_score_std_Loan House_10000;dt_scores_roc_auc_score_std_Loan House_10000;dt_scores_soft_binary_crossentropy_data_random_std_Loan House_10000;dt_scores_binary_crossentropy_data_random_std_Loan House_10000;dt_scores_accuracy_data_random_std_Loan House_10000;dt_scores_f1_score_data_random_std_Loan House_10000;dt_scores_roc_auc_score_data_random_std_Loan House_10000;dt_scores_runtime_Loan House_10000;inet_scores_soft_binary_crossentropy_Loan House_10000;inet_scores_binary_crossentropy_Loan House_10000;inet_scores_accuracy_Loan House_10000;inet_scores_f1_score_Loan House_10000;inet_scores_roc_auc_score_Loan House_10000;inet_scores_runtime_Loan House_10000;model_scores_soft_binary_crossentropy_Loan House_10000;model_scores_binary_crossentropy_Loan House_10000;model_scores_accuracy_Loan House_10000;model_scores_f1_score_Loan House_10000;model_scores_roc_auc_score_Loan House_10000;model_scores_runtime_Loan House_10000;dt_scores_soft_binary_crossentropy_['uniform', 'normal', 'gamma', 'beta', 'poisson']_Loan Credit_10000;dt_scores_binary_crossentropy_['uniform', 'normal', 'gamma', 'beta', 'poisson']_Loan Credit_10000;dt_scores_accuracy_['uniform', 'normal', 'gamma', 'beta', 'poisson']_Loan Credit_10000;dt_scores_f1_score_['uniform', 'normal', 'gamma', 'beta', 'poisson']_Loan Credit_10000;dt_scores_roc_auc_score_['uniform', 'normal', 'gamma', 'beta', 'poisson']_Loan Credit_10000;dt_scores_soft_binary_crossentropy_data_random_['uniform', 'normal', 'gamma', 'beta', 'poisson']_Loan Credit_10000;dt_scores_binary_crossentropy_data_random_['uniform', 'normal', 'gamma', 'beta', 'poisson']_Loan Credit_10000;dt_scores_accuracy_data_random_['uniform', 'normal', 'gamma', 'beta', 'poisson']_Loan Credit_10000;dt_scores_f1_score_data_random_['uniform', 'normal', 'gamma', 'beta', 'poisson']_Loan Credit_10000;dt_scores_roc_auc_score_data_random_['uniform', 'normal', 'gamma', 'beta', 'poisson']_Loan Credit_10000;dt_scores_runtime_['uniform', 'normal', 'gamma', 'beta', 'poisson']_Loan Credit_10000;dt_scores_soft_binary_crossentropy_Loan Credit_10000;dt_scores_binary_crossentropy_Loan Credit_10000;dt_scores_accuracy_Loan Credit_10000;dt_scores_f1_score_Loan Credit_10000;dt_scores_roc_auc_score_Loan Credit_10000;dt_scores_soft_binary_crossentropy_data_random_Loan Credit_10000;dt_scores_binary_crossentropy_data_random_Loan Credit_10000;dt_scores_accuracy_data_random_Loan Credit_10000;dt_scores_f1_score_data_random_Loan Credit_10000;dt_scores_roc_auc_score_data_random_Loan Credit_10000;dt_scores_soft_binary_crossentropy_std_Loan Credit_10000;dt_scores_binary_crossentropy_std_Loan Credit_10000;dt_scores_accuracy_std_Loan Credit_10000;dt_scores_f1_score_std_Loan Credit_10000;dt_scores_roc_auc_score_std_Loan Credit_10000;dt_scores_soft_binary_crossentropy_data_random_std_Loan Credit_10000;dt_scores_binary_crossentropy_data_random_std_Loan Credit_10000;dt_scores_accuracy_data_random_std_Loan Credit_10000;dt_scores_f1_score_data_random_std_Loan Credit_10000;dt_scores_roc_auc_score_data_random_std_Loan Credit_10000;dt_scores_runtime_Loan Credit_10000;inet_scores_soft_binary_crossentropy_Loan Credit_10000;inet_scores_binary_crossentropy_Loan Credit_10000;inet_scores_accuracy_Loan Credit_10000;inet_scores_f1_score_Loan Credit_10000;inet_scores_roc_auc_score_Loan Credit_10000;inet_scores_runtime_Loan Credit_10000;model_scores_soft_binary_crossentropy_Loan Credit_10000;model_scores_binary_crossentropy_Loan Credit_10000;model_scores_accuracy_Loan Credit_10000;model_scores_f1_score_Loan Credit_10000;model_scores_roc_auc_score_Loan Credit_10000;model_scores_runtime_Loan Credit_10000;dt_scores_soft_binary_crossentropy_['uniform', 'normal', 'gamma', 'beta', 'poisson']_Medical Insurance_10000;dt_scores_binary_crossentropy_['uniform', 'normal', 'gamma', 'beta', 'poisson']_Medical Insurance_10000;dt_scores_accuracy_['uniform', 'normal', 'gamma', 'beta', 'poisson']_Medical Insurance_10000;dt_scores_f1_score_['uniform', 'normal', 'gamma', 'beta', 'poisson']_Medical Insurance_10000;dt_scores_roc_auc_score_['uniform', 'normal', 'gamma', 'beta', 'poisson']_Medical Insurance_10000;dt_scores_soft_binary_crossentropy_data_random_['uniform', 'normal', 'gamma', 'beta', 'poisson']_Medical Insurance_10000;dt_scores_binary_crossentropy_data_random_['uniform', 'normal', 'gamma', 'beta', 'poisson']_Medical Insurance_10000;dt_scores_accuracy_data_random_['uniform', 'normal', 'gamma', 'beta', 'poisson']_Medical Insurance_10000;dt_scores_f1_score_data_random_['uniform', 'normal', 'gamma', 'beta', 'poisson']_Medical Insurance_10000;dt_scores_roc_auc_score_data_random_['uniform', 'normal', 'gamma', 'beta', 'poisson']_Medical Insurance_10000;dt_scores_runtime_['uniform', 'normal', 'gamma', 'beta', 'poisson']_Medical Insurance_10000;dt_scores_soft_binary_crossentropy_Medical Insurance_10000;dt_scores_binary_crossentropy_Medical Insurance_10000;dt_scores_accuracy_Medical Insurance_10000;dt_scores_f1_score_Medical Insurance_10000;dt_scores_roc_auc_score_Medical Insurance_10000;dt_scores_soft_binary_crossentropy_data_random_Medical Insurance_10000;dt_scores_binary_crossentropy_data_random_Medical Insurance_10000;dt_scores_accuracy_data_random_Medical Insurance_10000;dt_scores_f1_score_data_random_Medical Insurance_10000;dt_scores_roc_auc_score_data_random_Medical Insurance_10000;dt_scores_soft_binary_crossentropy_std_Medical Insurance_10000;dt_scores_binary_crossentropy_std_Medical Insurance_10000;dt_scores_accuracy_std_Medical Insurance_10000;dt_scores_f1_score_std_Medical Insurance_10000;dt_scores_roc_auc_score_std_Medical Insurance_10000;dt_scores_soft_binary_crossentropy_data_random_std_Medical Insurance_10000;dt_scores_binary_crossentropy_data_random_std_Medical Insurance_10000;dt_scores_accuracy_data_random_std_Medical Insurance_10000;dt_scores_f1_score_data_random_std_Medical Insurance_10000;dt_scores_roc_auc_score_data_random_std_Medical Insurance_10000;dt_scores_runtime_Medical Insurance_10000;inet_scores_soft_binary_crossentropy_Medical Insurance_10000;inet_scores_binary_crossentropy_Medical Insurance_10000;inet_scores_accuracy_Medical Insurance_10000;inet_scores_f1_score_Medical Insurance_10000;inet_scores_roc_auc_score_Medical Insurance_10000;inet_scores_runtime_Medical Insurance_10000;model_scores_soft_binary_crossentropy_Medical Insurance_10000;model_scores_binary_crossentropy_Medical Insurance_10000;model_scores_accuracy_Medical Insurance_10000;model_scores_f1_score_Medical Insurance_10000;model_scores_roc_auc_score_Medical Insurance_10000;model_scores_runtime_Medical Insurance_10000;dt_scores_soft_binary_crossentropy_['uniform', 'normal', 'gamma', 'beta', 'poisson']_Bank Marketing_10000;dt_scores_binary_crossentropy_['uniform', 'normal', 'gamma', 'beta', 'poisson']_Bank Marketing_10000;dt_scores_accuracy_['uniform', 'normal', 'gamma', 'beta', 'poisson']_Bank Marketing_10000;dt_scores_f1_score_['uniform', 'normal', 'gamma', 'beta', 'poisson']_Bank Marketing_10000;dt_scores_roc_auc_score_['uniform', 'normal', 'gamma', 'beta', 'poisson']_Bank Marketing_10000;dt_scores_soft_binary_crossentropy_data_random_['uniform', 'normal', 'gamma', 'beta', 'poisson']_Bank Marketing_10000;dt_scores_binary_crossentropy_data_random_['uniform', 'normal', 'gamma', 'beta', 'poisson']_Bank Marketing_10000;dt_scores_accuracy_data_random_['uniform', 'normal', 'gamma', 'beta', 'poisson']_Bank Marketing_10000;dt_scores_f1_score_data_random_['uniform', 'normal', 'gamma', 'beta', 'poisson']_Bank Marketing_10000;dt_scores_roc_auc_score_data_random_['uniform', 'normal', 'gamma', 'beta', 'poisson']_Bank Marketing_10000;dt_scores_runtime_['uniform', 'normal', 'gamma', 'beta', 'poisson']_Bank Marketing_10000;dt_scores_soft_binary_crossentropy_Bank Marketing_10000;dt_scores_binary_crossentropy_Bank Marketing_10000;dt_scores_accuracy_Bank Marketing_10000;dt_scores_f1_score_Bank Marketing_10000;dt_scores_roc_auc_score_Bank Marketing_10000;dt_scores_soft_binary_crossentropy_data_random_Bank Marketing_10000;dt_scores_binary_crossentropy_data_random_Bank Marketing_10000;dt_scores_accuracy_data_random_Bank Marketing_10000;dt_scores_f1_score_data_random_Bank Marketing_10000;dt_scores_roc_auc_score_data_random_Bank Marketing_10000;dt_scores_soft_binary_crossentropy_std_Bank Marketing_10000;dt_scores_binary_crossentropy_std_Bank Marketing_10000;dt_scores_accuracy_std_Bank Marketing_10000;dt_scores_f1_score_std_Bank Marketing_10000;dt_scores_roc_auc_score_std_Bank Marketing_10000;dt_scores_soft_binary_crossentropy_data_random_std_Bank Marketing_10000;dt_scores_binary_crossentropy_data_random_std_Bank Marketing_10000;dt_scores_accuracy_data_random_std_Bank Marketing_10000;dt_scores_f1_score_data_random_std_Bank Marketing_10000;dt_scores_roc_auc_score_data_random_std_Bank Marketing_10000;dt_scores_runtime_Bank Marketing_10000;inet_scores_soft_binary_crossentropy_Bank Marketing_10000;inet_scores_binary_crossentropy_Bank Marketing_10000;inet_scores_accuracy_Bank Marketing_10000;inet_scores_f1_score_Bank Marketing_10000;inet_scores_roc_auc_score_Bank Marketing_10000;inet_scores_runtime_Bank Marketing_10000;model_scores_soft_binary_crossentropy_Bank Marketing_10000;model_scores_binary_crossentropy_Bank Marketing_10000;model_scores_accuracy_Bank Marketing_10000;model_scores_f1_score_Bank Marketing_10000;model_scores_roc_auc_score_Bank Marketing_10000;model_scores_runtime_Bank Marketing_10000;dt_scores_soft_binary_crossentropy_['uniform', 'normal', 'gamma', 'beta', 'poisson']_Cervical Cancer_10000;dt_scores_binary_crossentropy_['uniform', 'normal', 'gamma', 'beta', 'poisson']_Cervical Cancer_10000;dt_scores_accuracy_['uniform', 'normal', 'gamma', 'beta', 'poisson']_Cervical Cancer_10000;dt_scores_f1_score_['uniform', 'normal', 'gamma', 'beta', 'poisson']_Cervical Cancer_10000;dt_scores_roc_auc_score_['uniform', 'normal', 'gamma', 'beta', 'poisson']_Cervical Cancer_10000;dt_scores_soft_binary_crossentropy_data_random_['uniform', 'normal', 'gamma', 'beta', 'poisson']_Cervical Cancer_10000;dt_scores_binary_crossentropy_data_random_['uniform', 'normal', 'gamma', 'beta', 'poisson']_Cervical Cancer_10000;dt_scores_accuracy_data_random_['uniform', 'normal', 'gamma', 'beta', 'poisson']_Cervical Cancer_10000;dt_scores_f1_score_data_random_['uniform', 'normal', 'gamma', 'beta', 'poisson']_Cervical Cancer_10000;dt_scores_roc_auc_score_data_random_['uniform', 'normal', 'gamma', 'beta', 'poisson']_Cervical Cancer_10000;dt_scores_runtime_['uniform', 'normal', 'gamma', 'beta', 'poisson']_Cervical Cancer_10000;dt_scores_soft_binary_crossentropy_Cervical Cancer_10000;dt_scores_binary_crossentropy_Cervical Cancer_10000;dt_scores_accuracy_Cervical Cancer_10000;dt_scores_f1_score_Cervical Cancer_10000;dt_scores_roc_auc_score_Cervical Cancer_10000;dt_scores_soft_binary_crossentropy_data_random_Cervical Cancer_10000;dt_scores_binary_crossentropy_data_random_Cervical Cancer_10000;dt_scores_accuracy_data_random_Cervical Cancer_10000;dt_scores_f1_score_data_random_Cervical Cancer_10000;dt_scores_roc_auc_score_data_random_Cervical Cancer_10000;dt_scores_soft_binary_crossentropy_std_Cervical Cancer_10000;dt_scores_binary_crossentropy_std_Cervical Cancer_10000;dt_scores_accuracy_std_Cervical Cancer_10000;dt_scores_f1_score_std_Cervical Cancer_10000;dt_scores_roc_auc_score_std_Cervical Cancer_10000;dt_scores_soft_binary_crossentropy_data_random_std_Cervical Cancer_10000;dt_scores_binary_crossentropy_data_random_std_Cervical Cancer_10000;dt_scores_accuracy_data_random_std_Cervical Cancer_10000;dt_scores_f1_score_data_random_std_Cervical Cancer_10000;dt_scores_roc_auc_score_data_random_std_Cervical Cancer_10000;dt_scores_runtime_Cervical Cancer_10000;inet_scores_soft_binary_crossentropy_Cervical Cancer_10000;inet_scores_binary_crossentropy_Cervical Cancer_10000;inet_scores_accuracy_Cervical Cancer_10000;inet_scores_f1_score_Cervical Cancer_10000;inet_scores_roc_auc_score_Cervical Cancer_10000;inet_scores_runtime_Cervical Cancer_10000;model_scores_soft_binary_crossentropy_Cervical Cancer_10000;model_scores_binary_crossentropy_Cervical Cancer_10000;model_scores_accuracy_Cervical Cancer_10000;model_scores_f1_score_Cervical Cancer_10000;model_scores_roc_auc_score_Cervical Cancer_10000;model_scores_runtime_Cervical Cancer_10000;dt_scores_soft_binary_crossentropy_['uniform', 'normal', 'gamma', 'beta', 'poisson']_Brest Cancer Wisconsin_10000;dt_scores_binary_crossentropy_['uniform', 'normal', 'gamma', 'beta', 'poisson']_Brest Cancer Wisconsin_10000;dt_scores_accuracy_['uniform', 'normal', 'gamma', 'beta', 'poisson']_Brest Cancer Wisconsin_10000;dt_scores_f1_score_['uniform', 'normal', 'gamma', 'beta', 'poisson']_Brest Cancer Wisconsin_10000;dt_scores_roc_auc_score_['uniform', 'normal', 'gamma', 'beta', 'poisson']_Brest Cancer Wisconsin_10000;dt_scores_soft_binary_crossentropy_data_random_['uniform', 'normal', 'gamma', 'beta', 'poisson']_Brest Cancer Wisconsin_10000;dt_scores_binary_crossentropy_data_random_['uniform', 'normal', 'gamma', 'beta', 'poisson']_Brest Cancer Wisconsin_10000;dt_scores_accuracy_data_random_['uniform', 'normal', 'gamma', 'beta', 'poisson']_Brest Cancer Wisconsin_10000;dt_scores_f1_score_data_random_['uniform', 'normal', 'gamma', 'beta', 'poisson']_Brest Cancer Wisconsin_10000;dt_scores_roc_auc_score_data_random_['uniform', 'normal', 'gamma', 'beta', 'poisson']_Brest Cancer Wisconsin_10000;dt_scores_runtime_['uniform', 'normal', 'gamma', 'beta', 'poisson']_Brest Cancer Wisconsin_10000;dt_scores_soft_binary_crossentropy_Brest Cancer Wisconsin_10000;dt_scores_binary_crossentropy_Brest Cancer Wisconsin_10000;dt_scores_accuracy_Brest Cancer Wisconsin_10000;dt_scores_f1_score_Brest Cancer Wisconsin_10000;dt_scores_roc_auc_score_Brest Cancer Wisconsin_10000;dt_scores_soft_binary_crossentropy_data_random_Brest Cancer Wisconsin_10000;dt_scores_binary_crossentropy_data_random_Brest Cancer Wisconsin_10000;dt_scores_accuracy_data_random_Brest Cancer Wisconsin_10000;dt_scores_f1_score_data_random_Brest Cancer Wisconsin_10000;dt_scores_roc_auc_score_data_random_Brest Cancer Wisconsin_10000;dt_scores_soft_binary_crossentropy_std_Brest Cancer Wisconsin_10000;dt_scores_binary_crossentropy_std_Brest Cancer Wisconsin_10000;dt_scores_accuracy_std_Brest Cancer Wisconsin_10000;dt_scores_f1_score_std_Brest Cancer Wisconsin_10000;dt_scores_roc_auc_score_std_Brest Cancer Wisconsin_10000;dt_scores_soft_binary_crossentropy_data_random_std_Brest Cancer Wisconsin_10000;dt_scores_binary_crossentropy_data_random_std_Brest Cancer Wisconsin_10000;dt_scores_accuracy_data_random_std_Brest Cancer Wisconsin_10000;dt_scores_f1_score_data_random_std_Brest Cancer Wisconsin_10000;dt_scores_roc_auc_score_data_random_std_Brest Cancer Wisconsin_10000;dt_scores_runtime_Brest Cancer Wisconsin_10000;inet_scores_soft_binary_crossentropy_Brest Cancer Wisconsin_10000;inet_scores_binary_crossentropy_Brest Cancer Wisconsin_10000;inet_scores_accuracy_Brest Cancer Wisconsin_10000;inet_scores_f1_score_Brest Cancer Wisconsin_10000;inet_scores_roc_auc_score_Brest Cancer Wisconsin_10000;inet_scores_runtime_Brest Cancer Wisconsin_10000;model_scores_soft_binary_crossentropy_Brest Cancer Wisconsin_10000;model_scores_binary_crossentropy_Brest Cancer Wisconsin_10000;model_scores_accuracy_Brest Cancer Wisconsin_10000;model_scores_f1_score_Brest Cancer Wisconsin_10000;model_scores_roc_auc_score_Brest Cancer Wisconsin_10000;model_scores_runtime_Brest Cancer Wisconsin_10000;dt_scores_soft_binary_crossentropy_['uniform', 'normal', 'gamma', 'beta', 'poisson']_Wisconsin Diagnostic Breast Cancer_10000;dt_scores_binary_crossentropy_['uniform', 'normal', 'gamma', 'beta', 'poisson']_Wisconsin Diagnostic Breast Cancer_10000;dt_scores_accuracy_['uniform', 'normal', 'gamma', 'beta', 'poisson']_Wisconsin Diagnostic Breast Cancer_10000;dt_scores_f1_score_['uniform', 'normal', 'gamma', 'beta', 'poisson']_Wisconsin Diagnostic Breast Cancer_10000;dt_scores_roc_auc_score_['uniform', 'normal', 'gamma', 'beta', 'poisson']_Wisconsin Diagnostic Breast Cancer_10000;dt_scores_soft_binary_crossentropy_data_random_['uniform', 'normal', 'gamma', 'beta', 'poisson']_Wisconsin Diagnostic Breast Cancer_10000;dt_scores_binary_crossentropy_data_random_['uniform', 'normal', 'gamma', 'beta', 'poisson']_Wisconsin Diagnostic Breast Cancer_10000;dt_scores_accuracy_data_random_['uniform', 'normal', 'gamma', 'beta', 'poisson']_Wisconsin Diagnostic Breast Cancer_10000;dt_scores_f1_score_data_random_['uniform', 'normal', 'gamma', 'beta', 'poisson']_Wisconsin Diagnostic Breast Cancer_10000;dt_scores_roc_auc_score_data_random_['uniform', 'normal', 'gamma', 'beta', 'poisson']_Wisconsin Diagnostic Breast Cancer_10000;dt_scores_runtime_['uniform', 'normal', 'gamma', 'beta', 'poisson']_Wisconsin Diagnostic Breast Cancer_10000;dt_scores_soft_binary_crossentropy_Wisconsin Diagnostic Breast Cancer_10000;dt_scores_binary_crossentropy_Wisconsin Diagnostic Breast Cancer_10000;dt_scores_accuracy_Wisconsin Diagnostic Breast Cancer_10000;dt_scores_f1_score_Wisconsin Diagnostic Breast Cancer_10000;dt_scores_roc_auc_score_Wisconsin Diagnostic Breast Cancer_10000;dt_scores_soft_binary_crossentropy_data_random_Wisconsin Diagnostic Breast Cancer_10000;dt_scores_binary_crossentropy_data_random_Wisconsin Diagnostic Breast Cancer_10000;dt_scores_accuracy_data_random_Wisconsin Diagnostic Breast Cancer_10000;dt_scores_f1_score_data_random_Wisconsin Diagnostic Breast Cancer_10000;dt_scores_roc_auc_score_data_random_Wisconsin Diagnostic Breast Cancer_10000;dt_scores_soft_binary_crossentropy_std_Wisconsin Diagnostic Breast Cancer_10000;dt_scores_binary_crossentropy_std_Wisconsin Diagnostic Breast Cancer_10000;dt_scores_accuracy_std_Wisconsin Diagnostic Breast Cancer_10000;dt_scores_f1_score_std_Wisconsin Diagnostic Breast Cancer_10000;dt_scores_roc_auc_score_std_Wisconsin Diagnostic Breast Cancer_10000;dt_scores_soft_binary_crossentropy_data_random_std_Wisconsin Diagnostic Breast Cancer_10000;dt_scores_binary_crossentropy_data_random_std_Wisconsin Diagnostic Breast Cancer_10000;dt_scores_accuracy_data_random_std_Wisconsin Diagnostic Breast Cancer_10000;dt_scores_f1_score_data_random_std_Wisconsin Diagnostic Breast Cancer_10000;dt_scores_roc_auc_score_data_random_std_Wisconsin Diagnostic Breast Cancer_10000;dt_scores_runtime_Wisconsin Diagnostic Breast Cancer_10000;inet_scores_soft_binary_crossentropy_Wisconsin Diagnostic Breast Cancer_10000;inet_scores_binary_crossentropy_Wisconsin Diagnostic Breast Cancer_10000;inet_scores_accuracy_Wisconsin Diagnostic Breast Cancer_10000;inet_scores_f1_score_Wisconsin Diagnostic Breast Cancer_10000;inet_scores_roc_auc_score_Wisconsin Diagnostic Breast Cancer_10000;inet_scores_runtime_Wisconsin Diagnostic Breast Cancer_10000;model_scores_soft_binary_crossentropy_Wisconsin Diagnostic Breast Cancer_10000;model_scores_binary_crossentropy_Wisconsin Diagnostic Breast Cancer_10000;model_scores_accuracy_Wisconsin Diagnostic Breast Cancer_10000;model_scores_f1_score_Wisconsin Diagnostic Breast Cancer_10000;model_scores_roc_auc_score_Wisconsin Diagnostic Breast Cancer_10000;model_scores_runtime_Wisconsin Diagnostic Breast Cancer_10000;dt_scores_soft_binary_crossentropy_['uniform', 'normal', 'gamma', 'beta', 'poisson']_Wisconsin Prognostic Breast Cancer_10000;dt_scores_binary_crossentropy_['uniform', 'normal', 'gamma', 'beta', 'poisson']_Wisconsin Prognostic Breast Cancer_10000;dt_scores_accuracy_['uniform', 'normal', 'gamma', 'beta', 'poisson']_Wisconsin Prognostic Breast Cancer_10000;dt_scores_f1_score_['uniform', 'normal', 'gamma', 'beta', 'poisson']_Wisconsin Prognostic Breast Cancer_10000;dt_scores_roc_auc_score_['uniform', 'normal', 'gamma', 'beta', 'poisson']_Wisconsin Prognostic Breast Cancer_10000;dt_scores_soft_binary_crossentropy_data_random_['uniform', 'normal', 'gamma', 'beta', 'poisson']_Wisconsin Prognostic Breast Cancer_10000;dt_scores_binary_crossentropy_data_random_['uniform', 'normal', 'gamma', 'beta', 'poisson']_Wisconsin Prognostic Breast Cancer_10000;dt_scores_accuracy_data_random_['uniform', 'normal', 'gamma', 'beta', 'poisson']_Wisconsin Prognostic Breast Cancer_10000;dt_scores_f1_score_data_random_['uniform', 'normal', 'gamma', 'beta', 'poisson']_Wisconsin Prognostic Breast Cancer_10000;dt_scores_roc_auc_score_data_random_['uniform', 'normal', 'gamma', 'beta', 'poisson']_Wisconsin Prognostic Breast Cancer_10000;dt_scores_runtime_['uniform', 'normal', 'gamma', 'beta', 'poisson']_Wisconsin Prognostic Breast Cancer_10000;dt_scores_soft_binary_crossentropy_Wisconsin Prognostic Breast Cancer_10000;dt_scores_binary_crossentropy_Wisconsin Prognostic Breast Cancer_10000;dt_scores_accuracy_Wisconsin Prognostic Breast Cancer_10000;dt_scores_f1_score_Wisconsin Prognostic Breast Cancer_10000;dt_scores_roc_auc_score_Wisconsin Prognostic Breast Cancer_10000;dt_scores_soft_binary_crossentropy_data_random_Wisconsin Prognostic Breast Cancer_10000;dt_scores_binary_crossentropy_data_random_Wisconsin Prognostic Breast Cancer_10000;dt_scores_accuracy_data_random_Wisconsin Prognostic Breast Cancer_10000;dt_scores_f1_score_data_random_Wisconsin Prognostic Breast Cancer_10000;dt_scores_roc_auc_score_data_random_Wisconsin Prognostic Breast Cancer_10000;dt_scores_soft_binary_crossentropy_std_Wisconsin Prognostic Breast Cancer_10000;dt_scores_binary_crossentropy_std_Wisconsin Prognostic Breast Cancer_10000;dt_scores_accuracy_std_Wisconsin Prognostic Breast Cancer_10000;dt_scores_f1_score_std_Wisconsin Prognostic Breast Cancer_10000;dt_scores_roc_auc_score_std_Wisconsin Prognostic Breast Cancer_10000;dt_scores_soft_binary_crossentropy_data_random_std_Wisconsin Prognostic Breast Cancer_10000;dt_scores_binary_crossentropy_data_random_std_Wisconsin Prognostic Breast Cancer_10000;dt_scores_accuracy_data_random_std_Wisconsin Prognostic Breast Cancer_10000;dt_scores_f1_score_data_random_std_Wisconsin Prognostic Breast Cancer_10000;dt_scores_roc_auc_score_data_random_std_Wisconsin Prognostic Breast Cancer_10000;dt_scores_runtime_Wisconsin Prognostic Breast Cancer_10000;inet_scores_soft_binary_crossentropy_Wisconsin Prognostic Breast Cancer_10000;inet_scores_binary_crossentropy_Wisconsin Prognostic Breast Cancer_10000;inet_scores_accuracy_Wisconsin Prognostic Breast Cancer_10000;inet_scores_f1_score_Wisconsin Prognostic Breast Cancer_10000;inet_scores_roc_auc_score_Wisconsin Prognostic Breast Cancer_10000;inet_scores_runtime_Wisconsin Prognostic Breast Cancer_10000;model_scores_soft_binary_crossentropy_Wisconsin Prognostic Breast Cancer_10000;model_scores_binary_crossentropy_Wisconsin Prognostic Breast Cancer_10000;model_scores_accuracy_Wisconsin Prognostic Breast Cancer_10000;model_scores_f1_score_Wisconsin Prognostic Breast Cancer_10000;model_scores_roc_auc_score_Wisconsin Prognostic Breast Cancer_10000;model_scores_runtime_Wisconsin Prognostic Breast Cancer_10000;dt_scores_soft_binary_crossentropy_['uniform', 'normal', 'gamma', 'beta', 'poisson']_Abalone_10000;dt_scores_binary_crossentropy_['uniform', 'normal', 'gamma', 'beta', 'poisson']_Abalone_10000;dt_scores_accuracy_['uniform', 'normal', 'gamma', 'beta', 'poisson']_Abalone_10000;dt_scores_f1_score_['uniform', 'normal', 'gamma', 'beta', 'poisson']_Abalone_10000;dt_scores_roc_auc_score_['uniform', 'normal', 'gamma', 'beta', 'poisson']_Abalone_10000;dt_scores_soft_binary_crossentropy_data_random_['uniform', 'normal', 'gamma', 'beta', 'poisson']_Abalone_10000;dt_scores_binary_crossentropy_data_random_['uniform', 'normal', 'gamma', 'beta', 'poisson']_Abalone_10000;dt_scores_accuracy_data_random_['uniform', 'normal', 'gamma', 'beta', 'poisson']_Abalone_10000;dt_scores_f1_score_data_random_['uniform', 'normal', 'gamma', 'beta', 'poisson']_Abalone_10000;dt_scores_roc_auc_score_data_random_['uniform', 'normal', 'gamma', 'beta', 'poisson']_Abalone_10000;dt_scores_runtime_['uniform', 'normal', 'gamma', 'beta', 'poisson']_Abalone_10000;dt_scores_soft_binary_crossentropy_Abalone_10000;dt_scores_binary_crossentropy_Abalone_10000;dt_scores_accuracy_Abalone_10000;dt_scores_f1_score_Abalone_10000;dt_scores_roc_auc_score_Abalone_10000;dt_scores_soft_binary_crossentropy_data_random_Abalone_10000;dt_scores_binary_crossentropy_data_random_Abalone_10000;dt_scores_accuracy_data_random_Abalone_10000;dt_scores_f1_score_data_random_Abalone_10000;dt_scores_roc_auc_score_data_random_Abalone_10000;dt_scores_soft_binary_crossentropy_std_Abalone_10000;dt_scores_binary_crossentropy_std_Abalone_10000;dt_scores_accuracy_std_Abalone_10000;dt_scores_f1_score_std_Abalone_10000;dt_scores_roc_auc_score_std_Abalone_10000;dt_scores_soft_binary_crossentropy_data_random_std_Abalone_10000;dt_scores_binary_crossentropy_data_random_std_Abalone_10000;dt_scores_accuracy_data_random_std_Abalone_10000;dt_scores_f1_score_data_random_std_Abalone_10000;dt_scores_roc_auc_score_data_random_std_Abalone_10000;dt_scores_runtime_Abalone_10000;inet_scores_soft_binary_crossentropy_Abalone_10000;inet_scores_binary_crossentropy_Abalone_10000;inet_scores_accuracy_Abalone_10000;inet_scores_f1_score_Abalone_10000;inet_scores_roc_auc_score_Abalone_10000;inet_scores_runtime_Abalone_10000;model_scores_soft_binary_crossentropy_Abalone_10000;model_scores_binary_crossentropy_Abalone_10000;model_scores_accuracy_Abalone_10000;model_scores_f1_score_Abalone_10000;model_scores_roc_auc_score_Abalone_10000;model_scores_runtime_Abalone_10000;dt_scores_soft_binary_crossentropy_['uniform', 'normal', 'gamma', 'beta', 'poisson']_Car_10000;dt_scores_binary_crossentropy_['uniform', 'normal', 'gamma', 'beta', 'poisson']_Car_10000;dt_scores_accuracy_['uniform', 'normal', 'gamma', 'beta', 'poisson']_Car_10000;dt_scores_f1_score_['uniform', 'normal', 'gamma', 'beta', 'poisson']_Car_10000;dt_scores_roc_auc_score_['uniform', 'normal', 'gamma', 'beta', 'poisson']_Car_10000;dt_scores_soft_binary_crossentropy_data_random_['uniform', 'normal', 'gamma', 'beta', 'poisson']_Car_10000;dt_scores_binary_crossentropy_data_random_['uniform', 'normal', 'gamma', 'beta', 'poisson']_Car_10000;dt_scores_accuracy_data_random_['uniform', 'normal', 'gamma', 'beta', 'poisson']_Car_10000;dt_scores_f1_score_data_random_['uniform', 'normal', 'gamma', 'beta', 'poisson']_Car_10000;dt_scores_roc_auc_score_data_random_['uniform', 'normal', 'gamma', 'beta', 'poisson']_Car_10000;dt_scores_runtime_['uniform', 'normal', 'gamma', 'beta', 'poisson']_Car_10000;dt_scores_soft_binary_crossentropy_Car_10000;dt_scores_binary_crossentropy_Car_10000;dt_scores_accuracy_Car_10000;dt_scores_f1_score_Car_10000;dt_scores_roc_auc_score_Car_10000;dt_scores_soft_binary_crossentropy_data_random_Car_10000;dt_scores_binary_crossentropy_data_random_Car_10000;dt_scores_accuracy_data_random_Car_10000;dt_scores_f1_score_data_random_Car_10000;dt_scores_roc_auc_score_data_random_Car_10000;dt_scores_soft_binary_crossentropy_std_Car_10000;dt_scores_binary_crossentropy_std_Car_10000;dt_scores_accuracy_std_Car_10000;dt_scores_f1_score_std_Car_10000;dt_scores_roc_auc_score_std_Car_10000;dt_scores_soft_binary_crossentropy_data_random_std_Car_10000;dt_scores_binary_crossentropy_data_random_std_Car_10000;dt_scores_accuracy_data_random_std_Car_10000;dt_scores_f1_score_data_random_std_Car_10000;dt_scores_roc_auc_score_data_random_std_Car_10000;dt_scores_runtime_Car_10000;inet_scores_soft_binary_crossentropy_Car_10000;inet_scores_binary_crossentropy_Car_10000;inet_scores_accuracy_Car_10000;inet_scores_f1_score_Car_10000;inet_scores_roc_auc_score_Car_10000;inet_scores_runtime_Car_10000;model_scores_soft_binary_crossentropy_Car_10000;model_scores_binary_crossentropy_Car_10000;model_scores_accuracy_Car_10000;model_scores_f1_score_Car_10000;model_scores_roc_auc_score_Car_10000;model_scores_runtime_Car_10000;dt_scores_soft_binary_crossentropy_['uniform', 'normal', 'gamma', 'beta', 'poisson']_Heart Disease_10000;dt_scores_binary_crossentropy_['uniform', 'normal', 'gamma', 'beta', 'poisson']_Heart Disease_10000;dt_scores_accuracy_['uniform', 'normal', 'gamma', 'beta', 'poisson']_Heart Disease_10000;dt_scores_f1_score_['uniform', 'normal', 'gamma', 'beta', 'poisson']_Heart Disease_10000;dt_scores_roc_auc_score_['uniform', 'normal', 'gamma', 'beta', 'poisson']_Heart Disease_10000;dt_scores_soft_binary_crossentropy_data_random_['uniform', 'normal', 'gamma', 'beta', 'poisson']_Heart Disease_10000;dt_scores_binary_crossentropy_data_random_['uniform', 'normal', 'gamma', 'beta', 'poisson']_Heart Disease_10000;dt_scores_accuracy_data_random_['uniform', 'normal', 'gamma', 'beta', 'poisson']_Heart Disease_10000;dt_scores_f1_score_data_random_['uniform', 'normal', 'gamma', 'beta', 'poisson']_Heart Disease_10000;dt_scores_roc_auc_score_data_random_['uniform', 'normal', 'gamma', 'beta', 'poisson']_Heart Disease_10000;dt_scores_runtime_['uniform', 'normal', 'gamma', 'beta', 'poisson']_Heart Disease_10000;dt_scores_soft_binary_crossentropy_Heart Disease_10000;dt_scores_binary_crossentropy_Heart Disease_10000;dt_scores_accuracy_Heart Disease_10000;dt_scores_f1_score_Heart Disease_10000;dt_scores_roc_auc_score_Heart Disease_10000;dt_scores_soft_binary_crossentropy_data_random_Heart Disease_10000;dt_scores_binary_crossentropy_data_random_Heart Disease_10000;dt_scores_accuracy_data_random_Heart Disease_10000;dt_scores_f1_score_data_random_Heart Disease_10000;dt_scores_roc_auc_score_data_random_Heart Disease_10000;dt_scores_soft_binary_crossentropy_std_Heart Disease_10000;dt_scores_binary_crossentropy_std_Heart Disease_10000;dt_scores_accuracy_std_Heart Disease_10000;dt_scores_f1_score_std_Heart Disease_10000;dt_scores_roc_auc_score_std_Heart Disease_10000;dt_scores_soft_binary_crossentropy_data_random_std_Heart Disease_10000;dt_scores_binary_crossentropy_data_random_std_Heart Disease_10000;dt_scores_accuracy_data_random_std_Heart Disease_10000;dt_scores_f1_score_data_random_std_Heart Disease_10000;dt_scores_roc_auc_score_data_random_std_Heart Disease_10000;dt_scores_runtime_Heart Disease_10000;inet_scores_soft_binary_crossentropy_Heart Disease_10000;inet_scores_binary_crossentropy_Heart Disease_10000;inet_scores_accuracy_Heart Disease_10000;inet_scores_f1_score_Heart Disease_10000;inet_scores_roc_auc_score_Heart Disease_10000;inet_scores_runtime_Heart Disease_10000;model_scores_soft_binary_crossentropy_Heart Disease_10000;model_scores_binary_crossentropy_Heart Disease_10000;model_scores_accuracy_Heart Disease_10000;model_scores_f1_score_Heart Disease_10000;model_scores_roc_auc_score_Heart Disease_10000;model_scores_runtime_Heart Disease_10000;dt_scores_soft_binary_crossentropy_['uniform', 'normal', 'gamma', 'beta', 'poisson']_Credit Card_10000;dt_scores_binary_crossentropy_['uniform', 'normal', 'gamma', 'beta', 'poisson']_Credit Card_10000;dt_scores_accuracy_['uniform', 'normal', 'gamma', 'beta', 'poisson']_Credit Card_10000;dt_scores_f1_score_['uniform', 'normal', 'gamma', 'beta', 'poisson']_Credit Card_10000;dt_scores_roc_auc_score_['uniform', 'normal', 'gamma', 'beta', 'poisson']_Credit Card_10000;dt_scores_soft_binary_crossentropy_data_random_['uniform', 'normal', 'gamma', 'beta', 'poisson']_Credit Card_10000;dt_scores_binary_crossentropy_data_random_['uniform', 'normal', 'gamma', 'beta', 'poisson']_Credit Card_10000;dt_scores_accuracy_data_random_['uniform', 'normal', 'gamma', 'beta', 'poisson']_Credit Card_10000;dt_scores_f1_score_data_random_['uniform', 'normal', 'gamma', 'beta', 'poisson']_Credit Card_10000;dt_scores_roc_auc_score_data_random_['uniform', 'normal', 'gamma', 'beta', 'poisson']_Credit Card_10000;dt_scores_runtime_['uniform', 'normal', 'gamma', 'beta', 'poisson']_Credit Card_10000;dt_scores_soft_binary_crossentropy_Credit Card_10000;dt_scores_binary_crossentropy_Credit Card_10000;dt_scores_accuracy_Credit Card_10000;dt_scores_f1_score_Credit Card_10000;dt_scores_roc_auc_score_Credit Card_10000;dt_scores_soft_binary_crossentropy_data_random_Credit Card_10000;dt_scores_binary_crossentropy_data_random_Credit Card_10000;dt_scores_accuracy_data_random_Credit Card_10000;dt_scores_f1_score_data_random_Credit Card_10000;dt_scores_roc_auc_score_data_random_Credit Card_10000;dt_scores_soft_binary_crossentropy_std_Credit Card_10000;dt_scores_binary_crossentropy_std_Credit Card_10000;dt_scores_accuracy_std_Credit Card_10000;dt_scores_f1_score_std_Credit Card_10000;dt_scores_roc_auc_score_std_Credit Card_10000;dt_scores_soft_binary_crossentropy_data_random_std_Credit Card_10000;dt_scores_binary_crossentropy_data_random_std_Credit Card_10000;dt_scores_accuracy_data_random_std_Credit Card_10000;dt_scores_f1_score_data_random_std_Credit Card_10000;dt_scores_roc_auc_score_data_random_std_Credit Card_10000;dt_scores_runtime_Credit Card_10000;inet_scores_soft_binary_crossentropy_Credit Card_10000;inet_scores_binary_crossentropy_Credit Card_10000;inet_scores_accuracy_Credit Card_10000;inet_scores_f1_score_Credit Card_10000;inet_scores_roc_auc_score_Credit Card_10000;inet_scores_runtime_Credit Card_10000;model_scores_soft_binary_crossentropy_Credit Card_10000;model_scores_binary_crossentropy_Credit Card_10000;model_scores_accuracy_Credit Card_10000;model_scores_f1_score_Credit Card_10000;model_scores_roc_auc_score_Credit Card_10000;model_scores_runtime_Credit Card_10000;dt_scores_soft_binary_crossentropy_['uniform', 'normal', 'gamma', 'beta', 'poisson']_Haberman_10000;dt_scores_binary_crossentropy_['uniform', 'normal', 'gamma', 'beta', 'poisson']_Haberman_10000;dt_scores_accuracy_['uniform', 'normal', 'gamma', 'beta', 'poisson']_Haberman_10000;dt_scores_f1_score_['uniform', 'normal', 'gamma', 'beta', 'poisson']_Haberman_10000;dt_scores_roc_auc_score_['uniform', 'normal', 'gamma', 'beta', 'poisson']_Haberman_10000;dt_scores_soft_binary_crossentropy_data_random_['uniform', 'normal', 'gamma', 'beta', 'poisson']_Haberman_10000;dt_scores_binary_crossentropy_data_random_['uniform', 'normal', 'gamma', 'beta', 'poisson']_Haberman_10000;dt_scores_accuracy_data_random_['uniform', 'normal', 'gamma', 'beta', 'poisson']_Haberman_10000;dt_scores_f1_score_data_random_['uniform', 'normal', 'gamma', 'beta', 'poisson']_Haberman_10000;dt_scores_roc_auc_score_data_random_['uniform', 'normal', 'gamma', 'beta', 'poisson']_Haberman_10000;dt_scores_runtime_['uniform', 'normal', 'gamma', 'beta', 'poisson']_Haberman_10000;dt_scores_soft_binary_crossentropy_Haberman_10000;dt_scores_binary_crossentropy_Haberman_10000;dt_scores_accuracy_Haberman_10000;dt_scores_f1_score_Haberman_10000;dt_scores_roc_auc_score_Haberman_10000;dt_scores_soft_binary_crossentropy_data_random_Haberman_10000;dt_scores_binary_crossentropy_data_random_Haberman_10000;dt_scores_accuracy_data_random_Haberman_10000;dt_scores_f1_score_data_random_Haberman_10000;dt_scores_roc_auc_score_data_random_Haberman_10000;dt_scores_soft_binary_crossentropy_std_Haberman_10000;dt_scores_binary_crossentropy_std_Haberman_10000;dt_scores_accuracy_std_Haberman_10000;dt_scores_f1_score_std_Haberman_10000;dt_scores_roc_auc_score_std_Haberman_10000;dt_scores_soft_binary_crossentropy_data_random_std_Haberman_10000;dt_scores_binary_crossentropy_data_random_std_Haberman_10000;dt_scores_accuracy_data_random_std_Haberman_10000;dt_scores_f1_score_data_random_std_Haberman_10000;dt_scores_roc_auc_score_data_random_std_Haberman_10000;dt_scores_runtime_Haberman_10000;inet_scores_soft_binary_crossentropy_Haberman_10000;inet_scores_binary_crossentropy_Haberman_10000;inet_scores_accuracy_Haberman_10000;inet_scores_f1_score_Haberman_10000;inet_scores_roc_auc_score_Haberman_10000;inet_scores_runtime_Haberman_10000;model_scores_soft_binary_crossentropy_Haberman_10000;model_scores_binary_crossentropy_Haberman_10000;model_scores_accuracy_Haberman_10000;model_scores_f1_score_Haberman_10000;model_scores_roc_auc_score_Haberman_10000;model_scores_runtime_Haberman_10000;dt_scores_soft_binary_crossentropy_['uniform', 'normal', 'gamma', 'beta', 'poisson']_Adult_10000;dt_scores_binary_crossentropy_['uniform', 'normal', 'gamma', 'beta', 'poisson']_Adult_10000;dt_scores_accuracy_['uniform', 'normal', 'gamma', 'beta', 'poisson']_Adult_10000;dt_scores_f1_score_['uniform', 'normal', 'gamma', 'beta', 'poisson']_Adult_10000;dt_scores_roc_auc_score_['uniform', 'normal', 'gamma', 'beta', 'poisson']_Adult_10000;dt_scores_soft_binary_crossentropy_data_random_['uniform', 'normal', 'gamma', 'beta', 'poisson']_Adult_10000;dt_scores_binary_crossentropy_data_random_['uniform', 'normal', 'gamma', 'beta', 'poisson']_Adult_10000;dt_scores_accuracy_data_random_['uniform', 'normal', 'gamma', 'beta', 'poisson']_Adult_10000;dt_scores_f1_score_data_random_['uniform', 'normal', 'gamma', 'beta', 'poisson']_Adult_10000;dt_scores_roc_auc_score_data_random_['uniform', 'normal', 'gamma', 'beta', 'poisson']_Adult_10000;dt_scores_runtime_['uniform', 'normal', 'gamma', 'beta', 'poisson']_Adult_10000;dt_scores_soft_binary_crossentropy_Adult_10000;dt_scores_binary_crossentropy_Adult_10000;dt_scores_accuracy_Adult_10000;dt_scores_f1_score_Adult_10000;dt_scores_roc_auc_score_Adult_10000;dt_scores_soft_binary_crossentropy_data_random_Adult_10000;dt_scores_binary_crossentropy_data_random_Adult_10000;dt_scores_accuracy_data_random_Adult_10000;dt_scores_f1_score_data_random_Adult_10000;dt_scores_roc_auc_score_data_random_Adult_10000;dt_scores_soft_binary_crossentropy_std_Adult_10000;dt_scores_binary_crossentropy_std_Adult_10000;dt_scores_accuracy_std_Adult_10000;dt_scores_f1_score_std_Adult_10000;dt_scores_roc_auc_score_std_Adult_10000;dt_scores_soft_binary_crossentropy_data_random_std_Adult_10000;dt_scores_binary_crossentropy_data_random_std_Adult_10000;dt_scores_accuracy_data_random_std_Adult_10000;dt_scores_f1_score_data_random_std_Adult_10000;dt_scores_roc_auc_score_data_random_std_Adult_10000;dt_scores_runtime_Adult_10000;inet_scores_soft_binary_crossentropy_Adult_10000;inet_scores_binary_crossentropy_Adult_10000;inet_scores_accuracy_Adult_10000;inet_scores_f1_score_Adult_10000;inet_scores_roc_auc_score_Adult_10000;inet_scores_runtime_Adult_10000;model_scores_soft_binary_crossentropy_Adult_10000;model_scores_binary_crossentropy_Adult_10000;model_scores_accuracy_Adult_10000;model_scores_f1_score_Adult_10000;model_scores_roc_auc_score_Adult_10000;model_scores_runtime_Adult_10000;dt_scores_soft_binary_crossentropy_['uniform', 'normal', 'gamma', 'beta', 'poisson']_Titanic_10000;dt_scores_binary_crossentropy_['uniform', 'normal', 'gamma', 'beta', 'poisson']_Titanic_10000;dt_scores_accuracy_['uniform', 'normal', 'gamma', 'beta', 'poisson']_Titanic_10000;dt_scores_f1_score_['uniform', 'normal', 'gamma', 'beta', 'poisson']_Titanic_10000;dt_scores_roc_auc_score_['uniform', 'normal', 'gamma', 'beta', 'poisson']_Titanic_10000;dt_scores_soft_binary_crossentropy_data_random_['uniform', 'normal', 'gamma', 'beta', 'poisson']_Titanic_10000;dt_scores_binary_crossentropy_data_random_['uniform', 'normal', 'gamma', 'beta', 'poisson']_Titanic_10000;dt_scores_accuracy_data_random_['uniform', 'normal', 'gamma', 'beta', 'poisson']_Titanic_10000;dt_scores_f1_score_data_random_['uniform', 'normal', 'gamma', 'beta', 'poisson']_Titanic_10000;dt_scores_roc_auc_score_data_random_['uniform', 'normal', 'gamma', 'beta', 'poisson']_Titanic_10000;dt_scores_runtime_['uniform', 'normal', 'gamma', 'beta', 'poisson']_Titanic_10000;dt_scores_soft_binary_crossentropy_Titanic_10000;dt_scores_binary_crossentropy_Titanic_10000;dt_scores_accuracy_Titanic_10000;dt_scores_f1_score_Titanic_10000;dt_scores_roc_auc_score_Titanic_10000;dt_scores_soft_binary_crossentropy_data_random_Titanic_10000;dt_scores_binary_crossentropy_data_random_Titanic_10000;dt_scores_accuracy_data_random_Titanic_10000;dt_scores_f1_score_data_random_Titanic_10000;dt_scores_roc_auc_score_data_random_Titanic_10000;dt_scores_soft_binary_crossentropy_std_Titanic_10000;dt_scores_binary_crossentropy_std_Titanic_10000;dt_scores_accuracy_std_Titanic_10000;dt_scores_f1_score_std_Titanic_10000;dt_scores_roc_auc_score_std_Titanic_10000;dt_scores_soft_binary_crossentropy_data_random_std_Titanic_10000;dt_scores_binary_crossentropy_data_random_std_Titanic_10000;dt_scores_accuracy_data_random_std_Titanic_10000;dt_scores_f1_score_data_random_std_Titanic_10000;dt_scores_roc_auc_score_data_random_std_Titanic_10000;dt_scores_runtime_Titanic_10000;inet_scores_soft_binary_crossentropy_Titanic_10000;inet_scores_binary_crossentropy_Titanic_10000;inet_scores_accuracy_Titanic_10000;inet_scores_f1_score_Titanic_10000;inet_scores_roc_auc_score_Titanic_10000;inet_scores_runtime_Titanic_10000;model_scores_soft_binary_crossentropy_Titanic_10000;model_scores_binary_crossentropy_Titanic_10000;model_scores_accuracy_Titanic_10000;model_scores_f1_score_Titanic_10000;model_scores_roc_auc_score_Titanic_10000;model_scores_runtime_Titanic_10000;dt_scores_soft_binary_crossentropy_['uniform', 'normal', 'gamma', 'beta', 'poisson']_Absenteeism_10000;dt_scores_binary_crossentropy_['uniform', 'normal', 'gamma', 'beta', 'poisson']_Absenteeism_10000;dt_scores_accuracy_['uniform', 'normal', 'gamma', 'beta', 'poisson']_Absenteeism_10000;dt_scores_f1_score_['uniform', 'normal', 'gamma', 'beta', 'poisson']_Absenteeism_10000;dt_scores_roc_auc_score_['uniform', 'normal', 'gamma', 'beta', 'poisson']_Absenteeism_10000;dt_scores_soft_binary_crossentropy_data_random_['uniform', 'normal', 'gamma', 'beta', 'poisson']_Absenteeism_10000;dt_scores_binary_crossentropy_data_random_['uniform', 'normal', 'gamma', 'beta', 'poisson']_Absenteeism_10000;dt_scores_accuracy_data_random_['uniform', 'normal', 'gamma', 'beta', 'poisson']_Absenteeism_10000;dt_scores_f1_score_data_random_['uniform', 'normal', 'gamma', 'beta', 'poisson']_Absenteeism_10000;dt_scores_roc_auc_score_data_random_['uniform', 'normal', 'gamma', 'beta', 'poisson']_Absenteeism_10000;dt_scores_runtime_['uniform', 'normal', 'gamma', 'beta', 'poisson']_Absenteeism_10000;dt_scores_soft_binary_crossentropy_Absenteeism_10000;dt_scores_binary_crossentropy_Absenteeism_10000;dt_scores_accuracy_Absenteeism_10000;dt_scores_f1_score_Absenteeism_10000;dt_scores_roc_auc_score_Absenteeism_10000;dt_scores_soft_binary_crossentropy_data_random_Absenteeism_10000;dt_scores_binary_crossentropy_data_random_Absenteeism_10000;dt_scores_accuracy_data_random_Absenteeism_10000;dt_scores_f1_score_data_random_Absenteeism_10000;dt_scores_roc_auc_score_data_random_Absenteeism_10000;dt_scores_soft_binary_crossentropy_std_Absenteeism_10000;dt_scores_binary_crossentropy_std_Absenteeism_10000;dt_scores_accuracy_std_Absenteeism_10000;dt_scores_f1_score_std_Absenteeism_10000;dt_scores_roc_auc_score_std_Absenteeism_10000;dt_scores_soft_binary_crossentropy_data_random_std_Absenteeism_10000;dt_scores_binary_crossentropy_data_random_std_Absenteeism_10000;dt_scores_accuracy_data_random_std_Absenteeism_10000;dt_scores_f1_score_data_random_std_Absenteeism_10000;dt_scores_roc_auc_score_data_random_std_Absenteeism_10000;dt_scores_runtime_Absenteeism_10000;inet_scores_soft_binary_crossentropy_Absenteeism_10000;inet_scores_binary_crossentropy_Absenteeism_10000;inet_scores_accuracy_Absenteeism_10000;inet_scores_f1_score_Absenteeism_10000;inet_scores_roc_auc_score_Absenteeism_10000;inet_scores_runtime_Absenteeism_10000;model_scores_soft_binary_crossentropy_Absenteeism_10000;model_scores_binary_crossentropy_Absenteeism_10000;model_scores_accuracy_Absenteeism_10000;model_scores_f1_score_Absenteeism_10000;model_scores_roc_auc_score_Absenteeism_10000;model_scores_runtime_Absenteeism_10000;dt_scores_soft_binary_crossentropy_['uniform', 'normal', 'gamma', 'beta', 'poisson']_Loan House_10000;dt_scores_binary_crossentropy_['uniform', 'normal', 'gamma', 'beta', 'poisson']_Loan House_10000;dt_scores_accuracy_['uniform', 'normal', 'gamma', 'beta', 'poisson']_Loan House_10000;dt_scores_f1_score_['uniform', 'normal', 'gamma', 'beta', 'poisson']_Loan House_10000;dt_scores_roc_auc_score_['uniform', 'normal', 'gamma', 'beta', 'poisson']_Loan House_10000;dt_scores_soft_binary_crossentropy_data_random_['uniform', 'normal', 'gamma', 'beta', 'poisson']_Loan House_10000;dt_scores_binary_crossentropy_data_random_['uniform', 'normal', 'gamma', 'beta', 'poisson']_Loan House_10000;dt_scores_accuracy_data_random_['uniform', 'normal', 'gamma', 'beta', 'poisson']_Loan House_10000;dt_scores_f1_score_data_random_['uniform', 'normal', 'gamma', 'beta', 'poisson']_Loan House_10000;dt_scores_roc_auc_score_data_random_['uniform', 'normal', 'gamma', 'beta', 'poisson']_Loan House_10000;dt_scores_runtime_['uniform', 'normal', 'gamma', 'beta', 'poisson']_Loan House_10000;dt_scores_soft_binary_crossentropy_Loan House_10000;dt_scores_binary_crossentropy_Loan House_10000;dt_scores_accuracy_Loan House_10000;dt_scores_f1_score_Loan House_10000;dt_scores_roc_auc_score_Loan House_10000;dt_scores_soft_binary_crossentropy_data_random_Loan House_10000;dt_scores_binary_crossentropy_data_random_Loan House_10000;dt_scores_accuracy_data_random_Loan House_10000;dt_scores_f1_score_data_random_Loan House_10000;dt_scores_roc_auc_score_data_random_Loan House_10000;dt_scores_soft_binary_crossentropy_std_Loan House_10000;dt_scores_binary_crossentropy_std_Loan House_10000;dt_scores_accuracy_std_Loan House_10000;dt_scores_f1_score_std_Loan House_10000;dt_scores_roc_auc_score_std_Loan House_10000;dt_scores_soft_binary_crossentropy_data_random_std_Loan House_10000;dt_scores_binary_crossentropy_data_random_std_Loan House_10000;dt_scores_accuracy_data_random_std_Loan House_10000;dt_scores_f1_score_data_random_std_Loan House_10000;dt_scores_roc_auc_score_data_random_std_Loan House_10000;dt_scores_runtime_Loan House_10000;inet_scores_soft_binary_crossentropy_Loan House_10000;inet_scores_binary_crossentropy_Loan House_10000;inet_scores_accuracy_Loan House_10000;inet_scores_f1_score_Loan House_10000;inet_scores_roc_auc_score_Loan House_10000;inet_scores_runtime_Loan House_10000;model_scores_soft_binary_crossentropy_Loan House_10000;model_scores_binary_crossentropy_Loan House_10000;model_scores_accuracy_Loan House_10000;model_scores_f1_score_Loan House_10000;model_scores_roc_auc_score_Loan House_10000;model_scores_runtime_Loan House_10000;dt_scores_soft_binary_crossentropy_['uniform', 'normal', 'gamma', 'beta', 'poisson']_Loan Credit_10000;dt_scores_binary_crossentropy_['uniform', 'normal', 'gamma', 'beta', 'poisson']_Loan Credit_10000;dt_scores_accuracy_['uniform', 'normal', 'gamma', 'beta', 'poisson']_Loan Credit_10000;dt_scores_f1_score_['uniform', 'normal', 'gamma', 'beta', 'poisson']_Loan Credit_10000;dt_scores_roc_auc_score_['uniform', 'normal', 'gamma', 'beta', 'poisson']_Loan Credit_10000;dt_scores_soft_binary_crossentropy_data_random_['uniform', 'normal', 'gamma', 'beta', 'poisson']_Loan Credit_10000;dt_scores_binary_crossentropy_data_random_['uniform', 'normal', 'gamma', 'beta', 'poisson']_Loan Credit_10000;dt_scores_accuracy_data_random_['uniform', 'normal', 'gamma', 'beta', 'poisson']_Loan Credit_10000;dt_scores_f1_score_data_random_['uniform', 'normal', 'gamma', 'beta', 'poisson']_Loan Credit_10000;dt_scores_roc_auc_score_data_random_['uniform', 'normal', 'gamma', 'beta', 'poisson']_Loan Credit_10000;dt_scores_runtime_['uniform', 'normal', 'gamma', 'beta', 'poisson']_Loan Credit_10000;dt_scores_soft_binary_crossentropy_Loan Credit_10000;dt_scores_binary_crossentropy_Loan Credit_10000;dt_scores_accuracy_Loan Credit_10000;dt_scores_f1_score_Loan Credit_10000;dt_scores_roc_auc_score_Loan Credit_10000;dt_scores_soft_binary_crossentropy_data_random_Loan Credit_10000;dt_scores_binary_crossentropy_data_random_Loan Credit_10000;dt_scores_accuracy_data_random_Loan Credit_10000;dt_scores_f1_score_data_random_Loan Credit_10000;dt_scores_roc_auc_score_data_random_Loan Credit_10000;dt_scores_soft_binary_crossentropy_std_Loan Credit_10000;dt_scores_binary_crossentropy_std_Loan Credit_10000;dt_scores_accuracy_std_Loan Credit_10000;dt_scores_f1_score_std_Loan Credit_10000;dt_scores_roc_auc_score_std_Loan Credit_10000;dt_scores_soft_binary_crossentropy_data_random_std_Loan Credit_10000;dt_scores_binary_crossentropy_data_random_std_Loan Credit_10000;dt_scores_accuracy_data_random_std_Loan Credit_10000;dt_scores_f1_score_data_random_std_Loan Credit_10000;dt_scores_roc_auc_score_data_random_std_Loan Credit_10000;dt_scores_runtime_Loan Credit_10000;inet_scores_soft_binary_crossentropy_Loan Credit_10000;inet_scores_binary_crossentropy_Loan Credit_10000;inet_scores_accuracy_Loan Credit_10000;inet_scores_f1_score_Loan Credit_10000;inet_scores_roc_auc_score_Loan Credit_10000;inet_scores_runtime_Loan Credit_10000;model_scores_soft_binary_crossentropy_Loan Credit_10000;model_scores_binary_crossentropy_Loan Credit_10000;model_scores_accuracy_Loan Credit_10000;model_scores_f1_score_Loan Credit_10000;model_scores_roc_auc_score_Loan Credit_10000;model_scores_runtime_Loan Credit_10000;dt_scores_soft_binary_crossentropy_['uniform', 'normal', 'gamma', 'beta', 'poisson']_Medical Insurance_10000;dt_scores_binary_crossentropy_['uniform', 'normal', 'gamma', 'beta', 'poisson']_Medical Insurance_10000;dt_scores_accuracy_['uniform', 'normal', 'gamma', 'beta', 'poisson']_Medical Insurance_10000;dt_scores_f1_score_['uniform', 'normal', 'gamma', 'beta', 'poisson']_Medical Insurance_10000;dt_scores_roc_auc_score_['uniform', 'normal', 'gamma', 'beta', 'poisson']_Medical Insurance_10000;dt_scores_soft_binary_crossentropy_data_random_['uniform', 'normal', 'gamma', 'beta', 'poisson']_Medical Insurance_10000;dt_scores_binary_crossentropy_data_random_['uniform', 'normal', 'gamma', 'beta', 'poisson']_Medical Insurance_10000;dt_scores_accuracy_data_random_['uniform', 'normal', 'gamma', 'beta', 'poisson']_Medical Insurance_10000;dt_scores_f1_score_data_random_['uniform', 'normal', 'gamma', 'beta', 'poisson']_Medical Insurance_10000;dt_scores_roc_auc_score_data_random_['uniform', 'normal', 'gamma', 'beta', 'poisson']_Medical Insurance_10000;dt_scores_runtime_['uniform', 'normal', 'gamma', 'beta', 'poisson']_Medical Insurance_10000;dt_scores_soft_binary_crossentropy_Medical Insurance_10000;dt_scores_binary_crossentropy_Medical Insurance_10000;dt_scores_accuracy_Medical Insurance_10000;dt_scores_f1_score_Medical Insurance_10000;dt_scores_roc_auc_score_Medical Insurance_10000;dt_scores_soft_binary_crossentropy_data_random_Medical Insurance_10000;dt_scores_binary_crossentropy_data_random_Medical Insurance_10000;dt_scores_accuracy_data_random_Medical Insurance_10000;dt_scores_f1_score_data_random_Medical Insurance_10000;dt_scores_roc_auc_score_data_random_Medical Insurance_10000;dt_scores_soft_binary_crossentropy_std_Medical Insurance_10000;dt_scores_binary_crossentropy_std_Medical Insurance_10000;dt_scores_accuracy_std_Medical Insurance_10000;dt_scores_f1_score_std_Medical Insurance_10000;dt_scores_roc_auc_score_std_Medical Insurance_10000;dt_scores_soft_binary_crossentropy_data_random_std_Medical Insurance_10000;dt_scores_binary_crossentropy_data_random_std_Medical Insurance_10000;dt_scores_accuracy_data_random_std_Medical Insurance_10000;dt_scores_f1_score_data_random_std_Medical Insurance_10000;dt_scores_roc_auc_score_data_random_std_Medical Insurance_10000;dt_scores_runtime_Medical Insurance_10000;inet_scores_soft_binary_crossentropy_Medical Insurance_10000;inet_scores_binary_crossentropy_Medical Insurance_10000;inet_scores_accuracy_Medical Insurance_10000;inet_scores_f1_score_Medical Insurance_10000;inet_scores_roc_auc_score_Medical Insurance_10000;inet_scores_runtime_Medical Insurance_10000;model_scores_soft_binary_crossentropy_Medical Insurance_10000;model_scores_binary_crossentropy_Medical Insurance_10000;model_scores_accuracy_Medical Insurance_10000;model_scores_f1_score_Medical Insurance_10000;model_scores_roc_auc_score_Medical Insurance_10000;model_scores_runtime_Medical Insurance_10000;dt_scores_soft_binary_crossentropy_['uniform', 'normal', 'gamma', 'beta', 'poisson']_Bank Marketing_10000;dt_scores_binary_crossentropy_['uniform', 'normal', 'gamma', 'beta', 'poisson']_Bank Marketing_10000;dt_scores_accuracy_['uniform', 'normal', 'gamma', 'beta', 'poisson']_Bank Marketing_10000;dt_scores_f1_score_['uniform', 'normal', 'gamma', 'beta', 'poisson']_Bank Marketing_10000;dt_scores_roc_auc_score_['uniform', 'normal', 'gamma', 'beta', 'poisson']_Bank Marketing_10000;dt_scores_soft_binary_crossentropy_data_random_['uniform', 'normal', 'gamma', 'beta', 'poisson']_Bank Marketing_10000;dt_scores_binary_crossentropy_data_random_['uniform', 'normal', 'gamma', 'beta', 'poisson']_Bank Marketing_10000;dt_scores_accuracy_data_random_['uniform', 'normal', 'gamma', 'beta', 'poisson']_Bank Marketing_10000;dt_scores_f1_score_data_random_['uniform', 'normal', 'gamma', 'beta', 'poisson']_Bank Marketing_10000;dt_scores_roc_auc_score_data_random_['uniform', 'normal', 'gamma', 'beta', 'poisson']_Bank Marketing_10000;dt_scores_runtime_['uniform', 'normal', 'gamma', 'beta', 'poisson']_Bank Marketing_10000;dt_scores_soft_binary_crossentropy_Bank Marketing_10000;dt_scores_binary_crossentropy_Bank Marketing_10000;dt_scores_accuracy_Bank Marketing_10000;dt_scores_f1_score_Bank Marketing_10000;dt_scores_roc_auc_score_Bank Marketing_10000;dt_scores_soft_binary_crossentropy_data_random_Bank Marketing_10000;dt_scores_binary_crossentropy_data_random_Bank Marketing_10000;dt_scores_accuracy_data_random_Bank Marketing_10000;dt_scores_f1_score_data_random_Bank Marketing_10000;dt_scores_roc_auc_score_data_random_Bank Marketing_10000;dt_scores_soft_binary_crossentropy_std_Bank Marketing_10000;dt_scores_binary_crossentropy_std_Bank Marketing_10000;dt_scores_accuracy_std_Bank Marketing_10000;dt_scores_f1_score_std_Bank Marketing_10000;dt_scores_roc_auc_score_std_Bank Marketing_10000;dt_scores_soft_binary_crossentropy_data_random_std_Bank Marketing_10000;dt_scores_binary_crossentropy_data_random_std_Bank Marketing_10000;dt_scores_accuracy_data_random_std_Bank Marketing_10000;dt_scores_f1_score_data_random_std_Bank Marketing_10000;dt_scores_roc_auc_score_data_random_std_Bank Marketing_10000;dt_scores_runtime_Bank Marketing_10000;inet_scores_soft_binary_crossentropy_Bank Marketing_10000;inet_scores_binary_crossentropy_Bank Marketing_10000;inet_scores_accuracy_Bank Marketing_10000;inet_scores_f1_score_Bank Marketing_10000;inet_scores_roc_auc_score_Bank Marketing_10000;inet_scores_runtime_Bank Marketing_10000;model_scores_soft_binary_crossentropy_Bank Marketing_10000;model_scores_binary_crossentropy_Bank Marketing_10000;model_scores_accuracy_Bank Marketing_10000;model_scores_f1_score_Bank Marketing_10000;model_scores_roc_auc_score_Bank Marketing_10000;model_scores_runtime_Bank Marketing_10000;dt_scores_soft_binary_crossentropy_['uniform', 'normal', 'gamma', 'beta', 'poisson']_Cervical Cancer_10000;dt_scores_binary_crossentropy_['uniform', 'normal', 'gamma', 'beta', 'poisson']_Cervical Cancer_10000;dt_scores_accuracy_['uniform', 'normal', 'gamma', 'beta', 'poisson']_Cervical Cancer_10000;dt_scores_f1_score_['uniform', 'normal', 'gamma', 'beta', 'poisson']_Cervical Cancer_10000;dt_scores_roc_auc_score_['uniform', 'normal', 'gamma', 'beta', 'poisson']_Cervical Cancer_10000;dt_scores_soft_binary_crossentropy_data_random_['uniform', 'normal', 'gamma', 'beta', 'poisson']_Cervical Cancer_10000;dt_scores_binary_crossentropy_data_random_['uniform', 'normal', 'gamma', 'beta', 'poisson']_Cervical Cancer_10000;dt_scores_accuracy_data_random_['uniform', 'normal', 'gamma', 'beta', 'poisson']_Cervical Cancer_10000;dt_scores_f1_score_data_random_['uniform', 'normal', 'gamma', 'beta', 'poisson']_Cervical Cancer_10000;dt_scores_roc_auc_score_data_random_['uniform', 'normal', 'gamma', 'beta', 'poisson']_Cervical Cancer_10000;dt_scores_runtime_['uniform', 'normal', 'gamma', 'beta', 'poisson']_Cervical Cancer_10000;dt_scores_soft_binary_crossentropy_Cervical Cancer_10000;dt_scores_binary_crossentropy_Cervical Cancer_10000;dt_scores_accuracy_Cervical Cancer_10000;dt_scores_f1_score_Cervical Cancer_10000;dt_scores_roc_auc_score_Cervical Cancer_10000;dt_scores_soft_binary_crossentropy_data_random_Cervical Cancer_10000;dt_scores_binary_crossentropy_data_random_Cervical Cancer_10000;dt_scores_accuracy_data_random_Cervical Cancer_10000;dt_scores_f1_score_data_random_Cervical Cancer_10000;dt_scores_roc_auc_score_data_random_Cervical Cancer_10000;dt_scores_soft_binary_crossentropy_std_Cervical Cancer_10000;dt_scores_binary_crossentropy_std_Cervical Cancer_10000;dt_scores_accuracy_std_Cervical Cancer_10000;dt_scores_f1_score_std_Cervical Cancer_10000;dt_scores_roc_auc_score_std_Cervical Cancer_10000;dt_scores_soft_binary_crossentropy_data_random_std_Cervical Cancer_10000;dt_scores_binary_crossentropy_data_random_std_Cervical Cancer_10000;dt_scores_accuracy_data_random_std_Cervical Cancer_10000;dt_scores_f1_score_data_random_std_Cervical Cancer_10000;dt_scores_roc_auc_score_data_random_std_Cervical Cancer_10000;dt_scores_runtime_Cervical Cancer_10000;inet_scores_soft_binary_crossentropy_Cervical Cancer_10000;inet_scores_binary_crossentropy_Cervical Cancer_10000;inet_scores_accuracy_Cervical Cancer_10000;inet_scores_f1_score_Cervical Cancer_10000;inet_scores_roc_auc_score_Cervical Cancer_10000;inet_scores_runtime_Cervical Cancer_10000;model_scores_soft_binary_crossentropy_Cervical Cancer_10000;model_scores_binary_crossentropy_Cervical Cancer_10000;model_scores_accuracy_Cervical Cancer_10000;model_scores_f1_score_Cervical Cancer_10000;model_scores_roc_auc_score_Cervical Cancer_10000;model_scores_runtime_Cervical Cancer_10000;dt_scores_soft_binary_crossentropy_['uniform', 'normal', 'gamma', 'beta', 'poisson']_Brest Cancer Wisconsin_10000;dt_scores_binary_crossentropy_['uniform', 'normal', 'gamma', 'beta', 'poisson']_Brest Cancer Wisconsin_10000;dt_scores_accuracy_['uniform', 'normal', 'gamma', 'beta', 'poisson']_Brest Cancer Wisconsin_10000;dt_scores_f1_score_['uniform', 'normal', 'gamma', 'beta', 'poisson']_Brest Cancer Wisconsin_10000;dt_scores_roc_auc_score_['uniform', 'normal', 'gamma', 'beta', 'poisson']_Brest Cancer Wisconsin_10000;dt_scores_soft_binary_crossentropy_data_random_['uniform', 'normal', 'gamma', 'beta', 'poisson']_Brest Cancer Wisconsin_10000;dt_scores_binary_crossentropy_data_random_['uniform', 'normal', 'gamma', 'beta', 'poisson']_Brest Cancer Wisconsin_10000;dt_scores_accuracy_data_random_['uniform', 'normal', 'gamma', 'beta', 'poisson']_Brest Cancer Wisconsin_10000;dt_scores_f1_score_data_random_['uniform', 'normal', 'gamma', 'beta', 'poisson']_Brest Cancer Wisconsin_10000;dt_scores_roc_auc_score_data_random_['uniform', 'normal', 'gamma', 'beta', 'poisson']_Brest Cancer Wisconsin_10000;dt_scores_runtime_['uniform', 'normal', 'gamma', 'beta', 'poisson']_Brest Cancer Wisconsin_10000;dt_scores_soft_binary_crossentropy_Brest Cancer Wisconsin_10000;dt_scores_binary_crossentropy_Brest Cancer Wisconsin_10000;dt_scores_accuracy_Brest Cancer Wisconsin_10000;dt_scores_f1_score_Brest Cancer Wisconsin_10000;dt_scores_roc_auc_score_Brest Cancer Wisconsin_10000;dt_scores_soft_binary_crossentropy_data_random_Brest Cancer Wisconsin_10000;dt_scores_binary_crossentropy_data_random_Brest Cancer Wisconsin_10000;dt_scores_accuracy_data_random_Brest Cancer Wisconsin_10000;dt_scores_f1_score_data_random_Brest Cancer Wisconsin_10000;dt_scores_roc_auc_score_data_random_Brest Cancer Wisconsin_10000;dt_scores_soft_binary_crossentropy_std_Brest Cancer Wisconsin_10000;dt_scores_binary_crossentropy_std_Brest Cancer Wisconsin_10000;dt_scores_accuracy_std_Brest Cancer Wisconsin_10000;dt_scores_f1_score_std_Brest Cancer Wisconsin_10000;dt_scores_roc_auc_score_std_Brest Cancer Wisconsin_10000;dt_scores_soft_binary_crossentropy_data_random_std_Brest Cancer Wisconsin_10000;dt_scores_binary_crossentropy_data_random_std_Brest Cancer Wisconsin_10000;dt_scores_accuracy_data_random_std_Brest Cancer Wisconsin_10000;dt_scores_f1_score_data_random_std_Brest Cancer Wisconsin_10000;dt_scores_roc_auc_score_data_random_std_Brest Cancer Wisconsin_10000;dt_scores_runtime_Brest Cancer Wisconsin_10000;inet_scores_soft_binary_crossentropy_Brest Cancer Wisconsin_10000;inet_scores_binary_crossentropy_Brest Cancer Wisconsin_10000;inet_scores_accuracy_Brest Cancer Wisconsin_10000;inet_scores_f1_score_Brest Cancer Wisconsin_10000;inet_scores_roc_auc_score_Brest Cancer Wisconsin_10000;inet_scores_runtime_Brest Cancer Wisconsin_10000;model_scores_soft_binary_crossentropy_Brest Cancer Wisconsin_10000;model_scores_binary_crossentropy_Brest Cancer Wisconsin_10000;model_scores_accuracy_Brest Cancer Wisconsin_10000;model_scores_f1_score_Brest Cancer Wisconsin_10000;model_scores_roc_auc_score_Brest Cancer Wisconsin_10000;model_scores_runtime_Brest Cancer Wisconsin_10000;dt_scores_soft_binary_crossentropy_['uniform', 'normal', 'gamma', 'beta', 'poisson']_Wisconsin Diagnostic Breast Cancer_10000;dt_scores_binary_crossentropy_['uniform', 'normal', 'gamma', 'beta', 'poisson']_Wisconsin Diagnostic Breast Cancer_10000;dt_scores_accuracy_['uniform', 'normal', 'gamma', 'beta', 'poisson']_Wisconsin Diagnostic Breast Cancer_10000;dt_scores_f1_score_['uniform', 'normal', 'gamma', 'beta', 'poisson']_Wisconsin Diagnostic Breast Cancer_10000;dt_scores_roc_auc_score_['uniform', 'normal', 'gamma', 'beta', 'poisson']_Wisconsin Diagnostic Breast Cancer_10000;dt_scores_soft_binary_crossentropy_data_random_['uniform', 'normal', 'gamma', 'beta', 'poisson']_Wisconsin Diagnostic Breast Cancer_10000;dt_scores_binary_crossentropy_data_random_['uniform', 'normal', 'gamma', 'beta', 'poisson']_Wisconsin Diagnostic Breast Cancer_10000;dt_scores_accuracy_data_random_['uniform', 'normal', 'gamma', 'beta', 'poisson']_Wisconsin Diagnostic Breast Cancer_10000;dt_scores_f1_score_data_random_['uniform', 'normal', 'gamma', 'beta', 'poisson']_Wisconsin Diagnostic Breast Cancer_10000;dt_scores_roc_auc_score_data_random_['uniform', 'normal', 'gamma', 'beta', 'poisson']_Wisconsin Diagnostic Breast Cancer_10000;dt_scores_runtime_['uniform', 'normal', 'gamma', 'beta', 'poisson']_Wisconsin Diagnostic Breast Cancer_10000;dt_scores_soft_binary_crossentropy_Wisconsin Diagnostic Breast Cancer_10000;dt_scores_binary_crossentropy_Wisconsin Diagnostic Breast Cancer_10000;dt_scores_accuracy_Wisconsin Diagnostic Breast Cancer_10000;dt_scores_f1_score_Wisconsin Diagnostic Breast Cancer_10000;dt_scores_roc_auc_score_Wisconsin Diagnostic Breast Cancer_10000;dt_scores_soft_binary_crossentropy_data_random_Wisconsin Diagnostic Breast Cancer_10000;dt_scores_binary_crossentropy_data_random_Wisconsin Diagnostic Breast Cancer_10000;dt_scores_accuracy_data_random_Wisconsin Diagnostic Breast Cancer_10000;dt_scores_f1_score_data_random_Wisconsin Diagnostic Breast Cancer_10000;dt_scores_roc_auc_score_data_random_Wisconsin Diagnostic Breast Cancer_10000;dt_scores_soft_binary_crossentropy_std_Wisconsin Diagnostic Breast Cancer_10000;dt_scores_binary_crossentropy_std_Wisconsin Diagnostic Breast Cancer_10000;dt_scores_accuracy_std_Wisconsin Diagnostic Breast Cancer_10000;dt_scores_f1_score_std_Wisconsin Diagnostic Breast Cancer_10000;dt_scores_roc_auc_score_std_Wisconsin Diagnostic Breast Cancer_10000;dt_scores_soft_binary_crossentropy_data_random_std_Wisconsin Diagnostic Breast Cancer_10000;dt_scores_binary_crossentropy_data_random_std_Wisconsin Diagnostic Breast Cancer_10000;dt_scores_accuracy_data_random_std_Wisconsin Diagnostic Breast Cancer_10000;dt_scores_f1_score_data_random_std_Wisconsin Diagnostic Breast Cancer_10000;dt_scores_roc_auc_score_data_random_std_Wisconsin Diagnostic Breast Cancer_10000;dt_scores_runtime_Wisconsin Diagnostic Breast Cancer_10000;inet_scores_soft_binary_crossentropy_Wisconsin Diagnostic Breast Cancer_10000;inet_scores_binary_crossentropy_Wisconsin Diagnostic Breast Cancer_10000;inet_scores_accuracy_Wisconsin Diagnostic Breast Cancer_10000;inet_scores_f1_score_Wisconsin Diagnostic Breast Cancer_10000;inet_scores_roc_auc_score_Wisconsin Diagnostic Breast Cancer_10000;inet_scores_runtime_Wisconsin Diagnostic Breast Cancer_10000;model_scores_soft_binary_crossentropy_Wisconsin Diagnostic Breast Cancer_10000;model_scores_binary_crossentropy_Wisconsin Diagnostic Breast Cancer_10000;model_scores_accuracy_Wisconsin Diagnostic Breast Cancer_10000;model_scores_f1_score_Wisconsin Diagnostic Breast Cancer_10000;model_scores_roc_auc_score_Wisconsin Diagnostic Breast Cancer_10000;model_scores_runtime_Wisconsin Diagnostic Breast Cancer_10000;dt_scores_soft_binary_crossentropy_['uniform', 'normal', 'gamma', 'beta', 'poisson']_Wisconsin Prognostic Breast Cancer_10000;dt_scores_binary_crossentropy_['uniform', 'normal', 'gamma', 'beta', 'poisson']_Wisconsin Prognostic Breast Cancer_10000;dt_scores_accuracy_['uniform', 'normal', 'gamma', 'beta', 'poisson']_Wisconsin Prognostic Breast Cancer_10000;dt_scores_f1_score_['uniform', 'normal', 'gamma', 'beta', 'poisson']_Wisconsin Prognostic Breast Cancer_10000;dt_scores_roc_auc_score_['uniform', 'normal', 'gamma', 'beta', 'poisson']_Wisconsin Prognostic Breast Cancer_10000;dt_scores_soft_binary_crossentropy_data_random_['uniform', 'normal', 'gamma', 'beta', 'poisson']_Wisconsin Prognostic Breast Cancer_10000;dt_scores_binary_crossentropy_data_random_['uniform', 'normal', 'gamma', 'beta', 'poisson']_Wisconsin Prognostic Breast Cancer_10000;dt_scores_accuracy_data_random_['uniform', 'normal', 'gamma', 'beta', 'poisson']_Wisconsin Prognostic Breast Cancer_10000;dt_scores_f1_score_data_random_['uniform', 'normal', 'gamma', 'beta', 'poisson']_Wisconsin Prognostic Breast Cancer_10000;dt_scores_roc_auc_score_data_random_['uniform', 'normal', 'gamma', 'beta', 'poisson']_Wisconsin Prognostic Breast Cancer_10000;dt_scores_runtime_['uniform', 'normal', 'gamma', 'beta', 'poisson']_Wisconsin Prognostic Breast Cancer_10000;dt_scores_soft_binary_crossentropy_Wisconsin Prognostic Breast Cancer_10000;dt_scores_binary_crossentropy_Wisconsin Prognostic Breast Cancer_10000;dt_scores_accuracy_Wisconsin Prognostic Breast Cancer_10000;dt_scores_f1_score_Wisconsin Prognostic Breast Cancer_10000;dt_scores_roc_auc_score_Wisconsin Prognostic Breast Cancer_10000;dt_scores_soft_binary_crossentropy_data_random_Wisconsin Prognostic Breast Cancer_10000;dt_scores_binary_crossentropy_data_random_Wisconsin Prognostic Breast Cancer_10000;dt_scores_accuracy_data_random_Wisconsin Prognostic Breast Cancer_10000;dt_scores_f1_score_data_random_Wisconsin Prognostic Breast Cancer_10000;dt_scores_roc_auc_score_data_random_Wisconsin Prognostic Breast Cancer_10000;dt_scores_soft_binary_crossentropy_std_Wisconsin Prognostic Breast Cancer_10000;dt_scores_binary_crossentropy_std_Wisconsin Prognostic Breast Cancer_10000;dt_scores_accuracy_std_Wisconsin Prognostic Breast Cancer_10000;dt_scores_f1_score_std_Wisconsin Prognostic Breast Cancer_10000;dt_scores_roc_auc_score_std_Wisconsin Prognostic Breast Cancer_10000;dt_scores_soft_binary_crossentropy_data_random_std_Wisconsin Prognostic Breast Cancer_10000;dt_scores_binary_crossentropy_data_random_std_Wisconsin Prognostic Breast Cancer_10000;dt_scores_accuracy_data_random_std_Wisconsin Prognostic Breast Cancer_10000;dt_scores_f1_score_data_random_std_Wisconsin Prognostic Breast Cancer_10000;dt_scores_roc_auc_score_data_random_std_Wisconsin Prognostic Breast Cancer_10000;dt_scores_runtime_Wisconsin Prognostic Breast Cancer_10000;inet_scores_soft_binary_crossentropy_Wisconsin Prognostic Breast Cancer_10000;inet_scores_binary_crossentropy_Wisconsin Prognostic Breast Cancer_10000;inet_scores_accuracy_Wisconsin Prognostic Breast Cancer_10000;inet_scores_f1_score_Wisconsin Prognostic Breast Cancer_10000;inet_scores_roc_auc_score_Wisconsin Prognostic Breast Cancer_10000;inet_scores_runtime_Wisconsin Prognostic Breast Cancer_10000;model_scores_soft_binary_crossentropy_Wisconsin Prognostic Breast Cancer_10000;model_scores_binary_crossentropy_Wisconsin Prognostic Breast Cancer_10000;model_scores_accuracy_Wisconsin Prognostic Breast Cancer_10000;model_scores_f1_score_Wisconsin Prognostic Breast Cancer_10000;model_scores_roc_auc_score_Wisconsin Prognostic Breast Cancer_10000;model_scores_runtime_Wisconsin Prognostic Breast Cancer_10000;dt_scores_soft_binary_crossentropy_['uniform', 'normal', 'gamma', 'beta', 'poisson']_Abalone_10000;dt_scores_binary_crossentropy_['uniform', 'normal', 'gamma', 'beta', 'poisson']_Abalone_10000;dt_scores_accuracy_['uniform', 'normal', 'gamma', 'beta', 'poisson']_Abalone_10000;dt_scores_f1_score_['uniform', 'normal', 'gamma', 'beta', 'poisson']_Abalone_10000;dt_scores_roc_auc_score_['uniform', 'normal', 'gamma', 'beta', 'poisson']_Abalone_10000;dt_scores_soft_binary_crossentropy_data_random_['uniform', 'normal', 'gamma', 'beta', 'poisson']_Abalone_10000;dt_scores_binary_crossentropy_data_random_['uniform', 'normal', 'gamma', 'beta', 'poisson']_Abalone_10000;dt_scores_accuracy_data_random_['uniform', 'normal', 'gamma', 'beta', 'poisson']_Abalone_10000;dt_scores_f1_score_data_random_['uniform', 'normal', 'gamma', 'beta', 'poisson']_Abalone_10000;dt_scores_roc_auc_score_data_random_['uniform', 'normal', 'gamma', 'beta', 'poisson']_Abalone_10000;dt_scores_runtime_['uniform', 'normal', 'gamma', 'beta', 'poisson']_Abalone_10000;dt_scores_soft_binary_crossentropy_Abalone_10000;dt_scores_binary_crossentropy_Abalone_10000;dt_scores_accuracy_Abalone_10000;dt_scores_f1_score_Abalone_10000;dt_scores_roc_auc_score_Abalone_10000;dt_scores_soft_binary_crossentropy_data_random_Abalone_10000;dt_scores_binary_crossentropy_data_random_Abalone_10000;dt_scores_accuracy_data_random_Abalone_10000;dt_scores_f1_score_data_random_Abalone_10000;dt_scores_roc_auc_score_data_random_Abalone_10000;dt_scores_soft_binary_crossentropy_std_Abalone_10000;dt_scores_binary_crossentropy_std_Abalone_10000;dt_scores_accuracy_std_Abalone_10000;dt_scores_f1_score_std_Abalone_10000;dt_scores_roc_auc_score_std_Abalone_10000;dt_scores_soft_binary_crossentropy_data_random_std_Abalone_10000;dt_scores_binary_crossentropy_data_random_std_Abalone_10000;dt_scores_accuracy_data_random_std_Abalone_10000;dt_scores_f1_score_data_random_std_Abalone_10000;dt_scores_roc_auc_score_data_random_std_Abalone_10000;dt_scores_runtime_Abalone_10000;inet_scores_soft_binary_crossentropy_Abalone_10000;inet_scores_binary_crossentropy_Abalone_10000;inet_scores_accuracy_Abalone_10000;inet_scores_f1_score_Abalone_10000;inet_scores_roc_auc_score_Abalone_10000;inet_scores_runtime_Abalone_10000;model_scores_soft_binary_crossentropy_Abalone_10000;model_scores_binary_crossentropy_Abalone_10000;model_scores_accuracy_Abalone_10000;model_scores_f1_score_Abalone_10000;model_scores_roc_auc_score_Abalone_10000;model_scores_runtime_Abalone_10000;dt_scores_soft_binary_crossentropy_['uniform', 'normal', 'gamma', 'beta', 'poisson']_Car_10000;dt_scores_binary_crossentropy_['uniform', 'normal', 'gamma', 'beta', 'poisson']_Car_10000;dt_scores_accuracy_['uniform', 'normal', 'gamma', 'beta', 'poisson']_Car_10000;dt_scores_f1_score_['uniform', 'normal', 'gamma', 'beta', 'poisson']_Car_10000;dt_scores_roc_auc_score_['uniform', 'normal', 'gamma', 'beta', 'poisson']_Car_10000;dt_scores_soft_binary_crossentropy_data_random_['uniform', 'normal', 'gamma', 'beta', 'poisson']_Car_10000;dt_scores_binary_crossentropy_data_random_['uniform', 'normal', 'gamma', 'beta', 'poisson']_Car_10000;dt_scores_accuracy_data_random_['uniform', 'normal', 'gamma', 'beta', 'poisson']_Car_10000;dt_scores_f1_score_data_random_['uniform', 'normal', 'gamma', 'beta', 'poisson']_Car_10000;dt_scores_roc_auc_score_data_random_['uniform', 'normal', 'gamma', 'beta', 'poisson']_Car_10000;dt_scores_runtime_['uniform', 'normal', 'gamma', 'beta', 'poisson']_Car_10000;dt_scores_soft_binary_crossentropy_Car_10000;dt_scores_binary_crossentropy_Car_10000;dt_scores_accuracy_Car_10000;dt_scores_f1_score_Car_10000;dt_scores_roc_auc_score_Car_10000;dt_scores_soft_binary_crossentropy_data_random_Car_10000;dt_scores_binary_crossentropy_data_random_Car_10000;dt_scores_accuracy_data_random_Car_10000;dt_scores_f1_score_data_random_Car_10000;dt_scores_roc_auc_score_data_random_Car_10000;dt_scores_soft_binary_crossentropy_std_Car_10000;dt_scores_binary_crossentropy_std_Car_10000;dt_scores_accuracy_std_Car_10000;dt_scores_f1_score_std_Car_10000;dt_scores_roc_auc_score_std_Car_10000;dt_scores_soft_binary_crossentropy_data_random_std_Car_10000;dt_scores_binary_crossentropy_data_random_std_Car_10000;dt_scores_accuracy_data_random_std_Car_10000;dt_scores_f1_score_data_random_std_Car_10000;dt_scores_roc_auc_score_data_random_std_Car_10000;dt_scores_runtime_Car_10000;inet_scores_soft_binary_crossentropy_Car_10000;inet_scores_binary_crossentropy_Car_10000;inet_scores_accuracy_Car_10000;inet_scores_f1_score_Car_10000;inet_scores_roc_auc_score_Car_10000;inet_scores_runtime_Car_10000;model_scores_soft_binary_crossentropy_Car_10000;model_scores_binary_crossentropy_Car_10000;model_scores_accuracy_Car_10000;model_scores_f1_score_Car_10000;model_scores_roc_auc_score_Car_10000;model_scores_runtime_Car_10000;dt_scores_soft_binary_crossentropy_['uniform', 'normal', 'gamma', 'beta', 'poisson']_Heart Disease_10000;dt_scores_binary_crossentropy_['uniform', 'normal', 'gamma', 'beta', 'poisson']_Heart Disease_10000;dt_scores_accuracy_['uniform', 'normal', 'gamma', 'beta', 'poisson']_Heart Disease_10000;dt_scores_f1_score_['uniform', 'normal', 'gamma', 'beta', 'poisson']_Heart Disease_10000;dt_scores_roc_auc_score_['uniform', 'normal', 'gamma', 'beta', 'poisson']_Heart Disease_10000;dt_scores_soft_binary_crossentropy_data_random_['uniform', 'normal', 'gamma', 'beta', 'poisson']_Heart Disease_10000;dt_scores_binary_crossentropy_data_random_['uniform', 'normal', 'gamma', 'beta', 'poisson']_Heart Disease_10000;dt_scores_accuracy_data_random_['uniform', 'normal', 'gamma', 'beta', 'poisson']_Heart Disease_10000;dt_scores_f1_score_data_random_['uniform', 'normal', 'gamma', 'beta', 'poisson']_Heart Disease_10000;dt_scores_roc_auc_score_data_random_['uniform', 'normal', 'gamma', 'beta', 'poisson']_Heart Disease_10000;dt_scores_runtime_['uniform', 'normal', 'gamma', 'beta', 'poisson']_Heart Disease_10000;dt_scores_soft_binary_crossentropy_Heart Disease_10000;dt_scores_binary_crossentropy_Heart Disease_10000;dt_scores_accuracy_Heart Disease_10000;dt_scores_f1_score_Heart Disease_10000;dt_scores_roc_auc_score_Heart Disease_10000;dt_scores_soft_binary_crossentropy_data_random_Heart Disease_10000;dt_scores_binary_crossentropy_data_random_Heart Disease_10000;dt_scores_accuracy_data_random_Heart Disease_10000;dt_scores_f1_score_data_random_Heart Disease_10000;dt_scores_roc_auc_score_data_random_Heart Disease_10000;dt_scores_soft_binary_crossentropy_std_Heart Disease_10000;dt_scores_binary_crossentropy_std_Heart Disease_10000;dt_scores_accuracy_std_Heart Disease_10000;dt_scores_f1_score_std_Heart Disease_10000;dt_scores_roc_auc_score_std_Heart Disease_10000;dt_scores_soft_binary_crossentropy_data_random_std_Heart Disease_10000;dt_scores_binary_crossentropy_data_random_std_Heart Disease_10000;dt_scores_accuracy_data_random_std_Heart Disease_10000;dt_scores_f1_score_data_random_std_Heart Disease_10000;dt_scores_roc_auc_score_data_random_std_Heart Disease_10000;dt_scores_runtime_Heart Disease_10000;inet_scores_soft_binary_crossentropy_Heart Disease_10000;inet_scores_binary_crossentropy_Heart Disease_10000;inet_scores_accuracy_Heart Disease_10000;inet_scores_f1_score_Heart Disease_10000;inet_scores_roc_auc_score_Heart Disease_10000;inet_scores_runtime_Heart Disease_10000;model_scores_soft_binary_crossentropy_Heart Disease_10000;model_scores_binary_crossentropy_Heart Disease_10000;model_scores_accuracy_Heart Disease_10000;model_scores_f1_score_Heart Disease_10000;model_scores_roc_auc_score_Heart Disease_10000;model_scores_runtime_Heart Disease_10000;dt_scores_soft_binary_crossentropy_['uniform', 'normal', 'gamma', 'beta', 'poisson']_Credit Card_10000;dt_scores_binary_crossentropy_['uniform', 'normal', 'gamma', 'beta', 'poisson']_Credit Card_10000;dt_scores_accuracy_['uniform', 'normal', 'gamma', 'beta', 'poisson']_Credit Card_10000;dt_scores_f1_score_['uniform', 'normal', 'gamma', 'beta', 'poisson']_Credit Card_10000;dt_scores_roc_auc_score_['uniform', 'normal', 'gamma', 'beta', 'poisson']_Credit Card_10000;dt_scores_soft_binary_crossentropy_data_random_['uniform', 'normal', 'gamma', 'beta', 'poisson']_Credit Card_10000;dt_scores_binary_crossentropy_data_random_['uniform', 'normal', 'gamma', 'beta', 'poisson']_Credit Card_10000;dt_scores_accuracy_data_random_['uniform', 'normal', 'gamma', 'beta', 'poisson']_Credit Card_10000;dt_scores_f1_score_data_random_['uniform', 'normal', 'gamma', 'beta', 'poisson']_Credit Card_10000;dt_scores_roc_auc_score_data_random_['uniform', 'normal', 'gamma', 'beta', 'poisson']_Credit Card_10000;dt_scores_runtime_['uniform', 'normal', 'gamma', 'beta', 'poisson']_Credit Card_10000;dt_scores_soft_binary_crossentropy_Credit Card_10000;dt_scores_binary_crossentropy_Credit Card_10000;dt_scores_accuracy_Credit Card_10000;dt_scores_f1_score_Credit Card_10000;dt_scores_roc_auc_score_Credit Card_10000;dt_scores_soft_binary_crossentropy_data_random_Credit Card_10000;dt_scores_binary_crossentropy_data_random_Credit Card_10000;dt_scores_accuracy_data_random_Credit Card_10000;dt_scores_f1_score_data_random_Credit Card_10000;dt_scores_roc_auc_score_data_random_Credit Card_10000;dt_scores_soft_binary_crossentropy_std_Credit Card_10000;dt_scores_binary_crossentropy_std_Credit Card_10000;dt_scores_accuracy_std_Credit Card_10000;dt_scores_f1_score_std_Credit Card_10000;dt_scores_roc_auc_score_std_Credit Card_10000;dt_scores_soft_binary_crossentropy_data_random_std_Credit Card_10000;dt_scores_binary_crossentropy_data_random_std_Credit Card_10000;dt_scores_accuracy_data_random_std_Credit Card_10000;dt_scores_f1_score_data_random_std_Credit Card_10000;dt_scores_roc_auc_score_data_random_std_Credit Card_10000;dt_scores_runtime_Credit Card_10000;inet_scores_soft_binary_crossentropy_Credit Card_10000;inet_scores_binary_crossentropy_Credit Card_10000;inet_scores_accuracy_Credit Card_10000;inet_scores_f1_score_Credit Card_10000;inet_scores_roc_auc_score_Credit Card_10000;inet_scores_runtime_Credit Card_10000;model_scores_soft_binary_crossentropy_Credit Card_10000;model_scores_binary_crossentropy_Credit Card_10000;model_scores_accuracy_Credit Card_10000;model_scores_f1_score_Credit Card_10000;model_scores_roc_auc_score_Credit Card_10000;model_scores_runtime_Credit Card_10000;dt_scores_soft_binary_crossentropy_['uniform', 'normal', 'gamma', 'beta', 'poisson']_Haberman_10000;dt_scores_binary_crossentropy_['uniform', 'normal', 'gamma', 'beta', 'poisson']_Haberman_10000;dt_scores_accuracy_['uniform', 'normal', 'gamma', 'beta', 'poisson']_Haberman_10000;dt_scores_f1_score_['uniform', 'normal', 'gamma', 'beta', 'poisson']_Haberman_10000;dt_scores_roc_auc_score_['uniform', 'normal', 'gamma', 'beta', 'poisson']_Haberman_10000;dt_scores_soft_binary_crossentropy_data_random_['uniform', 'normal', 'gamma', 'beta', 'poisson']_Haberman_10000;dt_scores_binary_crossentropy_data_random_['uniform', 'normal', 'gamma', 'beta', 'poisson']_Haberman_10000;dt_scores_accuracy_data_random_['uniform', 'normal', 'gamma', 'beta', 'poisson']_Haberman_10000;dt_scores_f1_score_data_random_['uniform', 'normal', 'gamma', 'beta', 'poisson']_Haberman_10000;dt_scores_roc_auc_score_data_random_['uniform', 'normal', 'gamma', 'beta', 'poisson']_Haberman_10000;dt_scores_runtime_['uniform', 'normal', 'gamma', 'beta', 'poisson']_Haberman_10000;dt_scores_soft_binary_crossentropy_Haberman_10000;dt_scores_binary_crossentropy_Haberman_10000;dt_scores_accuracy_Haberman_10000;dt_scores_f1_score_Haberman_10000;dt_scores_roc_auc_score_Haberman_10000;dt_scores_soft_binary_crossentropy_data_random_Haberman_10000;dt_scores_binary_crossentropy_data_random_Haberman_10000;dt_scores_accuracy_data_random_Haberman_10000;dt_scores_f1_score_data_random_Haberman_10000;dt_scores_roc_auc_score_data_random_Haberman_10000;dt_scores_soft_binary_crossentropy_std_Haberman_10000;dt_scores_binary_crossentropy_std_Haberman_10000;dt_scores_accuracy_std_Haberman_10000;dt_scores_f1_score_std_Haberman_10000;dt_scores_roc_auc_score_std_Haberman_10000;dt_scores_soft_binary_crossentropy_data_random_std_Haberman_10000;dt_scores_binary_crossentropy_data_random_std_Haberman_10000;dt_scores_accuracy_data_random_std_Haberman_10000;dt_scores_f1_score_data_random_std_Haberman_10000;dt_scores_roc_auc_score_data_random_std_Haberman_10000;dt_scores_runtime_Haberman_10000;inet_scores_soft_binary_crossentropy_Haberman_10000;inet_scores_binary_crossentropy_Haberman_10000;inet_scores_accuracy_Haberman_10000;inet_scores_f1_score_Haberman_10000;inet_scores_roc_auc_score_Haberman_10000;inet_scores_runtime_Haberman_10000;model_scores_soft_binary_crossentropy_Haberman_10000;model_scores_binary_crossentropy_Haberman_10000;model_scores_accuracy_Haberman_10000;model_scores_f1_score_Haberman_10000;model_scores_roc_auc_score_Haberman_10000;model_scores_runtime_Haberman_10000;dt_scores_soft_binary_crossentropy_['uniform', 'normal', 'gamma', 'beta', 'poisson']_Adult_10000;dt_scores_binary_crossentropy_['uniform', 'normal', 'gamma', 'beta', 'poisson']_Adult_10000;dt_scores_accuracy_['uniform', 'normal', 'gamma', 'beta', 'poisson']_Adult_10000;dt_scores_f1_score_['uniform', 'normal', 'gamma', 'beta', 'poisson']_Adult_10000;dt_scores_roc_auc_score_['uniform', 'normal', 'gamma', 'beta', 'poisson']_Adult_10000;dt_scores_soft_binary_crossentropy_data_random_['uniform', 'normal', 'gamma', 'beta', 'poisson']_Adult_10000;dt_scores_binary_crossentropy_data_random_['uniform', 'normal', 'gamma', 'beta', 'poisson']_Adult_10000;dt_scores_accuracy_data_random_['uniform', 'normal', 'gamma', 'beta', 'poisson']_Adult_10000;dt_scores_f1_score_data_random_['uniform', 'normal', 'gamma', 'beta', 'poisson']_Adult_10000;dt_scores_roc_auc_score_data_random_['uniform', 'normal', 'gamma', 'beta', 'poisson']_Adult_10000;dt_scores_runtime_['uniform', 'normal', 'gamma', 'beta', 'poisson']_Adult_10000;dt_scores_soft_binary_crossentropy_Adult_10000;dt_scores_binary_crossentropy_Adult_10000;dt_scores_accuracy_Adult_10000;dt_scores_f1_score_Adult_10000;dt_scores_roc_auc_score_Adult_10000;dt_scores_soft_binary_crossentropy_data_random_Adult_10000;dt_scores_binary_crossentropy_data_random_Adult_10000;dt_scores_accuracy_data_random_Adult_10000;dt_scores_f1_score_data_random_Adult_10000;dt_scores_roc_auc_score_data_random_Adult_10000;dt_scores_soft_binary_crossentropy_std_Adult_10000;dt_scores_binary_crossentropy_std_Adult_10000;dt_scores_accuracy_std_Adult_10000;dt_scores_f1_score_std_Adult_10000;dt_scores_roc_auc_score_std_Adult_10000;dt_scores_soft_binary_crossentropy_data_random_std_Adult_10000;dt_scores_binary_crossentropy_data_random_std_Adult_10000;dt_scores_accuracy_data_random_std_Adult_10000;dt_scores_f1_score_data_random_std_Adult_10000;dt_scores_roc_auc_score_data_random_std_Adult_10000;dt_scores_runtime_Adult_10000;inet_scores_soft_binary_crossentropy_Adult_10000;inet_scores_binary_crossentropy_Adult_10000;inet_scores_accuracy_Adult_10000;inet_scores_f1_score_Adult_10000;inet_scores_roc_auc_score_Adult_10000;inet_scores_runtime_Adult_10000;model_scores_soft_binary_crossentropy_Adult_10000;model_scores_binary_crossentropy_Adult_10000;model_scores_accuracy_Adult_10000;model_scores_f1_score_Adult_10000;model_scores_roc_auc_score_Adult_10000;model_scores_runtime_Adult_10000;dt_scores_soft_binary_crossentropy_['uniform', 'normal', 'gamma', 'beta', 'poisson']_Titanic_10000;dt_scores_binary_crossentropy_['uniform', 'normal', 'gamma', 'beta', 'poisson']_Titanic_10000;dt_scores_accuracy_['uniform', 'normal', 'gamma', 'beta', 'poisson']_Titanic_10000;dt_scores_f1_score_['uniform', 'normal', 'gamma', 'beta', 'poisson']_Titanic_10000;dt_scores_roc_auc_score_['uniform', 'normal', 'gamma', 'beta', 'poisson']_Titanic_10000;dt_scores_soft_binary_crossentropy_data_random_['uniform', 'normal', 'gamma', 'beta', 'poisson']_Titanic_10000;dt_scores_binary_crossentropy_data_random_['uniform', 'normal', 'gamma', 'beta', 'poisson']_Titanic_10000;dt_scores_accuracy_data_random_['uniform', 'normal', 'gamma', 'beta', 'poisson']_Titanic_10000;dt_scores_f1_score_data_random_['uniform', 'normal', 'gamma', 'beta', 'poisson']_Titanic_10000;dt_scores_roc_auc_score_data_random_['uniform', 'normal', 'gamma', 'beta', 'poisson']_Titanic_10000;dt_scores_runtime_['uniform', 'normal', 'gamma', 'beta', 'poisson']_Titanic_10000;dt_scores_soft_binary_crossentropy_Titanic_10000;dt_scores_binary_crossentropy_Titanic_10000;dt_scores_accuracy_Titanic_10000;dt_scores_f1_score_Titanic_10000;dt_scores_roc_auc_score_Titanic_10000;dt_scores_soft_binary_crossentropy_data_random_Titanic_10000;dt_scores_binary_crossentropy_data_random_Titanic_10000;dt_scores_accuracy_data_random_Titanic_10000;dt_scores_f1_score_data_random_Titanic_10000;dt_scores_roc_auc_score_data_random_Titanic_10000;dt_scores_soft_binary_crossentropy_std_Titanic_10000;dt_scores_binary_crossentropy_std_Titanic_10000;dt_scores_accuracy_std_Titanic_10000;dt_scores_f1_score_std_Titanic_10000;dt_scores_roc_auc_score_std_Titanic_10000;dt_scores_soft_binary_crossentropy_data_random_std_Titanic_10000;dt_scores_binary_crossentropy_data_random_std_Titanic_10000;dt_scores_accuracy_data_random_std_Titanic_10000;dt_scores_f1_score_data_random_std_Titanic_10000;dt_scores_roc_auc_score_data_random_std_Titanic_10000;dt_scores_runtime_Titanic_10000;inet_scores_soft_binary_crossentropy_Titanic_10000;inet_scores_binary_crossentropy_Titanic_10000;inet_scores_accuracy_Titanic_10000;inet_scores_f1_score_Titanic_10000;inet_scores_roc_auc_score_Titanic_10000;inet_scores_runtime_Titanic_10000;model_scores_soft_binary_crossentropy_Titanic_10000;model_scores_binary_crossentropy_Titanic_10000;model_scores_accuracy_Titanic_10000;model_scores_f1_score_Titanic_10000;model_scores_roc_auc_score_Titanic_10000;model_scores_runtime_Titanic_10000;dt_scores_soft_binary_crossentropy_['uniform', 'normal', 'gamma', 'beta', 'poisson']_Absenteeism_10000;dt_scores_binary_crossentropy_['uniform', 'normal', 'gamma', 'beta', 'poisson']_Absenteeism_10000;dt_scores_accuracy_['uniform', 'normal', 'gamma', 'beta', 'poisson']_Absenteeism_10000;dt_scores_f1_score_['uniform', 'normal', 'gamma', 'beta', 'poisson']_Absenteeism_10000;dt_scores_roc_auc_score_['uniform', 'normal', 'gamma', 'beta', 'poisson']_Absenteeism_10000;dt_scores_soft_binary_crossentropy_data_random_['uniform', 'normal', 'gamma', 'beta', 'poisson']_Absenteeism_10000;dt_scores_binary_crossentropy_data_random_['uniform', 'normal', 'gamma', 'beta', 'poisson']_Absenteeism_10000;dt_scores_accuracy_data_random_['uniform', 'normal', 'gamma', 'beta', 'poisson']_Absenteeism_10000;dt_scores_f1_score_data_random_['uniform', 'normal', 'gamma', 'beta', 'poisson']_Absenteeism_10000;dt_scores_roc_auc_score_data_random_['uniform', 'normal', 'gamma', 'beta', 'poisson']_Absenteeism_10000;dt_scores_runtime_['uniform', 'normal', 'gamma', 'beta', 'poisson']_Absenteeism_10000;dt_scores_soft_binary_crossentropy_Absenteeism_10000;dt_scores_binary_crossentropy_Absenteeism_10000;dt_scores_accuracy_Absenteeism_10000;dt_scores_f1_score_Absenteeism_10000;dt_scores_roc_auc_score_Absenteeism_10000;dt_scores_soft_binary_crossentropy_data_random_Absenteeism_10000;dt_scores_binary_crossentropy_data_random_Absenteeism_10000;dt_scores_accuracy_data_random_Absenteeism_10000;dt_scores_f1_score_data_random_Absenteeism_10000;dt_scores_roc_auc_score_data_random_Absenteeism_10000;dt_scores_soft_binary_crossentropy_std_Absenteeism_10000;dt_scores_binary_crossentropy_std_Absenteeism_10000;dt_scores_accuracy_std_Absenteeism_10000;dt_scores_f1_score_std_Absenteeism_10000;dt_scores_roc_auc_score_std_Absenteeism_10000;dt_scores_soft_binary_crossentropy_data_random_std_Absenteeism_10000;dt_scores_binary_crossentropy_data_random_std_Absenteeism_10000;dt_scores_accuracy_data_random_std_Absenteeism_10000;dt_scores_f1_score_data_random_std_Absenteeism_10000;dt_scores_roc_auc_score_data_random_std_Absenteeism_10000;dt_scores_runtime_Absenteeism_10000;inet_scores_soft_binary_crossentropy_Absenteeism_10000;inet_scores_binary_crossentropy_Absenteeism_10000;inet_scores_accuracy_Absenteeism_10000;inet_scores_f1_score_Absenteeism_10000;inet_scores_roc_auc_score_Absenteeism_10000;inet_scores_runtime_Absenteeism_10000;model_scores_soft_binary_crossentropy_Absenteeism_10000;model_scores_binary_crossentropy_Absenteeism_10000;model_scores_accuracy_Absenteeism_10000;model_scores_f1_score_Absenteeism_10000;model_scores_roc_auc_score_Absenteeism_10000;model_scores_runtime_Absenteeism_10000;dt_scores_soft_binary_crossentropy_['uniform', 'normal', 'gamma', 'beta', 'poisson']_Loan House_10000;dt_scores_binary_crossentropy_['uniform', 'normal', 'gamma', 'beta', 'poisson']_Loan House_10000;dt_scores_accuracy_['uniform', 'normal', 'gamma', 'beta', 'poisson']_Loan House_10000;dt_scores_f1_score_['uniform', 'normal', 'gamma', 'beta', 'poisson']_Loan House_10000;dt_scores_roc_auc_score_['uniform', 'normal', 'gamma', 'beta', 'poisson']_Loan House_10000;dt_scores_soft_binary_crossentropy_data_random_['uniform', 'normal', 'gamma', 'beta', 'poisson']_Loan House_10000;dt_scores_binary_crossentropy_data_random_['uniform', 'normal', 'gamma', 'beta', 'poisson']_Loan House_10000;dt_scores_accuracy_data_random_['uniform', 'normal', 'gamma', 'beta', 'poisson']_Loan House_10000;dt_scores_f1_score_data_random_['uniform', 'normal', 'gamma', 'beta', 'poisson']_Loan House_10000;dt_scores_roc_auc_score_data_random_['uniform', 'normal', 'gamma', 'beta', 'poisson']_Loan House_10000;dt_scores_runtime_['uniform', 'normal', 'gamma', 'beta', 'poisson']_Loan House_10000;dt_scores_soft_binary_crossentropy_Loan House_10000;dt_scores_binary_crossentropy_Loan House_10000;dt_scores_accuracy_Loan House_10000;dt_scores_f1_score_Loan House_10000;dt_scores_roc_auc_score_Loan House_10000;dt_scores_soft_binary_crossentropy_data_random_Loan House_10000;dt_scores_binary_crossentropy_data_random_Loan House_10000;dt_scores_accuracy_data_random_Loan House_10000;dt_scores_f1_score_data_random_Loan House_10000;dt_scores_roc_auc_score_data_random_Loan House_10000;dt_scores_soft_binary_crossentropy_std_Loan House_10000;dt_scores_binary_crossentropy_std_Loan House_10000;dt_scores_accuracy_std_Loan House_10000;dt_scores_f1_score_std_Loan House_10000;dt_scores_roc_auc_score_std_Loan House_10000;dt_scores_soft_binary_crossentropy_data_random_std_Loan House_10000;dt_scores_binary_crossentropy_data_random_std_Loan House_10000;dt_scores_accuracy_data_random_std_Loan House_10000;dt_scores_f1_score_data_random_std_Loan House_10000;dt_scores_roc_auc_score_data_random_std_Loan House_10000;dt_scores_runtime_Loan House_10000;inet_scores_soft_binary_crossentropy_Loan House_10000;inet_scores_binary_crossentropy_Loan House_10000;inet_scores_accuracy_Loan House_10000;inet_scores_f1_score_Loan House_10000;inet_scores_roc_auc_score_Loan House_10000;inet_scores_runtime_Loan House_10000;model_scores_soft_binary_crossentropy_Loan House_10000;model_scores_binary_crossentropy_Loan House_10000;model_scores_accuracy_Loan House_10000;model_scores_f1_score_Loan House_10000;model_scores_roc_auc_score_Loan House_10000;model_scores_runtime_Loan House_10000;dt_scores_soft_binary_crossentropy_['uniform', 'normal', 'gamma', 'beta', 'poisson']_Loan Credit_10000;dt_scores_binary_crossentropy_['uniform', 'normal', 'gamma', 'beta', 'poisson']_Loan Credit_10000;dt_scores_accuracy_['uniform', 'normal', 'gamma', 'beta', 'poisson']_Loan Credit_10000;dt_scores_f1_score_['uniform', 'normal', 'gamma', 'beta', 'poisson']_Loan Credit_10000;dt_scores_roc_auc_score_['uniform', 'normal', 'gamma', 'beta', 'poisson']_Loan Credit_10000;dt_scores_soft_binary_crossentropy_data_random_['uniform', 'normal', 'gamma', 'beta', 'poisson']_Loan Credit_10000;dt_scores_binary_crossentropy_data_random_['uniform', 'normal', 'gamma', 'beta', 'poisson']_Loan Credit_10000;dt_scores_accuracy_data_random_['uniform', 'normal', 'gamma', 'beta', 'poisson']_Loan Credit_10000;dt_scores_f1_score_data_random_['uniform', 'normal', 'gamma', 'beta', 'poisson']_Loan Credit_10000;dt_scores_roc_auc_score_data_random_['uniform', 'normal', 'gamma', 'beta', 'poisson']_Loan Credit_10000;dt_scores_runtime_['uniform', 'normal', 'gamma', 'beta', 'poisson']_Loan Credit_10000;dt_scores_soft_binary_crossentropy_Loan Credit_10000;dt_scores_binary_crossentropy_Loan Credit_10000;dt_scores_accuracy_Loan Credit_10000;dt_scores_f1_score_Loan Credit_10000;dt_scores_roc_auc_score_Loan Credit_10000;dt_scores_soft_binary_crossentropy_data_random_Loan Credit_10000;dt_scores_binary_crossentropy_data_random_Loan Credit_10000;dt_scores_accuracy_data_random_Loan Credit_10000;dt_scores_f1_score_data_random_Loan Credit_10000;dt_scores_roc_auc_score_data_random_Loan Credit_10000;dt_scores_soft_binary_crossentropy_std_Loan Credit_10000;dt_scores_binary_crossentropy_std_Loan Credit_10000;dt_scores_accuracy_std_Loan Credit_10000;dt_scores_f1_score_std_Loan Credit_10000;dt_scores_roc_auc_score_std_Loan Credit_10000;dt_scores_soft_binary_crossentropy_data_random_std_Loan Credit_10000;dt_scores_binary_crossentropy_data_random_std_Loan Credit_10000;dt_scores_accuracy_data_random_std_Loan Credit_10000;dt_scores_f1_score_data_random_std_Loan Credit_10000;dt_scores_roc_auc_score_data_random_std_Loan Credit_10000;dt_scores_runtime_Loan Credit_10000;inet_scores_soft_binary_crossentropy_Loan Credit_10000;inet_scores_binary_crossentropy_Loan Credit_10000;inet_scores_accuracy_Loan Credit_10000;inet_scores_f1_score_Loan Credit_10000;inet_scores_roc_auc_score_Loan Credit_10000;inet_scores_runtime_Loan Credit_10000;model_scores_soft_binary_crossentropy_Loan Credit_10000;model_scores_binary_crossentropy_Loan Credit_10000;model_scores_accuracy_Loan Credit_10000;model_scores_f1_score_Loan Credit_10000;model_scores_roc_auc_score_Loan Credit_10000;model_scores_runtime_Loan Credit_10000;dt_scores_soft_binary_crossentropy_['uniform', 'normal', 'gamma', 'beta', 'poisson']_Medical Insurance_10000;dt_scores_binary_crossentropy_['uniform', 'normal', 'gamma', 'beta', 'poisson']_Medical Insurance_10000;dt_scores_accuracy_['uniform', 'normal', 'gamma', 'beta', 'poisson']_Medical Insurance_10000;dt_scores_f1_score_['uniform', 'normal', 'gamma', 'beta', 'poisson']_Medical Insurance_10000;dt_scores_roc_auc_score_['uniform', 'normal', 'gamma', 'beta', 'poisson']_Medical Insurance_10000;dt_scores_soft_binary_crossentropy_data_random_['uniform', 'normal', 'gamma', 'beta', 'poisson']_Medical Insurance_10000;dt_scores_binary_crossentropy_data_random_['uniform', 'normal', 'gamma', 'beta', 'poisson']_Medical Insurance_10000;dt_scores_accuracy_data_random_['uniform', 'normal', 'gamma', 'beta', 'poisson']_Medical Insurance_10000;dt_scores_f1_score_data_random_['uniform', 'normal', 'gamma', 'beta', 'poisson']_Medical Insurance_10000;dt_scores_roc_auc_score_data_random_['uniform', 'normal', 'gamma', 'beta', 'poisson']_Medical Insurance_10000;dt_scores_runtime_['uniform', 'normal', 'gamma', 'beta', 'poisson']_Medical Insurance_10000;dt_scores_soft_binary_crossentropy_Medical Insurance_10000;dt_scores_binary_crossentropy_Medical Insurance_10000;dt_scores_accuracy_Medical Insurance_10000;dt_scores_f1_score_Medical Insurance_10000;dt_scores_roc_auc_score_Medical Insurance_10000;dt_scores_soft_binary_crossentropy_data_random_Medical Insurance_10000;dt_scores_binary_crossentropy_data_random_Medical Insurance_10000;dt_scores_accuracy_data_random_Medical Insurance_10000;dt_scores_f1_score_data_random_Medical Insurance_10000;dt_scores_roc_auc_score_data_random_Medical Insurance_10000;dt_scores_soft_binary_crossentropy_std_Medical Insurance_10000;dt_scores_binary_crossentropy_std_Medical Insurance_10000;dt_scores_accuracy_std_Medical Insurance_10000;dt_scores_f1_score_std_Medical Insurance_10000;dt_scores_roc_auc_score_std_Medical Insurance_10000;dt_scores_soft_binary_crossentropy_data_random_std_Medical Insurance_10000;dt_scores_binary_crossentropy_data_random_std_Medical Insurance_10000;dt_scores_accuracy_data_random_std_Medical Insurance_10000;dt_scores_f1_score_data_random_std_Medical Insurance_10000;dt_scores_roc_auc_score_data_random_std_Medical Insurance_10000;dt_scores_runtime_Medical Insurance_10000;inet_scores_soft_binary_crossentropy_Medical Insurance_10000;inet_scores_binary_crossentropy_Medical Insurance_10000;inet_scores_accuracy_Medical Insurance_10000;inet_scores_f1_score_Medical Insurance_10000;inet_scores_roc_auc_score_Medical Insurance_10000;inet_scores_runtime_Medical Insurance_10000;model_scores_soft_binary_crossentropy_Medical Insurance_10000;model_scores_binary_crossentropy_Medical Insurance_10000;model_scores_accuracy_Medical Insurance_10000;model_scores_f1_score_Medical Insurance_10000;model_scores_roc_auc_score_Medical Insurance_10000;model_scores_runtime_Medical Insurance_10000;dt_scores_soft_binary_crossentropy_['uniform', 'normal', 'gamma', 'beta', 'poisson']_Bank Marketing_10000;dt_scores_binary_crossentropy_['uniform', 'normal', 'gamma', 'beta', 'poisson']_Bank Marketing_10000;dt_scores_accuracy_['uniform', 'normal', 'gamma', 'beta', 'poisson']_Bank Marketing_10000;dt_scores_f1_score_['uniform', 'normal', 'gamma', 'beta', 'poisson']_Bank Marketing_10000;dt_scores_roc_auc_score_['uniform', 'normal', 'gamma', 'beta', 'poisson']_Bank Marketing_10000;dt_scores_soft_binary_crossentropy_data_random_['uniform', 'normal', 'gamma', 'beta', 'poisson']_Bank Marketing_10000;dt_scores_binary_crossentropy_data_random_['uniform', 'normal', 'gamma', 'beta', 'poisson']_Bank Marketing_10000;dt_scores_accuracy_data_random_['uniform', 'normal', 'gamma', 'beta', 'poisson']_Bank Marketing_10000;dt_scores_f1_score_data_random_['uniform', 'normal', 'gamma', 'beta', 'poisson']_Bank Marketing_10000;dt_scores_roc_auc_score_data_random_['uniform', 'normal', 'gamma', 'beta', 'poisson']_Bank Marketing_10000;dt_scores_runtime_['uniform', 'normal', 'gamma', 'beta', 'poisson']_Bank Marketing_10000;dt_scores_soft_binary_crossentropy_Bank Marketing_10000;dt_scores_binary_crossentropy_Bank Marketing_10000;dt_scores_accuracy_Bank Marketing_10000;dt_scores_f1_score_Bank Marketing_10000;dt_scores_roc_auc_score_Bank Marketing_10000;dt_scores_soft_binary_crossentropy_data_random_Bank Marketing_10000;dt_scores_binary_crossentropy_data_random_Bank Marketing_10000;dt_scores_accuracy_data_random_Bank Marketing_10000;dt_scores_f1_score_data_random_Bank Marketing_10000;dt_scores_roc_auc_score_data_random_Bank Marketing_10000;dt_scores_soft_binary_crossentropy_std_Bank Marketing_10000;dt_scores_binary_crossentropy_std_Bank Marketing_10000;dt_scores_accuracy_std_Bank Marketing_10000;dt_scores_f1_score_std_Bank Marketing_10000;dt_scores_roc_auc_score_std_Bank Marketing_10000;dt_scores_soft_binary_crossentropy_data_random_std_Bank Marketing_10000;dt_scores_binary_crossentropy_data_random_std_Bank Marketing_10000;dt_scores_accuracy_data_random_std_Bank Marketing_10000;dt_scores_f1_score_data_random_std_Bank Marketing_10000;dt_scores_roc_auc_score_data_random_std_Bank Marketing_10000;dt_scores_runtime_Bank Marketing_10000;inet_scores_soft_binary_crossentropy_Bank Marketing_10000;inet_scores_binary_crossentropy_Bank Marketing_10000;inet_scores_accuracy_Bank Marketing_10000;inet_scores_f1_score_Bank Marketing_10000;inet_scores_roc_auc_score_Bank Marketing_10000;inet_scores_runtime_Bank Marketing_10000;model_scores_soft_binary_crossentropy_Bank Marketing_10000;model_scores_binary_crossentropy_Bank Marketing_10000;model_scores_accuracy_Bank Marketing_10000;model_scores_f1_score_Bank Marketing_10000;model_scores_roc_auc_score_Bank Marketing_10000;model_scores_runtime_Bank Marketing_10000;dt_scores_soft_binary_crossentropy_['uniform', 'normal', 'gamma', 'beta', 'poisson']_Cervical Cancer_10000;dt_scores_binary_crossentropy_['uniform', 'normal', 'gamma', 'beta', 'poisson']_Cervical Cancer_10000;dt_scores_accuracy_['uniform', 'normal', 'gamma', 'beta', 'poisson']_Cervical Cancer_10000;dt_scores_f1_score_['uniform', 'normal', 'gamma', 'beta', 'poisson']_Cervical Cancer_10000;dt_scores_roc_auc_score_['uniform', 'normal', 'gamma', 'beta', 'poisson']_Cervical Cancer_10000;dt_scores_soft_binary_crossentropy_data_random_['uniform', 'normal', 'gamma', 'beta', 'poisson']_Cervical Cancer_10000;dt_scores_binary_crossentropy_data_random_['uniform', 'normal', 'gamma', 'beta', 'poisson']_Cervical Cancer_10000;dt_scores_accuracy_data_random_['uniform', 'normal', 'gamma', 'beta', 'poisson']_Cervical Cancer_10000;dt_scores_f1_score_data_random_['uniform', 'normal', 'gamma', 'beta', 'poisson']_Cervical Cancer_10000;dt_scores_roc_auc_score_data_random_['uniform', 'normal', 'gamma', 'beta', 'poisson']_Cervical Cancer_10000;dt_scores_runtime_['uniform', 'normal', 'gamma', 'beta', 'poisson']_Cervical Cancer_10000;dt_scores_soft_binary_crossentropy_Cervical Cancer_10000;dt_scores_binary_crossentropy_Cervical Cancer_10000;dt_scores_accuracy_Cervical Cancer_10000;dt_scores_f1_score_Cervical Cancer_10000;dt_scores_roc_auc_score_Cervical Cancer_10000;dt_scores_soft_binary_crossentropy_data_random_Cervical Cancer_10000;dt_scores_binary_crossentropy_data_random_Cervical Cancer_10000;dt_scores_accuracy_data_random_Cervical Cancer_10000;dt_scores_f1_score_data_random_Cervical Cancer_10000;dt_scores_roc_auc_score_data_random_Cervical Cancer_10000;dt_scores_soft_binary_crossentropy_std_Cervical Cancer_10000;dt_scores_binary_crossentropy_std_Cervical Cancer_10000;dt_scores_accuracy_std_Cervical Cancer_10000;dt_scores_f1_score_std_Cervical Cancer_10000;dt_scores_roc_auc_score_std_Cervical Cancer_10000;dt_scores_soft_binary_crossentropy_data_random_std_Cervical Cancer_10000;dt_scores_binary_crossentropy_data_random_std_Cervical Cancer_10000;dt_scores_accuracy_data_random_std_Cervical Cancer_10000;dt_scores_f1_score_data_random_std_Cervical Cancer_10000;dt_scores_roc_auc_score_data_random_std_Cervical Cancer_10000;dt_scores_runtime_Cervical Cancer_10000;inet_scores_soft_binary_crossentropy_Cervical Cancer_10000;inet_scores_binary_crossentropy_Cervical Cancer_10000;inet_scores_accuracy_Cervical Cancer_10000;inet_scores_f1_score_Cervical Cancer_10000;inet_scores_roc_auc_score_Cervical Cancer_10000;inet_scores_runtime_Cervical Cancer_10000;model_scores_soft_binary_crossentropy_Cervical Cancer_10000;model_scores_binary_crossentropy_Cervical Cancer_10000;model_scores_accuracy_Cervical Cancer_10000;model_scores_f1_score_Cervical Cancer_10000;model_scores_roc_auc_score_Cervical Cancer_10000;model_scores_runtime_Cervical Cancer_10000;dt_scores_soft_binary_crossentropy_['uniform', 'normal', 'gamma', 'beta', 'poisson']_Brest Cancer Wisconsin_10000;dt_scores_binary_crossentropy_['uniform', 'normal', 'gamma', 'beta', 'poisson']_Brest Cancer Wisconsin_10000;dt_scores_accuracy_['uniform', 'normal', 'gamma', 'beta', 'poisson']_Brest Cancer Wisconsin_10000;dt_scores_f1_score_['uniform', 'normal', 'gamma', 'beta', 'poisson']_Brest Cancer Wisconsin_10000;dt_scores_roc_auc_score_['uniform', 'normal', 'gamma', 'beta', 'poisson']_Brest Cancer Wisconsin_10000;dt_scores_soft_binary_crossentropy_data_random_['uniform', 'normal', 'gamma', 'beta', 'poisson']_Brest Cancer Wisconsin_10000;dt_scores_binary_crossentropy_data_random_['uniform', 'normal', 'gamma', 'beta', 'poisson']_Brest Cancer Wisconsin_10000;dt_scores_accuracy_data_random_['uniform', 'normal', 'gamma', 'beta', 'poisson']_Brest Cancer Wisconsin_10000;dt_scores_f1_score_data_random_['uniform', 'normal', 'gamma', 'beta', 'poisson']_Brest Cancer Wisconsin_10000;dt_scores_roc_auc_score_data_random_['uniform', 'normal', 'gamma', 'beta', 'poisson']_Brest Cancer Wisconsin_10000;dt_scores_runtime_['uniform', 'normal', 'gamma', 'beta', 'poisson']_Brest Cancer Wisconsin_10000;dt_scores_soft_binary_crossentropy_Brest Cancer Wisconsin_10000;dt_scores_binary_crossentropy_Brest Cancer Wisconsin_10000;dt_scores_accuracy_Brest Cancer Wisconsin_10000;dt_scores_f1_score_Brest Cancer Wisconsin_10000;dt_scores_roc_auc_score_Brest Cancer Wisconsin_10000;dt_scores_soft_binary_crossentropy_data_random_Brest Cancer Wisconsin_10000;dt_scores_binary_crossentropy_data_random_Brest Cancer Wisconsin_10000;dt_scores_accuracy_data_random_Brest Cancer Wisconsin_10000;dt_scores_f1_score_data_random_Brest Cancer Wisconsin_10000;dt_scores_roc_auc_score_data_random_Brest Cancer Wisconsin_10000;dt_scores_soft_binary_crossentropy_std_Brest Cancer Wisconsin_10000;dt_scores_binary_crossentropy_std_Brest Cancer Wisconsin_10000;dt_scores_accuracy_std_Brest Cancer Wisconsin_10000;dt_scores_f1_score_std_Brest Cancer Wisconsin_10000;dt_scores_roc_auc_score_std_Brest Cancer Wisconsin_10000;dt_scores_soft_binary_crossentropy_data_random_std_Brest Cancer Wisconsin_10000;dt_scores_binary_crossentropy_data_random_std_Brest Cancer Wisconsin_10000;dt_scores_accuracy_data_random_std_Brest Cancer Wisconsin_10000;dt_scores_f1_score_data_random_std_Brest Cancer Wisconsin_10000;dt_scores_roc_auc_score_data_random_std_Brest Cancer Wisconsin_10000;dt_scores_runtime_Brest Cancer Wisconsin_10000;inet_scores_soft_binary_crossentropy_Brest Cancer Wisconsin_10000;inet_scores_binary_crossentropy_Brest Cancer Wisconsin_10000;inet_scores_accuracy_Brest Cancer Wisconsin_10000;inet_scores_f1_score_Brest Cancer Wisconsin_10000;inet_scores_roc_auc_score_Brest Cancer Wisconsin_10000;inet_scores_runtime_Brest Cancer Wisconsin_10000;model_scores_soft_binary_crossentropy_Brest Cancer Wisconsin_10000;model_scores_binary_crossentropy_Brest Cancer Wisconsin_10000;model_scores_accuracy_Brest Cancer Wisconsin_10000;model_scores_f1_score_Brest Cancer Wisconsin_10000;model_scores_roc_auc_score_Brest Cancer Wisconsin_10000;model_scores_runtime_Brest Cancer Wisconsin_10000;dt_scores_soft_binary_crossentropy_['uniform', 'normal', 'gamma', 'beta', 'poisson']_Wisconsin Diagnostic Breast Cancer_10000;dt_scores_binary_crossentropy_['uniform', 'normal', 'gamma', 'beta', 'poisson']_Wisconsin Diagnostic Breast Cancer_10000;dt_scores_accuracy_['uniform', 'normal', 'gamma', 'beta', 'poisson']_Wisconsin Diagnostic Breast Cancer_10000;dt_scores_f1_score_['uniform', 'normal', 'gamma', 'beta', 'poisson']_Wisconsin Diagnostic Breast Cancer_10000;dt_scores_roc_auc_score_['uniform', 'normal', 'gamma', 'beta', 'poisson']_Wisconsin Diagnostic Breast Cancer_10000;dt_scores_soft_binary_crossentropy_data_random_['uniform', 'normal', 'gamma', 'beta', 'poisson']_Wisconsin Diagnostic Breast Cancer_10000;dt_scores_binary_crossentropy_data_random_['uniform', 'normal', 'gamma', 'beta', 'poisson']_Wisconsin Diagnostic Breast Cancer_10000;dt_scores_accuracy_data_random_['uniform', 'normal', 'gamma', 'beta', 'poisson']_Wisconsin Diagnostic Breast Cancer_10000;dt_scores_f1_score_data_random_['uniform', 'normal', 'gamma', 'beta', 'poisson']_Wisconsin Diagnostic Breast Cancer_10000;dt_scores_roc_auc_score_data_random_['uniform', 'normal', 'gamma', 'beta', 'poisson']_Wisconsin Diagnostic Breast Cancer_10000;dt_scores_runtime_['uniform', 'normal', 'gamma', 'beta', 'poisson']_Wisconsin Diagnostic Breast Cancer_10000;dt_scores_soft_binary_crossentropy_Wisconsin Diagnostic Breast Cancer_10000;dt_scores_binary_crossentropy_Wisconsin Diagnostic Breast Cancer_10000;dt_scores_accuracy_Wisconsin Diagnostic Breast Cancer_10000;dt_scores_f1_score_Wisconsin Diagnostic Breast Cancer_10000;dt_scores_roc_auc_score_Wisconsin Diagnostic Breast Cancer_10000;dt_scores_soft_binary_crossentropy_data_random_Wisconsin Diagnostic Breast Cancer_10000;dt_scores_binary_crossentropy_data_random_Wisconsin Diagnostic Breast Cancer_10000;dt_scores_accuracy_data_random_Wisconsin Diagnostic Breast Cancer_10000;dt_scores_f1_score_data_random_Wisconsin Diagnostic Breast Cancer_10000;dt_scores_roc_auc_score_data_random_Wisconsin Diagnostic Breast Cancer_10000;dt_scores_soft_binary_crossentropy_std_Wisconsin Diagnostic Breast Cancer_10000;dt_scores_binary_crossentropy_std_Wisconsin Diagnostic Breast Cancer_10000;dt_scores_accuracy_std_Wisconsin Diagnostic Breast Cancer_10000;dt_scores_f1_score_std_Wisconsin Diagnostic Breast Cancer_10000;dt_scores_roc_auc_score_std_Wisconsin Diagnostic Breast Cancer_10000;dt_scores_soft_binary_crossentropy_data_random_std_Wisconsin Diagnostic Breast Cancer_10000;dt_scores_binary_crossentropy_data_random_std_Wisconsin Diagnostic Breast Cancer_10000;dt_scores_accuracy_data_random_std_Wisconsin Diagnostic Breast Cancer_10000;dt_scores_f1_score_data_random_std_Wisconsin Diagnostic Breast Cancer_10000;dt_scores_roc_auc_score_data_random_std_Wisconsin Diagnostic Breast Cancer_10000;dt_scores_runtime_Wisconsin Diagnostic Breast Cancer_10000;inet_scores_soft_binary_crossentropy_Wisconsin Diagnostic Breast Cancer_10000;inet_scores_binary_crossentropy_Wisconsin Diagnostic Breast Cancer_10000;inet_scores_accuracy_Wisconsin Diagnostic Breast Cancer_10000;inet_scores_f1_score_Wisconsin Diagnostic Breast Cancer_10000;inet_scores_roc_auc_score_Wisconsin Diagnostic Breast Cancer_10000;inet_scores_runtime_Wisconsin Diagnostic Breast Cancer_10000;model_scores_soft_binary_crossentropy_Wisconsin Diagnostic Breast Cancer_10000;model_scores_binary_crossentropy_Wisconsin Diagnostic Breast Cancer_10000;model_scores_accuracy_Wisconsin Diagnostic Breast Cancer_10000;model_scores_f1_score_Wisconsin Diagnostic Breast Cancer_10000;model_scores_roc_auc_score_Wisconsin Diagnostic Breast Cancer_10000;model_scores_runtime_Wisconsin Diagnostic Breast Cancer_10000;dt_scores_soft_binary_crossentropy_['uniform', 'normal', 'gamma', 'beta', 'poisson']_Wisconsin Prognostic Breast Cancer_10000;dt_scores_binary_crossentropy_['uniform', 'normal', 'gamma', 'beta', 'poisson']_Wisconsin Prognostic Breast Cancer_10000;dt_scores_accuracy_['uniform', 'normal', 'gamma', 'beta', 'poisson']_Wisconsin Prognostic Breast Cancer_10000;dt_scores_f1_score_['uniform', 'normal', 'gamma', 'beta', 'poisson']_Wisconsin Prognostic Breast Cancer_10000;dt_scores_roc_auc_score_['uniform', 'normal', 'gamma', 'beta', 'poisson']_Wisconsin Prognostic Breast Cancer_10000;dt_scores_soft_binary_crossentropy_data_random_['uniform', 'normal', 'gamma', 'beta', 'poisson']_Wisconsin Prognostic Breast Cancer_10000;dt_scores_binary_crossentropy_data_random_['uniform', 'normal', 'gamma', 'beta', 'poisson']_Wisconsin Prognostic Breast Cancer_10000;dt_scores_accuracy_data_random_['uniform', 'normal', 'gamma', 'beta', 'poisson']_Wisconsin Prognostic Breast Cancer_10000;dt_scores_f1_score_data_random_['uniform', 'normal', 'gamma', 'beta', 'poisson']_Wisconsin Prognostic Breast Cancer_10000;dt_scores_roc_auc_score_data_random_['uniform', 'normal', 'gamma', 'beta', 'poisson']_Wisconsin Prognostic Breast Cancer_10000;dt_scores_runtime_['uniform', 'normal', 'gamma', 'beta', 'poisson']_Wisconsin Prognostic Breast Cancer_10000;dt_scores_soft_binary_crossentropy_Wisconsin Prognostic Breast Cancer_10000;dt_scores_binary_crossentropy_Wisconsin Prognostic Breast Cancer_10000;dt_scores_accuracy_Wisconsin Prognostic Breast Cancer_10000;dt_scores_f1_score_Wisconsin Prognostic Breast Cancer_10000;dt_scores_roc_auc_score_Wisconsin Prognostic Breast Cancer_10000;dt_scores_soft_binary_crossentropy_data_random_Wisconsin Prognostic Breast Cancer_10000;dt_scores_binary_crossentropy_data_random_Wisconsin Prognostic Breast Cancer_10000;dt_scores_accuracy_data_random_Wisconsin Prognostic Breast Cancer_10000;dt_scores_f1_score_data_random_Wisconsin Prognostic Breast Cancer_10000;dt_scores_roc_auc_score_data_random_Wisconsin Prognostic Breast Cancer_10000;dt_scores_soft_binary_crossentropy_std_Wisconsin Prognostic Breast Cancer_10000;dt_scores_binary_crossentropy_std_Wisconsin Prognostic Breast Cancer_10000;dt_scores_accuracy_std_Wisconsin Prognostic Breast Cancer_10000;dt_scores_f1_score_std_Wisconsin Prognostic Breast Cancer_10000;dt_scores_roc_auc_score_std_Wisconsin Prognostic Breast Cancer_10000;dt_scores_soft_binary_crossentropy_data_random_std_Wisconsin Prognostic Breast Cancer_10000;dt_scores_binary_crossentropy_data_random_std_Wisconsin Prognostic Breast Cancer_10000;dt_scores_accuracy_data_random_std_Wisconsin Prognostic Breast Cancer_10000;dt_scores_f1_score_data_random_std_Wisconsin Prognostic Breast Cancer_10000;dt_scores_roc_auc_score_data_random_std_Wisconsin Prognostic Breast Cancer_10000;dt_scores_runtime_Wisconsin Prognostic Breast Cancer_10000;inet_scores_soft_binary_crossentropy_Wisconsin Prognostic Breast Cancer_10000;inet_scores_binary_crossentropy_Wisconsin Prognostic Breast Cancer_10000;inet_scores_accuracy_Wisconsin Prognostic Breast Cancer_10000;inet_scores_f1_score_Wisconsin Prognostic Breast Cancer_10000;inet_scores_roc_auc_score_Wisconsin Prognostic Breast Cancer_10000;inet_scores_runtime_Wisconsin Prognostic Breast Cancer_10000;model_scores_soft_binary_crossentropy_Wisconsin Prognostic Breast Cancer_10000;model_scores_binary_crossentropy_Wisconsin Prognostic Breast Cancer_10000;model_scores_accuracy_Wisconsin Prognostic Breast Cancer_10000;model_scores_f1_score_Wisconsin Prognostic Breast Cancer_10000;model_scores_roc_auc_score_Wisconsin Prognostic Breast Cancer_10000;model_scores_runtime_Wisconsin Prognostic Breast Cancer_10000;dt_scores_soft_binary_crossentropy_['uniform', 'normal', 'gamma', 'beta', 'poisson']_Abalone_10000;dt_scores_binary_crossentropy_['uniform', 'normal', 'gamma', 'beta', 'poisson']_Abalone_10000;dt_scores_accuracy_['uniform', 'normal', 'gamma', 'beta', 'poisson']_Abalone_10000;dt_scores_f1_score_['uniform', 'normal', 'gamma', 'beta', 'poisson']_Abalone_10000;dt_scores_roc_auc_score_['uniform', 'normal', 'gamma', 'beta', 'poisson']_Abalone_10000;dt_scores_soft_binary_crossentropy_data_random_['uniform', 'normal', 'gamma', 'beta', 'poisson']_Abalone_10000;dt_scores_binary_crossentropy_data_random_['uniform', 'normal', 'gamma', 'beta', 'poisson']_Abalone_10000;dt_scores_accuracy_data_random_['uniform', 'normal', 'gamma', 'beta', 'poisson']_Abalone_10000;dt_scores_f1_score_data_random_['uniform', 'normal', 'gamma', 'beta', 'poisson']_Abalone_10000;dt_scores_roc_auc_score_data_random_['uniform', 'normal', 'gamma', 'beta', 'poisson']_Abalone_10000;dt_scores_runtime_['uniform', 'normal', 'gamma', 'beta', 'poisson']_Abalone_10000;dt_scores_soft_binary_crossentropy_Abalone_10000;dt_scores_binary_crossentropy_Abalone_10000;dt_scores_accuracy_Abalone_10000;dt_scores_f1_score_Abalone_10000;dt_scores_roc_auc_score_Abalone_10000;dt_scores_soft_binary_crossentropy_data_random_Abalone_10000;dt_scores_binary_crossentropy_data_random_Abalone_10000;dt_scores_accuracy_data_random_Abalone_10000;dt_scores_f1_score_data_random_Abalone_10000;dt_scores_roc_auc_score_data_random_Abalone_10000;dt_scores_soft_binary_crossentropy_std_Abalone_10000;dt_scores_binary_crossentropy_std_Abalone_10000;dt_scores_accuracy_std_Abalone_10000;dt_scores_f1_score_std_Abalone_10000;dt_scores_roc_auc_score_std_Abalone_10000;dt_scores_soft_binary_crossentropy_data_random_std_Abalone_10000;dt_scores_binary_crossentropy_data_random_std_Abalone_10000;dt_scores_accuracy_data_random_std_Abalone_10000;dt_scores_f1_score_data_random_std_Abalone_10000;dt_scores_roc_auc_score_data_random_std_Abalone_10000;dt_scores_runtime_Abalone_10000;inet_scores_soft_binary_crossentropy_Abalone_10000;inet_scores_binary_crossentropy_Abalone_10000;inet_scores_accuracy_Abalone_10000;inet_scores_f1_score_Abalone_10000;inet_scores_roc_auc_score_Abalone_10000;inet_scores_runtime_Abalone_10000;model_scores_soft_binary_crossentropy_Abalone_10000;model_scores_binary_crossentropy_Abalone_10000;model_scores_accuracy_Abalone_10000;model_scores_f1_score_Abalone_10000;model_scores_roc_auc_score_Abalone_10000;model_scores_runtime_Abalone_10000;dt_scores_soft_binary_crossentropy_['uniform', 'normal', 'gamma', 'beta', 'poisson']_Car_10000;dt_scores_binary_crossentropy_['uniform', 'normal', 'gamma', 'beta', 'poisson']_Car_10000;dt_scores_accuracy_['uniform', 'normal', 'gamma', 'beta', 'poisson']_Car_10000;dt_scores_f1_score_['uniform', 'normal', 'gamma', 'beta', 'poisson']_Car_10000;dt_scores_roc_auc_score_['uniform', 'normal', 'gamma', 'beta', 'poisson']_Car_10000;dt_scores_soft_binary_crossentropy_data_random_['uniform', 'normal', 'gamma', 'beta', 'poisson']_Car_10000;dt_scores_binary_crossentropy_data_random_['uniform', 'normal', 'gamma', 'beta', 'poisson']_Car_10000;dt_scores_accuracy_data_random_['uniform', 'normal', 'gamma', 'beta', 'poisson']_Car_10000;dt_scores_f1_score_data_random_['uniform', 'normal', 'gamma', 'beta', 'poisson']_Car_10000;dt_scores_roc_auc_score_data_random_['uniform', 'normal', 'gamma', 'beta', 'poisson']_Car_10000;dt_scores_runtime_['uniform', 'normal', 'gamma', 'beta', 'poisson']_Car_10000;dt_scores_soft_binary_crossentropy_Car_10000;dt_scores_binary_crossentropy_Car_10000;dt_scores_accuracy_Car_10000;dt_scores_f1_score_Car_10000;dt_scores_roc_auc_score_Car_10000;dt_scores_soft_binary_crossentropy_data_random_Car_10000;dt_scores_binary_crossentropy_data_random_Car_10000;dt_scores_accuracy_data_random_Car_10000;dt_scores_f1_score_data_random_Car_10000;dt_scores_roc_auc_score_data_random_Car_10000;dt_scores_soft_binary_crossentropy_std_Car_10000;dt_scores_binary_crossentropy_std_Car_10000;dt_scores_accuracy_std_Car_10000;dt_scores_f1_score_std_Car_10000;dt_scores_roc_auc_score_std_Car_10000;dt_scores_soft_binary_crossentropy_data_random_std_Car_10000;dt_scores_binary_crossentropy_data_random_std_Car_10000;dt_scores_accuracy_data_random_std_Car_10000;dt_scores_f1_score_data_random_std_Car_10000;dt_scores_roc_auc_score_data_random_std_Car_10000;dt_scores_runtime_Car_10000;inet_scores_soft_binary_crossentropy_Car_10000;inet_scores_binary_crossentropy_Car_10000;inet_scores_accuracy_Car_10000;inet_scores_f1_score_Car_10000;inet_scores_roc_auc_score_Car_10000;inet_scores_runtime_Car_10000;model_scores_soft_binary_crossentropy_Car_10000;model_scores_binary_crossentropy_Car_10000;model_scores_accuracy_Car_10000;model_scores_f1_score_Car_10000;model_scores_roc_auc_score_Car_10000;model_scores_runtime_Car_10000;dt_scores_soft_binary_crossentropy_['uniform', 'normal', 'gamma', 'beta', 'poisson']_Heart Disease_10000;dt_scores_binary_crossentropy_['uniform', 'normal', 'gamma', 'beta', 'poisson']_Heart Disease_10000;dt_scores_accuracy_['uniform', 'normal', 'gamma', 'beta', 'poisson']_Heart Disease_10000;dt_scores_f1_score_['uniform', 'normal', 'gamma', 'beta', 'poisson']_Heart Disease_10000;dt_scores_roc_auc_score_['uniform', 'normal', 'gamma', 'beta', 'poisson']_Heart Disease_10000;dt_scores_soft_binary_crossentropy_data_random_['uniform', 'normal', 'gamma', 'beta', 'poisson']_Heart Disease_10000;dt_scores_binary_crossentropy_data_random_['uniform', 'normal', 'gamma', 'beta', 'poisson']_Heart Disease_10000;dt_scores_accuracy_data_random_['uniform', 'normal', 'gamma', 'beta', 'poisson']_Heart Disease_10000;dt_scores_f1_score_data_random_['uniform', 'normal', 'gamma', 'beta', 'poisson']_Heart Disease_10000;dt_scores_roc_auc_score_data_random_['uniform', 'normal', 'gamma', 'beta', 'poisson']_Heart Disease_10000;dt_scores_runtime_['uniform', 'normal', 'gamma', 'beta', 'poisson']_Heart Disease_10000;dt_scores_soft_binary_crossentropy_Heart Disease_10000;dt_scores_binary_crossentropy_Heart Disease_10000;dt_scores_accuracy_Heart Disease_10000;dt_scores_f1_score_Heart Disease_10000;dt_scores_roc_auc_score_Heart Disease_10000;dt_scores_soft_binary_crossentropy_data_random_Heart Disease_10000;dt_scores_binary_crossentropy_data_random_Heart Disease_10000;dt_scores_accuracy_data_random_Heart Disease_10000;dt_scores_f1_score_data_random_Heart Disease_10000;dt_scores_roc_auc_score_data_random_Heart Disease_10000;dt_scores_soft_binary_crossentropy_std_Heart Disease_10000;dt_scores_binary_crossentropy_std_Heart Disease_10000;dt_scores_accuracy_std_Heart Disease_10000;dt_scores_f1_score_std_Heart Disease_10000;dt_scores_roc_auc_score_std_Heart Disease_10000;dt_scores_soft_binary_crossentropy_data_random_std_Heart Disease_10000;dt_scores_binary_crossentropy_data_random_std_Heart Disease_10000;dt_scores_accuracy_data_random_std_Heart Disease_10000;dt_scores_f1_score_data_random_std_Heart Disease_10000;dt_scores_roc_auc_score_data_random_std_Heart Disease_10000;dt_scores_runtime_Heart Disease_10000;inet_scores_soft_binary_crossentropy_Heart Disease_10000;inet_scores_binary_crossentropy_Heart Disease_10000;inet_scores_accuracy_Heart Disease_10000;inet_scores_f1_score_Heart Disease_10000;inet_scores_roc_auc_score_Heart Disease_10000;inet_scores_runtime_Heart Disease_10000;model_scores_soft_binary_crossentropy_Heart Disease_10000;model_scores_binary_crossentropy_Heart Disease_10000;model_scores_accuracy_Heart Disease_10000;model_scores_f1_score_Heart Disease_10000;model_scores_roc_auc_score_Heart Disease_10000;model_scores_runtime_Heart Disease_10000;dt_scores_soft_binary_crossentropy_['uniform', 'normal', 'gamma', 'beta', 'poisson']_Credit Card_10000;dt_scores_binary_crossentropy_['uniform', 'normal', 'gamma', 'beta', 'poisson']_Credit Card_10000;dt_scores_accuracy_['uniform', 'normal', 'gamma', 'beta', 'poisson']_Credit Card_10000;dt_scores_f1_score_['uniform', 'normal', 'gamma', 'beta', 'poisson']_Credit Card_10000;dt_scores_roc_auc_score_['uniform', 'normal', 'gamma', 'beta', 'poisson']_Credit Card_10000;dt_scores_soft_binary_crossentropy_data_random_['uniform', 'normal', 'gamma', 'beta', 'poisson']_Credit Card_10000;dt_scores_binary_crossentropy_data_random_['uniform', 'normal', 'gamma', 'beta', 'poisson']_Credit Card_10000;dt_scores_accuracy_data_random_['uniform', 'normal', 'gamma', 'beta', 'poisson']_Credit Card_10000;dt_scores_f1_score_data_random_['uniform', 'normal', 'gamma', 'beta', 'poisson']_Credit Card_10000;dt_scores_roc_auc_score_data_random_['uniform', 'normal', 'gamma', 'beta', 'poisson']_Credit Card_10000;dt_scores_runtime_['uniform', 'normal', 'gamma', 'beta', 'poisson']_Credit Card_10000;dt_scores_soft_binary_crossentropy_Credit Card_10000;dt_scores_binary_crossentropy_Credit Card_10000;dt_scores_accuracy_Credit Card_10000;dt_scores_f1_score_Credit Card_10000;dt_scores_roc_auc_score_Credit Card_10000;dt_scores_soft_binary_crossentropy_data_random_Credit Card_10000;dt_scores_binary_crossentropy_data_random_Credit Card_10000;dt_scores_accuracy_data_random_Credit Card_10000;dt_scores_f1_score_data_random_Credit Card_10000;dt_scores_roc_auc_score_data_random_Credit Card_10000;dt_scores_soft_binary_crossentropy_std_Credit Card_10000;dt_scores_binary_crossentropy_std_Credit Card_10000;dt_scores_accuracy_std_Credit Card_10000;dt_scores_f1_score_std_Credit Card_10000;dt_scores_roc_auc_score_std_Credit Card_10000;dt_scores_soft_binary_crossentropy_data_random_std_Credit Card_10000;dt_scores_binary_crossentropy_data_random_std_Credit Card_10000;dt_scores_accuracy_data_random_std_Credit Card_10000;dt_scores_f1_score_data_random_std_Credit Card_10000;dt_scores_roc_auc_score_data_random_std_Credit Card_10000;dt_scores_runtime_Credit Card_10000;inet_scores_soft_binary_crossentropy_Credit Card_10000;inet_scores_binary_crossentropy_Credit Card_10000;inet_scores_accuracy_Credit Card_10000;inet_scores_f1_score_Credit Card_10000;inet_scores_roc_auc_score_Credit Card_10000;inet_scores_runtime_Credit Card_10000;model_scores_soft_binary_crossentropy_Credit Card_10000;model_scores_binary_crossentropy_Credit Card_10000;model_scores_accuracy_Credit Card_10000;model_scores_f1_score_Credit Card_10000;model_scores_roc_auc_score_Credit Card_10000;model_scores_runtime_Credit Card_10000;dt_scores_soft_binary_crossentropy_['uniform', 'normal', 'gamma', 'beta', 'poisson']_Haberman_10000;dt_scores_binary_crossentropy_['uniform', 'normal', 'gamma', 'beta', 'poisson']_Haberman_10000;dt_scores_accuracy_['uniform', 'normal', 'gamma', 'beta', 'poisson']_Haberman_10000;dt_scores_f1_score_['uniform', 'normal', 'gamma', 'beta', 'poisson']_Haberman_10000;dt_scores_roc_auc_score_['uniform', 'normal', 'gamma', 'beta', 'poisson']_Haberman_10000;dt_scores_soft_binary_crossentropy_data_random_['uniform', 'normal', 'gamma', 'beta', 'poisson']_Haberman_10000;dt_scores_binary_crossentropy_data_random_['uniform', 'normal', 'gamma', 'beta', 'poisson']_Haberman_10000;dt_scores_accuracy_data_random_['uniform', 'normal', 'gamma', 'beta', 'poisson']_Haberman_10000;dt_scores_f1_score_data_random_['uniform', 'normal', 'gamma', 'beta', 'poisson']_Haberman_10000;dt_scores_roc_auc_score_data_random_['uniform', 'normal', 'gamma', 'beta', 'poisson']_Haberman_10000;dt_scores_runtime_['uniform', 'normal', 'gamma', 'beta', 'poisson']_Haberman_10000;dt_scores_soft_binary_crossentropy_Haberman_10000;dt_scores_binary_crossentropy_Haberman_10000;dt_scores_accuracy_Haberman_10000;dt_scores_f1_score_Haberman_10000;dt_scores_roc_auc_score_Haberman_10000;dt_scores_soft_binary_crossentropy_data_random_Haberman_10000;dt_scores_binary_crossentropy_data_random_Haberman_10000;dt_scores_accuracy_data_random_Haberman_10000;dt_scores_f1_score_data_random_Haberman_10000;dt_scores_roc_auc_score_data_random_Haberman_10000;dt_scores_soft_binary_crossentropy_std_Haberman_10000;dt_scores_binary_crossentropy_std_Haberman_10000;dt_scores_accuracy_std_Haberman_10000;dt_scores_f1_score_std_Haberman_10000;dt_scores_roc_auc_score_std_Haberman_10000;dt_scores_soft_binary_crossentropy_data_random_std_Haberman_10000;dt_scores_binary_crossentropy_data_random_std_Haberman_10000;dt_scores_accuracy_data_random_std_Haberman_10000;dt_scores_f1_score_data_random_std_Haberman_10000;dt_scores_roc_auc_score_data_random_std_Haberman_10000;dt_scores_runtime_Haberman_10000;inet_scores_soft_binary_crossentropy_Haberman_10000;inet_scores_binary_crossentropy_Haberman_10000;inet_scores_accuracy_Haberman_10000;inet_scores_f1_score_Haberman_10000;inet_scores_roc_auc_score_Haberman_10000;inet_scores_runtime_Haberman_10000;model_scores_soft_binary_crossentropy_Haberman_10000;model_scores_binary_crossentropy_Haberman_10000;model_scores_accuracy_Haberman_10000;model_scores_f1_score_Haberman_10000;model_scores_roc_auc_score_Haberman_10000;model_scores_runtime_Haberman_10000;dt_scores_soft_binary_crossentropy_['uniform', 'normal', 'gamma', 'beta', 'poisson']_Adult_10000;dt_scores_binary_crossentropy_['uniform', 'normal', 'gamma', 'beta', 'poisson']_Adult_10000;dt_scores_accuracy_['uniform', 'normal', 'gamma', 'beta', 'poisson']_Adult_10000;dt_scores_f1_score_['uniform', 'normal', 'gamma', 'beta', 'poisson']_Adult_10000;dt_scores_roc_auc_score_['uniform', 'normal', 'gamma', 'beta', 'poisson']_Adult_10000;dt_scores_soft_binary_crossentropy_data_random_['uniform', 'normal', 'gamma', 'beta', 'poisson']_Adult_10000;dt_scores_binary_crossentropy_data_random_['uniform', 'normal', 'gamma', 'beta', 'poisson']_Adult_10000;dt_scores_accuracy_data_random_['uniform', 'normal', 'gamma', 'beta', 'poisson']_Adult_10000;dt_scores_f1_score_data_random_['uniform', 'normal', 'gamma', 'beta', 'poisson']_Adult_10000;dt_scores_roc_auc_score_data_random_['uniform', 'normal', 'gamma', 'beta', 'poisson']_Adult_10000;dt_scores_runtime_['uniform', 'normal', 'gamma', 'beta', 'poisson']_Adult_10000;dt_scores_soft_binary_crossentropy_Adult_10000;dt_scores_binary_crossentropy_Adult_10000;dt_scores_accuracy_Adult_10000;dt_scores_f1_score_Adult_10000;dt_scores_roc_auc_score_Adult_10000;dt_scores_soft_binary_crossentropy_data_random_Adult_10000;dt_scores_binary_crossentropy_data_random_Adult_10000;dt_scores_accuracy_data_random_Adult_10000;dt_scores_f1_score_data_random_Adult_10000;dt_scores_roc_auc_score_data_random_Adult_10000;dt_scores_soft_binary_crossentropy_std_Adult_10000;dt_scores_binary_crossentropy_std_Adult_10000;dt_scores_accuracy_std_Adult_10000;dt_scores_f1_score_std_Adult_10000;dt_scores_roc_auc_score_std_Adult_10000;dt_scores_soft_binary_crossentropy_data_random_std_Adult_10000;dt_scores_binary_crossentropy_data_random_std_Adult_10000;dt_scores_accuracy_data_random_std_Adult_10000;dt_scores_f1_score_data_random_std_Adult_10000;dt_scores_roc_auc_score_data_random_std_Adult_10000;dt_scores_runtime_Adult_10000;inet_scores_soft_binary_crossentropy_Adult_10000;inet_scores_binary_crossentropy_Adult_10000;inet_scores_accuracy_Adult_10000;inet_scores_f1_score_Adult_10000;inet_scores_roc_auc_score_Adult_10000;inet_scores_runtime_Adult_10000;model_scores_soft_binary_crossentropy_Adult_10000;model_scores_binary_crossentropy_Adult_10000;model_scores_accuracy_Adult_10000;model_scores_f1_score_Adult_10000;model_scores_roc_auc_score_Adult_10000;model_scores_runtime_Adult_10000;dt_scores_soft_binary_crossentropy_['uniform', 'normal', 'gamma', 'beta', 'poisson']_Titanic_10000;dt_scores_binary_crossentropy_['uniform', 'normal', 'gamma', 'beta', 'poisson']_Titanic_10000;dt_scores_accuracy_['uniform', 'normal', 'gamma', 'beta', 'poisson']_Titanic_10000;dt_scores_f1_score_['uniform', 'normal', 'gamma', 'beta', 'poisson']_Titanic_10000;dt_scores_roc_auc_score_['uniform', 'normal', 'gamma', 'beta', 'poisson']_Titanic_10000;dt_scores_soft_binary_crossentropy_data_random_['uniform', 'normal', 'gamma', 'beta', 'poisson']_Titanic_10000;dt_scores_binary_crossentropy_data_random_['uniform', 'normal', 'gamma', 'beta', 'poisson']_Titanic_10000;dt_scores_accuracy_data_random_['uniform', 'normal', 'gamma', 'beta', 'poisson']_Titanic_10000;dt_scores_f1_score_data_random_['uniform', 'normal', 'gamma', 'beta', 'poisson']_Titanic_10000;dt_scores_roc_auc_score_data_random_['uniform', 'normal', 'gamma', 'beta', 'poisson']_Titanic_10000;dt_scores_runtime_['uniform', 'normal', 'gamma', 'beta', 'poisson']_Titanic_10000;dt_scores_soft_binary_crossentropy_Titanic_10000;dt_scores_binary_crossentropy_Titanic_10000;dt_scores_accuracy_Titanic_10000;dt_scores_f1_score_Titanic_10000;dt_scores_roc_auc_score_Titanic_10000;dt_scores_soft_binary_crossentropy_data_random_Titanic_10000;dt_scores_binary_crossentropy_data_random_Titanic_10000;dt_scores_accuracy_data_random_Titanic_10000;dt_scores_f1_score_data_random_Titanic_10000;dt_scores_roc_auc_score_data_random_Titanic_10000;dt_scores_soft_binary_crossentropy_std_Titanic_10000;dt_scores_binary_crossentropy_std_Titanic_10000;dt_scores_accuracy_std_Titanic_10000;dt_scores_f1_score_std_Titanic_10000;dt_scores_roc_auc_score_std_Titanic_10000;dt_scores_soft_binary_crossentropy_data_random_std_Titanic_10000;dt_scores_binary_crossentropy_data_random_std_Titanic_10000;dt_scores_accuracy_data_random_std_Titanic_10000;dt_scores_f1_score_data_random_std_Titanic_10000;dt_scores_roc_auc_score_data_random_std_Titanic_10000;dt_scores_runtime_Titanic_10000;inet_scores_soft_binary_crossentropy_Titanic_10000;inet_scores_binary_crossentropy_Titanic_10000;inet_scores_accuracy_Titanic_10000;inet_scores_f1_score_Titanic_10000;inet_scores_roc_auc_score_Titanic_10000;inet_scores_runtime_Titanic_10000;model_scores_soft_binary_crossentropy_Titanic_10000;model_scores_binary_crossentropy_Titanic_10000;model_scores_accuracy_Titanic_10000;model_scores_f1_score_Titanic_10000;model_scores_roc_auc_score_Titanic_10000;model_scores_runtime_Titanic_10000;dt_scores_soft_binary_crossentropy_['uniform', 'normal', 'gamma', 'beta', 'poisson']_Absenteeism_10000;dt_scores_binary_crossentropy_['uniform', 'normal', 'gamma', 'beta', 'poisson']_Absenteeism_10000;dt_scores_accuracy_['uniform', 'normal', 'gamma', 'beta', 'poisson']_Absenteeism_10000;dt_scores_f1_score_['uniform', 'normal', 'gamma', 'beta', 'poisson']_Absenteeism_10000;dt_scores_roc_auc_score_['uniform', 'normal', 'gamma', 'beta', 'poisson']_Absenteeism_10000;dt_scores_soft_binary_crossentropy_data_random_['uniform', 'normal', 'gamma', 'beta', 'poisson']_Absenteeism_10000;dt_scores_binary_crossentropy_data_random_['uniform', 'normal', 'gamma', 'beta', 'poisson']_Absenteeism_10000;dt_scores_accuracy_data_random_['uniform', 'normal', 'gamma', 'beta', 'poisson']_Absenteeism_10000;dt_scores_f1_score_data_random_['uniform', 'normal', 'gamma', 'beta', 'poisson']_Absenteeism_10000;dt_scores_roc_auc_score_data_random_['uniform', 'normal', 'gamma', 'beta', 'poisson']_Absenteeism_10000;dt_scores_runtime_['uniform', 'normal', 'gamma', 'beta', 'poisson']_Absenteeism_10000;dt_scores_soft_binary_crossentropy_Absenteeism_10000;dt_scores_binary_crossentropy_Absenteeism_10000;dt_scores_accuracy_Absenteeism_10000;dt_scores_f1_score_Absenteeism_10000;dt_scores_roc_auc_score_Absenteeism_10000;dt_scores_soft_binary_crossentropy_data_random_Absenteeism_10000;dt_scores_binary_crossentropy_data_random_Absenteeism_10000;dt_scores_accuracy_data_random_Absenteeism_10000;dt_scores_f1_score_data_random_Absenteeism_10000;dt_scores_roc_auc_score_data_random_Absenteeism_10000;dt_scores_soft_binary_crossentropy_std_Absenteeism_10000;dt_scores_binary_crossentropy_std_Absenteeism_10000;dt_scores_accuracy_std_Absenteeism_10000;dt_scores_f1_score_std_Absenteeism_10000;dt_scores_roc_auc_score_std_Absenteeism_10000;dt_scores_soft_binary_crossentropy_data_random_std_Absenteeism_10000;dt_scores_binary_crossentropy_data_random_std_Absenteeism_10000;dt_scores_accuracy_data_random_std_Absenteeism_10000;dt_scores_f1_score_data_random_std_Absenteeism_10000;dt_scores_roc_auc_score_data_random_std_Absenteeism_10000;dt_scores_runtime_Absenteeism_10000;inet_scores_soft_binary_crossentropy_Absenteeism_10000;inet_scores_binary_crossentropy_Absenteeism_10000;inet_scores_accuracy_Absenteeism_10000;inet_scores_f1_score_Absenteeism_10000;inet_scores_roc_auc_score_Absenteeism_10000;inet_scores_runtime_Absenteeism_10000;model_scores_soft_binary_crossentropy_Absenteeism_10000;model_scores_binary_crossentropy_Absenteeism_10000;model_scores_accuracy_Absenteeism_10000;model_scores_f1_score_Absenteeism_10000;model_scores_roc_auc_score_Absenteeism_10000;model_scores_runtime_Absenteeism_10000;dt_scores_soft_binary_crossentropy_['uniform', 'normal', 'gamma', 'beta', 'poisson']_Loan House_10000;dt_scores_binary_crossentropy_['uniform', 'normal', 'gamma', 'beta', 'poisson']_Loan House_10000;dt_scores_accuracy_['uniform', 'normal', 'gamma', 'beta', 'poisson']_Loan House_10000;dt_scores_f1_score_['uniform', 'normal', 'gamma', 'beta', 'poisson']_Loan House_10000;dt_scores_roc_auc_score_['uniform', 'normal', 'gamma', 'beta', 'poisson']_Loan House_10000;dt_scores_soft_binary_crossentropy_data_random_['uniform', 'normal', 'gamma', 'beta', 'poisson']_Loan House_10000;dt_scores_binary_crossentropy_data_random_['uniform', 'normal', 'gamma', 'beta', 'poisson']_Loan House_10000;dt_scores_accuracy_data_random_['uniform', 'normal', 'gamma', 'beta', 'poisson']_Loan House_10000;dt_scores_f1_score_data_random_['uniform', 'normal', 'gamma', 'beta', 'poisson']_Loan House_10000;dt_scores_roc_auc_score_data_random_['uniform', 'normal', 'gamma', 'beta', 'poisson']_Loan House_10000;dt_scores_runtime_['uniform', 'normal', 'gamma', 'beta', 'poisson']_Loan House_10000;dt_scores_soft_binary_crossentropy_Loan House_10000;dt_scores_binary_crossentropy_Loan House_10000;dt_scores_accuracy_Loan House_10000;dt_scores_f1_score_Loan House_10000;dt_scores_roc_auc_score_Loan House_10000;dt_scores_soft_binary_crossentropy_data_random_Loan House_10000;dt_scores_binary_crossentropy_data_random_Loan House_10000;dt_scores_accuracy_data_random_Loan House_10000;dt_scores_f1_score_data_random_Loan House_10000;dt_scores_roc_auc_score_data_random_Loan House_10000;dt_scores_soft_binary_crossentropy_std_Loan House_10000;dt_scores_binary_crossentropy_std_Loan House_10000;dt_scores_accuracy_std_Loan House_10000;dt_scores_f1_score_std_Loan House_10000;dt_scores_roc_auc_score_std_Loan House_10000;dt_scores_soft_binary_crossentropy_data_random_std_Loan House_10000;dt_scores_binary_crossentropy_data_random_std_Loan House_10000;dt_scores_accuracy_data_random_std_Loan House_10000;dt_scores_f1_score_data_random_std_Loan House_10000;dt_scores_roc_auc_score_data_random_std_Loan House_10000;dt_scores_runtime_Loan House_10000;inet_scores_soft_binary_crossentropy_Loan House_10000;inet_scores_binary_crossentropy_Loan House_10000;inet_scores_accuracy_Loan House_10000;inet_scores_f1_score_Loan House_10000;inet_scores_roc_auc_score_Loan House_10000;inet_scores_runtime_Loan House_10000;model_scores_soft_binary_crossentropy_Loan House_10000;model_scores_binary_crossentropy_Loan House_10000;model_scores_accuracy_Loan House_10000;model_scores_f1_score_Loan House_10000;model_scores_roc_auc_score_Loan House_10000;model_scores_runtime_Loan House_10000;dt_scores_soft_binary_crossentropy_['uniform', 'normal', 'gamma', 'beta', 'poisson']_Loan Credit_10000;dt_scores_binary_crossentropy_['uniform', 'normal', 'gamma', 'beta', 'poisson']_Loan Credit_10000;dt_scores_accuracy_['uniform', 'normal', 'gamma', 'beta', 'poisson']_Loan Credit_10000;dt_scores_f1_score_['uniform', 'normal', 'gamma', 'beta', 'poisson']_Loan Credit_10000;dt_scores_roc_auc_score_['uniform', 'normal', 'gamma', 'beta', 'poisson']_Loan Credit_10000;dt_scores_soft_binary_crossentropy_data_random_['uniform', 'normal', 'gamma', 'beta', 'poisson']_Loan Credit_10000;dt_scores_binary_crossentropy_data_random_['uniform', 'normal', 'gamma', 'beta', 'poisson']_Loan Credit_10000;dt_scores_accuracy_data_random_['uniform', 'normal', 'gamma', 'beta', 'poisson']_Loan Credit_10000;dt_scores_f1_score_data_random_['uniform', 'normal', 'gamma', 'beta', 'poisson']_Loan Credit_10000;dt_scores_roc_auc_score_data_random_['uniform', 'normal', 'gamma', 'beta', 'poisson']_Loan Credit_10000;dt_scores_runtime_['uniform', 'normal', 'gamma', 'beta', 'poisson']_Loan Credit_10000;dt_scores_soft_binary_crossentropy_Loan Credit_10000;dt_scores_binary_crossentropy_Loan Credit_10000;dt_scores_accuracy_Loan Credit_10000;dt_scores_f1_score_Loan Credit_10000;dt_scores_roc_auc_score_Loan Credit_10000;dt_scores_soft_binary_crossentropy_data_random_Loan Credit_10000;dt_scores_binary_crossentropy_data_random_Loan Credit_10000;dt_scores_accuracy_data_random_Loan Credit_10000;dt_scores_f1_score_data_random_Loan Credit_10000;dt_scores_roc_auc_score_data_random_Loan Credit_10000;dt_scores_soft_binary_crossentropy_std_Loan Credit_10000;dt_scores_binary_crossentropy_std_Loan Credit_10000;dt_scores_accuracy_std_Loan Credit_10000;dt_scores_f1_score_std_Loan Credit_10000;dt_scores_roc_auc_score_std_Loan Credit_10000;dt_scores_soft_binary_crossentropy_data_random_std_Loan Credit_10000;dt_scores_binary_crossentropy_data_random_std_Loan Credit_10000;dt_scores_accuracy_data_random_std_Loan Credit_10000;dt_scores_f1_score_data_random_std_Loan Credit_10000;dt_scores_roc_auc_score_data_random_std_Loan Credit_10000;dt_scores_runtime_Loan Credit_10000;inet_scores_soft_binary_crossentropy_Loan Credit_10000;inet_scores_binary_crossentropy_Loan Credit_10000;inet_scores_accuracy_Loan Credit_10000;inet_scores_f1_score_Loan Credit_10000;inet_scores_roc_auc_score_Loan Credit_10000;inet_scores_runtime_Loan Credit_10000;model_scores_soft_binary_crossentropy_Loan Credit_10000;model_scores_binary_crossentropy_Loan Credit_10000;model_scores_accuracy_Loan Credit_10000;model_scores_f1_score_Loan Credit_10000;model_scores_roc_auc_score_Loan Credit_10000;model_scores_runtime_Loan Credit_10000;dt_scores_soft_binary_crossentropy_['uniform', 'normal', 'gamma', 'beta', 'poisson']_Medical Insurance_10000;dt_scores_binary_crossentropy_['uniform', 'normal', 'gamma', 'beta', 'poisson']_Medical Insurance_10000;dt_scores_accuracy_['uniform', 'normal', 'gamma', 'beta', 'poisson']_Medical Insurance_10000;dt_scores_f1_score_['uniform', 'normal', 'gamma', 'beta', 'poisson']_Medical Insurance_10000;dt_scores_roc_auc_score_['uniform', 'normal', 'gamma', 'beta', 'poisson']_Medical Insurance_10000;dt_scores_soft_binary_crossentropy_data_random_['uniform', 'normal', 'gamma', 'beta', 'poisson']_Medical Insurance_10000;dt_scores_binary_crossentropy_data_random_['uniform', 'normal', 'gamma', 'beta', 'poisson']_Medical Insurance_10000;dt_scores_accuracy_data_random_['uniform', 'normal', 'gamma', 'beta', 'poisson']_Medical Insurance_10000;dt_scores_f1_score_data_random_['uniform', 'normal', 'gamma', 'beta', 'poisson']_Medical Insurance_10000;dt_scores_roc_auc_score_data_random_['uniform', 'normal', 'gamma', 'beta', 'poisson']_Medical Insurance_10000;dt_scores_runtime_['uniform', 'normal', 'gamma', 'beta', 'poisson']_Medical Insurance_10000;dt_scores_soft_binary_crossentropy_Medical Insurance_10000;dt_scores_binary_crossentropy_Medical Insurance_10000;dt_scores_accuracy_Medical Insurance_10000;dt_scores_f1_score_Medical Insurance_10000;dt_scores_roc_auc_score_Medical Insurance_10000;dt_scores_soft_binary_crossentropy_data_random_Medical Insurance_10000;dt_scores_binary_crossentropy_data_random_Medical Insurance_10000;dt_scores_accuracy_data_random_Medical Insurance_10000;dt_scores_f1_score_data_random_Medical Insurance_10000;dt_scores_roc_auc_score_data_random_Medical Insurance_10000;dt_scores_soft_binary_crossentropy_std_Medical Insurance_10000;dt_scores_binary_crossentropy_std_Medical Insurance_10000;dt_scores_accuracy_std_Medical Insurance_10000;dt_scores_f1_score_std_Medical Insurance_10000;dt_scores_roc_auc_score_std_Medical Insurance_10000;dt_scores_soft_binary_crossentropy_data_random_std_Medical Insurance_10000;dt_scores_binary_crossentropy_data_random_std_Medical Insurance_10000;dt_scores_accuracy_data_random_std_Medical Insurance_10000;dt_scores_f1_score_data_random_std_Medical Insurance_10000;dt_scores_roc_auc_score_data_random_std_Medical Insurance_10000;dt_scores_runtime_Medical Insurance_10000;inet_scores_soft_binary_crossentropy_Medical Insurance_10000;inet_scores_binary_crossentropy_Medical Insurance_10000;inet_scores_accuracy_Medical Insurance_10000;inet_scores_f1_score_Medical Insurance_10000;inet_scores_roc_auc_score_Medical Insurance_10000;inet_scores_runtime_Medical Insurance_10000;model_scores_soft_binary_crossentropy_Medical Insurance_10000;model_scores_binary_crossentropy_Medical Insurance_10000;model_scores_accuracy_Medical Insurance_10000;model_scores_f1_score_Medical Insurance_10000;model_scores_roc_auc_score_Medical Insurance_10000;model_scores_runtime_Medical Insurance_10000;dt_scores_soft_binary_crossentropy_['uniform', 'normal', 'gamma', 'beta', 'poisson']_Bank Marketing_10000;dt_scores_binary_crossentropy_['uniform', 'normal', 'gamma', 'beta', 'poisson']_Bank Marketing_10000;dt_scores_accuracy_['uniform', 'normal', 'gamma', 'beta', 'poisson']_Bank Marketing_10000;dt_scores_f1_score_['uniform', 'normal', 'gamma', 'beta', 'poisson']_Bank Marketing_10000;dt_scores_roc_auc_score_['uniform', 'normal', 'gamma', 'beta', 'poisson']_Bank Marketing_10000;dt_scores_soft_binary_crossentropy_data_random_['uniform', 'normal', 'gamma', 'beta', 'poisson']_Bank Marketing_10000;dt_scores_binary_crossentropy_data_random_['uniform', 'normal', 'gamma', 'beta', 'poisson']_Bank Marketing_10000;dt_scores_accuracy_data_random_['uniform', 'normal', 'gamma', 'beta', 'poisson']_Bank Marketing_10000;dt_scores_f1_score_data_random_['uniform', 'normal', 'gamma', 'beta', 'poisson']_Bank Marketing_10000;dt_scores_roc_auc_score_data_random_['uniform', 'normal', 'gamma', 'beta', 'poisson']_Bank Marketing_10000;dt_scores_runtime_['uniform', 'normal', 'gamma', 'beta', 'poisson']_Bank Marketing_10000;dt_scores_soft_binary_crossentropy_Bank Marketing_10000;dt_scores_binary_crossentropy_Bank Marketing_10000;dt_scores_accuracy_Bank Marketing_10000;dt_scores_f1_score_Bank Marketing_10000;dt_scores_roc_auc_score_Bank Marketing_10000;dt_scores_soft_binary_crossentropy_data_random_Bank Marketing_10000;dt_scores_binary_crossentropy_data_random_Bank Marketing_10000;dt_scores_accuracy_data_random_Bank Marketing_10000;dt_scores_f1_score_data_random_Bank Marketing_10000;dt_scores_roc_auc_score_data_random_Bank Marketing_10000;dt_scores_soft_binary_crossentropy_std_Bank Marketing_10000;dt_scores_binary_crossentropy_std_Bank Marketing_10000;dt_scores_accuracy_std_Bank Marketing_10000;dt_scores_f1_score_std_Bank Marketing_10000;dt_scores_roc_auc_score_std_Bank Marketing_10000;dt_scores_soft_binary_crossentropy_data_random_std_Bank Marketing_10000;dt_scores_binary_crossentropy_data_random_std_Bank Marketing_10000;dt_scores_accuracy_data_random_std_Bank Marketing_10000;dt_scores_f1_score_data_random_std_Bank Marketing_10000;dt_scores_roc_auc_score_data_random_std_Bank Marketing_10000;dt_scores_runtime_Bank Marketing_10000;inet_scores_soft_binary_crossentropy_Bank Marketing_10000;inet_scores_binary_crossentropy_Bank Marketing_10000;inet_scores_accuracy_Bank Marketing_10000;inet_scores_f1_score_Bank Marketing_10000;inet_scores_roc_auc_score_Bank Marketing_10000;inet_scores_runtime_Bank Marketing_10000;model_scores_soft_binary_crossentropy_Bank Marketing_10000;model_scores_binary_crossentropy_Bank Marketing_10000;model_scores_accuracy_Bank Marketing_10000;model_scores_f1_score_Bank Marketing_10000;model_scores_roc_auc_score_Bank Marketing_10000;model_scores_runtime_Bank Marketing_10000;dt_scores_soft_binary_crossentropy_['uniform', 'normal', 'gamma', 'beta', 'poisson']_Cervical Cancer_10000;dt_scores_binary_crossentropy_['uniform', 'normal', 'gamma', 'beta', 'poisson']_Cervical Cancer_10000;dt_scores_accuracy_['uniform', 'normal', 'gamma', 'beta', 'poisson']_Cervical Cancer_10000;dt_scores_f1_score_['uniform', 'normal', 'gamma', 'beta', 'poisson']_Cervical Cancer_10000;dt_scores_roc_auc_score_['uniform', 'normal', 'gamma', 'beta', 'poisson']_Cervical Cancer_10000;dt_scores_soft_binary_crossentropy_data_random_['uniform', 'normal', 'gamma', 'beta', 'poisson']_Cervical Cancer_10000;dt_scores_binary_crossentropy_data_random_['uniform', 'normal', 'gamma', 'beta', 'poisson']_Cervical Cancer_10000;dt_scores_accuracy_data_random_['uniform', 'normal', 'gamma', 'beta', 'poisson']_Cervical Cancer_10000;dt_scores_f1_score_data_random_['uniform', 'normal', 'gamma', 'beta', 'poisson']_Cervical Cancer_10000;dt_scores_roc_auc_score_data_random_['uniform', 'normal', 'gamma', 'beta', 'poisson']_Cervical Cancer_10000;dt_scores_runtime_['uniform', 'normal', 'gamma', 'beta', 'poisson']_Cervical Cancer_10000;dt_scores_soft_binary_crossentropy_Cervical Cancer_10000;dt_scores_binary_crossentropy_Cervical Cancer_10000;dt_scores_accuracy_Cervical Cancer_10000;dt_scores_f1_score_Cervical Cancer_10000;dt_scores_roc_auc_score_Cervical Cancer_10000;dt_scores_soft_binary_crossentropy_data_random_Cervical Cancer_10000;dt_scores_binary_crossentropy_data_random_Cervical Cancer_10000;dt_scores_accuracy_data_random_Cervical Cancer_10000;dt_scores_f1_score_data_random_Cervical Cancer_10000;dt_scores_roc_auc_score_data_random_Cervical Cancer_10000;dt_scores_soft_binary_crossentropy_std_Cervical Cancer_10000;dt_scores_binary_crossentropy_std_Cervical Cancer_10000;dt_scores_accuracy_std_Cervical Cancer_10000;dt_scores_f1_score_std_Cervical Cancer_10000;dt_scores_roc_auc_score_std_Cervical Cancer_10000;dt_scores_soft_binary_crossentropy_data_random_std_Cervical Cancer_10000;dt_scores_binary_crossentropy_data_random_std_Cervical Cancer_10000;dt_scores_accuracy_data_random_std_Cervical Cancer_10000;dt_scores_f1_score_data_random_std_Cervical Cancer_10000;dt_scores_roc_auc_score_data_random_std_Cervical Cancer_10000;dt_scores_runtime_Cervical Cancer_10000;inet_scores_soft_binary_crossentropy_Cervical Cancer_10000;inet_scores_binary_crossentropy_Cervical Cancer_10000;inet_scores_accuracy_Cervical Cancer_10000;inet_scores_f1_score_Cervical Cancer_10000;inet_scores_roc_auc_score_Cervical Cancer_10000;inet_scores_runtime_Cervical Cancer_10000;model_scores_soft_binary_crossentropy_Cervical Cancer_10000;model_scores_binary_crossentropy_Cervical Cancer_10000;model_scores_accuracy_Cervical Cancer_10000;model_scores_f1_score_Cervical Cancer_10000;model_scores_roc_auc_score_Cervical Cancer_10000;model_scores_runtime_Cervical Cancer_10000;dt_scores_soft_binary_crossentropy_['uniform', 'normal', 'gamma', 'beta', 'poisson']_Brest Cancer Wisconsin_10000;dt_scores_binary_crossentropy_['uniform', 'normal', 'gamma', 'beta', 'poisson']_Brest Cancer Wisconsin_10000;dt_scores_accuracy_['uniform', 'normal', 'gamma', 'beta', 'poisson']_Brest Cancer Wisconsin_10000;dt_scores_f1_score_['uniform', 'normal', 'gamma', 'beta', 'poisson']_Brest Cancer Wisconsin_10000;dt_scores_roc_auc_score_['uniform', 'normal', 'gamma', 'beta', 'poisson']_Brest Cancer Wisconsin_10000;dt_scores_soft_binary_crossentropy_data_random_['uniform', 'normal', 'gamma', 'beta', 'poisson']_Brest Cancer Wisconsin_10000;dt_scores_binary_crossentropy_data_random_['uniform', 'normal', 'gamma', 'beta', 'poisson']_Brest Cancer Wisconsin_10000;dt_scores_accuracy_data_random_['uniform', 'normal', 'gamma', 'beta', 'poisson']_Brest Cancer Wisconsin_10000;dt_scores_f1_score_data_random_['uniform', 'normal', 'gamma', 'beta', 'poisson']_Brest Cancer Wisconsin_10000;dt_scores_roc_auc_score_data_random_['uniform', 'normal', 'gamma', 'beta', 'poisson']_Brest Cancer Wisconsin_10000;dt_scores_runtime_['uniform', 'normal', 'gamma', 'beta', 'poisson']_Brest Cancer Wisconsin_10000;dt_scores_soft_binary_crossentropy_Brest Cancer Wisconsin_10000;dt_scores_binary_crossentropy_Brest Cancer Wisconsin_10000;dt_scores_accuracy_Brest Cancer Wisconsin_10000;dt_scores_f1_score_Brest Cancer Wisconsin_10000;dt_scores_roc_auc_score_Brest Cancer Wisconsin_10000;dt_scores_soft_binary_crossentropy_data_random_Brest Cancer Wisconsin_10000;dt_scores_binary_crossentropy_data_random_Brest Cancer Wisconsin_10000;dt_scores_accuracy_data_random_Brest Cancer Wisconsin_10000;dt_scores_f1_score_data_random_Brest Cancer Wisconsin_10000;dt_scores_roc_auc_score_data_random_Brest Cancer Wisconsin_10000;dt_scores_soft_binary_crossentropy_std_Brest Cancer Wisconsin_10000;dt_scores_binary_crossentropy_std_Brest Cancer Wisconsin_10000;dt_scores_accuracy_std_Brest Cancer Wisconsin_10000;dt_scores_f1_score_std_Brest Cancer Wisconsin_10000;dt_scores_roc_auc_score_std_Brest Cancer Wisconsin_10000;dt_scores_soft_binary_crossentropy_data_random_std_Brest Cancer Wisconsin_10000;dt_scores_binary_crossentropy_data_random_std_Brest Cancer Wisconsin_10000;dt_scores_accuracy_data_random_std_Brest Cancer Wisconsin_10000;dt_scores_f1_score_data_random_std_Brest Cancer Wisconsin_10000;dt_scores_roc_auc_score_data_random_std_Brest Cancer Wisconsin_10000;dt_scores_runtime_Brest Cancer Wisconsin_10000;inet_scores_soft_binary_crossentropy_Brest Cancer Wisconsin_10000;inet_scores_binary_crossentropy_Brest Cancer Wisconsin_10000;inet_scores_accuracy_Brest Cancer Wisconsin_10000;inet_scores_f1_score_Brest Cancer Wisconsin_10000;inet_scores_roc_auc_score_Brest Cancer Wisconsin_10000;inet_scores_runtime_Brest Cancer Wisconsin_10000;model_scores_soft_binary_crossentropy_Brest Cancer Wisconsin_10000;model_scores_binary_crossentropy_Brest Cancer Wisconsin_10000;model_scores_accuracy_Brest Cancer Wisconsin_10000;model_scores_f1_score_Brest Cancer Wisconsin_10000;model_scores_roc_auc_score_Brest Cancer Wisconsin_10000;model_scores_runtime_Brest Cancer Wisconsin_10000;dt_scores_soft_binary_crossentropy_['uniform', 'normal', 'gamma', 'beta', 'poisson']_Wisconsin Diagnostic Breast Cancer_10000;dt_scores_binary_crossentropy_['uniform', 'normal', 'gamma', 'beta', 'poisson']_Wisconsin Diagnostic Breast Cancer_10000;dt_scores_accuracy_['uniform', 'normal', 'gamma', 'beta', 'poisson']_Wisconsin Diagnostic Breast Cancer_10000;dt_scores_f1_score_['uniform', 'normal', 'gamma', 'beta', 'poisson']_Wisconsin Diagnostic Breast Cancer_10000;dt_scores_roc_auc_score_['uniform', 'normal', 'gamma', 'beta', 'poisson']_Wisconsin Diagnostic Breast Cancer_10000;dt_scores_soft_binary_crossentropy_data_random_['uniform', 'normal', 'gamma', 'beta', 'poisson']_Wisconsin Diagnostic Breast Cancer_10000;dt_scores_binary_crossentropy_data_random_['uniform', 'normal', 'gamma', 'beta', 'poisson']_Wisconsin Diagnostic Breast Cancer_10000;dt_scores_accuracy_data_random_['uniform', 'normal', 'gamma', 'beta', 'poisson']_Wisconsin Diagnostic Breast Cancer_10000;dt_scores_f1_score_data_random_['uniform', 'normal', 'gamma', 'beta', 'poisson']_Wisconsin Diagnostic Breast Cancer_10000;dt_scores_roc_auc_score_data_random_['uniform', 'normal', 'gamma', 'beta', 'poisson']_Wisconsin Diagnostic Breast Cancer_10000;dt_scores_runtime_['uniform', 'normal', 'gamma', 'beta', 'poisson']_Wisconsin Diagnostic Breast Cancer_10000;dt_scores_soft_binary_crossentropy_Wisconsin Diagnostic Breast Cancer_10000;dt_scores_binary_crossentropy_Wisconsin Diagnostic Breast Cancer_10000;dt_scores_accuracy_Wisconsin Diagnostic Breast Cancer_10000;dt_scores_f1_score_Wisconsin Diagnostic Breast Cancer_10000;dt_scores_roc_auc_score_Wisconsin Diagnostic Breast Cancer_10000;dt_scores_soft_binary_crossentropy_data_random_Wisconsin Diagnostic Breast Cancer_10000;dt_scores_binary_crossentropy_data_random_Wisconsin Diagnostic Breast Cancer_10000;dt_scores_accuracy_data_random_Wisconsin Diagnostic Breast Cancer_10000;dt_scores_f1_score_data_random_Wisconsin Diagnostic Breast Cancer_10000;dt_scores_roc_auc_score_data_random_Wisconsin Diagnostic Breast Cancer_10000;dt_scores_soft_binary_crossentropy_std_Wisconsin Diagnostic Breast Cancer_10000;dt_scores_binary_crossentropy_std_Wisconsin Diagnostic Breast Cancer_10000;dt_scores_accuracy_std_Wisconsin Diagnostic Breast Cancer_10000;dt_scores_f1_score_std_Wisconsin Diagnostic Breast Cancer_10000;dt_scores_roc_auc_score_std_Wisconsin Diagnostic Breast Cancer_10000;dt_scores_soft_binary_crossentropy_data_random_std_Wisconsin Diagnostic Breast Cancer_10000;dt_scores_binary_crossentropy_data_random_std_Wisconsin Diagnostic Breast Cancer_10000;dt_scores_accuracy_data_random_std_Wisconsin Diagnostic Breast Cancer_10000;dt_scores_f1_score_data_random_std_Wisconsin Diagnostic Breast Cancer_10000;dt_scores_roc_auc_score_data_random_std_Wisconsin Diagnostic Breast Cancer_10000;dt_scores_runtime_Wisconsin Diagnostic Breast Cancer_10000;inet_scores_soft_binary_crossentropy_Wisconsin Diagnostic Breast Cancer_10000;inet_scores_binary_crossentropy_Wisconsin Diagnostic Breast Cancer_10000;inet_scores_accuracy_Wisconsin Diagnostic Breast Cancer_10000;inet_scores_f1_score_Wisconsin Diagnostic Breast Cancer_10000;inet_scores_roc_auc_score_Wisconsin Diagnostic Breast Cancer_10000;inet_scores_runtime_Wisconsin Diagnostic Breast Cancer_10000;model_scores_soft_binary_crossentropy_Wisconsin Diagnostic Breast Cancer_10000;model_scores_binary_crossentropy_Wisconsin Diagnostic Breast Cancer_10000;model_scores_accuracy_Wisconsin Diagnostic Breast Cancer_10000;model_scores_f1_score_Wisconsin Diagnostic Breast Cancer_10000;model_scores_roc_auc_score_Wisconsin Diagnostic Breast Cancer_10000;model_scores_runtime_Wisconsin Diagnostic Breast Cancer_10000;dt_scores_soft_binary_crossentropy_['uniform', 'normal', 'gamma', 'beta', 'poisson']_Wisconsin Prognostic Breast Cancer_10000;dt_scores_binary_crossentropy_['uniform', 'normal', 'gamma', 'beta', 'poisson']_Wisconsin Prognostic Breast Cancer_10000;dt_scores_accuracy_['uniform', 'normal', 'gamma', 'beta', 'poisson']_Wisconsin Prognostic Breast Cancer_10000;dt_scores_f1_score_['uniform', 'normal', 'gamma', 'beta', 'poisson']_Wisconsin Prognostic Breast Cancer_10000;dt_scores_roc_auc_score_['uniform', 'normal', 'gamma', 'beta', 'poisson']_Wisconsin Prognostic Breast Cancer_10000;dt_scores_soft_binary_crossentropy_data_random_['uniform', 'normal', 'gamma', 'beta', 'poisson']_Wisconsin Prognostic Breast Cancer_10000;dt_scores_binary_crossentropy_data_random_['uniform', 'normal', 'gamma', 'beta', 'poisson']_Wisconsin Prognostic Breast Cancer_10000;dt_scores_accuracy_data_random_['uniform', 'normal', 'gamma', 'beta', 'poisson']_Wisconsin Prognostic Breast Cancer_10000;dt_scores_f1_score_data_random_['uniform', 'normal', 'gamma', 'beta', 'poisson']_Wisconsin Prognostic Breast Cancer_10000;dt_scores_roc_auc_score_data_random_['uniform', 'normal', 'gamma', 'beta', 'poisson']_Wisconsin Prognostic Breast Cancer_10000;dt_scores_runtime_['uniform', 'normal', 'gamma', 'beta', 'poisson']_Wisconsin Prognostic Breast Cancer_10000;dt_scores_soft_binary_crossentropy_Wisconsin Prognostic Breast Cancer_10000;dt_scores_binary_crossentropy_Wisconsin Prognostic Breast Cancer_10000;dt_scores_accuracy_Wisconsin Prognostic Breast Cancer_10000;dt_scores_f1_score_Wisconsin Prognostic Breast Cancer_10000;dt_scores_roc_auc_score_Wisconsin Prognostic Breast Cancer_10000;dt_scores_soft_binary_crossentropy_data_random_Wisconsin Prognostic Breast Cancer_10000;dt_scores_binary_crossentropy_data_random_Wisconsin Prognostic Breast Cancer_10000;dt_scores_accuracy_data_random_Wisconsin Prognostic Breast Cancer_10000;dt_scores_f1_score_data_random_Wisconsin Prognostic Breast Cancer_10000;dt_scores_roc_auc_score_data_random_Wisconsin Prognostic Breast Cancer_10000;dt_scores_soft_binary_crossentropy_std_Wisconsin Prognostic Breast Cancer_10000;dt_scores_binary_crossentropy_std_Wisconsin Prognostic Breast Cancer_10000;dt_scores_accuracy_std_Wisconsin Prognostic Breast Cancer_10000;dt_scores_f1_score_std_Wisconsin Prognostic Breast Cancer_10000;dt_scores_roc_auc_score_std_Wisconsin Prognostic Breast Cancer_10000;dt_scores_soft_binary_crossentropy_data_random_std_Wisconsin Prognostic Breast Cancer_10000;dt_scores_binary_crossentropy_data_random_std_Wisconsin Prognostic Breast Cancer_10000;dt_scores_accuracy_data_random_std_Wisconsin Prognostic Breast Cancer_10000;dt_scores_f1_score_data_random_std_Wisconsin Prognostic Breast Cancer_10000;dt_scores_roc_auc_score_data_random_std_Wisconsin Prognostic Breast Cancer_10000;dt_scores_runtime_Wisconsin Prognostic Breast Cancer_10000;inet_scores_soft_binary_crossentropy_Wisconsin Prognostic Breast Cancer_10000;inet_scores_binary_crossentropy_Wisconsin Prognostic Breast Cancer_10000;inet_scores_accuracy_Wisconsin Prognostic Breast Cancer_10000;inet_scores_f1_score_Wisconsin Prognostic Breast Cancer_10000;inet_scores_roc_auc_score_Wisconsin Prognostic Breast Cancer_10000;inet_scores_runtime_Wisconsin Prognostic Breast Cancer_10000;model_scores_soft_binary_crossentropy_Wisconsin Prognostic Breast Cancer_10000;model_scores_binary_crossentropy_Wisconsin Prognostic Breast Cancer_10000;model_scores_accuracy_Wisconsin Prognostic Breast Cancer_10000;model_scores_f1_score_Wisconsin Prognostic Breast Cancer_10000;model_scores_roc_auc_score_Wisconsin Prognostic Breast Cancer_10000;model_scores_runtime_Wisconsin Prognostic Breast Cancer_10000;dt_scores_soft_binary_crossentropy_['uniform', 'normal', 'gamma', 'beta', 'poisson']_Abalone_10000;dt_scores_binary_crossentropy_['uniform', 'normal', 'gamma', 'beta', 'poisson']_Abalone_10000;dt_scores_accuracy_['uniform', 'normal', 'gamma', 'beta', 'poisson']_Abalone_10000;dt_scores_f1_score_['uniform', 'normal', 'gamma', 'beta', 'poisson']_Abalone_10000;dt_scores_roc_auc_score_['uniform', 'normal', 'gamma', 'beta', 'poisson']_Abalone_10000;dt_scores_soft_binary_crossentropy_data_random_['uniform', 'normal', 'gamma', 'beta', 'poisson']_Abalone_10000;dt_scores_binary_crossentropy_data_random_['uniform', 'normal', 'gamma', 'beta', 'poisson']_Abalone_10000;dt_scores_accuracy_data_random_['uniform', 'normal', 'gamma', 'beta', 'poisson']_Abalone_10000;dt_scores_f1_score_data_random_['uniform', 'normal', 'gamma', 'beta', 'poisson']_Abalone_10000;dt_scores_roc_auc_score_data_random_['uniform', 'normal', 'gamma', 'beta', 'poisson']_Abalone_10000;dt_scores_runtime_['uniform', 'normal', 'gamma', 'beta', 'poisson']_Abalone_10000;dt_scores_soft_binary_crossentropy_Abalone_10000;dt_scores_binary_crossentropy_Abalone_10000;dt_scores_accuracy_Abalone_10000;dt_scores_f1_score_Abalone_10000;dt_scores_roc_auc_score_Abalone_10000;dt_scores_soft_binary_crossentropy_data_random_Abalone_10000;dt_scores_binary_crossentropy_data_random_Abalone_10000;dt_scores_accuracy_data_random_Abalone_10000;dt_scores_f1_score_data_random_Abalone_10000;dt_scores_roc_auc_score_data_random_Abalone_10000;dt_scores_soft_binary_crossentropy_std_Abalone_10000;dt_scores_binary_crossentropy_std_Abalone_10000;dt_scores_accuracy_std_Abalone_10000;dt_scores_f1_score_std_Abalone_10000;dt_scores_roc_auc_score_std_Abalone_10000;dt_scores_soft_binary_crossentropy_data_random_std_Abalone_10000;dt_scores_binary_crossentropy_data_random_std_Abalone_10000;dt_scores_accuracy_data_random_std_Abalone_10000;dt_scores_f1_score_data_random_std_Abalone_10000;dt_scores_roc_auc_score_data_random_std_Abalone_10000;dt_scores_runtime_Abalone_10000;inet_scores_soft_binary_crossentropy_Abalone_10000;inet_scores_binary_crossentropy_Abalone_10000;inet_scores_accuracy_Abalone_10000;inet_scores_f1_score_Abalone_10000;inet_scores_roc_auc_score_Abalone_10000;inet_scores_runtime_Abalone_10000;model_scores_soft_binary_crossentropy_Abalone_10000;model_scores_binary_crossentropy_Abalone_10000;model_scores_accuracy_Abalone_10000;model_scores_f1_score_Abalone_10000;model_scores_roc_auc_score_Abalone_10000;model_scores_runtime_Abalone_10000;dt_scores_soft_binary_crossentropy_['uniform', 'normal', 'gamma', 'beta', 'poisson']_Car_10000;dt_scores_binary_crossentropy_['uniform', 'normal', 'gamma', 'beta', 'poisson']_Car_10000;dt_scores_accuracy_['uniform', 'normal', 'gamma', 'beta', 'poisson']_Car_10000;dt_scores_f1_score_['uniform', 'normal', 'gamma', 'beta', 'poisson']_Car_10000;dt_scores_roc_auc_score_['uniform', 'normal', 'gamma', 'beta', 'poisson']_Car_10000;dt_scores_soft_binary_crossentropy_data_random_['uniform', 'normal', 'gamma', 'beta', 'poisson']_Car_10000;dt_scores_binary_crossentropy_data_random_['uniform', 'normal', 'gamma', 'beta', 'poisson']_Car_10000;dt_scores_accuracy_data_random_['uniform', 'normal', 'gamma', 'beta', 'poisson']_Car_10000;dt_scores_f1_score_data_random_['uniform', 'normal', 'gamma', 'beta', 'poisson']_Car_10000;dt_scores_roc_auc_score_data_random_['uniform', 'normal', 'gamma', 'beta', 'poisson']_Car_10000;dt_scores_runtime_['uniform', 'normal', 'gamma', 'beta', 'poisson']_Car_10000;dt_scores_soft_binary_crossentropy_Car_10000;dt_scores_binary_crossentropy_Car_10000;dt_scores_accuracy_Car_10000;dt_scores_f1_score_Car_10000;dt_scores_roc_auc_score_Car_10000;dt_scores_soft_binary_crossentropy_data_random_Car_10000;dt_scores_binary_crossentropy_data_random_Car_10000;dt_scores_accuracy_data_random_Car_10000;dt_scores_f1_score_data_random_Car_10000;dt_scores_roc_auc_score_data_random_Car_10000;dt_scores_soft_binary_crossentropy_std_Car_10000;dt_scores_binary_crossentropy_std_Car_10000;dt_scores_accuracy_std_Car_10000;dt_scores_f1_score_std_Car_10000;dt_scores_roc_auc_score_std_Car_10000;dt_scores_soft_binary_crossentropy_data_random_std_Car_10000;dt_scores_binary_crossentropy_data_random_std_Car_10000;dt_scores_accuracy_data_random_std_Car_10000;dt_scores_f1_score_data_random_std_Car_10000;dt_scores_roc_auc_score_data_random_std_Car_10000;dt_scores_runtime_Car_10000;inet_scores_soft_binary_crossentropy_Car_10000;inet_scores_binary_crossentropy_Car_10000;inet_scores_accuracy_Car_10000;inet_scores_f1_score_Car_10000;inet_scores_roc_auc_score_Car_10000;inet_scores_runtime_Car_10000;model_scores_soft_binary_crossentropy_Car_10000;model_scores_binary_crossentropy_Car_10000;model_scores_accuracy_Car_10000;model_scores_f1_score_Car_10000;model_scores_roc_auc_score_Car_10000;model_scores_runtime_Car_10000;dt_scores_soft_binary_crossentropy_['uniform', 'normal', 'gamma', 'beta', 'poisson']_Heart Disease_10000;dt_scores_binary_crossentropy_['uniform', 'normal', 'gamma', 'beta', 'poisson']_Heart Disease_10000;dt_scores_accuracy_['uniform', 'normal', 'gamma', 'beta', 'poisson']_Heart Disease_10000;dt_scores_f1_score_['uniform', 'normal', 'gamma', 'beta', 'poisson']_Heart Disease_10000;dt_scores_roc_auc_score_['uniform', 'normal', 'gamma', 'beta', 'poisson']_Heart Disease_10000;dt_scores_soft_binary_crossentropy_data_random_['uniform', 'normal', 'gamma', 'beta', 'poisson']_Heart Disease_10000;dt_scores_binary_crossentropy_data_random_['uniform', 'normal', 'gamma', 'beta', 'poisson']_Heart Disease_10000;dt_scores_accuracy_data_random_['uniform', 'normal', 'gamma', 'beta', 'poisson']_Heart Disease_10000;dt_scores_f1_score_data_random_['uniform', 'normal', 'gamma', 'beta', 'poisson']_Heart Disease_10000;dt_scores_roc_auc_score_data_random_['uniform', 'normal', 'gamma', 'beta', 'poisson']_Heart Disease_10000;dt_scores_runtime_['uniform', 'normal', 'gamma', 'beta', 'poisson']_Heart Disease_10000;dt_scores_soft_binary_crossentropy_Heart Disease_10000;dt_scores_binary_crossentropy_Heart Disease_10000;dt_scores_accuracy_Heart Disease_10000;dt_scores_f1_score_Heart Disease_10000;dt_scores_roc_auc_score_Heart Disease_10000;dt_scores_soft_binary_crossentropy_data_random_Heart Disease_10000;dt_scores_binary_crossentropy_data_random_Heart Disease_10000;dt_scores_accuracy_data_random_Heart Disease_10000;dt_scores_f1_score_data_random_Heart Disease_10000;dt_scores_roc_auc_score_data_random_Heart Disease_10000;dt_scores_soft_binary_crossentropy_std_Heart Disease_10000;dt_scores_binary_crossentropy_std_Heart Disease_10000;dt_scores_accuracy_std_Heart Disease_10000;dt_scores_f1_score_std_Heart Disease_10000;dt_scores_roc_auc_score_std_Heart Disease_10000;dt_scores_soft_binary_crossentropy_data_random_std_Heart Disease_10000;dt_scores_binary_crossentropy_data_random_std_Heart Disease_10000;dt_scores_accuracy_data_random_std_Heart Disease_10000;dt_scores_f1_score_data_random_std_Heart Disease_10000;dt_scores_roc_auc_score_data_random_std_Heart Disease_10000;dt_scores_runtime_Heart Disease_10000;inet_scores_soft_binary_crossentropy_Heart Disease_10000;inet_scores_binary_crossentropy_Heart Disease_10000;inet_scores_accuracy_Heart Disease_10000;inet_scores_f1_score_Heart Disease_10000;inet_scores_roc_auc_score_Heart Disease_10000;inet_scores_runtime_Heart Disease_10000;model_scores_soft_binary_crossentropy_Heart Disease_10000;model_scores_binary_crossentropy_Heart Disease_10000;model_scores_accuracy_Heart Disease_10000;model_scores_f1_score_Heart Disease_10000;model_scores_roc_auc_score_Heart Disease_10000;model_scores_runtime_Heart Disease_10000;dt_scores_soft_binary_crossentropy_['uniform', 'normal', 'gamma', 'beta', 'poisson']_Credit Card_10000;dt_scores_binary_crossentropy_['uniform', 'normal', 'gamma', 'beta', 'poisson']_Credit Card_10000;dt_scores_accuracy_['uniform', 'normal', 'gamma', 'beta', 'poisson']_Credit Card_10000;dt_scores_f1_score_['uniform', 'normal', 'gamma', 'beta', 'poisson']_Credit Card_10000;dt_scores_roc_auc_score_['uniform', 'normal', 'gamma', 'beta', 'poisson']_Credit Card_10000;dt_scores_soft_binary_crossentropy_data_random_['uniform', 'normal', 'gamma', 'beta', 'poisson']_Credit Card_10000;dt_scores_binary_crossentropy_data_random_['uniform', 'normal', 'gamma', 'beta', 'poisson']_Credit Card_10000;dt_scores_accuracy_data_random_['uniform', 'normal', 'gamma', 'beta', 'poisson']_Credit Card_10000;dt_scores_f1_score_data_random_['uniform', 'normal', 'gamma', 'beta', 'poisson']_Credit Card_10000;dt_scores_roc_auc_score_data_random_['uniform', 'normal', 'gamma', 'beta', 'poisson']_Credit Card_10000;dt_scores_runtime_['uniform', 'normal', 'gamma', 'beta', 'poisson']_Credit Card_10000;dt_scores_soft_binary_crossentropy_Credit Card_10000;dt_scores_binary_crossentropy_Credit Card_10000;dt_scores_accuracy_Credit Card_10000;dt_scores_f1_score_Credit Card_10000;dt_scores_roc_auc_score_Credit Card_10000;dt_scores_soft_binary_crossentropy_data_random_Credit Card_10000;dt_scores_binary_crossentropy_data_random_Credit Card_10000;dt_scores_accuracy_data_random_Credit Card_10000;dt_scores_f1_score_data_random_Credit Card_10000;dt_scores_roc_auc_score_data_random_Credit Card_10000;dt_scores_soft_binary_crossentropy_std_Credit Card_10000;dt_scores_binary_crossentropy_std_Credit Card_10000;dt_scores_accuracy_std_Credit Card_10000;dt_scores_f1_score_std_Credit Card_10000;dt_scores_roc_auc_score_std_Credit Card_10000;dt_scores_soft_binary_crossentropy_data_random_std_Credit Card_10000;dt_scores_binary_crossentropy_data_random_std_Credit Card_10000;dt_scores_accuracy_data_random_std_Credit Card_10000;dt_scores_f1_score_data_random_std_Credit Card_10000;dt_scores_roc_auc_score_data_random_std_Credit Card_10000;dt_scores_runtime_Credit Card_10000;inet_scores_soft_binary_crossentropy_Credit Card_10000;inet_scores_binary_crossentropy_Credit Card_10000;inet_scores_accuracy_Credit Card_10000;inet_scores_f1_score_Credit Card_10000;inet_scores_roc_auc_score_Credit Card_10000;inet_scores_runtime_Credit Card_10000;model_scores_soft_binary_crossentropy_Credit Card_10000;model_scores_binary_crossentropy_Credit Card_10000;model_scores_accuracy_Credit Card_10000;model_scores_f1_score_Credit Card_10000;model_scores_roc_auc_score_Credit Card_10000;model_scores_runtime_Credit Card_10000;dt_scores_soft_binary_crossentropy_['uniform', 'normal', 'gamma', 'beta', 'poisson']_Haberman_10000;dt_scores_binary_crossentropy_['uniform', 'normal', 'gamma', 'beta', 'poisson']_Haberman_10000;dt_scores_accuracy_['uniform', 'normal', 'gamma', 'beta', 'poisson']_Haberman_10000;dt_scores_f1_score_['uniform', 'normal', 'gamma', 'beta', 'poisson']_Haberman_10000;dt_scores_roc_auc_score_['uniform', 'normal', 'gamma', 'beta', 'poisson']_Haberman_10000;dt_scores_soft_binary_crossentropy_data_random_['uniform', 'normal', 'gamma', 'beta', 'poisson']_Haberman_10000;dt_scores_binary_crossentropy_data_random_['uniform', 'normal', 'gamma', 'beta', 'poisson']_Haberman_10000;dt_scores_accuracy_data_random_['uniform', 'normal', 'gamma', 'beta', 'poisson']_Haberman_10000;dt_scores_f1_score_data_random_['uniform', 'normal', 'gamma', 'beta', 'poisson']_Haberman_10000;dt_scores_roc_auc_score_data_random_['uniform', 'normal', 'gamma', 'beta', 'poisson']_Haberman_10000;dt_scores_runtime_['uniform', 'normal', 'gamma', 'beta', 'poisson']_Haberman_10000;dt_scores_soft_binary_crossentropy_Haberman_10000;dt_scores_binary_crossentropy_Haberman_10000;dt_scores_accuracy_Haberman_10000;dt_scores_f1_score_Haberman_10000;dt_scores_roc_auc_score_Haberman_10000;dt_scores_soft_binary_crossentropy_data_random_Haberman_10000;dt_scores_binary_crossentropy_data_random_Haberman_10000;dt_scores_accuracy_data_random_Haberman_10000;dt_scores_f1_score_data_random_Haberman_10000;dt_scores_roc_auc_score_data_random_Haberman_10000;dt_scores_soft_binary_crossentropy_std_Haberman_10000;dt_scores_binary_crossentropy_std_Haberman_10000;dt_scores_accuracy_std_Haberman_10000;dt_scores_f1_score_std_Haberman_10000;dt_scores_roc_auc_score_std_Haberman_10000;dt_scores_soft_binary_crossentropy_data_random_std_Haberman_10000;dt_scores_binary_crossentropy_data_random_std_Haberman_10000;dt_scores_accuracy_data_random_std_Haberman_10000;dt_scores_f1_score_data_random_std_Haberman_10000;dt_scores_roc_auc_score_data_random_std_Haberman_10000;dt_scores_runtime_Haberman_10000;inet_scores_soft_binary_crossentropy_Haberman_10000;inet_scores_binary_crossentropy_Haberman_10000;inet_scores_accuracy_Haberman_10000;inet_scores_f1_score_Haberman_10000;inet_scores_roc_auc_score_Haberman_10000;inet_scores_runtime_Haberman_10000;model_scores_soft_binary_crossentropy_Haberman_10000;model_scores_binary_crossentropy_Haberman_10000;model_scores_accuracy_Haberman_10000;model_scores_f1_score_Haberman_10000;model_scores_roc_auc_score_Haberman_10000;model_scores_runtime_Haberman_10000;dt_scores_soft_binary_crossentropy_['uniform', 'normal', 'gamma', 'beta', 'poisson']_Adult_TRAINDATA;dt_scores_binary_crossentropy_['uniform', 'normal', 'gamma', 'beta', 'poisson']_Adult_TRAINDATA;dt_scores_accuracy_['uniform', 'normal', 'gamma', 'beta', 'poisson']_Adult_TRAINDATA;dt_scores_f1_score_['uniform', 'normal', 'gamma', 'beta', 'poisson']_Adult_TRAINDATA;dt_scores_roc_auc_score_['uniform', 'normal', 'gamma', 'beta', 'poisson']_Adult_TRAINDATA;dt_scores_soft_binary_crossentropy_data_random_['uniform', 'normal', 'gamma', 'beta', 'poisson']_Adult_TRAINDATA;dt_scores_binary_crossentropy_data_random_['uniform', 'normal', 'gamma', 'beta', 'poisson']_Adult_TRAINDATA;dt_scores_accuracy_data_random_['uniform', 'normal', 'gamma', 'beta', 'poisson']_Adult_TRAINDATA;dt_scores_f1_score_data_random_['uniform', 'normal', 'gamma', 'beta', 'poisson']_Adult_TRAINDATA;dt_scores_roc_auc_score_data_random_['uniform', 'normal', 'gamma', 'beta', 'poisson']_Adult_TRAINDATA;dt_scores_runtime_['uniform', 'normal', 'gamma', 'beta', 'poisson']_Adult_TRAINDATA;dt_scores_soft_binary_crossentropy_Adult_TRAINDATA;dt_scores_binary_crossentropy_Adult_TRAINDATA;dt_scores_accuracy_Adult_TRAINDATA;dt_scores_f1_score_Adult_TRAINDATA;dt_scores_roc_auc_score_Adult_TRAINDATA;dt_scores_soft_binary_crossentropy_data_random_Adult_TRAINDATA;dt_scores_binary_crossentropy_data_random_Adult_TRAINDATA;dt_scores_accuracy_data_random_Adult_TRAINDATA;dt_scores_f1_score_data_random_Adult_TRAINDATA;dt_scores_roc_auc_score_data_random_Adult_TRAINDATA;dt_scores_soft_binary_crossentropy_std_Adult_TRAINDATA;dt_scores_binary_crossentropy_std_Adult_TRAINDATA;dt_scores_accuracy_std_Adult_TRAINDATA;dt_scores_f1_score_std_Adult_TRAINDATA;dt_scores_roc_auc_score_std_Adult_TRAINDATA;dt_scores_soft_binary_crossentropy_data_random_std_Adult_TRAINDATA;dt_scores_binary_crossentropy_data_random_std_Adult_TRAINDATA;dt_scores_accuracy_data_random_std_Adult_TRAINDATA;dt_scores_f1_score_data_random_std_Adult_TRAINDATA;dt_scores_roc_auc_score_data_random_std_Adult_TRAINDATA;dt_scores_runtime_Adult_TRAINDATA;inet_scores_soft_binary_crossentropy_Adult_TRAINDATA;inet_scores_binary_crossentropy_Adult_TRAINDATA;inet_scores_accuracy_Adult_TRAINDATA;inet_scores_f1_score_Adult_TRAINDATA;inet_scores_roc_auc_score_Adult_TRAINDATA;inet_scores_runtime_Adult_TRAINDATA;model_scores_soft_binary_crossentropy_Adult_TRAINDATA;model_scores_binary_crossentropy_Adult_TRAINDATA;model_scores_accuracy_Adult_TRAINDATA;model_scores_f1_score_Adult_TRAINDATA;model_scores_roc_auc_score_Adult_TRAINDATA;model_scores_runtime_Adult_TRAINDATA;dt_scores_soft_binary_crossentropy_['uniform', 'normal', 'gamma', 'beta', 'poisson']_Titanic_TRAINDATA;dt_scores_binary_crossentropy_['uniform', 'normal', 'gamma', 'beta', 'poisson']_Titanic_TRAINDATA;dt_scores_accuracy_['uniform', 'normal', 'gamma', 'beta', 'poisson']_Titanic_TRAINDATA;dt_scores_f1_score_['uniform', 'normal', 'gamma', 'beta', 'poisson']_Titanic_TRAINDATA;dt_scores_roc_auc_score_['uniform', 'normal', 'gamma', 'beta', 'poisson']_Titanic_TRAINDATA;dt_scores_soft_binary_crossentropy_data_random_['uniform', 'normal', 'gamma', 'beta', 'poisson']_Titanic_TRAINDATA;dt_scores_binary_crossentropy_data_random_['uniform', 'normal', 'gamma', 'beta', 'poisson']_Titanic_TRAINDATA;dt_scores_accuracy_data_random_['uniform', 'normal', 'gamma', 'beta', 'poisson']_Titanic_TRAINDATA;dt_scores_f1_score_data_random_['uniform', 'normal', 'gamma', 'beta', 'poisson']_Titanic_TRAINDATA;dt_scores_roc_auc_score_data_random_['uniform', 'normal', 'gamma', 'beta', 'poisson']_Titanic_TRAINDATA;dt_scores_runtime_['uniform', 'normal', 'gamma', 'beta', 'poisson']_Titanic_TRAINDATA;dt_scores_soft_binary_crossentropy_Titanic_TRAINDATA;dt_scores_binary_crossentropy_Titanic_TRAINDATA;dt_scores_accuracy_Titanic_TRAINDATA;dt_scores_f1_score_Titanic_TRAINDATA;dt_scores_roc_auc_score_Titanic_TRAINDATA;dt_scores_soft_binary_crossentropy_data_random_Titanic_TRAINDATA;dt_scores_binary_crossentropy_data_random_Titanic_TRAINDATA;dt_scores_accuracy_data_random_Titanic_TRAINDATA;dt_scores_f1_score_data_random_Titanic_TRAINDATA;dt_scores_roc_auc_score_data_random_Titanic_TRAINDATA;dt_scores_soft_binary_crossentropy_std_Titanic_TRAINDATA;dt_scores_binary_crossentropy_std_Titanic_TRAINDATA;dt_scores_accuracy_std_Titanic_TRAINDATA;dt_scores_f1_score_std_Titanic_TRAINDATA;dt_scores_roc_auc_score_std_Titanic_TRAINDATA;dt_scores_soft_binary_crossentropy_data_random_std_Titanic_TRAINDATA;dt_scores_binary_crossentropy_data_random_std_Titanic_TRAINDATA;dt_scores_accuracy_data_random_std_Titanic_TRAINDATA;dt_scores_f1_score_data_random_std_Titanic_TRAINDATA;dt_scores_roc_auc_score_data_random_std_Titanic_TRAINDATA;dt_scores_runtime_Titanic_TRAINDATA;inet_scores_soft_binary_crossentropy_Titanic_TRAINDATA;inet_scores_binary_crossentropy_Titanic_TRAINDATA;inet_scores_accuracy_Titanic_TRAINDATA;inet_scores_f1_score_Titanic_TRAINDATA;inet_scores_roc_auc_score_Titanic_TRAINDATA;inet_scores_runtime_Titanic_TRAINDATA;model_scores_soft_binary_crossentropy_Titanic_TRAINDATA;model_scores_binary_crossentropy_Titanic_TRAINDATA;model_scores_accuracy_Titanic_TRAINDATA;model_scores_f1_score_Titanic_TRAINDATA;model_scores_roc_auc_score_Titanic_TRAINDATA;model_scores_runtime_Titanic_TRAINDATA;dt_scores_soft_binary_crossentropy_['uniform', 'normal', 'gamma', 'beta', 'poisson']_Absenteeism_TRAINDATA;dt_scores_binary_crossentropy_['uniform', 'normal', 'gamma', 'beta', 'poisson']_Absenteeism_TRAINDATA;dt_scores_accuracy_['uniform', 'normal', 'gamma', 'beta', 'poisson']_Absenteeism_TRAINDATA;dt_scores_f1_score_['uniform', 'normal', 'gamma', 'beta', 'poisson']_Absenteeism_TRAINDATA;dt_scores_roc_auc_score_['uniform', 'normal', 'gamma', 'beta', 'poisson']_Absenteeism_TRAINDATA;dt_scores_soft_binary_crossentropy_data_random_['uniform', 'normal', 'gamma', 'beta', 'poisson']_Absenteeism_TRAINDATA;dt_scores_binary_crossentropy_data_random_['uniform', 'normal', 'gamma', 'beta', 'poisson']_Absenteeism_TRAINDATA;dt_scores_accuracy_data_random_['uniform', 'normal', 'gamma', 'beta', 'poisson']_Absenteeism_TRAINDATA;dt_scores_f1_score_data_random_['uniform', 'normal', 'gamma', 'beta', 'poisson']_Absenteeism_TRAINDATA;dt_scores_roc_auc_score_data_random_['uniform', 'normal', 'gamma', 'beta', 'poisson']_Absenteeism_TRAINDATA;dt_scores_runtime_['uniform', 'normal', 'gamma', 'beta', 'poisson']_Absenteeism_TRAINDATA;dt_scores_soft_binary_crossentropy_Absenteeism_TRAINDATA;dt_scores_binary_crossentropy_Absenteeism_TRAINDATA;dt_scores_accuracy_Absenteeism_TRAINDATA;dt_scores_f1_score_Absenteeism_TRAINDATA;dt_scores_roc_auc_score_Absenteeism_TRAINDATA;dt_scores_soft_binary_crossentropy_data_random_Absenteeism_TRAINDATA;dt_scores_binary_crossentropy_data_random_Absenteeism_TRAINDATA;dt_scores_accuracy_data_random_Absenteeism_TRAINDATA;dt_scores_f1_score_data_random_Absenteeism_TRAINDATA;dt_scores_roc_auc_score_data_random_Absenteeism_TRAINDATA;dt_scores_soft_binary_crossentropy_std_Absenteeism_TRAINDATA;dt_scores_binary_crossentropy_std_Absenteeism_TRAINDATA;dt_scores_accuracy_std_Absenteeism_TRAINDATA;dt_scores_f1_score_std_Absenteeism_TRAINDATA;dt_scores_roc_auc_score_std_Absenteeism_TRAINDATA;dt_scores_soft_binary_crossentropy_data_random_std_Absenteeism_TRAINDATA;dt_scores_binary_crossentropy_data_random_std_Absenteeism_TRAINDATA;dt_scores_accuracy_data_random_std_Absenteeism_TRAINDATA;dt_scores_f1_score_data_random_std_Absenteeism_TRAINDATA;dt_scores_roc_auc_score_data_random_std_Absenteeism_TRAINDATA;dt_scores_runtime_Absenteeism_TRAINDATA;inet_scores_soft_binary_crossentropy_Absenteeism_TRAINDATA;inet_scores_binary_crossentropy_Absenteeism_TRAINDATA;inet_scores_accuracy_Absenteeism_TRAINDATA;inet_scores_f1_score_Absenteeism_TRAINDATA;inet_scores_roc_auc_score_Absenteeism_TRAINDATA;inet_scores_runtime_Absenteeism_TRAINDATA;model_scores_soft_binary_crossentropy_Absenteeism_TRAINDATA;model_scores_binary_crossentropy_Absenteeism_TRAINDATA;model_scores_accuracy_Absenteeism_TRAINDATA;model_scores_f1_score_Absenteeism_TRAINDATA;model_scores_roc_auc_score_Absenteeism_TRAINDATA;model_scores_runtime_Absenteeism_TRAINDATA;dt_scores_soft_binary_crossentropy_['uniform', 'normal', 'gamma', 'beta', 'poisson']_Loan House_TRAINDATA;dt_scores_binary_crossentropy_['uniform', 'normal', 'gamma', 'beta', 'poisson']_Loan House_TRAINDATA;dt_scores_accuracy_['uniform', 'normal', 'gamma', 'beta', 'poisson']_Loan House_TRAINDATA;dt_scores_f1_score_['uniform', 'normal', 'gamma', 'beta', 'poisson']_Loan House_TRAINDATA;dt_scores_roc_auc_score_['uniform', 'normal', 'gamma', 'beta', 'poisson']_Loan House_TRAINDATA;dt_scores_soft_binary_crossentropy_data_random_['uniform', 'normal', 'gamma', 'beta', 'poisson']_Loan House_TRAINDATA;dt_scores_binary_crossentropy_data_random_['uniform', 'normal', 'gamma', 'beta', 'poisson']_Loan House_TRAINDATA;dt_scores_accuracy_data_random_['uniform', 'normal', 'gamma', 'beta', 'poisson']_Loan House_TRAINDATA;dt_scores_f1_score_data_random_['uniform', 'normal', 'gamma', 'beta', 'poisson']_Loan House_TRAINDATA;dt_scores_roc_auc_score_data_random_['uniform', 'normal', 'gamma', 'beta', 'poisson']_Loan House_TRAINDATA;dt_scores_runtime_['uniform', 'normal', 'gamma', 'beta', 'poisson']_Loan House_TRAINDATA;dt_scores_soft_binary_crossentropy_Loan House_TRAINDATA;dt_scores_binary_crossentropy_Loan House_TRAINDATA;dt_scores_accuracy_Loan House_TRAINDATA;dt_scores_f1_score_Loan House_TRAINDATA;dt_scores_roc_auc_score_Loan House_TRAINDATA;dt_scores_soft_binary_crossentropy_data_random_Loan House_TRAINDATA;dt_scores_binary_crossentropy_data_random_Loan House_TRAINDATA;dt_scores_accuracy_data_random_Loan House_TRAINDATA;dt_scores_f1_score_data_random_Loan House_TRAINDATA;dt_scores_roc_auc_score_data_random_Loan House_TRAINDATA;dt_scores_soft_binary_crossentropy_std_Loan House_TRAINDATA;dt_scores_binary_crossentropy_std_Loan House_TRAINDATA;dt_scores_accuracy_std_Loan House_TRAINDATA;dt_scores_f1_score_std_Loan House_TRAINDATA;dt_scores_roc_auc_score_std_Loan House_TRAINDATA;dt_scores_soft_binary_crossentropy_data_random_std_Loan House_TRAINDATA;dt_scores_binary_crossentropy_data_random_std_Loan House_TRAINDATA;dt_scores_accuracy_data_random_std_Loan House_TRAINDATA;dt_scores_f1_score_data_random_std_Loan House_TRAINDATA;dt_scores_roc_auc_score_data_random_std_Loan House_TRAINDATA;dt_scores_runtime_Loan House_TRAINDATA;inet_scores_soft_binary_crossentropy_Loan House_TRAINDATA;inet_scores_binary_crossentropy_Loan House_TRAINDATA;inet_scores_accuracy_Loan House_TRAINDATA;inet_scores_f1_score_Loan House_TRAINDATA;inet_scores_roc_auc_score_Loan House_TRAINDATA;inet_scores_runtime_Loan House_TRAINDATA;model_scores_soft_binary_crossentropy_Loan House_TRAINDATA;model_scores_binary_crossentropy_Loan House_TRAINDATA;model_scores_accuracy_Loan House_TRAINDATA;model_scores_f1_score_Loan House_TRAINDATA;model_scores_roc_auc_score_Loan House_TRAINDATA;model_scores_runtime_Loan House_TRAINDATA;dt_scores_soft_binary_crossentropy_['uniform', 'normal', 'gamma', 'beta', 'poisson']_Loan Credit_TRAINDATA;dt_scores_binary_crossentropy_['uniform', 'normal', 'gamma', 'beta', 'poisson']_Loan Credit_TRAINDATA;dt_scores_accuracy_['uniform', 'normal', 'gamma', 'beta', 'poisson']_Loan Credit_TRAINDATA;dt_scores_f1_score_['uniform', 'normal', 'gamma', 'beta', 'poisson']_Loan Credit_TRAINDATA;dt_scores_roc_auc_score_['uniform', 'normal', 'gamma', 'beta', 'poisson']_Loan Credit_TRAINDATA;dt_scores_soft_binary_crossentropy_data_random_['uniform', 'normal', 'gamma', 'beta', 'poisson']_Loan Credit_TRAINDATA;dt_scores_binary_crossentropy_data_random_['uniform', 'normal', 'gamma', 'beta', 'poisson']_Loan Credit_TRAINDATA;dt_scores_accuracy_data_random_['uniform', 'normal', 'gamma', 'beta', 'poisson']_Loan Credit_TRAINDATA;dt_scores_f1_score_data_random_['uniform', 'normal', 'gamma', 'beta', 'poisson']_Loan Credit_TRAINDATA;dt_scores_roc_auc_score_data_random_['uniform', 'normal', 'gamma', 'beta', 'poisson']_Loan Credit_TRAINDATA;dt_scores_runtime_['uniform', 'normal', 'gamma', 'beta', 'poisson']_Loan Credit_TRAINDATA;dt_scores_soft_binary_crossentropy_Loan Credit_TRAINDATA;dt_scores_binary_crossentropy_Loan Credit_TRAINDATA;dt_scores_accuracy_Loan Credit_TRAINDATA;dt_scores_f1_score_Loan Credit_TRAINDATA;dt_scores_roc_auc_score_Loan Credit_TRAINDATA;dt_scores_soft_binary_crossentropy_data_random_Loan Credit_TRAINDATA;dt_scores_binary_crossentropy_data_random_Loan Credit_TRAINDATA;dt_scores_accuracy_data_random_Loan Credit_TRAINDATA;dt_scores_f1_score_data_random_Loan Credit_TRAINDATA;dt_scores_roc_auc_score_data_random_Loan Credit_TRAINDATA;dt_scores_soft_binary_crossentropy_std_Loan Credit_TRAINDATA;dt_scores_binary_crossentropy_std_Loan Credit_TRAINDATA;dt_scores_accuracy_std_Loan Credit_TRAINDATA;dt_scores_f1_score_std_Loan Credit_TRAINDATA;dt_scores_roc_auc_score_std_Loan Credit_TRAINDATA;dt_scores_soft_binary_crossentropy_data_random_std_Loan Credit_TRAINDATA;dt_scores_binary_crossentropy_data_random_std_Loan Credit_TRAINDATA;dt_scores_accuracy_data_random_std_Loan Credit_TRAINDATA;dt_scores_f1_score_data_random_std_Loan Credit_TRAINDATA;dt_scores_roc_auc_score_data_random_std_Loan Credit_TRAINDATA;dt_scores_runtime_Loan Credit_TRAINDATA;inet_scores_soft_binary_crossentropy_Loan Credit_TRAINDATA;inet_scores_binary_crossentropy_Loan Credit_TRAINDATA;inet_scores_accuracy_Loan Credit_TRAINDATA;inet_scores_f1_score_Loan Credit_TRAINDATA;inet_scores_roc_auc_score_Loan Credit_TRAINDATA;inet_scores_runtime_Loan Credit_TRAINDATA;model_scores_soft_binary_crossentropy_Loan Credit_TRAINDATA;model_scores_binary_crossentropy_Loan Credit_TRAINDATA;model_scores_accuracy_Loan Credit_TRAINDATA;model_scores_f1_score_Loan Credit_TRAINDATA;model_scores_roc_auc_score_Loan Credit_TRAINDATA;model_scores_runtime_Loan Credit_TRAINDATA;dt_scores_soft_binary_crossentropy_['uniform', 'normal', 'gamma', 'beta', 'poisson']_Medical Insurance_TRAINDATA;dt_scores_binary_crossentropy_['uniform', 'normal', 'gamma', 'beta', 'poisson']_Medical Insurance_TRAINDATA;dt_scores_accuracy_['uniform', 'normal', 'gamma', 'beta', 'poisson']_Medical Insurance_TRAINDATA;dt_scores_f1_score_['uniform', 'normal', 'gamma', 'beta', 'poisson']_Medical Insurance_TRAINDATA;dt_scores_roc_auc_score_['uniform', 'normal', 'gamma', 'beta', 'poisson']_Medical Insurance_TRAINDATA;dt_scores_soft_binary_crossentropy_data_random_['uniform', 'normal', 'gamma', 'beta', 'poisson']_Medical Insurance_TRAINDATA;dt_scores_binary_crossentropy_data_random_['uniform', 'normal', 'gamma', 'beta', 'poisson']_Medical Insurance_TRAINDATA;dt_scores_accuracy_data_random_['uniform', 'normal', 'gamma', 'beta', 'poisson']_Medical Insurance_TRAINDATA;dt_scores_f1_score_data_random_['uniform', 'normal', 'gamma', 'beta', 'poisson']_Medical Insurance_TRAINDATA;dt_scores_roc_auc_score_data_random_['uniform', 'normal', 'gamma', 'beta', 'poisson']_Medical Insurance_TRAINDATA;dt_scores_runtime_['uniform', 'normal', 'gamma', 'beta', 'poisson']_Medical Insurance_TRAINDATA;dt_scores_soft_binary_crossentropy_Medical Insurance_TRAINDATA;dt_scores_binary_crossentropy_Medical Insurance_TRAINDATA;dt_scores_accuracy_Medical Insurance_TRAINDATA;dt_scores_f1_score_Medical Insurance_TRAINDATA;dt_scores_roc_auc_score_Medical Insurance_TRAINDATA;dt_scores_soft_binary_crossentropy_data_random_Medical Insurance_TRAINDATA;dt_scores_binary_crossentropy_data_random_Medical Insurance_TRAINDATA;dt_scores_accuracy_data_random_Medical Insurance_TRAINDATA;dt_scores_f1_score_data_random_Medical Insurance_TRAINDATA;dt_scores_roc_auc_score_data_random_Medical Insurance_TRAINDATA;dt_scores_soft_binary_crossentropy_std_Medical Insurance_TRAINDATA;dt_scores_binary_crossentropy_std_Medical Insurance_TRAINDATA;dt_scores_accuracy_std_Medical Insurance_TRAINDATA;dt_scores_f1_score_std_Medical Insurance_TRAINDATA;dt_scores_roc_auc_score_std_Medical Insurance_TRAINDATA;dt_scores_soft_binary_crossentropy_data_random_std_Medical Insurance_TRAINDATA;dt_scores_binary_crossentropy_data_random_std_Medical Insurance_TRAINDATA;dt_scores_accuracy_data_random_std_Medical Insurance_TRAINDATA;dt_scores_f1_score_data_random_std_Medical Insurance_TRAINDATA;dt_scores_roc_auc_score_data_random_std_Medical Insurance_TRAINDATA;dt_scores_runtime_Medical Insurance_TRAINDATA;inet_scores_soft_binary_crossentropy_Medical Insurance_TRAINDATA;inet_scores_binary_crossentropy_Medical Insurance_TRAINDATA;inet_scores_accuracy_Medical Insurance_TRAINDATA;inet_scores_f1_score_Medical Insurance_TRAINDATA;inet_scores_roc_auc_score_Medical Insurance_TRAINDATA;inet_scores_runtime_Medical Insurance_TRAINDATA;model_scores_soft_binary_crossentropy_Medical Insurance_TRAINDATA;model_scores_binary_crossentropy_Medical Insurance_TRAINDATA;model_scores_accuracy_Medical Insurance_TRAINDATA;model_scores_f1_score_Medical Insurance_TRAINDATA;model_scores_roc_auc_score_Medical Insurance_TRAINDATA;model_scores_runtime_Medical Insurance_TRAINDATA;dt_scores_soft_binary_crossentropy_['uniform', 'normal', 'gamma', 'beta', 'poisson']_Bank Marketing_TRAINDATA;dt_scores_binary_crossentropy_['uniform', 'normal', 'gamma', 'beta', 'poisson']_Bank Marketing_TRAINDATA;dt_scores_accuracy_['uniform', 'normal', 'gamma', 'beta', 'poisson']_Bank Marketing_TRAINDATA;dt_scores_f1_score_['uniform', 'normal', 'gamma', 'beta', 'poisson']_Bank Marketing_TRAINDATA;dt_scores_roc_auc_score_['uniform', 'normal', 'gamma', 'beta', 'poisson']_Bank Marketing_TRAINDATA;dt_scores_soft_binary_crossentropy_data_random_['uniform', 'normal', 'gamma', 'beta', 'poisson']_Bank Marketing_TRAINDATA;dt_scores_binary_crossentropy_data_random_['uniform', 'normal', 'gamma', 'beta', 'poisson']_Bank Marketing_TRAINDATA;dt_scores_accuracy_data_random_['uniform', 'normal', 'gamma', 'beta', 'poisson']_Bank Marketing_TRAINDATA;dt_scores_f1_score_data_random_['uniform', 'normal', 'gamma', 'beta', 'poisson']_Bank Marketing_TRAINDATA;dt_scores_roc_auc_score_data_random_['uniform', 'normal', 'gamma', 'beta', 'poisson']_Bank Marketing_TRAINDATA;dt_scores_runtime_['uniform', 'normal', 'gamma', 'beta', 'poisson']_Bank Marketing_TRAINDATA;dt_scores_soft_binary_crossentropy_Bank Marketing_TRAINDATA;dt_scores_binary_crossentropy_Bank Marketing_TRAINDATA;dt_scores_accuracy_Bank Marketing_TRAINDATA;dt_scores_f1_score_Bank Marketing_TRAINDATA;dt_scores_roc_auc_score_Bank Marketing_TRAINDATA;dt_scores_soft_binary_crossentropy_data_random_Bank Marketing_TRAINDATA;dt_scores_binary_crossentropy_data_random_Bank Marketing_TRAINDATA;dt_scores_accuracy_data_random_Bank Marketing_TRAINDATA;dt_scores_f1_score_data_random_Bank Marketing_TRAINDATA;dt_scores_roc_auc_score_data_random_Bank Marketing_TRAINDATA;dt_scores_soft_binary_crossentropy_std_Bank Marketing_TRAINDATA;dt_scores_binary_crossentropy_std_Bank Marketing_TRAINDATA;dt_scores_accuracy_std_Bank Marketing_TRAINDATA;dt_scores_f1_score_std_Bank Marketing_TRAINDATA;dt_scores_roc_auc_score_std_Bank Marketing_TRAINDATA;dt_scores_soft_binary_crossentropy_data_random_std_Bank Marketing_TRAINDATA;dt_scores_binary_crossentropy_data_random_std_Bank Marketing_TRAINDATA;dt_scores_accuracy_data_random_std_Bank Marketing_TRAINDATA;dt_scores_f1_score_data_random_std_Bank Marketing_TRAINDATA;dt_scores_roc_auc_score_data_random_std_Bank Marketing_TRAINDATA;dt_scores_runtime_Bank Marketing_TRAINDATA;inet_scores_soft_binary_crossentropy_Bank Marketing_TRAINDATA;inet_scores_binary_crossentropy_Bank Marketing_TRAINDATA;inet_scores_accuracy_Bank Marketing_TRAINDATA;inet_scores_f1_score_Bank Marketing_TRAINDATA;inet_scores_roc_auc_score_Bank Marketing_TRAINDATA;inet_scores_runtime_Bank Marketing_TRAINDATA;model_scores_soft_binary_crossentropy_Bank Marketing_TRAINDATA;model_scores_binary_crossentropy_Bank Marketing_TRAINDATA;model_scores_accuracy_Bank Marketing_TRAINDATA;model_scores_f1_score_Bank Marketing_TRAINDATA;model_scores_roc_auc_score_Bank Marketing_TRAINDATA;model_scores_runtime_Bank Marketing_TRAINDATA;dt_scores_soft_binary_crossentropy_['uniform', 'normal', 'gamma', 'beta', 'poisson']_Cervical Cancer_TRAINDATA;dt_scores_binary_crossentropy_['uniform', 'normal', 'gamma', 'beta', 'poisson']_Cervical Cancer_TRAINDATA;dt_scores_accuracy_['uniform', 'normal', 'gamma', 'beta', 'poisson']_Cervical Cancer_TRAINDATA;dt_scores_f1_score_['uniform', 'normal', 'gamma', 'beta', 'poisson']_Cervical Cancer_TRAINDATA;dt_scores_roc_auc_score_['uniform', 'normal', 'gamma', 'beta', 'poisson']_Cervical Cancer_TRAINDATA;dt_scores_soft_binary_crossentropy_data_random_['uniform', 'normal', 'gamma', 'beta', 'poisson']_Cervical Cancer_TRAINDATA;dt_scores_binary_crossentropy_data_random_['uniform', 'normal', 'gamma', 'beta', 'poisson']_Cervical Cancer_TRAINDATA;dt_scores_accuracy_data_random_['uniform', 'normal', 'gamma', 'beta', 'poisson']_Cervical Cancer_TRAINDATA;dt_scores_f1_score_data_random_['uniform', 'normal', 'gamma', 'beta', 'poisson']_Cervical Cancer_TRAINDATA;dt_scores_roc_auc_score_data_random_['uniform', 'normal', 'gamma', 'beta', 'poisson']_Cervical Cancer_TRAINDATA;dt_scores_runtime_['uniform', 'normal', 'gamma', 'beta', 'poisson']_Cervical Cancer_TRAINDATA;dt_scores_soft_binary_crossentropy_Cervical Cancer_TRAINDATA;dt_scores_binary_crossentropy_Cervical Cancer_TRAINDATA;dt_scores_accuracy_Cervical Cancer_TRAINDATA;dt_scores_f1_score_Cervical Cancer_TRAINDATA;dt_scores_roc_auc_score_Cervical Cancer_TRAINDATA;dt_scores_soft_binary_crossentropy_data_random_Cervical Cancer_TRAINDATA;dt_scores_binary_crossentropy_data_random_Cervical Cancer_TRAINDATA;dt_scores_accuracy_data_random_Cervical Cancer_TRAINDATA;dt_scores_f1_score_data_random_Cervical Cancer_TRAINDATA;dt_scores_roc_auc_score_data_random_Cervical Cancer_TRAINDATA;dt_scores_soft_binary_crossentropy_std_Cervical Cancer_TRAINDATA;dt_scores_binary_crossentropy_std_Cervical Cancer_TRAINDATA;dt_scores_accuracy_std_Cervical Cancer_TRAINDATA;dt_scores_f1_score_std_Cervical Cancer_TRAINDATA;dt_scores_roc_auc_score_std_Cervical Cancer_TRAINDATA;dt_scores_soft_binary_crossentropy_data_random_std_Cervical Cancer_TRAINDATA;dt_scores_binary_crossentropy_data_random_std_Cervical Cancer_TRAINDATA;dt_scores_accuracy_data_random_std_Cervical Cancer_TRAINDATA;dt_scores_f1_score_data_random_std_Cervical Cancer_TRAINDATA;dt_scores_roc_auc_score_data_random_std_Cervical Cancer_TRAINDATA;dt_scores_runtime_Cervical Cancer_TRAINDATA;inet_scores_soft_binary_crossentropy_Cervical Cancer_TRAINDATA;inet_scores_binary_crossentropy_Cervical Cancer_TRAINDATA;inet_scores_accuracy_Cervical Cancer_TRAINDATA;inet_scores_f1_score_Cervical Cancer_TRAINDATA;inet_scores_roc_auc_score_Cervical Cancer_TRAINDATA;inet_scores_runtime_Cervical Cancer_TRAINDATA;model_scores_soft_binary_crossentropy_Cervical Cancer_TRAINDATA;model_scores_binary_crossentropy_Cervical Cancer_TRAINDATA;model_scores_accuracy_Cervical Cancer_TRAINDATA;model_scores_f1_score_Cervical Cancer_TRAINDATA;model_scores_roc_auc_score_Cervical Cancer_TRAINDATA;model_scores_runtime_Cervical Cancer_TRAINDATA;dt_scores_soft_binary_crossentropy_['uniform', 'normal', 'gamma', 'beta', 'poisson']_Brest Cancer Wisconsin_TRAINDATA;dt_scores_binary_crossentropy_['uniform', 'normal', 'gamma', 'beta', 'poisson']_Brest Cancer Wisconsin_TRAINDATA;dt_scores_accuracy_['uniform', 'normal', 'gamma', 'beta', 'poisson']_Brest Cancer Wisconsin_TRAINDATA;dt_scores_f1_score_['uniform', 'normal', 'gamma', 'beta', 'poisson']_Brest Cancer Wisconsin_TRAINDATA;dt_scores_roc_auc_score_['uniform', 'normal', 'gamma', 'beta', 'poisson']_Brest Cancer Wisconsin_TRAINDATA;dt_scores_soft_binary_crossentropy_data_random_['uniform', 'normal', 'gamma', 'beta', 'poisson']_Brest Cancer Wisconsin_TRAINDATA;dt_scores_binary_crossentropy_data_random_['uniform', 'normal', 'gamma', 'beta', 'poisson']_Brest Cancer Wisconsin_TRAINDATA;dt_scores_accuracy_data_random_['uniform', 'normal', 'gamma', 'beta', 'poisson']_Brest Cancer Wisconsin_TRAINDATA;dt_scores_f1_score_data_random_['uniform', 'normal', 'gamma', 'beta', 'poisson']_Brest Cancer Wisconsin_TRAINDATA;dt_scores_roc_auc_score_data_random_['uniform', 'normal', 'gamma', 'beta', 'poisson']_Brest Cancer Wisconsin_TRAINDATA;dt_scores_runtime_['uniform', 'normal', 'gamma', 'beta', 'poisson']_Brest Cancer Wisconsin_TRAINDATA;dt_scores_soft_binary_crossentropy_Brest Cancer Wisconsin_TRAINDATA;dt_scores_binary_crossentropy_Brest Cancer Wisconsin_TRAINDATA;dt_scores_accuracy_Brest Cancer Wisconsin_TRAINDATA;dt_scores_f1_score_Brest Cancer Wisconsin_TRAINDATA;dt_scores_roc_auc_score_Brest Cancer Wisconsin_TRAINDATA;dt_scores_soft_binary_crossentropy_data_random_Brest Cancer Wisconsin_TRAINDATA;dt_scores_binary_crossentropy_data_random_Brest Cancer Wisconsin_TRAINDATA;dt_scores_accuracy_data_random_Brest Cancer Wisconsin_TRAINDATA;dt_scores_f1_score_data_random_Brest Cancer Wisconsin_TRAINDATA;dt_scores_roc_auc_score_data_random_Brest Cancer Wisconsin_TRAINDATA;dt_scores_soft_binary_crossentropy_std_Brest Cancer Wisconsin_TRAINDATA;dt_scores_binary_crossentropy_std_Brest Cancer Wisconsin_TRAINDATA;dt_scores_accuracy_std_Brest Cancer Wisconsin_TRAINDATA;dt_scores_f1_score_std_Brest Cancer Wisconsin_TRAINDATA;dt_scores_roc_auc_score_std_Brest Cancer Wisconsin_TRAINDATA;dt_scores_soft_binary_crossentropy_data_random_std_Brest Cancer Wisconsin_TRAINDATA;dt_scores_binary_crossentropy_data_random_std_Brest Cancer Wisconsin_TRAINDATA;dt_scores_accuracy_data_random_std_Brest Cancer Wisconsin_TRAINDATA;dt_scores_f1_score_data_random_std_Brest Cancer Wisconsin_TRAINDATA;dt_scores_roc_auc_score_data_random_std_Brest Cancer Wisconsin_TRAINDATA;dt_scores_runtime_Brest Cancer Wisconsin_TRAINDATA;inet_scores_soft_binary_crossentropy_Brest Cancer Wisconsin_TRAINDATA;inet_scores_binary_crossentropy_Brest Cancer Wisconsin_TRAINDATA;inet_scores_accuracy_Brest Cancer Wisconsin_TRAINDATA;inet_scores_f1_score_Brest Cancer Wisconsin_TRAINDATA;inet_scores_roc_auc_score_Brest Cancer Wisconsin_TRAINDATA;inet_scores_runtime_Brest Cancer Wisconsin_TRAINDATA;model_scores_soft_binary_crossentropy_Brest Cancer Wisconsin_TRAINDATA;model_scores_binary_crossentropy_Brest Cancer Wisconsin_TRAINDATA;model_scores_accuracy_Brest Cancer Wisconsin_TRAINDATA;model_scores_f1_score_Brest Cancer Wisconsin_TRAINDATA;model_scores_roc_auc_score_Brest Cancer Wisconsin_TRAINDATA;model_scores_runtime_Brest Cancer Wisconsin_TRAINDATA;dt_scores_soft_binary_crossentropy_['uniform', 'normal', 'gamma', 'beta', 'poisson']_Wisconsin Diagnostic Breast Cancer_TRAINDATA;dt_scores_binary_crossentropy_['uniform', 'normal', 'gamma', 'beta', 'poisson']_Wisconsin Diagnostic Breast Cancer_TRAINDATA;dt_scores_accuracy_['uniform', 'normal', 'gamma', 'beta', 'poisson']_Wisconsin Diagnostic Breast Cancer_TRAINDATA;dt_scores_f1_score_['uniform', 'normal', 'gamma', 'beta', 'poisson']_Wisconsin Diagnostic Breast Cancer_TRAINDATA;dt_scores_roc_auc_score_['uniform', 'normal', 'gamma', 'beta', 'poisson']_Wisconsin Diagnostic Breast Cancer_TRAINDATA;dt_scores_soft_binary_crossentropy_data_random_['uniform', 'normal', 'gamma', 'beta', 'poisson']_Wisconsin Diagnostic Breast Cancer_TRAINDATA;dt_scores_binary_crossentropy_data_random_['uniform', 'normal', 'gamma', 'beta', 'poisson']_Wisconsin Diagnostic Breast Cancer_TRAINDATA;dt_scores_accuracy_data_random_['uniform', 'normal', 'gamma', 'beta', 'poisson']_Wisconsin Diagnostic Breast Cancer_TRAINDATA;dt_scores_f1_score_data_random_['uniform', 'normal', 'gamma', 'beta', 'poisson']_Wisconsin Diagnostic Breast Cancer_TRAINDATA;dt_scores_roc_auc_score_data_random_['uniform', 'normal', 'gamma', 'beta', 'poisson']_Wisconsin Diagnostic Breast Cancer_TRAINDATA;dt_scores_runtime_['uniform', 'normal', 'gamma', 'beta', 'poisson']_Wisconsin Diagnostic Breast Cancer_TRAINDATA;dt_scores_soft_binary_crossentropy_Wisconsin Diagnostic Breast Cancer_TRAINDATA;dt_scores_binary_crossentropy_Wisconsin Diagnostic Breast Cancer_TRAINDATA;dt_scores_accuracy_Wisconsin Diagnostic Breast Cancer_TRAINDATA;dt_scores_f1_score_Wisconsin Diagnostic Breast Cancer_TRAINDATA;dt_scores_roc_auc_score_Wisconsin Diagnostic Breast Cancer_TRAINDATA;dt_scores_soft_binary_crossentropy_data_random_Wisconsin Diagnostic Breast Cancer_TRAINDATA;dt_scores_binary_crossentropy_data_random_Wisconsin Diagnostic Breast Cancer_TRAINDATA;dt_scores_accuracy_data_random_Wisconsin Diagnostic Breast Cancer_TRAINDATA;dt_scores_f1_score_data_random_Wisconsin Diagnostic Breast Cancer_TRAINDATA;dt_scores_roc_auc_score_data_random_Wisconsin Diagnostic Breast Cancer_TRAINDATA;dt_scores_soft_binary_crossentropy_std_Wisconsin Diagnostic Breast Cancer_TRAINDATA;dt_scores_binary_crossentropy_std_Wisconsin Diagnostic Breast Cancer_TRAINDATA;dt_scores_accuracy_std_Wisconsin Diagnostic Breast Cancer_TRAINDATA;dt_scores_f1_score_std_Wisconsin Diagnostic Breast Cancer_TRAINDATA;dt_scores_roc_auc_score_std_Wisconsin Diagnostic Breast Cancer_TRAINDATA;dt_scores_soft_binary_crossentropy_data_random_std_Wisconsin Diagnostic Breast Cancer_TRAINDATA;dt_scores_binary_crossentropy_data_random_std_Wisconsin Diagnostic Breast Cancer_TRAINDATA;dt_scores_accuracy_data_random_std_Wisconsin Diagnostic Breast Cancer_TRAINDATA;dt_scores_f1_score_data_random_std_Wisconsin Diagnostic Breast Cancer_TRAINDATA;dt_scores_roc_auc_score_data_random_std_Wisconsin Diagnostic Breast Cancer_TRAINDATA;dt_scores_runtime_Wisconsin Diagnostic Breast Cancer_TRAINDATA;inet_scores_soft_binary_crossentropy_Wisconsin Diagnostic Breast Cancer_TRAINDATA;inet_scores_binary_crossentropy_Wisconsin Diagnostic Breast Cancer_TRAINDATA;inet_scores_accuracy_Wisconsin Diagnostic Breast Cancer_TRAINDATA;inet_scores_f1_score_Wisconsin Diagnostic Breast Cancer_TRAINDATA;inet_scores_roc_auc_score_Wisconsin Diagnostic Breast Cancer_TRAINDATA;inet_scores_runtime_Wisconsin Diagnostic Breast Cancer_TRAINDATA;model_scores_soft_binary_crossentropy_Wisconsin Diagnostic Breast Cancer_TRAINDATA;model_scores_binary_crossentropy_Wisconsin Diagnostic Breast Cancer_TRAINDATA;model_scores_accuracy_Wisconsin Diagnostic Breast Cancer_TRAINDATA;model_scores_f1_score_Wisconsin Diagnostic Breast Cancer_TRAINDATA;model_scores_roc_auc_score_Wisconsin Diagnostic Breast Cancer_TRAINDATA;model_scores_runtime_Wisconsin Diagnostic Breast Cancer_TRAINDATA;dt_scores_soft_binary_crossentropy_['uniform', 'normal', 'gamma', 'beta', 'poisson']_Wisconsin Prognostic Breast Cancer_TRAINDATA;dt_scores_binary_crossentropy_['uniform', 'normal', 'gamma', 'beta', 'poisson']_Wisconsin Prognostic Breast Cancer_TRAINDATA;dt_scores_accuracy_['uniform', 'normal', 'gamma', 'beta', 'poisson']_Wisconsin Prognostic Breast Cancer_TRAINDATA;dt_scores_f1_score_['uniform', 'normal', 'gamma', 'beta', 'poisson']_Wisconsin Prognostic Breast Cancer_TRAINDATA;dt_scores_roc_auc_score_['uniform', 'normal', 'gamma', 'beta', 'poisson']_Wisconsin Prognostic Breast Cancer_TRAINDATA;dt_scores_soft_binary_crossentropy_data_random_['uniform', 'normal', 'gamma', 'beta', 'poisson']_Wisconsin Prognostic Breast Cancer_TRAINDATA;dt_scores_binary_crossentropy_data_random_['uniform', 'normal', 'gamma', 'beta', 'poisson']_Wisconsin Prognostic Breast Cancer_TRAINDATA;dt_scores_accuracy_data_random_['uniform', 'normal', 'gamma', 'beta', 'poisson']_Wisconsin Prognostic Breast Cancer_TRAINDATA;dt_scores_f1_score_data_random_['uniform', 'normal', 'gamma', 'beta', 'poisson']_Wisconsin Prognostic Breast Cancer_TRAINDATA;dt_scores_roc_auc_score_data_random_['uniform', 'normal', 'gamma', 'beta', 'poisson']_Wisconsin Prognostic Breast Cancer_TRAINDATA;dt_scores_runtime_['uniform', 'normal', 'gamma', 'beta', 'poisson']_Wisconsin Prognostic Breast Cancer_TRAINDATA;dt_scores_soft_binary_crossentropy_Wisconsin Prognostic Breast Cancer_TRAINDATA;dt_scores_binary_crossentropy_Wisconsin Prognostic Breast Cancer_TRAINDATA;dt_scores_accuracy_Wisconsin Prognostic Breast Cancer_TRAINDATA;dt_scores_f1_score_Wisconsin Prognostic Breast Cancer_TRAINDATA;dt_scores_roc_auc_score_Wisconsin Prognostic Breast Cancer_TRAINDATA;dt_scores_soft_binary_crossentropy_data_random_Wisconsin Prognostic Breast Cancer_TRAINDATA;dt_scores_binary_crossentropy_data_random_Wisconsin Prognostic Breast Cancer_TRAINDATA;dt_scores_accuracy_data_random_Wisconsin Prognostic Breast Cancer_TRAINDATA;dt_scores_f1_score_data_random_Wisconsin Prognostic Breast Cancer_TRAINDATA;dt_scores_roc_auc_score_data_random_Wisconsin Prognostic Breast Cancer_TRAINDATA;dt_scores_soft_binary_crossentropy_std_Wisconsin Prognostic Breast Cancer_TRAINDATA;dt_scores_binary_crossentropy_std_Wisconsin Prognostic Breast Cancer_TRAINDATA;dt_scores_accuracy_std_Wisconsin Prognostic Breast Cancer_TRAINDATA;dt_scores_f1_score_std_Wisconsin Prognostic Breast Cancer_TRAINDATA;dt_scores_roc_auc_score_std_Wisconsin Prognostic Breast Cancer_TRAINDATA;dt_scores_soft_binary_crossentropy_data_random_std_Wisconsin Prognostic Breast Cancer_TRAINDATA;dt_scores_binary_crossentropy_data_random_std_Wisconsin Prognostic Breast Cancer_TRAINDATA;dt_scores_accuracy_data_random_std_Wisconsin Prognostic Breast Cancer_TRAINDATA;dt_scores_f1_score_data_random_std_Wisconsin Prognostic Breast Cancer_TRAINDATA;dt_scores_roc_auc_score_data_random_std_Wisconsin Prognostic Breast Cancer_TRAINDATA;dt_scores_runtime_Wisconsin Prognostic Breast Cancer_TRAINDATA;inet_scores_soft_binary_crossentropy_Wisconsin Prognostic Breast Cancer_TRAINDATA;inet_scores_binary_crossentropy_Wisconsin Prognostic Breast Cancer_TRAINDATA;inet_scores_accuracy_Wisconsin Prognostic Breast Cancer_TRAINDATA;inet_scores_f1_score_Wisconsin Prognostic Breast Cancer_TRAINDATA;inet_scores_roc_auc_score_Wisconsin Prognostic Breast Cancer_TRAINDATA;inet_scores_runtime_Wisconsin Prognostic Breast Cancer_TRAINDATA;model_scores_soft_binary_crossentropy_Wisconsin Prognostic Breast Cancer_TRAINDATA;model_scores_binary_crossentropy_Wisconsin Prognostic Breast Cancer_TRAINDATA;model_scores_accuracy_Wisconsin Prognostic Breast Cancer_TRAINDATA;model_scores_f1_score_Wisconsin Prognostic Breast Cancer_TRAINDATA;model_scores_roc_auc_score_Wisconsin Prognostic Breast Cancer_TRAINDATA;model_scores_runtime_Wisconsin Prognostic Breast Cancer_TRAINDATA;dt_scores_soft_binary_crossentropy_['uniform', 'normal', 'gamma', 'beta', 'poisson']_Abalone_TRAINDATA;dt_scores_binary_crossentropy_['uniform', 'normal', 'gamma', 'beta', 'poisson']_Abalone_TRAINDATA;dt_scores_accuracy_['uniform', 'normal', 'gamma', 'beta', 'poisson']_Abalone_TRAINDATA;dt_scores_f1_score_['uniform', 'normal', 'gamma', 'beta', 'poisson']_Abalone_TRAINDATA;dt_scores_roc_auc_score_['uniform', 'normal', 'gamma', 'beta', 'poisson']_Abalone_TRAINDATA;dt_scores_soft_binary_crossentropy_data_random_['uniform', 'normal', 'gamma', 'beta', 'poisson']_Abalone_TRAINDATA;dt_scores_binary_crossentropy_data_random_['uniform', 'normal', 'gamma', 'beta', 'poisson']_Abalone_TRAINDATA;dt_scores_accuracy_data_random_['uniform', 'normal', 'gamma', 'beta', 'poisson']_Abalone_TRAINDATA;dt_scores_f1_score_data_random_['uniform', 'normal', 'gamma', 'beta', 'poisson']_Abalone_TRAINDATA;dt_scores_roc_auc_score_data_random_['uniform', 'normal', 'gamma', 'beta', 'poisson']_Abalone_TRAINDATA;dt_scores_runtime_['uniform', 'normal', 'gamma', 'beta', 'poisson']_Abalone_TRAINDATA;dt_scores_soft_binary_crossentropy_Abalone_TRAINDATA;dt_scores_binary_crossentropy_Abalone_TRAINDATA;dt_scores_accuracy_Abalone_TRAINDATA;dt_scores_f1_score_Abalone_TRAINDATA;dt_scores_roc_auc_score_Abalone_TRAINDATA;dt_scores_soft_binary_crossentropy_data_random_Abalone_TRAINDATA;dt_scores_binary_crossentropy_data_random_Abalone_TRAINDATA;dt_scores_accuracy_data_random_Abalone_TRAINDATA;dt_scores_f1_score_data_random_Abalone_TRAINDATA;dt_scores_roc_auc_score_data_random_Abalone_TRAINDATA;dt_scores_soft_binary_crossentropy_std_Abalone_TRAINDATA;dt_scores_binary_crossentropy_std_Abalone_TRAINDATA;dt_scores_accuracy_std_Abalone_TRAINDATA;dt_scores_f1_score_std_Abalone_TRAINDATA;dt_scores_roc_auc_score_std_Abalone_TRAINDATA;dt_scores_soft_binary_crossentropy_data_random_std_Abalone_TRAINDATA;dt_scores_binary_crossentropy_data_random_std_Abalone_TRAINDATA;dt_scores_accuracy_data_random_std_Abalone_TRAINDATA;dt_scores_f1_score_data_random_std_Abalone_TRAINDATA;dt_scores_roc_auc_score_data_random_std_Abalone_TRAINDATA;dt_scores_runtime_Abalone_TRAINDATA;inet_scores_soft_binary_crossentropy_Abalone_TRAINDATA;inet_scores_binary_crossentropy_Abalone_TRAINDATA;inet_scores_accuracy_Abalone_TRAINDATA;inet_scores_f1_score_Abalone_TRAINDATA;inet_scores_roc_auc_score_Abalone_TRAINDATA;inet_scores_runtime_Abalone_TRAINDATA;model_scores_soft_binary_crossentropy_Abalone_TRAINDATA;model_scores_binary_crossentropy_Abalone_TRAINDATA;model_scores_accuracy_Abalone_TRAINDATA;model_scores_f1_score_Abalone_TRAINDATA;model_scores_roc_auc_score_Abalone_TRAINDATA;model_scores_runtime_Abalone_TRAINDATA;dt_scores_soft_binary_crossentropy_['uniform', 'normal', 'gamma', 'beta', 'poisson']_Car_TRAINDATA;dt_scores_binary_crossentropy_['uniform', 'normal', 'gamma', 'beta', 'poisson']_Car_TRAINDATA;dt_scores_accuracy_['uniform', 'normal', 'gamma', 'beta', 'poisson']_Car_TRAINDATA;dt_scores_f1_score_['uniform', 'normal', 'gamma', 'beta', 'poisson']_Car_TRAINDATA;dt_scores_roc_auc_score_['uniform', 'normal', 'gamma', 'beta', 'poisson']_Car_TRAINDATA;dt_scores_soft_binary_crossentropy_data_random_['uniform', 'normal', 'gamma', 'beta', 'poisson']_Car_TRAINDATA;dt_scores_binary_crossentropy_data_random_['uniform', 'normal', 'gamma', 'beta', 'poisson']_Car_TRAINDATA;dt_scores_accuracy_data_random_['uniform', 'normal', 'gamma', 'beta', 'poisson']_Car_TRAINDATA;dt_scores_f1_score_data_random_['uniform', 'normal', 'gamma', 'beta', 'poisson']_Car_TRAINDATA;dt_scores_roc_auc_score_data_random_['uniform', 'normal', 'gamma', 'beta', 'poisson']_Car_TRAINDATA;dt_scores_runtime_['uniform', 'normal', 'gamma', 'beta', 'poisson']_Car_TRAINDATA;dt_scores_soft_binary_crossentropy_Car_TRAINDATA;dt_scores_binary_crossentropy_Car_TRAINDATA;dt_scores_accuracy_Car_TRAINDATA;dt_scores_f1_score_Car_TRAINDATA;dt_scores_roc_auc_score_Car_TRAINDATA;dt_scores_soft_binary_crossentropy_data_random_Car_TRAINDATA;dt_scores_binary_crossentropy_data_random_Car_TRAINDATA;dt_scores_accuracy_data_random_Car_TRAINDATA;dt_scores_f1_score_data_random_Car_TRAINDATA;dt_scores_roc_auc_score_data_random_Car_TRAINDATA;dt_scores_soft_binary_crossentropy_std_Car_TRAINDATA;dt_scores_binary_crossentropy_std_Car_TRAINDATA;dt_scores_accuracy_std_Car_TRAINDATA;dt_scores_f1_score_std_Car_TRAINDATA;dt_scores_roc_auc_score_std_Car_TRAINDATA;dt_scores_soft_binary_crossentropy_data_random_std_Car_TRAINDATA;dt_scores_binary_crossentropy_data_random_std_Car_TRAINDATA;dt_scores_accuracy_data_random_std_Car_TRAINDATA;dt_scores_f1_score_data_random_std_Car_TRAINDATA;dt_scores_roc_auc_score_data_random_std_Car_TRAINDATA;dt_scores_runtime_Car_TRAINDATA;inet_scores_soft_binary_crossentropy_Car_TRAINDATA;inet_scores_binary_crossentropy_Car_TRAINDATA;inet_scores_accuracy_Car_TRAINDATA;inet_scores_f1_score_Car_TRAINDATA;inet_scores_roc_auc_score_Car_TRAINDATA;inet_scores_runtime_Car_TRAINDATA;model_scores_soft_binary_crossentropy_Car_TRAINDATA;model_scores_binary_crossentropy_Car_TRAINDATA;model_scores_accuracy_Car_TRAINDATA;model_scores_f1_score_Car_TRAINDATA;model_scores_roc_auc_score_Car_TRAINDATA;model_scores_runtime_Car_TRAINDATA;dt_scores_soft_binary_crossentropy_['uniform', 'normal', 'gamma', 'beta', 'poisson']_Heart Disease_TRAINDATA;dt_scores_binary_crossentropy_['uniform', 'normal', 'gamma', 'beta', 'poisson']_Heart Disease_TRAINDATA;dt_scores_accuracy_['uniform', 'normal', 'gamma', 'beta', 'poisson']_Heart Disease_TRAINDATA;dt_scores_f1_score_['uniform', 'normal', 'gamma', 'beta', 'poisson']_Heart Disease_TRAINDATA;dt_scores_roc_auc_score_['uniform', 'normal', 'gamma', 'beta', 'poisson']_Heart Disease_TRAINDATA;dt_scores_soft_binary_crossentropy_data_random_['uniform', 'normal', 'gamma', 'beta', 'poisson']_Heart Disease_TRAINDATA;dt_scores_binary_crossentropy_data_random_['uniform', 'normal', 'gamma', 'beta', 'poisson']_Heart Disease_TRAINDATA;dt_scores_accuracy_data_random_['uniform', 'normal', 'gamma', 'beta', 'poisson']_Heart Disease_TRAINDATA;dt_scores_f1_score_data_random_['uniform', 'normal', 'gamma', 'beta', 'poisson']_Heart Disease_TRAINDATA;dt_scores_roc_auc_score_data_random_['uniform', 'normal', 'gamma', 'beta', 'poisson']_Heart Disease_TRAINDATA;dt_scores_runtime_['uniform', 'normal', 'gamma', 'beta', 'poisson']_Heart Disease_TRAINDATA;dt_scores_soft_binary_crossentropy_Heart Disease_TRAINDATA;dt_scores_binary_crossentropy_Heart Disease_TRAINDATA;dt_scores_accuracy_Heart Disease_TRAINDATA;dt_scores_f1_score_Heart Disease_TRAINDATA;dt_scores_roc_auc_score_Heart Disease_TRAINDATA;dt_scores_soft_binary_crossentropy_data_random_Heart Disease_TRAINDATA;dt_scores_binary_crossentropy_data_random_Heart Disease_TRAINDATA;dt_scores_accuracy_data_random_Heart Disease_TRAINDATA;dt_scores_f1_score_data_random_Heart Disease_TRAINDATA;dt_scores_roc_auc_score_data_random_Heart Disease_TRAINDATA;dt_scores_soft_binary_crossentropy_std_Heart Disease_TRAINDATA;dt_scores_binary_crossentropy_std_Heart Disease_TRAINDATA;dt_scores_accuracy_std_Heart Disease_TRAINDATA;dt_scores_f1_score_std_Heart Disease_TRAINDATA;dt_scores_roc_auc_score_std_Heart Disease_TRAINDATA;dt_scores_soft_binary_crossentropy_data_random_std_Heart Disease_TRAINDATA;dt_scores_binary_crossentropy_data_random_std_Heart Disease_TRAINDATA;dt_scores_accuracy_data_random_std_Heart Disease_TRAINDATA;dt_scores_f1_score_data_random_std_Heart Disease_TRAINDATA;dt_scores_roc_auc_score_data_random_std_Heart Disease_TRAINDATA;dt_scores_runtime_Heart Disease_TRAINDATA;inet_scores_soft_binary_crossentropy_Heart Disease_TRAINDATA;inet_scores_binary_crossentropy_Heart Disease_TRAINDATA;inet_scores_accuracy_Heart Disease_TRAINDATA;inet_scores_f1_score_Heart Disease_TRAINDATA;inet_scores_roc_auc_score_Heart Disease_TRAINDATA;inet_scores_runtime_Heart Disease_TRAINDATA;model_scores_soft_binary_crossentropy_Heart Disease_TRAINDATA;model_scores_binary_crossentropy_Heart Disease_TRAINDATA;model_scores_accuracy_Heart Disease_TRAINDATA;model_scores_f1_score_Heart Disease_TRAINDATA;model_scores_roc_auc_score_Heart Disease_TRAINDATA;model_scores_runtime_Heart Disease_TRAINDATA;dt_scores_soft_binary_crossentropy_['uniform', 'normal', 'gamma', 'beta', 'poisson']_Credit Card_TRAINDATA;dt_scores_binary_crossentropy_['uniform', 'normal', 'gamma', 'beta', 'poisson']_Credit Card_TRAINDATA;dt_scores_accuracy_['uniform', 'normal', 'gamma', 'beta', 'poisson']_Credit Card_TRAINDATA;dt_scores_f1_score_['uniform', 'normal', 'gamma', 'beta', 'poisson']_Credit Card_TRAINDATA;dt_scores_roc_auc_score_['uniform', 'normal', 'gamma', 'beta', 'poisson']_Credit Card_TRAINDATA;dt_scores_soft_binary_crossentropy_data_random_['uniform', 'normal', 'gamma', 'beta', 'poisson']_Credit Card_TRAINDATA;dt_scores_binary_crossentropy_data_random_['uniform', 'normal', 'gamma', 'beta', 'poisson']_Credit Card_TRAINDATA;dt_scores_accuracy_data_random_['uniform', 'normal', 'gamma', 'beta', 'poisson']_Credit Card_TRAINDATA;dt_scores_f1_score_data_random_['uniform', 'normal', 'gamma', 'beta', 'poisson']_Credit Card_TRAINDATA;dt_scores_roc_auc_score_data_random_['uniform', 'normal', 'gamma', 'beta', 'poisson']_Credit Card_TRAINDATA;dt_scores_runtime_['uniform', 'normal', 'gamma', 'beta', 'poisson']_Credit Card_TRAINDATA;dt_scores_soft_binary_crossentropy_Credit Card_TRAINDATA;dt_scores_binary_crossentropy_Credit Card_TRAINDATA;dt_scores_accuracy_Credit Card_TRAINDATA;dt_scores_f1_score_Credit Card_TRAINDATA;dt_scores_roc_auc_score_Credit Card_TRAINDATA;dt_scores_soft_binary_crossentropy_data_random_Credit Card_TRAINDATA;dt_scores_binary_crossentropy_data_random_Credit Card_TRAINDATA;dt_scores_accuracy_data_random_Credit Card_TRAINDATA;dt_scores_f1_score_data_random_Credit Card_TRAINDATA;dt_scores_roc_auc_score_data_random_Credit Card_TRAINDATA;dt_scores_soft_binary_crossentropy_std_Credit Card_TRAINDATA;dt_scores_binary_crossentropy_std_Credit Card_TRAINDATA;dt_scores_accuracy_std_Credit Card_TRAINDATA;dt_scores_f1_score_std_Credit Card_TRAINDATA;dt_scores_roc_auc_score_std_Credit Card_TRAINDATA;dt_scores_soft_binary_crossentropy_data_random_std_Credit Card_TRAINDATA;dt_scores_binary_crossentropy_data_random_std_Credit Card_TRAINDATA;dt_scores_accuracy_data_random_std_Credit Card_TRAINDATA;dt_scores_f1_score_data_random_std_Credit Card_TRAINDATA;dt_scores_roc_auc_score_data_random_std_Credit Card_TRAINDATA;dt_scores_runtime_Credit Card_TRAINDATA;inet_scores_soft_binary_crossentropy_Credit Card_TRAINDATA;inet_scores_binary_crossentropy_Credit Card_TRAINDATA;inet_scores_accuracy_Credit Card_TRAINDATA;inet_scores_f1_score_Credit Card_TRAINDATA;inet_scores_roc_auc_score_Credit Card_TRAINDATA;inet_scores_runtime_Credit Card_TRAINDATA;model_scores_soft_binary_crossentropy_Credit Card_TRAINDATA;model_scores_binary_crossentropy_Credit Card_TRAINDATA;model_scores_accuracy_Credit Card_TRAINDATA;model_scores_f1_score_Credit Card_TRAINDATA;model_scores_roc_auc_score_Credit Card_TRAINDATA;model_scores_runtime_Credit Card_TRAINDATA;dt_scores_soft_binary_crossentropy_['uniform', 'normal', 'gamma', 'beta', 'poisson']_Haberman_TRAINDATA;dt_scores_binary_crossentropy_['uniform', 'normal', 'gamma', 'beta', 'poisson']_Haberman_TRAINDATA;dt_scores_accuracy_['uniform', 'normal', 'gamma', 'beta', 'poisson']_Haberman_TRAINDATA;dt_scores_f1_score_['uniform', 'normal', 'gamma', 'beta', 'poisson']_Haberman_TRAINDATA;dt_scores_roc_auc_score_['uniform', 'normal', 'gamma', 'beta', 'poisson']_Haberman_TRAINDATA;dt_scores_soft_binary_crossentropy_data_random_['uniform', 'normal', 'gamma', 'beta', 'poisson']_Haberman_TRAINDATA;dt_scores_binary_crossentropy_data_random_['uniform', 'normal', 'gamma', 'beta', 'poisson']_Haberman_TRAINDATA;dt_scores_accuracy_data_random_['uniform', 'normal', 'gamma', 'beta', 'poisson']_Haberman_TRAINDATA;dt_scores_f1_score_data_random_['uniform', 'normal', 'gamma', 'beta', 'poisson']_Haberman_TRAINDATA;dt_scores_roc_auc_score_data_random_['uniform', 'normal', 'gamma', 'beta', 'poisson']_Haberman_TRAINDATA;dt_scores_runtime_['uniform', 'normal', 'gamma', 'beta', 'poisson']_Haberman_TRAINDATA;dt_scores_soft_binary_crossentropy_Haberman_TRAINDATA;dt_scores_binary_crossentropy_Haberman_TRAINDATA;dt_scores_accuracy_Haberman_TRAINDATA;dt_scores_f1_score_Haberman_TRAINDATA;dt_scores_roc_auc_score_Haberman_TRAINDATA;dt_scores_soft_binary_crossentropy_data_random_Haberman_TRAINDATA;dt_scores_binary_crossentropy_data_random_Haberman_TRAINDATA;dt_scores_accuracy_data_random_Haberman_TRAINDATA;dt_scores_f1_score_data_random_Haberman_TRAINDATA;dt_scores_roc_auc_score_data_random_Haberman_TRAINDATA;dt_scores_soft_binary_crossentropy_std_Haberman_TRAINDATA;dt_scores_binary_crossentropy_std_Haberman_TRAINDATA;dt_scores_accuracy_std_Haberman_TRAINDATA;dt_scores_f1_score_std_Haberman_TRAINDATA;dt_scores_roc_auc_score_std_Haberman_TRAINDATA;dt_scores_soft_binary_crossentropy_data_random_std_Haberman_TRAINDATA;dt_scores_binary_crossentropy_data_random_std_Haberman_TRAINDATA;dt_scores_accuracy_data_random_std_Haberman_TRAINDATA;dt_scores_f1_score_data_random_std_Haberman_TRAINDATA;dt_scores_roc_auc_score_data_random_std_Haberman_TRAINDATA;dt_scores_runtime_Haberman_TRAINDATA;inet_scores_soft_binary_crossentropy_Haberman_TRAINDATA;inet_scores_binary_crossentropy_Haberman_TRAINDATA;inet_scores_accuracy_Haberman_TRAINDATA;inet_scores_f1_score_Haberman_TRAINDATA;inet_scores_roc_auc_score_Haberman_TRAINDATA;inet_scores_runtime_Haberman_TRAINDATA;model_scores_soft_binary_crossentropy_Haberman_TRAINDATA;model_scores_binary_crossentropy_Haberman_TRAINDATA;model_scores_accuracy_Haberman_TRAINDATA;model_scores_f1_score_Haberman_TRAINDATA;model_scores_roc_auc_score_Haberman_TRAINDATA;model_scores_runtime_Haberman_TRAINDATA;dt_scores_soft_binary_crossentropy_['uniform', 'normal', 'gamma', 'beta', 'poisson']_Adult_STANDARDUNIFORM;dt_scores_binary_crossentropy_['uniform', 'normal', 'gamma', 'beta', 'poisson']_Adult_STANDARDUNIFORM;dt_scores_accuracy_['uniform', 'normal', 'gamma', 'beta', 'poisson']_Adult_STANDARDUNIFORM;dt_scores_f1_score_['uniform', 'normal', 'gamma', 'beta', 'poisson']_Adult_STANDARDUNIFORM;dt_scores_roc_auc_score_['uniform', 'normal', 'gamma', 'beta', 'poisson']_Adult_STANDARDUNIFORM;dt_scores_soft_binary_crossentropy_data_random_['uniform', 'normal', 'gamma', 'beta', 'poisson']_Adult_STANDARDUNIFORM;dt_scores_binary_crossentropy_data_random_['uniform', 'normal', 'gamma', 'beta', 'poisson']_Adult_STANDARDUNIFORM;dt_scores_accuracy_data_random_['uniform', 'normal', 'gamma', 'beta', 'poisson']_Adult_STANDARDUNIFORM;dt_scores_f1_score_data_random_['uniform', 'normal', 'gamma', 'beta', 'poisson']_Adult_STANDARDUNIFORM;dt_scores_roc_auc_score_data_random_['uniform', 'normal', 'gamma', 'beta', 'poisson']_Adult_STANDARDUNIFORM;dt_scores_runtime_['uniform', 'normal', 'gamma', 'beta', 'poisson']_Adult_STANDARDUNIFORM;dt_scores_soft_binary_crossentropy_Adult_STANDARDUNIFORM;dt_scores_binary_crossentropy_Adult_STANDARDUNIFORM;dt_scores_accuracy_Adult_STANDARDUNIFORM;dt_scores_f1_score_Adult_STANDARDUNIFORM;dt_scores_roc_auc_score_Adult_STANDARDUNIFORM;dt_scores_soft_binary_crossentropy_data_random_Adult_STANDARDUNIFORM;dt_scores_binary_crossentropy_data_random_Adult_STANDARDUNIFORM;dt_scores_accuracy_data_random_Adult_STANDARDUNIFORM;dt_scores_f1_score_data_random_Adult_STANDARDUNIFORM;dt_scores_roc_auc_score_data_random_Adult_STANDARDUNIFORM;dt_scores_soft_binary_crossentropy_std_Adult_STANDARDUNIFORM;dt_scores_binary_crossentropy_std_Adult_STANDARDUNIFORM;dt_scores_accuracy_std_Adult_STANDARDUNIFORM;dt_scores_f1_score_std_Adult_STANDARDUNIFORM;dt_scores_roc_auc_score_std_Adult_STANDARDUNIFORM;dt_scores_soft_binary_crossentropy_data_random_std_Adult_STANDARDUNIFORM;dt_scores_binary_crossentropy_data_random_std_Adult_STANDARDUNIFORM;dt_scores_accuracy_data_random_std_Adult_STANDARDUNIFORM;dt_scores_f1_score_data_random_std_Adult_STANDARDUNIFORM;dt_scores_roc_auc_score_data_random_std_Adult_STANDARDUNIFORM;dt_scores_runtime_Adult_STANDARDUNIFORM;inet_scores_soft_binary_crossentropy_Adult_STANDARDUNIFORM;inet_scores_binary_crossentropy_Adult_STANDARDUNIFORM;inet_scores_accuracy_Adult_STANDARDUNIFORM;inet_scores_f1_score_Adult_STANDARDUNIFORM;inet_scores_roc_auc_score_Adult_STANDARDUNIFORM;inet_scores_runtime_Adult_STANDARDUNIFORM;model_scores_soft_binary_crossentropy_Adult_STANDARDUNIFORM;model_scores_binary_crossentropy_Adult_STANDARDUNIFORM;model_scores_accuracy_Adult_STANDARDUNIFORM;model_scores_f1_score_Adult_STANDARDUNIFORM;model_scores_roc_auc_score_Adult_STANDARDUNIFORM;model_scores_runtime_Adult_STANDARDUNIFORM;dt_scores_soft_binary_crossentropy_['uniform', 'normal', 'gamma', 'beta', 'poisson']_Titanic_STANDARDUNIFORM;dt_scores_binary_crossentropy_['uniform', 'normal', 'gamma', 'beta', 'poisson']_Titanic_STANDARDUNIFORM;dt_scores_accuracy_['uniform', 'normal', 'gamma', 'beta', 'poisson']_Titanic_STANDARDUNIFORM;dt_scores_f1_score_['uniform', 'normal', 'gamma', 'beta', 'poisson']_Titanic_STANDARDUNIFORM;dt_scores_roc_auc_score_['uniform', 'normal', 'gamma', 'beta', 'poisson']_Titanic_STANDARDUNIFORM;dt_scores_soft_binary_crossentropy_data_random_['uniform', 'normal', 'gamma', 'beta', 'poisson']_Titanic_STANDARDUNIFORM;dt_scores_binary_crossentropy_data_random_['uniform', 'normal', 'gamma', 'beta', 'poisson']_Titanic_STANDARDUNIFORM;dt_scores_accuracy_data_random_['uniform', 'normal', 'gamma', 'beta', 'poisson']_Titanic_STANDARDUNIFORM;dt_scores_f1_score_data_random_['uniform', 'normal', 'gamma', 'beta', 'poisson']_Titanic_STANDARDUNIFORM;dt_scores_roc_auc_score_data_random_['uniform', 'normal', 'gamma', 'beta', 'poisson']_Titanic_STANDARDUNIFORM;dt_scores_runtime_['uniform', 'normal', 'gamma', 'beta', 'poisson']_Titanic_STANDARDUNIFORM;dt_scores_soft_binary_crossentropy_Titanic_STANDARDUNIFORM;dt_scores_binary_crossentropy_Titanic_STANDARDUNIFORM;dt_scores_accuracy_Titanic_STANDARDUNIFORM;dt_scores_f1_score_Titanic_STANDARDUNIFORM;dt_scores_roc_auc_score_Titanic_STANDARDUNIFORM;dt_scores_soft_binary_crossentropy_data_random_Titanic_STANDARDUNIFORM;dt_scores_binary_crossentropy_data_random_Titanic_STANDARDUNIFORM;dt_scores_accuracy_data_random_Titanic_STANDARDUNIFORM;dt_scores_f1_score_data_random_Titanic_STANDARDUNIFORM;dt_scores_roc_auc_score_data_random_Titanic_STANDARDUNIFORM;dt_scores_soft_binary_crossentropy_std_Titanic_STANDARDUNIFORM;dt_scores_binary_crossentropy_std_Titanic_STANDARDUNIFORM;dt_scores_accuracy_std_Titanic_STANDARDUNIFORM;dt_scores_f1_score_std_Titanic_STANDARDUNIFORM;dt_scores_roc_auc_score_std_Titanic_STANDARDUNIFORM;dt_scores_soft_binary_crossentropy_data_random_std_Titanic_STANDARDUNIFORM;dt_scores_binary_crossentropy_data_random_std_Titanic_STANDARDUNIFORM;dt_scores_accuracy_data_random_std_Titanic_STANDARDUNIFORM;dt_scores_f1_score_data_random_std_Titanic_STANDARDUNIFORM;dt_scores_roc_auc_score_data_random_std_Titanic_STANDARDUNIFORM;dt_scores_runtime_Titanic_STANDARDUNIFORM;inet_scores_soft_binary_crossentropy_Titanic_STANDARDUNIFORM;inet_scores_binary_crossentropy_Titanic_STANDARDUNIFORM;inet_scores_accuracy_Titanic_STANDARDUNIFORM;inet_scores_f1_score_Titanic_STANDARDUNIFORM;inet_scores_roc_auc_score_Titanic_STANDARDUNIFORM;inet_scores_runtime_Titanic_STANDARDUNIFORM;model_scores_soft_binary_crossentropy_Titanic_STANDARDUNIFORM;model_scores_binary_crossentropy_Titanic_STANDARDUNIFORM;model_scores_accuracy_Titanic_STANDARDUNIFORM;model_scores_f1_score_Titanic_STANDARDUNIFORM;model_scores_roc_auc_score_Titanic_STANDARDUNIFORM;model_scores_runtime_Titanic_STANDARDUNIFORM;dt_scores_soft_binary_crossentropy_['uniform', 'normal', 'gamma', 'beta', 'poisson']_Absenteeism_STANDARDUNIFORM;dt_scores_binary_crossentropy_['uniform', 'normal', 'gamma', 'beta', 'poisson']_Absenteeism_STANDARDUNIFORM;dt_scores_accuracy_['uniform', 'normal', 'gamma', 'beta', 'poisson']_Absenteeism_STANDARDUNIFORM;dt_scores_f1_score_['uniform', 'normal', 'gamma', 'beta', 'poisson']_Absenteeism_STANDARDUNIFORM;dt_scores_roc_auc_score_['uniform', 'normal', 'gamma', 'beta', 'poisson']_Absenteeism_STANDARDUNIFORM;dt_scores_soft_binary_crossentropy_data_random_['uniform', 'normal', 'gamma', 'beta', 'poisson']_Absenteeism_STANDARDUNIFORM;dt_scores_binary_crossentropy_data_random_['uniform', 'normal', 'gamma', 'beta', 'poisson']_Absenteeism_STANDARDUNIFORM;dt_scores_accuracy_data_random_['uniform', 'normal', 'gamma', 'beta', 'poisson']_Absenteeism_STANDARDUNIFORM;dt_scores_f1_score_data_random_['uniform', 'normal', 'gamma', 'beta', 'poisson']_Absenteeism_STANDARDUNIFORM;dt_scores_roc_auc_score_data_random_['uniform', 'normal', 'gamma', 'beta', 'poisson']_Absenteeism_STANDARDUNIFORM;dt_scores_runtime_['uniform', 'normal', 'gamma', 'beta', 'poisson']_Absenteeism_STANDARDUNIFORM;dt_scores_soft_binary_crossentropy_Absenteeism_STANDARDUNIFORM;dt_scores_binary_crossentropy_Absenteeism_STANDARDUNIFORM;dt_scores_accuracy_Absenteeism_STANDARDUNIFORM;dt_scores_f1_score_Absenteeism_STANDARDUNIFORM;dt_scores_roc_auc_score_Absenteeism_STANDARDUNIFORM;dt_scores_soft_binary_crossentropy_data_random_Absenteeism_STANDARDUNIFORM;dt_scores_binary_crossentropy_data_random_Absenteeism_STANDARDUNIFORM;dt_scores_accuracy_data_random_Absenteeism_STANDARDUNIFORM;dt_scores_f1_score_data_random_Absenteeism_STANDARDUNIFORM;dt_scores_roc_auc_score_data_random_Absenteeism_STANDARDUNIFORM;dt_scores_soft_binary_crossentropy_std_Absenteeism_STANDARDUNIFORM;dt_scores_binary_crossentropy_std_Absenteeism_STANDARDUNIFORM;dt_scores_accuracy_std_Absenteeism_STANDARDUNIFORM;dt_scores_f1_score_std_Absenteeism_STANDARDUNIFORM;dt_scores_roc_auc_score_std_Absenteeism_STANDARDUNIFORM;dt_scores_soft_binary_crossentropy_data_random_std_Absenteeism_STANDARDUNIFORM;dt_scores_binary_crossentropy_data_random_std_Absenteeism_STANDARDUNIFORM;dt_scores_accuracy_data_random_std_Absenteeism_STANDARDUNIFORM;dt_scores_f1_score_data_random_std_Absenteeism_STANDARDUNIFORM;dt_scores_roc_auc_score_data_random_std_Absenteeism_STANDARDUNIFORM;dt_scores_runtime_Absenteeism_STANDARDUNIFORM;inet_scores_soft_binary_crossentropy_Absenteeism_STANDARDUNIFORM;inet_scores_binary_crossentropy_Absenteeism_STANDARDUNIFORM;inet_scores_accuracy_Absenteeism_STANDARDUNIFORM;inet_scores_f1_score_Absenteeism_STANDARDUNIFORM;inet_scores_roc_auc_score_Absenteeism_STANDARDUNIFORM;inet_scores_runtime_Absenteeism_STANDARDUNIFORM;model_scores_soft_binary_crossentropy_Absenteeism_STANDARDUNIFORM;model_scores_binary_crossentropy_Absenteeism_STANDARDUNIFORM;model_scores_accuracy_Absenteeism_STANDARDUNIFORM;model_scores_f1_score_Absenteeism_STANDARDUNIFORM;model_scores_roc_auc_score_Absenteeism_STANDARDUNIFORM;model_scores_runtime_Absenteeism_STANDARDUNIFORM;dt_scores_soft_binary_crossentropy_['uniform', 'normal', 'gamma', 'beta', 'poisson']_Loan House_STANDARDUNIFORM;dt_scores_binary_crossentropy_['uniform', 'normal', 'gamma', 'beta', 'poisson']_Loan House_STANDARDUNIFORM;dt_scores_accuracy_['uniform', 'normal', 'gamma', 'beta', 'poisson']_Loan House_STANDARDUNIFORM;dt_scores_f1_score_['uniform', 'normal', 'gamma', 'beta', 'poisson']_Loan House_STANDARDUNIFORM;dt_scores_roc_auc_score_['uniform', 'normal', 'gamma', 'beta', 'poisson']_Loan House_STANDARDUNIFORM;dt_scores_soft_binary_crossentropy_data_random_['uniform', 'normal', 'gamma', 'beta', 'poisson']_Loan House_STANDARDUNIFORM;dt_scores_binary_crossentropy_data_random_['uniform', 'normal', 'gamma', 'beta', 'poisson']_Loan House_STANDARDUNIFORM;dt_scores_accuracy_data_random_['uniform', 'normal', 'gamma', 'beta', 'poisson']_Loan House_STANDARDUNIFORM;dt_scores_f1_score_data_random_['uniform', 'normal', 'gamma', 'beta', 'poisson']_Loan House_STANDARDUNIFORM;dt_scores_roc_auc_score_data_random_['uniform', 'normal', 'gamma', 'beta', 'poisson']_Loan House_STANDARDUNIFORM;dt_scores_runtime_['uniform', 'normal', 'gamma', 'beta', 'poisson']_Loan House_STANDARDUNIFORM;dt_scores_soft_binary_crossentropy_Loan House_STANDARDUNIFORM;dt_scores_binary_crossentropy_Loan House_STANDARDUNIFORM;dt_scores_accuracy_Loan House_STANDARDUNIFORM;dt_scores_f1_score_Loan House_STANDARDUNIFORM;dt_scores_roc_auc_score_Loan House_STANDARDUNIFORM;dt_scores_soft_binary_crossentropy_data_random_Loan House_STANDARDUNIFORM;dt_scores_binary_crossentropy_data_random_Loan House_STANDARDUNIFORM;dt_scores_accuracy_data_random_Loan House_STANDARDUNIFORM;dt_scores_f1_score_data_random_Loan House_STANDARDUNIFORM;dt_scores_roc_auc_score_data_random_Loan House_STANDARDUNIFORM;dt_scores_soft_binary_crossentropy_std_Loan House_STANDARDUNIFORM;dt_scores_binary_crossentropy_std_Loan House_STANDARDUNIFORM;dt_scores_accuracy_std_Loan House_STANDARDUNIFORM;dt_scores_f1_score_std_Loan House_STANDARDUNIFORM;dt_scores_roc_auc_score_std_Loan House_STANDARDUNIFORM;dt_scores_soft_binary_crossentropy_data_random_std_Loan House_STANDARDUNIFORM;dt_scores_binary_crossentropy_data_random_std_Loan House_STANDARDUNIFORM;dt_scores_accuracy_data_random_std_Loan House_STANDARDUNIFORM;dt_scores_f1_score_data_random_std_Loan House_STANDARDUNIFORM;dt_scores_roc_auc_score_data_random_std_Loan House_STANDARDUNIFORM;dt_scores_runtime_Loan House_STANDARDUNIFORM;inet_scores_soft_binary_crossentropy_Loan House_STANDARDUNIFORM;inet_scores_binary_crossentropy_Loan House_STANDARDUNIFORM;inet_scores_accuracy_Loan House_STANDARDUNIFORM;inet_scores_f1_score_Loan House_STANDARDUNIFORM;inet_scores_roc_auc_score_Loan House_STANDARDUNIFORM;inet_scores_runtime_Loan House_STANDARDUNIFORM;model_scores_soft_binary_crossentropy_Loan House_STANDARDUNIFORM;model_scores_binary_crossentropy_Loan House_STANDARDUNIFORM;model_scores_accuracy_Loan House_STANDARDUNIFORM;model_scores_f1_score_Loan House_STANDARDUNIFORM;model_scores_roc_auc_score_Loan House_STANDARDUNIFORM;model_scores_runtime_Loan House_STANDARDUNIFORM;dt_scores_soft_binary_crossentropy_['uniform', 'normal', 'gamma', 'beta', 'poisson']_Loan Credit_STANDARDUNIFORM;dt_scores_binary_crossentropy_['uniform', 'normal', 'gamma', 'beta', 'poisson']_Loan Credit_STANDARDUNIFORM;dt_scores_accuracy_['uniform', 'normal', 'gamma', 'beta', 'poisson']_Loan Credit_STANDARDUNIFORM;dt_scores_f1_score_['uniform', 'normal', 'gamma', 'beta', 'poisson']_Loan Credit_STANDARDUNIFORM;dt_scores_roc_auc_score_['uniform', 'normal', 'gamma', 'beta', 'poisson']_Loan Credit_STANDARDUNIFORM;dt_scores_soft_binary_crossentropy_data_random_['uniform', 'normal', 'gamma', 'beta', 'poisson']_Loan Credit_STANDARDUNIFORM;dt_scores_binary_crossentropy_data_random_['uniform', 'normal', 'gamma', 'beta', 'poisson']_Loan Credit_STANDARDUNIFORM;dt_scores_accuracy_data_random_['uniform', 'normal', 'gamma', 'beta', 'poisson']_Loan Credit_STANDARDUNIFORM;dt_scores_f1_score_data_random_['uniform', 'normal', 'gamma', 'beta', 'poisson']_Loan Credit_STANDARDUNIFORM;dt_scores_roc_auc_score_data_random_['uniform', 'normal', 'gamma', 'beta', 'poisson']_Loan Credit_STANDARDUNIFORM;dt_scores_runtime_['uniform', 'normal', 'gamma', 'beta', 'poisson']_Loan Credit_STANDARDUNIFORM;dt_scores_soft_binary_crossentropy_Loan Credit_STANDARDUNIFORM;dt_scores_binary_crossentropy_Loan Credit_STANDARDUNIFORM;dt_scores_accuracy_Loan Credit_STANDARDUNIFORM;dt_scores_f1_score_Loan Credit_STANDARDUNIFORM;dt_scores_roc_auc_score_Loan Credit_STANDARDUNIFORM;dt_scores_soft_binary_crossentropy_data_random_Loan Credit_STANDARDUNIFORM;dt_scores_binary_crossentropy_data_random_Loan Credit_STANDARDUNIFORM;dt_scores_accuracy_data_random_Loan Credit_STANDARDUNIFORM;dt_scores_f1_score_data_random_Loan Credit_STANDARDUNIFORM;dt_scores_roc_auc_score_data_random_Loan Credit_STANDARDUNIFORM;dt_scores_soft_binary_crossentropy_std_Loan Credit_STANDARDUNIFORM;dt_scores_binary_crossentropy_std_Loan Credit_STANDARDUNIFORM;dt_scores_accuracy_std_Loan Credit_STANDARDUNIFORM;dt_scores_f1_score_std_Loan Credit_STANDARDUNIFORM;dt_scores_roc_auc_score_std_Loan Credit_STANDARDUNIFORM;dt_scores_soft_binary_crossentropy_data_random_std_Loan Credit_STANDARDUNIFORM;dt_scores_binary_crossentropy_data_random_std_Loan Credit_STANDARDUNIFORM;dt_scores_accuracy_data_random_std_Loan Credit_STANDARDUNIFORM;dt_scores_f1_score_data_random_std_Loan Credit_STANDARDUNIFORM;dt_scores_roc_auc_score_data_random_std_Loan Credit_STANDARDUNIFORM;dt_scores_runtime_Loan Credit_STANDARDUNIFORM;inet_scores_soft_binary_crossentropy_Loan Credit_STANDARDUNIFORM;inet_scores_binary_crossentropy_Loan Credit_STANDARDUNIFORM;inet_scores_accuracy_Loan Credit_STANDARDUNIFORM;inet_scores_f1_score_Loan Credit_STANDARDUNIFORM;inet_scores_roc_auc_score_Loan Credit_STANDARDUNIFORM;inet_scores_runtime_Loan Credit_STANDARDUNIFORM;model_scores_soft_binary_crossentropy_Loan Credit_STANDARDUNIFORM;model_scores_binary_crossentropy_Loan Credit_STANDARDUNIFORM;model_scores_accuracy_Loan Credit_STANDARDUNIFORM;model_scores_f1_score_Loan Credit_STANDARDUNIFORM;model_scores_roc_auc_score_Loan Credit_STANDARDUNIFORM;model_scores_runtime_Loan Credit_STANDARDUNIFORM;dt_scores_soft_binary_crossentropy_['uniform', 'normal', 'gamma', 'beta', 'poisson']_Medical Insurance_STANDARDUNIFORM;dt_scores_binary_crossentropy_['uniform', 'normal', 'gamma', 'beta', 'poisson']_Medical Insurance_STANDARDUNIFORM;dt_scores_accuracy_['uniform', 'normal', 'gamma', 'beta', 'poisson']_Medical Insurance_STANDARDUNIFORM;dt_scores_f1_score_['uniform', 'normal', 'gamma', 'beta', 'poisson']_Medical Insurance_STANDARDUNIFORM;dt_scores_roc_auc_score_['uniform', 'normal', 'gamma', 'beta', 'poisson']_Medical Insurance_STANDARDUNIFORM;dt_scores_soft_binary_crossentropy_data_random_['uniform', 'normal', 'gamma', 'beta', 'poisson']_Medical Insurance_STANDARDUNIFORM;dt_scores_binary_crossentropy_data_random_['uniform', 'normal', 'gamma', 'beta', 'poisson']_Medical Insurance_STANDARDUNIFORM;dt_scores_accuracy_data_random_['uniform', 'normal', 'gamma', 'beta', 'poisson']_Medical Insurance_STANDARDUNIFORM;dt_scores_f1_score_data_random_['uniform', 'normal', 'gamma', 'beta', 'poisson']_Medical Insurance_STANDARDUNIFORM;dt_scores_roc_auc_score_data_random_['uniform', 'normal', 'gamma', 'beta', 'poisson']_Medical Insurance_STANDARDUNIFORM;dt_scores_runtime_['uniform', 'normal', 'gamma', 'beta', 'poisson']_Medical Insurance_STANDARDUNIFORM;dt_scores_soft_binary_crossentropy_Medical Insurance_STANDARDUNIFORM;dt_scores_binary_crossentropy_Medical Insurance_STANDARDUNIFORM;dt_scores_accuracy_Medical Insurance_STANDARDUNIFORM;dt_scores_f1_score_Medical Insurance_STANDARDUNIFORM;dt_scores_roc_auc_score_Medical Insurance_STANDARDUNIFORM;dt_scores_soft_binary_crossentropy_data_random_Medical Insurance_STANDARDUNIFORM;dt_scores_binary_crossentropy_data_random_Medical Insurance_STANDARDUNIFORM;dt_scores_accuracy_data_random_Medical Insurance_STANDARDUNIFORM;dt_scores_f1_score_data_random_Medical Insurance_STANDARDUNIFORM;dt_scores_roc_auc_score_data_random_Medical Insurance_STANDARDUNIFORM;dt_scores_soft_binary_crossentropy_std_Medical Insurance_STANDARDUNIFORM;dt_scores_binary_crossentropy_std_Medical Insurance_STANDARDUNIFORM;dt_scores_accuracy_std_Medical Insurance_STANDARDUNIFORM;dt_scores_f1_score_std_Medical Insurance_STANDARDUNIFORM;dt_scores_roc_auc_score_std_Medical Insurance_STANDARDUNIFORM;dt_scores_soft_binary_crossentropy_data_random_std_Medical Insurance_STANDARDUNIFORM;dt_scores_binary_crossentropy_data_random_std_Medical Insurance_STANDARDUNIFORM;dt_scores_accuracy_data_random_std_Medical Insurance_STANDARDUNIFORM;dt_scores_f1_score_data_random_std_Medical Insurance_STANDARDUNIFORM;dt_scores_roc_auc_score_data_random_std_Medical Insurance_STANDARDUNIFORM;dt_scores_runtime_Medical Insurance_STANDARDUNIFORM;inet_scores_soft_binary_crossentropy_Medical Insurance_STANDARDUNIFORM;inet_scores_binary_crossentropy_Medical Insurance_STANDARDUNIFORM;inet_scores_accuracy_Medical Insurance_STANDARDUNIFORM;inet_scores_f1_score_Medical Insurance_STANDARDUNIFORM;inet_scores_roc_auc_score_Medical Insurance_STANDARDUNIFORM;inet_scores_runtime_Medical Insurance_STANDARDUNIFORM;model_scores_soft_binary_crossentropy_Medical Insurance_STANDARDUNIFORM;model_scores_binary_crossentropy_Medical Insurance_STANDARDUNIFORM;model_scores_accuracy_Medical Insurance_STANDARDUNIFORM;model_scores_f1_score_Medical Insurance_STANDARDUNIFORM;model_scores_roc_auc_score_Medical Insurance_STANDARDUNIFORM;model_scores_runtime_Medical Insurance_STANDARDUNIFORM;dt_scores_soft_binary_crossentropy_['uniform', 'normal', 'gamma', 'beta', 'poisson']_Bank Marketing_STANDARDUNIFORM;dt_scores_binary_crossentropy_['uniform', 'normal', 'gamma', 'beta', 'poisson']_Bank Marketing_STANDARDUNIFORM;dt_scores_accuracy_['uniform', 'normal', 'gamma', 'beta', 'poisson']_Bank Marketing_STANDARDUNIFORM;dt_scores_f1_score_['uniform', 'normal', 'gamma', 'beta', 'poisson']_Bank Marketing_STANDARDUNIFORM;dt_scores_roc_auc_score_['uniform', 'normal', 'gamma', 'beta', 'poisson']_Bank Marketing_STANDARDUNIFORM;dt_scores_soft_binary_crossentropy_data_random_['uniform', 'normal', 'gamma', 'beta', 'poisson']_Bank Marketing_STANDARDUNIFORM;dt_scores_binary_crossentropy_data_random_['uniform', 'normal', 'gamma', 'beta', 'poisson']_Bank Marketing_STANDARDUNIFORM;dt_scores_accuracy_data_random_['uniform', 'normal', 'gamma', 'beta', 'poisson']_Bank Marketing_STANDARDUNIFORM;dt_scores_f1_score_data_random_['uniform', 'normal', 'gamma', 'beta', 'poisson']_Bank Marketing_STANDARDUNIFORM;dt_scores_roc_auc_score_data_random_['uniform', 'normal', 'gamma', 'beta', 'poisson']_Bank Marketing_STANDARDUNIFORM;dt_scores_runtime_['uniform', 'normal', 'gamma', 'beta', 'poisson']_Bank Marketing_STANDARDUNIFORM;dt_scores_soft_binary_crossentropy_Bank Marketing_STANDARDUNIFORM;dt_scores_binary_crossentropy_Bank Marketing_STANDARDUNIFORM;dt_scores_accuracy_Bank Marketing_STANDARDUNIFORM;dt_scores_f1_score_Bank Marketing_STANDARDUNIFORM;dt_scores_roc_auc_score_Bank Marketing_STANDARDUNIFORM;dt_scores_soft_binary_crossentropy_data_random_Bank Marketing_STANDARDUNIFORM;dt_scores_binary_crossentropy_data_random_Bank Marketing_STANDARDUNIFORM;dt_scores_accuracy_data_random_Bank Marketing_STANDARDUNIFORM;dt_scores_f1_score_data_random_Bank Marketing_STANDARDUNIFORM;dt_scores_roc_auc_score_data_random_Bank Marketing_STANDARDUNIFORM;dt_scores_soft_binary_crossentropy_std_Bank Marketing_STANDARDUNIFORM;dt_scores_binary_crossentropy_std_Bank Marketing_STANDARDUNIFORM;dt_scores_accuracy_std_Bank Marketing_STANDARDUNIFORM;dt_scores_f1_score_std_Bank Marketing_STANDARDUNIFORM;dt_scores_roc_auc_score_std_Bank Marketing_STANDARDUNIFORM;dt_scores_soft_binary_crossentropy_data_random_std_Bank Marketing_STANDARDUNIFORM;dt_scores_binary_crossentropy_data_random_std_Bank Marketing_STANDARDUNIFORM;dt_scores_accuracy_data_random_std_Bank Marketing_STANDARDUNIFORM;dt_scores_f1_score_data_random_std_Bank Marketing_STANDARDUNIFORM;dt_scores_roc_auc_score_data_random_std_Bank Marketing_STANDARDUNIFORM;dt_scores_runtime_Bank Marketing_STANDARDUNIFORM;inet_scores_soft_binary_crossentropy_Bank Marketing_STANDARDUNIFORM;inet_scores_binary_crossentropy_Bank Marketing_STANDARDUNIFORM;inet_scores_accuracy_Bank Marketing_STANDARDUNIFORM;inet_scores_f1_score_Bank Marketing_STANDARDUNIFORM;inet_scores_roc_auc_score_Bank Marketing_STANDARDUNIFORM;inet_scores_runtime_Bank Marketing_STANDARDUNIFORM;model_scores_soft_binary_crossentropy_Bank Marketing_STANDARDUNIFORM;model_scores_binary_crossentropy_Bank Marketing_STANDARDUNIFORM;model_scores_accuracy_Bank Marketing_STANDARDUNIFORM;model_scores_f1_score_Bank Marketing_STANDARDUNIFORM;model_scores_roc_auc_score_Bank Marketing_STANDARDUNIFORM;model_scores_runtime_Bank Marketing_STANDARDUNIFORM;dt_scores_soft_binary_crossentropy_['uniform', 'normal', 'gamma', 'beta', 'poisson']_Cervical Cancer_STANDARDUNIFORM;dt_scores_binary_crossentropy_['uniform', 'normal', 'gamma', 'beta', 'poisson']_Cervical Cancer_STANDARDUNIFORM;dt_scores_accuracy_['uniform', 'normal', 'gamma', 'beta', 'poisson']_Cervical Cancer_STANDARDUNIFORM;dt_scores_f1_score_['uniform', 'normal', 'gamma', 'beta', 'poisson']_Cervical Cancer_STANDARDUNIFORM;dt_scores_roc_auc_score_['uniform', 'normal', 'gamma', 'beta', 'poisson']_Cervical Cancer_STANDARDUNIFORM;dt_scores_soft_binary_crossentropy_data_random_['uniform', 'normal', 'gamma', 'beta', 'poisson']_Cervical Cancer_STANDARDUNIFORM;dt_scores_binary_crossentropy_data_random_['uniform', 'normal', 'gamma', 'beta', 'poisson']_Cervical Cancer_STANDARDUNIFORM;dt_scores_accuracy_data_random_['uniform', 'normal', 'gamma', 'beta', 'poisson']_Cervical Cancer_STANDARDUNIFORM;dt_scores_f1_score_data_random_['uniform', 'normal', 'gamma', 'beta', 'poisson']_Cervical Cancer_STANDARDUNIFORM;dt_scores_roc_auc_score_data_random_['uniform', 'normal', 'gamma', 'beta', 'poisson']_Cervical Cancer_STANDARDUNIFORM;dt_scores_runtime_['uniform', 'normal', 'gamma', 'beta', 'poisson']_Cervical Cancer_STANDARDUNIFORM;dt_scores_soft_binary_crossentropy_Cervical Cancer_STANDARDUNIFORM;dt_scores_binary_crossentropy_Cervical Cancer_STANDARDUNIFORM;dt_scores_accuracy_Cervical Cancer_STANDARDUNIFORM;dt_scores_f1_score_Cervical Cancer_STANDARDUNIFORM;dt_scores_roc_auc_score_Cervical Cancer_STANDARDUNIFORM;dt_scores_soft_binary_crossentropy_data_random_Cervical Cancer_STANDARDUNIFORM;dt_scores_binary_crossentropy_data_random_Cervical Cancer_STANDARDUNIFORM;dt_scores_accuracy_data_random_Cervical Cancer_STANDARDUNIFORM;dt_scores_f1_score_data_random_Cervical Cancer_STANDARDUNIFORM;dt_scores_roc_auc_score_data_random_Cervical Cancer_STANDARDUNIFORM;dt_scores_soft_binary_crossentropy_std_Cervical Cancer_STANDARDUNIFORM;dt_scores_binary_crossentropy_std_Cervical Cancer_STANDARDUNIFORM;dt_scores_accuracy_std_Cervical Cancer_STANDARDUNIFORM;dt_scores_f1_score_std_Cervical Cancer_STANDARDUNIFORM;dt_scores_roc_auc_score_std_Cervical Cancer_STANDARDUNIFORM;dt_scores_soft_binary_crossentropy_data_random_std_Cervical Cancer_STANDARDUNIFORM;dt_scores_binary_crossentropy_data_random_std_Cervical Cancer_STANDARDUNIFORM;dt_scores_accuracy_data_random_std_Cervical Cancer_STANDARDUNIFORM;dt_scores_f1_score_data_random_std_Cervical Cancer_STANDARDUNIFORM;dt_scores_roc_auc_score_data_random_std_Cervical Cancer_STANDARDUNIFORM;dt_scores_runtime_Cervical Cancer_STANDARDUNIFORM;inet_scores_soft_binary_crossentropy_Cervical Cancer_STANDARDUNIFORM;inet_scores_binary_crossentropy_Cervical Cancer_STANDARDUNIFORM;inet_scores_accuracy_Cervical Cancer_STANDARDUNIFORM;inet_scores_f1_score_Cervical Cancer_STANDARDUNIFORM;inet_scores_roc_auc_score_Cervical Cancer_STANDARDUNIFORM;inet_scores_runtime_Cervical Cancer_STANDARDUNIFORM;model_scores_soft_binary_crossentropy_Cervical Cancer_STANDARDUNIFORM;model_scores_binary_crossentropy_Cervical Cancer_STANDARDUNIFORM;model_scores_accuracy_Cervical Cancer_STANDARDUNIFORM;model_scores_f1_score_Cervical Cancer_STANDARDUNIFORM;model_scores_roc_auc_score_Cervical Cancer_STANDARDUNIFORM;model_scores_runtime_Cervical Cancer_STANDARDUNIFORM;dt_scores_soft_binary_crossentropy_['uniform', 'normal', 'gamma', 'beta', 'poisson']_Brest Cancer Wisconsin_STANDARDUNIFORM;dt_scores_binary_crossentropy_['uniform', 'normal', 'gamma', 'beta', 'poisson']_Brest Cancer Wisconsin_STANDARDUNIFORM;dt_scores_accuracy_['uniform', 'normal', 'gamma', 'beta', 'poisson']_Brest Cancer Wisconsin_STANDARDUNIFORM;dt_scores_f1_score_['uniform', 'normal', 'gamma', 'beta', 'poisson']_Brest Cancer Wisconsin_STANDARDUNIFORM;dt_scores_roc_auc_score_['uniform', 'normal', 'gamma', 'beta', 'poisson']_Brest Cancer Wisconsin_STANDARDUNIFORM;dt_scores_soft_binary_crossentropy_data_random_['uniform', 'normal', 'gamma', 'beta', 'poisson']_Brest Cancer Wisconsin_STANDARDUNIFORM;dt_scores_binary_crossentropy_data_random_['uniform', 'normal', 'gamma', 'beta', 'poisson']_Brest Cancer Wisconsin_STANDARDUNIFORM;dt_scores_accuracy_data_random_['uniform', 'normal', 'gamma', 'beta', 'poisson']_Brest Cancer Wisconsin_STANDARDUNIFORM;dt_scores_f1_score_data_random_['uniform', 'normal', 'gamma', 'beta', 'poisson']_Brest Cancer Wisconsin_STANDARDUNIFORM;dt_scores_roc_auc_score_data_random_['uniform', 'normal', 'gamma', 'beta', 'poisson']_Brest Cancer Wisconsin_STANDARDUNIFORM;dt_scores_runtime_['uniform', 'normal', 'gamma', 'beta', 'poisson']_Brest Cancer Wisconsin_STANDARDUNIFORM;dt_scores_soft_binary_crossentropy_Brest Cancer Wisconsin_STANDARDUNIFORM;dt_scores_binary_crossentropy_Brest Cancer Wisconsin_STANDARDUNIFORM;dt_scores_accuracy_Brest Cancer Wisconsin_STANDARDUNIFORM;dt_scores_f1_score_Brest Cancer Wisconsin_STANDARDUNIFORM;dt_scores_roc_auc_score_Brest Cancer Wisconsin_STANDARDUNIFORM;dt_scores_soft_binary_crossentropy_data_random_Brest Cancer Wisconsin_STANDARDUNIFORM;dt_scores_binary_crossentropy_data_random_Brest Cancer Wisconsin_STANDARDUNIFORM;dt_scores_accuracy_data_random_Brest Cancer Wisconsin_STANDARDUNIFORM;dt_scores_f1_score_data_random_Brest Cancer Wisconsin_STANDARDUNIFORM;dt_scores_roc_auc_score_data_random_Brest Cancer Wisconsin_STANDARDUNIFORM;dt_scores_soft_binary_crossentropy_std_Brest Cancer Wisconsin_STANDARDUNIFORM;dt_scores_binary_crossentropy_std_Brest Cancer Wisconsin_STANDARDUNIFORM;dt_scores_accuracy_std_Brest Cancer Wisconsin_STANDARDUNIFORM;dt_scores_f1_score_std_Brest Cancer Wisconsin_STANDARDUNIFORM;dt_scores_roc_auc_score_std_Brest Cancer Wisconsin_STANDARDUNIFORM;dt_scores_soft_binary_crossentropy_data_random_std_Brest Cancer Wisconsin_STANDARDUNIFORM;dt_scores_binary_crossentropy_data_random_std_Brest Cancer Wisconsin_STANDARDUNIFORM;dt_scores_accuracy_data_random_std_Brest Cancer Wisconsin_STANDARDUNIFORM;dt_scores_f1_score_data_random_std_Brest Cancer Wisconsin_STANDARDUNIFORM;dt_scores_roc_auc_score_data_random_std_Brest Cancer Wisconsin_STANDARDUNIFORM;dt_scores_runtime_Brest Cancer Wisconsin_STANDARDUNIFORM;inet_scores_soft_binary_crossentropy_Brest Cancer Wisconsin_STANDARDUNIFORM;inet_scores_binary_crossentropy_Brest Cancer Wisconsin_STANDARDUNIFORM;inet_scores_accuracy_Brest Cancer Wisconsin_STANDARDUNIFORM;inet_scores_f1_score_Brest Cancer Wisconsin_STANDARDUNIFORM;inet_scores_roc_auc_score_Brest Cancer Wisconsin_STANDARDUNIFORM;inet_scores_runtime_Brest Cancer Wisconsin_STANDARDUNIFORM;model_scores_soft_binary_crossentropy_Brest Cancer Wisconsin_STANDARDUNIFORM;model_scores_binary_crossentropy_Brest Cancer Wisconsin_STANDARDUNIFORM;model_scores_accuracy_Brest Cancer Wisconsin_STANDARDUNIFORM;model_scores_f1_score_Brest Cancer Wisconsin_STANDARDUNIFORM;model_scores_roc_auc_score_Brest Cancer Wisconsin_STANDARDUNIFORM;model_scores_runtime_Brest Cancer Wisconsin_STANDARDUNIFORM;dt_scores_soft_binary_crossentropy_['uniform', 'normal', 'gamma', 'beta', 'poisson']_Wisconsin Diagnostic Breast Cancer_STANDARDUNIFORM;dt_scores_binary_crossentropy_['uniform', 'normal', 'gamma', 'beta', 'poisson']_Wisconsin Diagnostic Breast Cancer_STANDARDUNIFORM;dt_scores_accuracy_['uniform', 'normal', 'gamma', 'beta', 'poisson']_Wisconsin Diagnostic Breast Cancer_STANDARDUNIFORM;dt_scores_f1_score_['uniform', 'normal', 'gamma', 'beta', 'poisson']_Wisconsin Diagnostic Breast Cancer_STANDARDUNIFORM;dt_scores_roc_auc_score_['uniform', 'normal', 'gamma', 'beta', 'poisson']_Wisconsin Diagnostic Breast Cancer_STANDARDUNIFORM;dt_scores_soft_binary_crossentropy_data_random_['uniform', 'normal', 'gamma', 'beta', 'poisson']_Wisconsin Diagnostic Breast Cancer_STANDARDUNIFORM;dt_scores_binary_crossentropy_data_random_['uniform', 'normal', 'gamma', 'beta', 'poisson']_Wisconsin Diagnostic Breast Cancer_STANDARDUNIFORM;dt_scores_accuracy_data_random_['uniform', 'normal', 'gamma', 'beta', 'poisson']_Wisconsin Diagnostic Breast Cancer_STANDARDUNIFORM;dt_scores_f1_score_data_random_['uniform', 'normal', 'gamma', 'beta', 'poisson']_Wisconsin Diagnostic Breast Cancer_STANDARDUNIFORM;dt_scores_roc_auc_score_data_random_['uniform', 'normal', 'gamma', 'beta', 'poisson']_Wisconsin Diagnostic Breast Cancer_STANDARDUNIFORM;dt_scores_runtime_['uniform', 'normal', 'gamma', 'beta', 'poisson']_Wisconsin Diagnostic Breast Cancer_STANDARDUNIFORM;dt_scores_soft_binary_crossentropy_Wisconsin Diagnostic Breast Cancer_STANDARDUNIFORM;dt_scores_binary_crossentropy_Wisconsin Diagnostic Breast Cancer_STANDARDUNIFORM;dt_scores_accuracy_Wisconsin Diagnostic Breast Cancer_STANDARDUNIFORM;dt_scores_f1_score_Wisconsin Diagnostic Breast Cancer_STANDARDUNIFORM;dt_scores_roc_auc_score_Wisconsin Diagnostic Breast Cancer_STANDARDUNIFORM;dt_scores_soft_binary_crossentropy_data_random_Wisconsin Diagnostic Breast Cancer_STANDARDUNIFORM;dt_scores_binary_crossentropy_data_random_Wisconsin Diagnostic Breast Cancer_STANDARDUNIFORM;dt_scores_accuracy_data_random_Wisconsin Diagnostic Breast Cancer_STANDARDUNIFORM;dt_scores_f1_score_data_random_Wisconsin Diagnostic Breast Cancer_STANDARDUNIFORM;dt_scores_roc_auc_score_data_random_Wisconsin Diagnostic Breast Cancer_STANDARDUNIFORM;dt_scores_soft_binary_crossentropy_std_Wisconsin Diagnostic Breast Cancer_STANDARDUNIFORM;dt_scores_binary_crossentropy_std_Wisconsin Diagnostic Breast Cancer_STANDARDUNIFORM;dt_scores_accuracy_std_Wisconsin Diagnostic Breast Cancer_STANDARDUNIFORM;dt_scores_f1_score_std_Wisconsin Diagnostic Breast Cancer_STANDARDUNIFORM;dt_scores_roc_auc_score_std_Wisconsin Diagnostic Breast Cancer_STANDARDUNIFORM;dt_scores_soft_binary_crossentropy_data_random_std_Wisconsin Diagnostic Breast Cancer_STANDARDUNIFORM;dt_scores_binary_crossentropy_data_random_std_Wisconsin Diagnostic Breast Cancer_STANDARDUNIFORM;dt_scores_accuracy_data_random_std_Wisconsin Diagnostic Breast Cancer_STANDARDUNIFORM;dt_scores_f1_score_data_random_std_Wisconsin Diagnostic Breast Cancer_STANDARDUNIFORM;dt_scores_roc_auc_score_data_random_std_Wisconsin Diagnostic Breast Cancer_STANDARDUNIFORM;dt_scores_runtime_Wisconsin Diagnostic Breast Cancer_STANDARDUNIFORM;inet_scores_soft_binary_crossentropy_Wisconsin Diagnostic Breast Cancer_STANDARDUNIFORM;inet_scores_binary_crossentropy_Wisconsin Diagnostic Breast Cancer_STANDARDUNIFORM;inet_scores_accuracy_Wisconsin Diagnostic Breast Cancer_STANDARDUNIFORM;inet_scores_f1_score_Wisconsin Diagnostic Breast Cancer_STANDARDUNIFORM;inet_scores_roc_auc_score_Wisconsin Diagnostic Breast Cancer_STANDARDUNIFORM;inet_scores_runtime_Wisconsin Diagnostic Breast Cancer_STANDARDUNIFORM;model_scores_soft_binary_crossentropy_Wisconsin Diagnostic Breast Cancer_STANDARDUNIFORM;model_scores_binary_crossentropy_Wisconsin Diagnostic Breast Cancer_STANDARDUNIFORM;model_scores_accuracy_Wisconsin Diagnostic Breast Cancer_STANDARDUNIFORM;model_scores_f1_score_Wisconsin Diagnostic Breast Cancer_STANDARDUNIFORM;model_scores_roc_auc_score_Wisconsin Diagnostic Breast Cancer_STANDARDUNIFORM;model_scores_runtime_Wisconsin Diagnostic Breast Cancer_STANDARDUNIFORM;dt_scores_soft_binary_crossentropy_['uniform', 'normal', 'gamma', 'beta', 'poisson']_Wisconsin Prognostic Breast Cancer_STANDARDUNIFORM;dt_scores_binary_crossentropy_['uniform', 'normal', 'gamma', 'beta', 'poisson']_Wisconsin Prognostic Breast Cancer_STANDARDUNIFORM;dt_scores_accuracy_['uniform', 'normal', 'gamma', 'beta', 'poisson']_Wisconsin Prognostic Breast Cancer_STANDARDUNIFORM;dt_scores_f1_score_['uniform', 'normal', 'gamma', 'beta', 'poisson']_Wisconsin Prognostic Breast Cancer_STANDARDUNIFORM;dt_scores_roc_auc_score_['uniform', 'normal', 'gamma', 'beta', 'poisson']_Wisconsin Prognostic Breast Cancer_STANDARDUNIFORM;dt_scores_soft_binary_crossentropy_data_random_['uniform', 'normal', 'gamma', 'beta', 'poisson']_Wisconsin Prognostic Breast Cancer_STANDARDUNIFORM;dt_scores_binary_crossentropy_data_random_['uniform', 'normal', 'gamma', 'beta', 'poisson']_Wisconsin Prognostic Breast Cancer_STANDARDUNIFORM;dt_scores_accuracy_data_random_['uniform', 'normal', 'gamma', 'beta', 'poisson']_Wisconsin Prognostic Breast Cancer_STANDARDUNIFORM;dt_scores_f1_score_data_random_['uniform', 'normal', 'gamma', 'beta', 'poisson']_Wisconsin Prognostic Breast Cancer_STANDARDUNIFORM;dt_scores_roc_auc_score_data_random_['uniform', 'normal', 'gamma', 'beta', 'poisson']_Wisconsin Prognostic Breast Cancer_STANDARDUNIFORM;dt_scores_runtime_['uniform', 'normal', 'gamma', 'beta', 'poisson']_Wisconsin Prognostic Breast Cancer_STANDARDUNIFORM;dt_scores_soft_binary_crossentropy_Wisconsin Prognostic Breast Cancer_STANDARDUNIFORM;dt_scores_binary_crossentropy_Wisconsin Prognostic Breast Cancer_STANDARDUNIFORM;dt_scores_accuracy_Wisconsin Prognostic Breast Cancer_STANDARDUNIFORM;dt_scores_f1_score_Wisconsin Prognostic Breast Cancer_STANDARDUNIFORM;dt_scores_roc_auc_score_Wisconsin Prognostic Breast Cancer_STANDARDUNIFORM;dt_scores_soft_binary_crossentropy_data_random_Wisconsin Prognostic Breast Cancer_STANDARDUNIFORM;dt_scores_binary_crossentropy_data_random_Wisconsin Prognostic Breast Cancer_STANDARDUNIFORM;dt_scores_accuracy_data_random_Wisconsin Prognostic Breast Cancer_STANDARDUNIFORM;dt_scores_f1_score_data_random_Wisconsin Prognostic Breast Cancer_STANDARDUNIFORM;dt_scores_roc_auc_score_data_random_Wisconsin Prognostic Breast Cancer_STANDARDUNIFORM;dt_scores_soft_binary_crossentropy_std_Wisconsin Prognostic Breast Cancer_STANDARDUNIFORM;dt_scores_binary_crossentropy_std_Wisconsin Prognostic Breast Cancer_STANDARDUNIFORM;dt_scores_accuracy_std_Wisconsin Prognostic Breast Cancer_STANDARDUNIFORM;dt_scores_f1_score_std_Wisconsin Prognostic Breast Cancer_STANDARDUNIFORM;dt_scores_roc_auc_score_std_Wisconsin Prognostic Breast Cancer_STANDARDUNIFORM;dt_scores_soft_binary_crossentropy_data_random_std_Wisconsin Prognostic Breast Cancer_STANDARDUNIFORM;dt_scores_binary_crossentropy_data_random_std_Wisconsin Prognostic Breast Cancer_STANDARDUNIFORM;dt_scores_accuracy_data_random_std_Wisconsin Prognostic Breast Cancer_STANDARDUNIFORM;dt_scores_f1_score_data_random_std_Wisconsin Prognostic Breast Cancer_STANDARDUNIFORM;dt_scores_roc_auc_score_data_random_std_Wisconsin Prognostic Breast Cancer_STANDARDUNIFORM;dt_scores_runtime_Wisconsin Prognostic Breast Cancer_STANDARDUNIFORM;inet_scores_soft_binary_crossentropy_Wisconsin Prognostic Breast Cancer_STANDARDUNIFORM;inet_scores_binary_crossentropy_Wisconsin Prognostic Breast Cancer_STANDARDUNIFORM;inet_scores_accuracy_Wisconsin Prognostic Breast Cancer_STANDARDUNIFORM;inet_scores_f1_score_Wisconsin Prognostic Breast Cancer_STANDARDUNIFORM;inet_scores_roc_auc_score_Wisconsin Prognostic Breast Cancer_STANDARDUNIFORM;inet_scores_runtime_Wisconsin Prognostic Breast Cancer_STANDARDUNIFORM;model_scores_soft_binary_crossentropy_Wisconsin Prognostic Breast Cancer_STANDARDUNIFORM;model_scores_binary_crossentropy_Wisconsin Prognostic Breast Cancer_STANDARDUNIFORM;model_scores_accuracy_Wisconsin Prognostic Breast Cancer_STANDARDUNIFORM;model_scores_f1_score_Wisconsin Prognostic Breast Cancer_STANDARDUNIFORM;model_scores_roc_auc_score_Wisconsin Prognostic Breast Cancer_STANDARDUNIFORM;model_scores_runtime_Wisconsin Prognostic Breast Cancer_STANDARDUNIFORM;dt_scores_soft_binary_crossentropy_['uniform', 'normal', 'gamma', 'beta', 'poisson']_Abalone_STANDARDUNIFORM;dt_scores_binary_crossentropy_['uniform', 'normal', 'gamma', 'beta', 'poisson']_Abalone_STANDARDUNIFORM;dt_scores_accuracy_['uniform', 'normal', 'gamma', 'beta', 'poisson']_Abalone_STANDARDUNIFORM;dt_scores_f1_score_['uniform', 'normal', 'gamma', 'beta', 'poisson']_Abalone_STANDARDUNIFORM;dt_scores_roc_auc_score_['uniform', 'normal', 'gamma', 'beta', 'poisson']_Abalone_STANDARDUNIFORM;dt_scores_soft_binary_crossentropy_data_random_['uniform', 'normal', 'gamma', 'beta', 'poisson']_Abalone_STANDARDUNIFORM;dt_scores_binary_crossentropy_data_random_['uniform', 'normal', 'gamma', 'beta', 'poisson']_Abalone_STANDARDUNIFORM;dt_scores_accuracy_data_random_['uniform', 'normal', 'gamma', 'beta', 'poisson']_Abalone_STANDARDUNIFORM;dt_scores_f1_score_data_random_['uniform', 'normal', 'gamma', 'beta', 'poisson']_Abalone_STANDARDUNIFORM;dt_scores_roc_auc_score_data_random_['uniform', 'normal', 'gamma', 'beta', 'poisson']_Abalone_STANDARDUNIFORM;dt_scores_runtime_['uniform', 'normal', 'gamma', 'beta', 'poisson']_Abalone_STANDARDUNIFORM;dt_scores_soft_binary_crossentropy_Abalone_STANDARDUNIFORM;dt_scores_binary_crossentropy_Abalone_STANDARDUNIFORM;dt_scores_accuracy_Abalone_STANDARDUNIFORM;dt_scores_f1_score_Abalone_STANDARDUNIFORM;dt_scores_roc_auc_score_Abalone_STANDARDUNIFORM;dt_scores_soft_binary_crossentropy_data_random_Abalone_STANDARDUNIFORM;dt_scores_binary_crossentropy_data_random_Abalone_STANDARDUNIFORM;dt_scores_accuracy_data_random_Abalone_STANDARDUNIFORM;dt_scores_f1_score_data_random_Abalone_STANDARDUNIFORM;dt_scores_roc_auc_score_data_random_Abalone_STANDARDUNIFORM;dt_scores_soft_binary_crossentropy_std_Abalone_STANDARDUNIFORM;dt_scores_binary_crossentropy_std_Abalone_STANDARDUNIFORM;dt_scores_accuracy_std_Abalone_STANDARDUNIFORM;dt_scores_f1_score_std_Abalone_STANDARDUNIFORM;dt_scores_roc_auc_score_std_Abalone_STANDARDUNIFORM;dt_scores_soft_binary_crossentropy_data_random_std_Abalone_STANDARDUNIFORM;dt_scores_binary_crossentropy_data_random_std_Abalone_STANDARDUNIFORM;dt_scores_accuracy_data_random_std_Abalone_STANDARDUNIFORM;dt_scores_f1_score_data_random_std_Abalone_STANDARDUNIFORM;dt_scores_roc_auc_score_data_random_std_Abalone_STANDARDUNIFORM;dt_scores_runtime_Abalone_STANDARDUNIFORM;inet_scores_soft_binary_crossentropy_Abalone_STANDARDUNIFORM;inet_scores_binary_crossentropy_Abalone_STANDARDUNIFORM;inet_scores_accuracy_Abalone_STANDARDUNIFORM;inet_scores_f1_score_Abalone_STANDARDUNIFORM;inet_scores_roc_auc_score_Abalone_STANDARDUNIFORM;inet_scores_runtime_Abalone_STANDARDUNIFORM;model_scores_soft_binary_crossentropy_Abalone_STANDARDUNIFORM;model_scores_binary_crossentropy_Abalone_STANDARDUNIFORM;model_scores_accuracy_Abalone_STANDARDUNIFORM;model_scores_f1_score_Abalone_STANDARDUNIFORM;model_scores_roc_auc_score_Abalone_STANDARDUNIFORM;model_scores_runtime_Abalone_STANDARDUNIFORM;dt_scores_soft_binary_crossentropy_['uniform', 'normal', 'gamma', 'beta', 'poisson']_Car_STANDARDUNIFORM;dt_scores_binary_crossentropy_['uniform', 'normal', 'gamma', 'beta', 'poisson']_Car_STANDARDUNIFORM;dt_scores_accuracy_['uniform', 'normal', 'gamma', 'beta', 'poisson']_Car_STANDARDUNIFORM;dt_scores_f1_score_['uniform', 'normal', 'gamma', 'beta', 'poisson']_Car_STANDARDUNIFORM;dt_scores_roc_auc_score_['uniform', 'normal', 'gamma', 'beta', 'poisson']_Car_STANDARDUNIFORM;dt_scores_soft_binary_crossentropy_data_random_['uniform', 'normal', 'gamma', 'beta', 'poisson']_Car_STANDARDUNIFORM;dt_scores_binary_crossentropy_data_random_['uniform', 'normal', 'gamma', 'beta', 'poisson']_Car_STANDARDUNIFORM;dt_scores_accuracy_data_random_['uniform', 'normal', 'gamma', 'beta', 'poisson']_Car_STANDARDUNIFORM;dt_scores_f1_score_data_random_['uniform', 'normal', 'gamma', 'beta', 'poisson']_Car_STANDARDUNIFORM;dt_scores_roc_auc_score_data_random_['uniform', 'normal', 'gamma', 'beta', 'poisson']_Car_STANDARDUNIFORM;dt_scores_runtime_['uniform', 'normal', 'gamma', 'beta', 'poisson']_Car_STANDARDUNIFORM;dt_scores_soft_binary_crossentropy_Car_STANDARDUNIFORM;dt_scores_binary_crossentropy_Car_STANDARDUNIFORM;dt_scores_accuracy_Car_STANDARDUNIFORM;dt_scores_f1_score_Car_STANDARDUNIFORM;dt_scores_roc_auc_score_Car_STANDARDUNIFORM;dt_scores_soft_binary_crossentropy_data_random_Car_STANDARDUNIFORM;dt_scores_binary_crossentropy_data_random_Car_STANDARDUNIFORM;dt_scores_accuracy_data_random_Car_STANDARDUNIFORM;dt_scores_f1_score_data_random_Car_STANDARDUNIFORM;dt_scores_roc_auc_score_data_random_Car_STANDARDUNIFORM;dt_scores_soft_binary_crossentropy_std_Car_STANDARDUNIFORM;dt_scores_binary_crossentropy_std_Car_STANDARDUNIFORM;dt_scores_accuracy_std_Car_STANDARDUNIFORM;dt_scores_f1_score_std_Car_STANDARDUNIFORM;dt_scores_roc_auc_score_std_Car_STANDARDUNIFORM;dt_scores_soft_binary_crossentropy_data_random_std_Car_STANDARDUNIFORM;dt_scores_binary_crossentropy_data_random_std_Car_STANDARDUNIFORM;dt_scores_accuracy_data_random_std_Car_STANDARDUNIFORM;dt_scores_f1_score_data_random_std_Car_STANDARDUNIFORM;dt_scores_roc_auc_score_data_random_std_Car_STANDARDUNIFORM;dt_scores_runtime_Car_STANDARDUNIFORM;inet_scores_soft_binary_crossentropy_Car_STANDARDUNIFORM;inet_scores_binary_crossentropy_Car_STANDARDUNIFORM;inet_scores_accuracy_Car_STANDARDUNIFORM;inet_scores_f1_score_Car_STANDARDUNIFORM;inet_scores_roc_auc_score_Car_STANDARDUNIFORM;inet_scores_runtime_Car_STANDARDUNIFORM;model_scores_soft_binary_crossentropy_Car_STANDARDUNIFORM;model_scores_binary_crossentropy_Car_STANDARDUNIFORM;model_scores_accuracy_Car_STANDARDUNIFORM;model_scores_f1_score_Car_STANDARDUNIFORM;model_scores_roc_auc_score_Car_STANDARDUNIFORM;model_scores_runtime_Car_STANDARDUNIFORM;dt_scores_soft_binary_crossentropy_['uniform', 'normal', 'gamma', 'beta', 'poisson']_Heart Disease_STANDARDUNIFORM;dt_scores_binary_crossentropy_['uniform', 'normal', 'gamma', 'beta', 'poisson']_Heart Disease_STANDARDUNIFORM;dt_scores_accuracy_['uniform', 'normal', 'gamma', 'beta', 'poisson']_Heart Disease_STANDARDUNIFORM;dt_scores_f1_score_['uniform', 'normal', 'gamma', 'beta', 'poisson']_Heart Disease_STANDARDUNIFORM;dt_scores_roc_auc_score_['uniform', 'normal', 'gamma', 'beta', 'poisson']_Heart Disease_STANDARDUNIFORM;dt_scores_soft_binary_crossentropy_data_random_['uniform', 'normal', 'gamma', 'beta', 'poisson']_Heart Disease_STANDARDUNIFORM;dt_scores_binary_crossentropy_data_random_['uniform', 'normal', 'gamma', 'beta', 'poisson']_Heart Disease_STANDARDUNIFORM;dt_scores_accuracy_data_random_['uniform', 'normal', 'gamma', 'beta', 'poisson']_Heart Disease_STANDARDUNIFORM;dt_scores_f1_score_data_random_['uniform', 'normal', 'gamma', 'beta', 'poisson']_Heart Disease_STANDARDUNIFORM;dt_scores_roc_auc_score_data_random_['uniform', 'normal', 'gamma', 'beta', 'poisson']_Heart Disease_STANDARDUNIFORM;dt_scores_runtime_['uniform', 'normal', 'gamma', 'beta', 'poisson']_Heart Disease_STANDARDUNIFORM;dt_scores_soft_binary_crossentropy_Heart Disease_STANDARDUNIFORM;dt_scores_binary_crossentropy_Heart Disease_STANDARDUNIFORM;dt_scores_accuracy_Heart Disease_STANDARDUNIFORM;dt_scores_f1_score_Heart Disease_STANDARDUNIFORM;dt_scores_roc_auc_score_Heart Disease_STANDARDUNIFORM;dt_scores_soft_binary_crossentropy_data_random_Heart Disease_STANDARDUNIFORM;dt_scores_binary_crossentropy_data_random_Heart Disease_STANDARDUNIFORM;dt_scores_accuracy_data_random_Heart Disease_STANDARDUNIFORM;dt_scores_f1_score_data_random_Heart Disease_STANDARDUNIFORM;dt_scores_roc_auc_score_data_random_Heart Disease_STANDARDUNIFORM;dt_scores_soft_binary_crossentropy_std_Heart Disease_STANDARDUNIFORM;dt_scores_binary_crossentropy_std_Heart Disease_STANDARDUNIFORM;dt_scores_accuracy_std_Heart Disease_STANDARDUNIFORM;dt_scores_f1_score_std_Heart Disease_STANDARDUNIFORM;dt_scores_roc_auc_score_std_Heart Disease_STANDARDUNIFORM;dt_scores_soft_binary_crossentropy_data_random_std_Heart Disease_STANDARDUNIFORM;dt_scores_binary_crossentropy_data_random_std_Heart Disease_STANDARDUNIFORM;dt_scores_accuracy_data_random_std_Heart Disease_STANDARDUNIFORM;dt_scores_f1_score_data_random_std_Heart Disease_STANDARDUNIFORM;dt_scores_roc_auc_score_data_random_std_Heart Disease_STANDARDUNIFORM;dt_scores_runtime_Heart Disease_STANDARDUNIFORM;inet_scores_soft_binary_crossentropy_Heart Disease_STANDARDUNIFORM;inet_scores_binary_crossentropy_Heart Disease_STANDARDUNIFORM;inet_scores_accuracy_Heart Disease_STANDARDUNIFORM;inet_scores_f1_score_Heart Disease_STANDARDUNIFORM;inet_scores_roc_auc_score_Heart Disease_STANDARDUNIFORM;inet_scores_runtime_Heart Disease_STANDARDUNIFORM;model_scores_soft_binary_crossentropy_Heart Disease_STANDARDUNIFORM;model_scores_binary_crossentropy_Heart Disease_STANDARDUNIFORM;model_scores_accuracy_Heart Disease_STANDARDUNIFORM;model_scores_f1_score_Heart Disease_STANDARDUNIFORM;model_scores_roc_auc_score_Heart Disease_STANDARDUNIFORM;model_scores_runtime_Heart Disease_STANDARDUNIFORM;dt_scores_soft_binary_crossentropy_['uniform', 'normal', 'gamma', 'beta', 'poisson']_Credit Card_STANDARDUNIFORM;dt_scores_binary_crossentropy_['uniform', 'normal', 'gamma', 'beta', 'poisson']_Credit Card_STANDARDUNIFORM;dt_scores_accuracy_['uniform', 'normal', 'gamma', 'beta', 'poisson']_Credit Card_STANDARDUNIFORM;dt_scores_f1_score_['uniform', 'normal', 'gamma', 'beta', 'poisson']_Credit Card_STANDARDUNIFORM;dt_scores_roc_auc_score_['uniform', 'normal', 'gamma', 'beta', 'poisson']_Credit Card_STANDARDUNIFORM;dt_scores_soft_binary_crossentropy_data_random_['uniform', 'normal', 'gamma', 'beta', 'poisson']_Credit Card_STANDARDUNIFORM;dt_scores_binary_crossentropy_data_random_['uniform', 'normal', 'gamma', 'beta', 'poisson']_Credit Card_STANDARDUNIFORM;dt_scores_accuracy_data_random_['uniform', 'normal', 'gamma', 'beta', 'poisson']_Credit Card_STANDARDUNIFORM;dt_scores_f1_score_data_random_['uniform', 'normal', 'gamma', 'beta', 'poisson']_Credit Card_STANDARDUNIFORM;dt_scores_roc_auc_score_data_random_['uniform', 'normal', 'gamma', 'beta', 'poisson']_Credit Card_STANDARDUNIFORM;dt_scores_runtime_['uniform', 'normal', 'gamma', 'beta', 'poisson']_Credit Card_STANDARDUNIFORM;dt_scores_soft_binary_crossentropy_Credit Card_STANDARDUNIFORM;dt_scores_binary_crossentropy_Credit Card_STANDARDUNIFORM;dt_scores_accuracy_Credit Card_STANDARDUNIFORM;dt_scores_f1_score_Credit Card_STANDARDUNIFORM;dt_scores_roc_auc_score_Credit Card_STANDARDUNIFORM;dt_scores_soft_binary_crossentropy_data_random_Credit Card_STANDARDUNIFORM;dt_scores_binary_crossentropy_data_random_Credit Card_STANDARDUNIFORM;dt_scores_accuracy_data_random_Credit Card_STANDARDUNIFORM;dt_scores_f1_score_data_random_Credit Card_STANDARDUNIFORM;dt_scores_roc_auc_score_data_random_Credit Card_STANDARDUNIFORM;dt_scores_soft_binary_crossentropy_std_Credit Card_STANDARDUNIFORM;dt_scores_binary_crossentropy_std_Credit Card_STANDARDUNIFORM;dt_scores_accuracy_std_Credit Card_STANDARDUNIFORM;dt_scores_f1_score_std_Credit Card_STANDARDUNIFORM;dt_scores_roc_auc_score_std_Credit Card_STANDARDUNIFORM;dt_scores_soft_binary_crossentropy_data_random_std_Credit Card_STANDARDUNIFORM;dt_scores_binary_crossentropy_data_random_std_Credit Card_STANDARDUNIFORM;dt_scores_accuracy_data_random_std_Credit Card_STANDARDUNIFORM;dt_scores_f1_score_data_random_std_Credit Card_STANDARDUNIFORM;dt_scores_roc_auc_score_data_random_std_Credit Card_STANDARDUNIFORM;dt_scores_runtime_Credit Card_STANDARDUNIFORM;inet_scores_soft_binary_crossentropy_Credit Card_STANDARDUNIFORM;inet_scores_binary_crossentropy_Credit Card_STANDARDUNIFORM;inet_scores_accuracy_Credit Card_STANDARDUNIFORM;inet_scores_f1_score_Credit Card_STANDARDUNIFORM;inet_scores_roc_auc_score_Credit Card_STANDARDUNIFORM;inet_scores_runtime_Credit Card_STANDARDUNIFORM;model_scores_soft_binary_crossentropy_Credit Card_STANDARDUNIFORM;model_scores_binary_crossentropy_Credit Card_STANDARDUNIFORM;model_scores_accuracy_Credit Card_STANDARDUNIFORM;model_scores_f1_score_Credit Card_STANDARDUNIFORM;model_scores_roc_auc_score_Credit Card_STANDARDUNIFORM;model_scores_runtime_Credit Card_STANDARDUNIFORM;dt_scores_soft_binary_crossentropy_['uniform', 'normal', 'gamma', 'beta', 'poisson']_Haberman_STANDARDUNIFORM;dt_scores_binary_crossentropy_['uniform', 'normal', 'gamma', 'beta', 'poisson']_Haberman_STANDARDUNIFORM;dt_scores_accuracy_['uniform', 'normal', 'gamma', 'beta', 'poisson']_Haberman_STANDARDUNIFORM;dt_scores_f1_score_['uniform', 'normal', 'gamma', 'beta', 'poisson']_Haberman_STANDARDUNIFORM;dt_scores_roc_auc_score_['uniform', 'normal', 'gamma', 'beta', 'poisson']_Haberman_STANDARDUNIFORM;dt_scores_soft_binary_crossentropy_data_random_['uniform', 'normal', 'gamma', 'beta', 'poisson']_Haberman_STANDARDUNIFORM;dt_scores_binary_crossentropy_data_random_['uniform', 'normal', 'gamma', 'beta', 'poisson']_Haberman_STANDARDUNIFORM;dt_scores_accuracy_data_random_['uniform', 'normal', 'gamma', 'beta', 'poisson']_Haberman_STANDARDUNIFORM;dt_scores_f1_score_data_random_['uniform', 'normal', 'gamma', 'beta', 'poisson']_Haberman_STANDARDUNIFORM;dt_scores_roc_auc_score_data_random_['uniform', 'normal', 'gamma', 'beta', 'poisson']_Haberman_STANDARDUNIFORM;dt_scores_runtime_['uniform', 'normal', 'gamma', 'beta', 'poisson']_Haberman_STANDARDUNIFORM;dt_scores_soft_binary_crossentropy_Haberman_STANDARDUNIFORM;dt_scores_binary_crossentropy_Haberman_STANDARDUNIFORM;dt_scores_accuracy_Haberman_STANDARDUNIFORM;dt_scores_f1_score_Haberman_STANDARDUNIFORM;dt_scores_roc_auc_score_Haberman_STANDARDUNIFORM;dt_scores_soft_binary_crossentropy_data_random_Haberman_STANDARDUNIFORM;dt_scores_binary_crossentropy_data_random_Haberman_STANDARDUNIFORM;dt_scores_accuracy_data_random_Haberman_STANDARDUNIFORM;dt_scores_f1_score_data_random_Haberman_STANDARDUNIFORM;dt_scores_roc_auc_score_data_random_Haberman_STANDARDUNIFORM;dt_scores_soft_binary_crossentropy_std_Haberman_STANDARDUNIFORM;dt_scores_binary_crossentropy_std_Haberman_STANDARDUNIFORM;dt_scores_accuracy_std_Haberman_STANDARDUNIFORM;dt_scores_f1_score_std_Haberman_STANDARDUNIFORM;dt_scores_roc_auc_score_std_Haberman_STANDARDUNIFORM;dt_scores_soft_binary_crossentropy_data_random_std_Haberman_STANDARDUNIFORM;dt_scores_binary_crossentropy_data_random_std_Haberman_STANDARDUNIFORM;dt_scores_accuracy_data_random_std_Haberman_STANDARDUNIFORM;dt_scores_f1_score_data_random_std_Haberman_STANDARDUNIFORM;dt_scores_roc_auc_score_data_random_std_Haberman_STANDARDUNIFORM;dt_scores_runtime_Haberman_STANDARDUNIFORM;inet_scores_soft_binary_crossentropy_Haberman_STANDARDUNIFORM;inet_scores_binary_crossentropy_Haberman_STANDARDUNIFORM;inet_scores_accuracy_Haberman_STANDARDUNIFORM;inet_scores_f1_score_Haberman_STANDARDUNIFORM;inet_scores_roc_auc_score_Haberman_STANDARDUNIFORM;inet_scores_runtime_Haberman_STANDARDUNIFORM;model_scores_soft_binary_crossentropy_Haberman_STANDARDUNIFORM;model_scores_binary_crossentropy_Haberman_STANDARDUNIFORM;model_scores_accuracy_Haberman_STANDARDUNIFORM;model_scores_f1_score_Haberman_STANDARDUNIFORM;model_scores_roc_auc_score_Haberman_STANDARDUNIFORM;model_scores_runtime_Haberman_STANDARDUNIFORM;dt_scores_soft_binary_crossentropy_['uniform', 'normal', 'gamma', 'beta', 'poisson']_Adult_STANDARDUNIFORM;dt_scores_binary_crossentropy_['uniform', 'normal', 'gamma', 'beta', 'poisson']_Adult_STANDARDUNIFORM;dt_scores_accuracy_['uniform', 'normal', 'gamma', 'beta', 'poisson']_Adult_STANDARDUNIFORM;dt_scores_f1_score_['uniform', 'normal', 'gamma', 'beta', 'poisson']_Adult_STANDARDUNIFORM;dt_scores_roc_auc_score_['uniform', 'normal', 'gamma', 'beta', 'poisson']_Adult_STANDARDUNIFORM;dt_scores_soft_binary_crossentropy_data_random_['uniform', 'normal', 'gamma', 'beta', 'poisson']_Adult_STANDARDUNIFORM;dt_scores_binary_crossentropy_data_random_['uniform', 'normal', 'gamma', 'beta', 'poisson']_Adult_STANDARDUNIFORM;dt_scores_accuracy_data_random_['uniform', 'normal', 'gamma', 'beta', 'poisson']_Adult_STANDARDUNIFORM;dt_scores_f1_score_data_random_['uniform', 'normal', 'gamma', 'beta', 'poisson']_Adult_STANDARDUNIFORM;dt_scores_roc_auc_score_data_random_['uniform', 'normal', 'gamma', 'beta', 'poisson']_Adult_STANDARDUNIFORM;dt_scores_runtime_['uniform', 'normal', 'gamma', 'beta', 'poisson']_Adult_STANDARDUNIFORM;dt_scores_soft_binary_crossentropy_Adult_STANDARDUNIFORM;dt_scores_binary_crossentropy_Adult_STANDARDUNIFORM;dt_scores_accuracy_Adult_STANDARDUNIFORM;dt_scores_f1_score_Adult_STANDARDUNIFORM;dt_scores_roc_auc_score_Adult_STANDARDUNIFORM;dt_scores_soft_binary_crossentropy_data_random_Adult_STANDARDUNIFORM;dt_scores_binary_crossentropy_data_random_Adult_STANDARDUNIFORM;dt_scores_accuracy_data_random_Adult_STANDARDUNIFORM;dt_scores_f1_score_data_random_Adult_STANDARDUNIFORM;dt_scores_roc_auc_score_data_random_Adult_STANDARDUNIFORM;dt_scores_soft_binary_crossentropy_std_Adult_STANDARDUNIFORM;dt_scores_binary_crossentropy_std_Adult_STANDARDUNIFORM;dt_scores_accuracy_std_Adult_STANDARDUNIFORM;dt_scores_f1_score_std_Adult_STANDARDUNIFORM;dt_scores_roc_auc_score_std_Adult_STANDARDUNIFORM;dt_scores_soft_binary_crossentropy_data_random_std_Adult_STANDARDUNIFORM;dt_scores_binary_crossentropy_data_random_std_Adult_STANDARDUNIFORM;dt_scores_accuracy_data_random_std_Adult_STANDARDUNIFORM;dt_scores_f1_score_data_random_std_Adult_STANDARDUNIFORM;dt_scores_roc_auc_score_data_random_std_Adult_STANDARDUNIFORM;dt_scores_runtime_Adult_STANDARDUNIFORM;inet_scores_soft_binary_crossentropy_Adult_STANDARDUNIFORM;inet_scores_binary_crossentropy_Adult_STANDARDUNIFORM;inet_scores_accuracy_Adult_STANDARDUNIFORM;inet_scores_f1_score_Adult_STANDARDUNIFORM;inet_scores_roc_auc_score_Adult_STANDARDUNIFORM;inet_scores_runtime_Adult_STANDARDUNIFORM;model_scores_soft_binary_crossentropy_Adult_STANDARDUNIFORM;model_scores_binary_crossentropy_Adult_STANDARDUNIFORM;model_scores_accuracy_Adult_STANDARDUNIFORM;model_scores_f1_score_Adult_STANDARDUNIFORM;model_scores_roc_auc_score_Adult_STANDARDUNIFORM;model_scores_runtime_Adult_STANDARDUNIFORM;dt_scores_soft_binary_crossentropy_['uniform', 'normal', 'gamma', 'beta', 'poisson']_Titanic_STANDARDUNIFORM;dt_scores_binary_crossentropy_['uniform', 'normal', 'gamma', 'beta', 'poisson']_Titanic_STANDARDUNIFORM;dt_scores_accuracy_['uniform', 'normal', 'gamma', 'beta', 'poisson']_Titanic_STANDARDUNIFORM;dt_scores_f1_score_['uniform', 'normal', 'gamma', 'beta', 'poisson']_Titanic_STANDARDUNIFORM;dt_scores_roc_auc_score_['uniform', 'normal', 'gamma', 'beta', 'poisson']_Titanic_STANDARDUNIFORM;dt_scores_soft_binary_crossentropy_data_random_['uniform', 'normal', 'gamma', 'beta', 'poisson']_Titanic_STANDARDUNIFORM;dt_scores_binary_crossentropy_data_random_['uniform', 'normal', 'gamma', 'beta', 'poisson']_Titanic_STANDARDUNIFORM;dt_scores_accuracy_data_random_['uniform', 'normal', 'gamma', 'beta', 'poisson']_Titanic_STANDARDUNIFORM;dt_scores_f1_score_data_random_['uniform', 'normal', 'gamma', 'beta', 'poisson']_Titanic_STANDARDUNIFORM;dt_scores_roc_auc_score_data_random_['uniform', 'normal', 'gamma', 'beta', 'poisson']_Titanic_STANDARDUNIFORM;dt_scores_runtime_['uniform', 'normal', 'gamma', 'beta', 'poisson']_Titanic_STANDARDUNIFORM;dt_scores_soft_binary_crossentropy_Titanic_STANDARDUNIFORM;dt_scores_binary_crossentropy_Titanic_STANDARDUNIFORM;dt_scores_accuracy_Titanic_STANDARDUNIFORM;dt_scores_f1_score_Titanic_STANDARDUNIFORM;dt_scores_roc_auc_score_Titanic_STANDARDUNIFORM;dt_scores_soft_binary_crossentropy_data_random_Titanic_STANDARDUNIFORM;dt_scores_binary_crossentropy_data_random_Titanic_STANDARDUNIFORM;dt_scores_accuracy_data_random_Titanic_STANDARDUNIFORM;dt_scores_f1_score_data_random_Titanic_STANDARDUNIFORM;dt_scores_roc_auc_score_data_random_Titanic_STANDARDUNIFORM;dt_scores_soft_binary_crossentropy_std_Titanic_STANDARDUNIFORM;dt_scores_binary_crossentropy_std_Titanic_STANDARDUNIFORM;dt_scores_accuracy_std_Titanic_STANDARDUNIFORM;dt_scores_f1_score_std_Titanic_STANDARDUNIFORM;dt_scores_roc_auc_score_std_Titanic_STANDARDUNIFORM;dt_scores_soft_binary_crossentropy_data_random_std_Titanic_STANDARDUNIFORM;dt_scores_binary_crossentropy_data_random_std_Titanic_STANDARDUNIFORM;dt_scores_accuracy_data_random_std_Titanic_STANDARDUNIFORM;dt_scores_f1_score_data_random_std_Titanic_STANDARDUNIFORM;dt_scores_roc_auc_score_data_random_std_Titanic_STANDARDUNIFORM;dt_scores_runtime_Titanic_STANDARDUNIFORM;inet_scores_soft_binary_crossentropy_Titanic_STANDARDUNIFORM;inet_scores_binary_crossentropy_Titanic_STANDARDUNIFORM;inet_scores_accuracy_Titanic_STANDARDUNIFORM;inet_scores_f1_score_Titanic_STANDARDUNIFORM;inet_scores_roc_auc_score_Titanic_STANDARDUNIFORM;inet_scores_runtime_Titanic_STANDARDUNIFORM;model_scores_soft_binary_crossentropy_Titanic_STANDARDUNIFORM;model_scores_binary_crossentropy_Titanic_STANDARDUNIFORM;model_scores_accuracy_Titanic_STANDARDUNIFORM;model_scores_f1_score_Titanic_STANDARDUNIFORM;model_scores_roc_auc_score_Titanic_STANDARDUNIFORM;model_scores_runtime_Titanic_STANDARDUNIFORM;dt_scores_soft_binary_crossentropy_['uniform', 'normal', 'gamma', 'beta', 'poisson']_Absenteeism_STANDARDUNIFORM;dt_scores_binary_crossentropy_['uniform', 'normal', 'gamma', 'beta', 'poisson']_Absenteeism_STANDARDUNIFORM;dt_scores_accuracy_['uniform', 'normal', 'gamma', 'beta', 'poisson']_Absenteeism_STANDARDUNIFORM;dt_scores_f1_score_['uniform', 'normal', 'gamma', 'beta', 'poisson']_Absenteeism_STANDARDUNIFORM;dt_scores_roc_auc_score_['uniform', 'normal', 'gamma', 'beta', 'poisson']_Absenteeism_STANDARDUNIFORM;dt_scores_soft_binary_crossentropy_data_random_['uniform', 'normal', 'gamma', 'beta', 'poisson']_Absenteeism_STANDARDUNIFORM;dt_scores_binary_crossentropy_data_random_['uniform', 'normal', 'gamma', 'beta', 'poisson']_Absenteeism_STANDARDUNIFORM;dt_scores_accuracy_data_random_['uniform', 'normal', 'gamma', 'beta', 'poisson']_Absenteeism_STANDARDUNIFORM;dt_scores_f1_score_data_random_['uniform', 'normal', 'gamma', 'beta', 'poisson']_Absenteeism_STANDARDUNIFORM;dt_scores_roc_auc_score_data_random_['uniform', 'normal', 'gamma', 'beta', 'poisson']_Absenteeism_STANDARDUNIFORM;dt_scores_runtime_['uniform', 'normal', 'gamma', 'beta', 'poisson']_Absenteeism_STANDARDUNIFORM;dt_scores_soft_binary_crossentropy_Absenteeism_STANDARDUNIFORM;dt_scores_binary_crossentropy_Absenteeism_STANDARDUNIFORM;dt_scores_accuracy_Absenteeism_STANDARDUNIFORM;dt_scores_f1_score_Absenteeism_STANDARDUNIFORM;dt_scores_roc_auc_score_Absenteeism_STANDARDUNIFORM;dt_scores_soft_binary_crossentropy_data_random_Absenteeism_STANDARDUNIFORM;dt_scores_binary_crossentropy_data_random_Absenteeism_STANDARDUNIFORM;dt_scores_accuracy_data_random_Absenteeism_STANDARDUNIFORM;dt_scores_f1_score_data_random_Absenteeism_STANDARDUNIFORM;dt_scores_roc_auc_score_data_random_Absenteeism_STANDARDUNIFORM;dt_scores_soft_binary_crossentropy_std_Absenteeism_STANDARDUNIFORM;dt_scores_binary_crossentropy_std_Absenteeism_STANDARDUNIFORM;dt_scores_accuracy_std_Absenteeism_STANDARDUNIFORM;dt_scores_f1_score_std_Absenteeism_STANDARDUNIFORM;dt_scores_roc_auc_score_std_Absenteeism_STANDARDUNIFORM;dt_scores_soft_binary_crossentropy_data_random_std_Absenteeism_STANDARDUNIFORM;dt_scores_binary_crossentropy_data_random_std_Absenteeism_STANDARDUNIFORM;dt_scores_accuracy_data_random_std_Absenteeism_STANDARDUNIFORM;dt_scores_f1_score_data_random_std_Absenteeism_STANDARDUNIFORM;dt_scores_roc_auc_score_data_random_std_Absenteeism_STANDARDUNIFORM;dt_scores_runtime_Absenteeism_STANDARDUNIFORM;inet_scores_soft_binary_crossentropy_Absenteeism_STANDARDUNIFORM;inet_scores_binary_crossentropy_Absenteeism_STANDARDUNIFORM;inet_scores_accuracy_Absenteeism_STANDARDUNIFORM;inet_scores_f1_score_Absenteeism_STANDARDUNIFORM;inet_scores_roc_auc_score_Absenteeism_STANDARDUNIFORM;inet_scores_runtime_Absenteeism_STANDARDUNIFORM;model_scores_soft_binary_crossentropy_Absenteeism_STANDARDUNIFORM;model_scores_binary_crossentropy_Absenteeism_STANDARDUNIFORM;model_scores_accuracy_Absenteeism_STANDARDUNIFORM;model_scores_f1_score_Absenteeism_STANDARDUNIFORM;model_scores_roc_auc_score_Absenteeism_STANDARDUNIFORM;model_scores_runtime_Absenteeism_STANDARDUNIFORM;dt_scores_soft_binary_crossentropy_['uniform', 'normal', 'gamma', 'beta', 'poisson']_Loan House_STANDARDUNIFORM;dt_scores_binary_crossentropy_['uniform', 'normal', 'gamma', 'beta', 'poisson']_Loan House_STANDARDUNIFORM;dt_scores_accuracy_['uniform', 'normal', 'gamma', 'beta', 'poisson']_Loan House_STANDARDUNIFORM;dt_scores_f1_score_['uniform', 'normal', 'gamma', 'beta', 'poisson']_Loan House_STANDARDUNIFORM;dt_scores_roc_auc_score_['uniform', 'normal', 'gamma', 'beta', 'poisson']_Loan House_STANDARDUNIFORM;dt_scores_soft_binary_crossentropy_data_random_['uniform', 'normal', 'gamma', 'beta', 'poisson']_Loan House_STANDARDUNIFORM;dt_scores_binary_crossentropy_data_random_['uniform', 'normal', 'gamma', 'beta', 'poisson']_Loan House_STANDARDUNIFORM;dt_scores_accuracy_data_random_['uniform', 'normal', 'gamma', 'beta', 'poisson']_Loan House_STANDARDUNIFORM;dt_scores_f1_score_data_random_['uniform', 'normal', 'gamma', 'beta', 'poisson']_Loan House_STANDARDUNIFORM;dt_scores_roc_auc_score_data_random_['uniform', 'normal', 'gamma', 'beta', 'poisson']_Loan House_STANDARDUNIFORM;dt_scores_runtime_['uniform', 'normal', 'gamma', 'beta', 'poisson']_Loan House_STANDARDUNIFORM;dt_scores_soft_binary_crossentropy_Loan House_STANDARDUNIFORM;dt_scores_binary_crossentropy_Loan House_STANDARDUNIFORM;dt_scores_accuracy_Loan House_STANDARDUNIFORM;dt_scores_f1_score_Loan House_STANDARDUNIFORM;dt_scores_roc_auc_score_Loan House_STANDARDUNIFORM;dt_scores_soft_binary_crossentropy_data_random_Loan House_STANDARDUNIFORM;dt_scores_binary_crossentropy_data_random_Loan House_STANDARDUNIFORM;dt_scores_accuracy_data_random_Loan House_STANDARDUNIFORM;dt_scores_f1_score_data_random_Loan House_STANDARDUNIFORM;dt_scores_roc_auc_score_data_random_Loan House_STANDARDUNIFORM;dt_scores_soft_binary_crossentropy_std_Loan House_STANDARDUNIFORM;dt_scores_binary_crossentropy_std_Loan House_STANDARDUNIFORM;dt_scores_accuracy_std_Loan House_STANDARDUNIFORM;dt_scores_f1_score_std_Loan House_STANDARDUNIFORM;dt_scores_roc_auc_score_std_Loan House_STANDARDUNIFORM;dt_scores_soft_binary_crossentropy_data_random_std_Loan House_STANDARDUNIFORM;dt_scores_binary_crossentropy_data_random_std_Loan House_STANDARDUNIFORM;dt_scores_accuracy_data_random_std_Loan House_STANDARDUNIFORM;dt_scores_f1_score_data_random_std_Loan House_STANDARDUNIFORM;dt_scores_roc_auc_score_data_random_std_Loan House_STANDARDUNIFORM;dt_scores_runtime_Loan House_STANDARDUNIFORM;inet_scores_soft_binary_crossentropy_Loan House_STANDARDUNIFORM;inet_scores_binary_crossentropy_Loan House_STANDARDUNIFORM;inet_scores_accuracy_Loan House_STANDARDUNIFORM;inet_scores_f1_score_Loan House_STANDARDUNIFORM;inet_scores_roc_auc_score_Loan House_STANDARDUNIFORM;inet_scores_runtime_Loan House_STANDARDUNIFORM;model_scores_soft_binary_crossentropy_Loan House_STANDARDUNIFORM;model_scores_binary_crossentropy_Loan House_STANDARDUNIFORM;model_scores_accuracy_Loan House_STANDARDUNIFORM;model_scores_f1_score_Loan House_STANDARDUNIFORM;model_scores_roc_auc_score_Loan House_STANDARDUNIFORM;model_scores_runtime_Loan House_STANDARDUNIFORM;dt_scores_soft_binary_crossentropy_['uniform', 'normal', 'gamma', 'beta', 'poisson']_Loan Credit_STANDARDUNIFORM;dt_scores_binary_crossentropy_['uniform', 'normal', 'gamma', 'beta', 'poisson']_Loan Credit_STANDARDUNIFORM;dt_scores_accuracy_['uniform', 'normal', 'gamma', 'beta', 'poisson']_Loan Credit_STANDARDUNIFORM;dt_scores_f1_score_['uniform', 'normal', 'gamma', 'beta', 'poisson']_Loan Credit_STANDARDUNIFORM;dt_scores_roc_auc_score_['uniform', 'normal', 'gamma', 'beta', 'poisson']_Loan Credit_STANDARDUNIFORM;dt_scores_soft_binary_crossentropy_data_random_['uniform', 'normal', 'gamma', 'beta', 'poisson']_Loan Credit_STANDARDUNIFORM;dt_scores_binary_crossentropy_data_random_['uniform', 'normal', 'gamma', 'beta', 'poisson']_Loan Credit_STANDARDUNIFORM;dt_scores_accuracy_data_random_['uniform', 'normal', 'gamma', 'beta', 'poisson']_Loan Credit_STANDARDUNIFORM;dt_scores_f1_score_data_random_['uniform', 'normal', 'gamma', 'beta', 'poisson']_Loan Credit_STANDARDUNIFORM;dt_scores_roc_auc_score_data_random_['uniform', 'normal', 'gamma', 'beta', 'poisson']_Loan Credit_STANDARDUNIFORM;dt_scores_runtime_['uniform', 'normal', 'gamma', 'beta', 'poisson']_Loan Credit_STANDARDUNIFORM;dt_scores_soft_binary_crossentropy_Loan Credit_STANDARDUNIFORM;dt_scores_binary_crossentropy_Loan Credit_STANDARDUNIFORM;dt_scores_accuracy_Loan Credit_STANDARDUNIFORM;dt_scores_f1_score_Loan Credit_STANDARDUNIFORM;dt_scores_roc_auc_score_Loan Credit_STANDARDUNIFORM;dt_scores_soft_binary_crossentropy_data_random_Loan Credit_STANDARDUNIFORM;dt_scores_binary_crossentropy_data_random_Loan Credit_STANDARDUNIFORM;dt_scores_accuracy_data_random_Loan Credit_STANDARDUNIFORM;dt_scores_f1_score_data_random_Loan Credit_STANDARDUNIFORM;dt_scores_roc_auc_score_data_random_Loan Credit_STANDARDUNIFORM;dt_scores_soft_binary_crossentropy_std_Loan Credit_STANDARDUNIFORM;dt_scores_binary_crossentropy_std_Loan Credit_STANDARDUNIFORM;dt_scores_accuracy_std_Loan Credit_STANDARDUNIFORM;dt_scores_f1_score_std_Loan Credit_STANDARDUNIFORM;dt_scores_roc_auc_score_std_Loan Credit_STANDARDUNIFORM;dt_scores_soft_binary_crossentropy_data_random_std_Loan Credit_STANDARDUNIFORM;dt_scores_binary_crossentropy_data_random_std_Loan Credit_STANDARDUNIFORM;dt_scores_accuracy_data_random_std_Loan Credit_STANDARDUNIFORM;dt_scores_f1_score_data_random_std_Loan Credit_STANDARDUNIFORM;dt_scores_roc_auc_score_data_random_std_Loan Credit_STANDARDUNIFORM;dt_scores_runtime_Loan Credit_STANDARDUNIFORM;inet_scores_soft_binary_crossentropy_Loan Credit_STANDARDUNIFORM;inet_scores_binary_crossentropy_Loan Credit_STANDARDUNIFORM;inet_scores_accuracy_Loan Credit_STANDARDUNIFORM;inet_scores_f1_score_Loan Credit_STANDARDUNIFORM;inet_scores_roc_auc_score_Loan Credit_STANDARDUNIFORM;inet_scores_runtime_Loan Credit_STANDARDUNIFORM;model_scores_soft_binary_crossentropy_Loan Credit_STANDARDUNIFORM;model_scores_binary_crossentropy_Loan Credit_STANDARDUNIFORM;model_scores_accuracy_Loan Credit_STANDARDUNIFORM;model_scores_f1_score_Loan Credit_STANDARDUNIFORM;model_scores_roc_auc_score_Loan Credit_STANDARDUNIFORM;model_scores_runtime_Loan Credit_STANDARDUNIFORM;dt_scores_soft_binary_crossentropy_['uniform', 'normal', 'gamma', 'beta', 'poisson']_Medical Insurance_STANDARDUNIFORM;dt_scores_binary_crossentropy_['uniform', 'normal', 'gamma', 'beta', 'poisson']_Medical Insurance_STANDARDUNIFORM;dt_scores_accuracy_['uniform', 'normal', 'gamma', 'beta', 'poisson']_Medical Insurance_STANDARDUNIFORM;dt_scores_f1_score_['uniform', 'normal', 'gamma', 'beta', 'poisson']_Medical Insurance_STANDARDUNIFORM;dt_scores_roc_auc_score_['uniform', 'normal', 'gamma', 'beta', 'poisson']_Medical Insurance_STANDARDUNIFORM;dt_scores_soft_binary_crossentropy_data_random_['uniform', 'normal', 'gamma', 'beta', 'poisson']_Medical Insurance_STANDARDUNIFORM;dt_scores_binary_crossentropy_data_random_['uniform', 'normal', 'gamma', 'beta', 'poisson']_Medical Insurance_STANDARDUNIFORM;dt_scores_accuracy_data_random_['uniform', 'normal', 'gamma', 'beta', 'poisson']_Medical Insurance_STANDARDUNIFORM;dt_scores_f1_score_data_random_['uniform', 'normal', 'gamma', 'beta', 'poisson']_Medical Insurance_STANDARDUNIFORM;dt_scores_roc_auc_score_data_random_['uniform', 'normal', 'gamma', 'beta', 'poisson']_Medical Insurance_STANDARDUNIFORM;dt_scores_runtime_['uniform', 'normal', 'gamma', 'beta', 'poisson']_Medical Insurance_STANDARDUNIFORM;dt_scores_soft_binary_crossentropy_Medical Insurance_STANDARDUNIFORM;dt_scores_binary_crossentropy_Medical Insurance_STANDARDUNIFORM;dt_scores_accuracy_Medical Insurance_STANDARDUNIFORM;dt_scores_f1_score_Medical Insurance_STANDARDUNIFORM;dt_scores_roc_auc_score_Medical Insurance_STANDARDUNIFORM;dt_scores_soft_binary_crossentropy_data_random_Medical Insurance_STANDARDUNIFORM;dt_scores_binary_crossentropy_data_random_Medical Insurance_STANDARDUNIFORM;dt_scores_accuracy_data_random_Medical Insurance_STANDARDUNIFORM;dt_scores_f1_score_data_random_Medical Insurance_STANDARDUNIFORM;dt_scores_roc_auc_score_data_random_Medical Insurance_STANDARDUNIFORM;dt_scores_soft_binary_crossentropy_std_Medical Insurance_STANDARDUNIFORM;dt_scores_binary_crossentropy_std_Medical Insurance_STANDARDUNIFORM;dt_scores_accuracy_std_Medical Insurance_STANDARDUNIFORM;dt_scores_f1_score_std_Medical Insurance_STANDARDUNIFORM;dt_scores_roc_auc_score_std_Medical Insurance_STANDARDUNIFORM;dt_scores_soft_binary_crossentropy_data_random_std_Medical Insurance_STANDARDUNIFORM;dt_scores_binary_crossentropy_data_random_std_Medical Insurance_STANDARDUNIFORM;dt_scores_accuracy_data_random_std_Medical Insurance_STANDARDUNIFORM;dt_scores_f1_score_data_random_std_Medical Insurance_STANDARDUNIFORM;dt_scores_roc_auc_score_data_random_std_Medical Insurance_STANDARDUNIFORM;dt_scores_runtime_Medical Insurance_STANDARDUNIFORM;inet_scores_soft_binary_crossentropy_Medical Insurance_STANDARDUNIFORM;inet_scores_binary_crossentropy_Medical Insurance_STANDARDUNIFORM;inet_scores_accuracy_Medical Insurance_STANDARDUNIFORM;inet_scores_f1_score_Medical Insurance_STANDARDUNIFORM;inet_scores_roc_auc_score_Medical Insurance_STANDARDUNIFORM;inet_scores_runtime_Medical Insurance_STANDARDUNIFORM;model_scores_soft_binary_crossentropy_Medical Insurance_STANDARDUNIFORM;model_scores_binary_crossentropy_Medical Insurance_STANDARDUNIFORM;model_scores_accuracy_Medical Insurance_STANDARDUNIFORM;model_scores_f1_score_Medical Insurance_STANDARDUNIFORM;model_scores_roc_auc_score_Medical Insurance_STANDARDUNIFORM;model_scores_runtime_Medical Insurance_STANDARDUNIFORM;dt_scores_soft_binary_crossentropy_['uniform', 'normal', 'gamma', 'beta', 'poisson']_Bank Marketing_STANDARDUNIFORM;dt_scores_binary_crossentropy_['uniform', 'normal', 'gamma', 'beta', 'poisson']_Bank Marketing_STANDARDUNIFORM;dt_scores_accuracy_['uniform', 'normal', 'gamma', 'beta', 'poisson']_Bank Marketing_STANDARDUNIFORM;dt_scores_f1_score_['uniform', 'normal', 'gamma', 'beta', 'poisson']_Bank Marketing_STANDARDUNIFORM;dt_scores_roc_auc_score_['uniform', 'normal', 'gamma', 'beta', 'poisson']_Bank Marketing_STANDARDUNIFORM;dt_scores_soft_binary_crossentropy_data_random_['uniform', 'normal', 'gamma', 'beta', 'poisson']_Bank Marketing_STANDARDUNIFORM;dt_scores_binary_crossentropy_data_random_['uniform', 'normal', 'gamma', 'beta', 'poisson']_Bank Marketing_STANDARDUNIFORM;dt_scores_accuracy_data_random_['uniform', 'normal', 'gamma', 'beta', 'poisson']_Bank Marketing_STANDARDUNIFORM;dt_scores_f1_score_data_random_['uniform', 'normal', 'gamma', 'beta', 'poisson']_Bank Marketing_STANDARDUNIFORM;dt_scores_roc_auc_score_data_random_['uniform', 'normal', 'gamma', 'beta', 'poisson']_Bank Marketing_STANDARDUNIFORM;dt_scores_runtime_['uniform', 'normal', 'gamma', 'beta', 'poisson']_Bank Marketing_STANDARDUNIFORM;dt_scores_soft_binary_crossentropy_Bank Marketing_STANDARDUNIFORM;dt_scores_binary_crossentropy_Bank Marketing_STANDARDUNIFORM;dt_scores_accuracy_Bank Marketing_STANDARDUNIFORM;dt_scores_f1_score_Bank Marketing_STANDARDUNIFORM;dt_scores_roc_auc_score_Bank Marketing_STANDARDUNIFORM;dt_scores_soft_binary_crossentropy_data_random_Bank Marketing_STANDARDUNIFORM;dt_scores_binary_crossentropy_data_random_Bank Marketing_STANDARDUNIFORM;dt_scores_accuracy_data_random_Bank Marketing_STANDARDUNIFORM;dt_scores_f1_score_data_random_Bank Marketing_STANDARDUNIFORM;dt_scores_roc_auc_score_data_random_Bank Marketing_STANDARDUNIFORM;dt_scores_soft_binary_crossentropy_std_Bank Marketing_STANDARDUNIFORM;dt_scores_binary_crossentropy_std_Bank Marketing_STANDARDUNIFORM;dt_scores_accuracy_std_Bank Marketing_STANDARDUNIFORM;dt_scores_f1_score_std_Bank Marketing_STANDARDUNIFORM;dt_scores_roc_auc_score_std_Bank Marketing_STANDARDUNIFORM;dt_scores_soft_binary_crossentropy_data_random_std_Bank Marketing_STANDARDUNIFORM;dt_scores_binary_crossentropy_data_random_std_Bank Marketing_STANDARDUNIFORM;dt_scores_accuracy_data_random_std_Bank Marketing_STANDARDUNIFORM;dt_scores_f1_score_data_random_std_Bank Marketing_STANDARDUNIFORM;dt_scores_roc_auc_score_data_random_std_Bank Marketing_STANDARDUNIFORM;dt_scores_runtime_Bank Marketing_STANDARDUNIFORM;inet_scores_soft_binary_crossentropy_Bank Marketing_STANDARDUNIFORM;inet_scores_binary_crossentropy_Bank Marketing_STANDARDUNIFORM;inet_scores_accuracy_Bank Marketing_STANDARDUNIFORM;inet_scores_f1_score_Bank Marketing_STANDARDUNIFORM;inet_scores_roc_auc_score_Bank Marketing_STANDARDUNIFORM;inet_scores_runtime_Bank Marketing_STANDARDUNIFORM;model_scores_soft_binary_crossentropy_Bank Marketing_STANDARDUNIFORM;model_scores_binary_crossentropy_Bank Marketing_STANDARDUNIFORM;model_scores_accuracy_Bank Marketing_STANDARDUNIFORM;model_scores_f1_score_Bank Marketing_STANDARDUNIFORM;model_scores_roc_auc_score_Bank Marketing_STANDARDUNIFORM;model_scores_runtime_Bank Marketing_STANDARDUNIFORM;dt_scores_soft_binary_crossentropy_['uniform', 'normal', 'gamma', 'beta', 'poisson']_Cervical Cancer_STANDARDUNIFORM;dt_scores_binary_crossentropy_['uniform', 'normal', 'gamma', 'beta', 'poisson']_Cervical Cancer_STANDARDUNIFORM;dt_scores_accuracy_['uniform', 'normal', 'gamma', 'beta', 'poisson']_Cervical Cancer_STANDARDUNIFORM;dt_scores_f1_score_['uniform', 'normal', 'gamma', 'beta', 'poisson']_Cervical Cancer_STANDARDUNIFORM;dt_scores_roc_auc_score_['uniform', 'normal', 'gamma', 'beta', 'poisson']_Cervical Cancer_STANDARDUNIFORM;dt_scores_soft_binary_crossentropy_data_random_['uniform', 'normal', 'gamma', 'beta', 'poisson']_Cervical Cancer_STANDARDUNIFORM;dt_scores_binary_crossentropy_data_random_['uniform', 'normal', 'gamma', 'beta', 'poisson']_Cervical Cancer_STANDARDUNIFORM;dt_scores_accuracy_data_random_['uniform', 'normal', 'gamma', 'beta', 'poisson']_Cervical Cancer_STANDARDUNIFORM;dt_scores_f1_score_data_random_['uniform', 'normal', 'gamma', 'beta', 'poisson']_Cervical Cancer_STANDARDUNIFORM;dt_scores_roc_auc_score_data_random_['uniform', 'normal', 'gamma', 'beta', 'poisson']_Cervical Cancer_STANDARDUNIFORM;dt_scores_runtime_['uniform', 'normal', 'gamma', 'beta', 'poisson']_Cervical Cancer_STANDARDUNIFORM;dt_scores_soft_binary_crossentropy_Cervical Cancer_STANDARDUNIFORM;dt_scores_binary_crossentropy_Cervical Cancer_STANDARDUNIFORM;dt_scores_accuracy_Cervical Cancer_STANDARDUNIFORM;dt_scores_f1_score_Cervical Cancer_STANDARDUNIFORM;dt_scores_roc_auc_score_Cervical Cancer_STANDARDUNIFORM;dt_scores_soft_binary_crossentropy_data_random_Cervical Cancer_STANDARDUNIFORM;dt_scores_binary_crossentropy_data_random_Cervical Cancer_STANDARDUNIFORM;dt_scores_accuracy_data_random_Cervical Cancer_STANDARDUNIFORM;dt_scores_f1_score_data_random_Cervical Cancer_STANDARDUNIFORM;dt_scores_roc_auc_score_data_random_Cervical Cancer_STANDARDUNIFORM;dt_scores_soft_binary_crossentropy_std_Cervical Cancer_STANDARDUNIFORM;dt_scores_binary_crossentropy_std_Cervical Cancer_STANDARDUNIFORM;dt_scores_accuracy_std_Cervical Cancer_STANDARDUNIFORM;dt_scores_f1_score_std_Cervical Cancer_STANDARDUNIFORM;dt_scores_roc_auc_score_std_Cervical Cancer_STANDARDUNIFORM;dt_scores_soft_binary_crossentropy_data_random_std_Cervical Cancer_STANDARDUNIFORM;dt_scores_binary_crossentropy_data_random_std_Cervical Cancer_STANDARDUNIFORM;dt_scores_accuracy_data_random_std_Cervical Cancer_STANDARDUNIFORM;dt_scores_f1_score_data_random_std_Cervical Cancer_STANDARDUNIFORM;dt_scores_roc_auc_score_data_random_std_Cervical Cancer_STANDARDUNIFORM;dt_scores_runtime_Cervical Cancer_STANDARDUNIFORM;inet_scores_soft_binary_crossentropy_Cervical Cancer_STANDARDUNIFORM;inet_scores_binary_crossentropy_Cervical Cancer_STANDARDUNIFORM;inet_scores_accuracy_Cervical Cancer_STANDARDUNIFORM;inet_scores_f1_score_Cervical Cancer_STANDARDUNIFORM;inet_scores_roc_auc_score_Cervical Cancer_STANDARDUNIFORM;inet_scores_runtime_Cervical Cancer_STANDARDUNIFORM;model_scores_soft_binary_crossentropy_Cervical Cancer_STANDARDUNIFORM;model_scores_binary_crossentropy_Cervical Cancer_STANDARDUNIFORM;model_scores_accuracy_Cervical Cancer_STANDARDUNIFORM;model_scores_f1_score_Cervical Cancer_STANDARDUNIFORM;model_scores_roc_auc_score_Cervical Cancer_STANDARDUNIFORM;model_scores_runtime_Cervical Cancer_STANDARDUNIFORM;dt_scores_soft_binary_crossentropy_['uniform', 'normal', 'gamma', 'beta', 'poisson']_Brest Cancer Wisconsin_STANDARDUNIFORM;dt_scores_binary_crossentropy_['uniform', 'normal', 'gamma', 'beta', 'poisson']_Brest Cancer Wisconsin_STANDARDUNIFORM;dt_scores_accuracy_['uniform', 'normal', 'gamma', 'beta', 'poisson']_Brest Cancer Wisconsin_STANDARDUNIFORM;dt_scores_f1_score_['uniform', 'normal', 'gamma', 'beta', 'poisson']_Brest Cancer Wisconsin_STANDARDUNIFORM;dt_scores_roc_auc_score_['uniform', 'normal', 'gamma', 'beta', 'poisson']_Brest Cancer Wisconsin_STANDARDUNIFORM;dt_scores_soft_binary_crossentropy_data_random_['uniform', 'normal', 'gamma', 'beta', 'poisson']_Brest Cancer Wisconsin_STANDARDUNIFORM;dt_scores_binary_crossentropy_data_random_['uniform', 'normal', 'gamma', 'beta', 'poisson']_Brest Cancer Wisconsin_STANDARDUNIFORM;dt_scores_accuracy_data_random_['uniform', 'normal', 'gamma', 'beta', 'poisson']_Brest Cancer Wisconsin_STANDARDUNIFORM;dt_scores_f1_score_data_random_['uniform', 'normal', 'gamma', 'beta', 'poisson']_Brest Cancer Wisconsin_STANDARDUNIFORM;dt_scores_roc_auc_score_data_random_['uniform', 'normal', 'gamma', 'beta', 'poisson']_Brest Cancer Wisconsin_STANDARDUNIFORM;dt_scores_runtime_['uniform', 'normal', 'gamma', 'beta', 'poisson']_Brest Cancer Wisconsin_STANDARDUNIFORM;dt_scores_soft_binary_crossentropy_Brest Cancer Wisconsin_STANDARDUNIFORM;dt_scores_binary_crossentropy_Brest Cancer Wisconsin_STANDARDUNIFORM;dt_scores_accuracy_Brest Cancer Wisconsin_STANDARDUNIFORM;dt_scores_f1_score_Brest Cancer Wisconsin_STANDARDUNIFORM;dt_scores_roc_auc_score_Brest Cancer Wisconsin_STANDARDUNIFORM;dt_scores_soft_binary_crossentropy_data_random_Brest Cancer Wisconsin_STANDARDUNIFORM;dt_scores_binary_crossentropy_data_random_Brest Cancer Wisconsin_STANDARDUNIFORM;dt_scores_accuracy_data_random_Brest Cancer Wisconsin_STANDARDUNIFORM;dt_scores_f1_score_data_random_Brest Cancer Wisconsin_STANDARDUNIFORM;dt_scores_roc_auc_score_data_random_Brest Cancer Wisconsin_STANDARDUNIFORM;dt_scores_soft_binary_crossentropy_std_Brest Cancer Wisconsin_STANDARDUNIFORM;dt_scores_binary_crossentropy_std_Brest Cancer Wisconsin_STANDARDUNIFORM;dt_scores_accuracy_std_Brest Cancer Wisconsin_STANDARDUNIFORM;dt_scores_f1_score_std_Brest Cancer Wisconsin_STANDARDUNIFORM;dt_scores_roc_auc_score_std_Brest Cancer Wisconsin_STANDARDUNIFORM;dt_scores_soft_binary_crossentropy_data_random_std_Brest Cancer Wisconsin_STANDARDUNIFORM;dt_scores_binary_crossentropy_data_random_std_Brest Cancer Wisconsin_STANDARDUNIFORM;dt_scores_accuracy_data_random_std_Brest Cancer Wisconsin_STANDARDUNIFORM;dt_scores_f1_score_data_random_std_Brest Cancer Wisconsin_STANDARDUNIFORM;dt_scores_roc_auc_score_data_random_std_Brest Cancer Wisconsin_STANDARDUNIFORM;dt_scores_runtime_Brest Cancer Wisconsin_STANDARDUNIFORM;inet_scores_soft_binary_crossentropy_Brest Cancer Wisconsin_STANDARDUNIFORM;inet_scores_binary_crossentropy_Brest Cancer Wisconsin_STANDARDUNIFORM;inet_scores_accuracy_Brest Cancer Wisconsin_STANDARDUNIFORM;inet_scores_f1_score_Brest Cancer Wisconsin_STANDARDUNIFORM;inet_scores_roc_auc_score_Brest Cancer Wisconsin_STANDARDUNIFORM;inet_scores_runtime_Brest Cancer Wisconsin_STANDARDUNIFORM;model_scores_soft_binary_crossentropy_Brest Cancer Wisconsin_STANDARDUNIFORM;model_scores_binary_crossentropy_Brest Cancer Wisconsin_STANDARDUNIFORM;model_scores_accuracy_Brest Cancer Wisconsin_STANDARDUNIFORM;model_scores_f1_score_Brest Cancer Wisconsin_STANDARDUNIFORM;model_scores_roc_auc_score_Brest Cancer Wisconsin_STANDARDUNIFORM;model_scores_runtime_Brest Cancer Wisconsin_STANDARDUNIFORM;dt_scores_soft_binary_crossentropy_['uniform', 'normal', 'gamma', 'beta', 'poisson']_Wisconsin Diagnostic Breast Cancer_STANDARDUNIFORM;dt_scores_binary_crossentropy_['uniform', 'normal', 'gamma', 'beta', 'poisson']_Wisconsin Diagnostic Breast Cancer_STANDARDUNIFORM;dt_scores_accuracy_['uniform', 'normal', 'gamma', 'beta', 'poisson']_Wisconsin Diagnostic Breast Cancer_STANDARDUNIFORM;dt_scores_f1_score_['uniform', 'normal', 'gamma', 'beta', 'poisson']_Wisconsin Diagnostic Breast Cancer_STANDARDUNIFORM;dt_scores_roc_auc_score_['uniform', 'normal', 'gamma', 'beta', 'poisson']_Wisconsin Diagnostic Breast Cancer_STANDARDUNIFORM;dt_scores_soft_binary_crossentropy_data_random_['uniform', 'normal', 'gamma', 'beta', 'poisson']_Wisconsin Diagnostic Breast Cancer_STANDARDUNIFORM;dt_scores_binary_crossentropy_data_random_['uniform', 'normal', 'gamma', 'beta', 'poisson']_Wisconsin Diagnostic Breast Cancer_STANDARDUNIFORM;dt_scores_accuracy_data_random_['uniform', 'normal', 'gamma', 'beta', 'poisson']_Wisconsin Diagnostic Breast Cancer_STANDARDUNIFORM;dt_scores_f1_score_data_random_['uniform', 'normal', 'gamma', 'beta', 'poisson']_Wisconsin Diagnostic Breast Cancer_STANDARDUNIFORM;dt_scores_roc_auc_score_data_random_['uniform', 'normal', 'gamma', 'beta', 'poisson']_Wisconsin Diagnostic Breast Cancer_STANDARDUNIFORM;dt_scores_runtime_['uniform', 'normal', 'gamma', 'beta', 'poisson']_Wisconsin Diagnostic Breast Cancer_STANDARDUNIFORM;dt_scores_soft_binary_crossentropy_Wisconsin Diagnostic Breast Cancer_STANDARDUNIFORM;dt_scores_binary_crossentropy_Wisconsin Diagnostic Breast Cancer_STANDARDUNIFORM;dt_scores_accuracy_Wisconsin Diagnostic Breast Cancer_STANDARDUNIFORM;dt_scores_f1_score_Wisconsin Diagnostic Breast Cancer_STANDARDUNIFORM;dt_scores_roc_auc_score_Wisconsin Diagnostic Breast Cancer_STANDARDUNIFORM;dt_scores_soft_binary_crossentropy_data_random_Wisconsin Diagnostic Breast Cancer_STANDARDUNIFORM;dt_scores_binary_crossentropy_data_random_Wisconsin Diagnostic Breast Cancer_STANDARDUNIFORM;dt_scores_accuracy_data_random_Wisconsin Diagnostic Breast Cancer_STANDARDUNIFORM;dt_scores_f1_score_data_random_Wisconsin Diagnostic Breast Cancer_STANDARDUNIFORM;dt_scores_roc_auc_score_data_random_Wisconsin Diagnostic Breast Cancer_STANDARDUNIFORM;dt_scores_soft_binary_crossentropy_std_Wisconsin Diagnostic Breast Cancer_STANDARDUNIFORM;dt_scores_binary_crossentropy_std_Wisconsin Diagnostic Breast Cancer_STANDARDUNIFORM;dt_scores_accuracy_std_Wisconsin Diagnostic Breast Cancer_STANDARDUNIFORM;dt_scores_f1_score_std_Wisconsin Diagnostic Breast Cancer_STANDARDUNIFORM;dt_scores_roc_auc_score_std_Wisconsin Diagnostic Breast Cancer_STANDARDUNIFORM;dt_scores_soft_binary_crossentropy_data_random_std_Wisconsin Diagnostic Breast Cancer_STANDARDUNIFORM;dt_scores_binary_crossentropy_data_random_std_Wisconsin Diagnostic Breast Cancer_STANDARDUNIFORM;dt_scores_accuracy_data_random_std_Wisconsin Diagnostic Breast Cancer_STANDARDUNIFORM;dt_scores_f1_score_data_random_std_Wisconsin Diagnostic Breast Cancer_STANDARDUNIFORM;dt_scores_roc_auc_score_data_random_std_Wisconsin Diagnostic Breast Cancer_STANDARDUNIFORM;dt_scores_runtime_Wisconsin Diagnostic Breast Cancer_STANDARDUNIFORM;inet_scores_soft_binary_crossentropy_Wisconsin Diagnostic Breast Cancer_STANDARDUNIFORM;inet_scores_binary_crossentropy_Wisconsin Diagnostic Breast Cancer_STANDARDUNIFORM;inet_scores_accuracy_Wisconsin Diagnostic Breast Cancer_STANDARDUNIFORM;inet_scores_f1_score_Wisconsin Diagnostic Breast Cancer_STANDARDUNIFORM;inet_scores_roc_auc_score_Wisconsin Diagnostic Breast Cancer_STANDARDUNIFORM;inet_scores_runtime_Wisconsin Diagnostic Breast Cancer_STANDARDUNIFORM;model_scores_soft_binary_crossentropy_Wisconsin Diagnostic Breast Cancer_STANDARDUNIFORM;model_scores_binary_crossentropy_Wisconsin Diagnostic Breast Cancer_STANDARDUNIFORM;model_scores_accuracy_Wisconsin Diagnostic Breast Cancer_STANDARDUNIFORM;model_scores_f1_score_Wisconsin Diagnostic Breast Cancer_STANDARDUNIFORM;model_scores_roc_auc_score_Wisconsin Diagnostic Breast Cancer_STANDARDUNIFORM;model_scores_runtime_Wisconsin Diagnostic Breast Cancer_STANDARDUNIFORM;dt_scores_soft_binary_crossentropy_['uniform', 'normal', 'gamma', 'beta', 'poisson']_Wisconsin Prognostic Breast Cancer_STANDARDUNIFORM;dt_scores_binary_crossentropy_['uniform', 'normal', 'gamma', 'beta', 'poisson']_Wisconsin Prognostic Breast Cancer_STANDARDUNIFORM;dt_scores_accuracy_['uniform', 'normal', 'gamma', 'beta', 'poisson']_Wisconsin Prognostic Breast Cancer_STANDARDUNIFORM;dt_scores_f1_score_['uniform', 'normal', 'gamma', 'beta', 'poisson']_Wisconsin Prognostic Breast Cancer_STANDARDUNIFORM;dt_scores_roc_auc_score_['uniform', 'normal', 'gamma', 'beta', 'poisson']_Wisconsin Prognostic Breast Cancer_STANDARDUNIFORM;dt_scores_soft_binary_crossentropy_data_random_['uniform', 'normal', 'gamma', 'beta', 'poisson']_Wisconsin Prognostic Breast Cancer_STANDARDUNIFORM;dt_scores_binary_crossentropy_data_random_['uniform', 'normal', 'gamma', 'beta', 'poisson']_Wisconsin Prognostic Breast Cancer_STANDARDUNIFORM;dt_scores_accuracy_data_random_['uniform', 'normal', 'gamma', 'beta', 'poisson']_Wisconsin Prognostic Breast Cancer_STANDARDUNIFORM;dt_scores_f1_score_data_random_['uniform', 'normal', 'gamma', 'beta', 'poisson']_Wisconsin Prognostic Breast Cancer_STANDARDUNIFORM;dt_scores_roc_auc_score_data_random_['uniform', 'normal', 'gamma', 'beta', 'poisson']_Wisconsin Prognostic Breast Cancer_STANDARDUNIFORM;dt_scores_runtime_['uniform', 'normal', 'gamma', 'beta', 'poisson']_Wisconsin Prognostic Breast Cancer_STANDARDUNIFORM;dt_scores_soft_binary_crossentropy_Wisconsin Prognostic Breast Cancer_STANDARDUNIFORM;dt_scores_binary_crossentropy_Wisconsin Prognostic Breast Cancer_STANDARDUNIFORM;dt_scores_accuracy_Wisconsin Prognostic Breast Cancer_STANDARDUNIFORM;dt_scores_f1_score_Wisconsin Prognostic Breast Cancer_STANDARDUNIFORM;dt_scores_roc_auc_score_Wisconsin Prognostic Breast Cancer_STANDARDUNIFORM;dt_scores_soft_binary_crossentropy_data_random_Wisconsin Prognostic Breast Cancer_STANDARDUNIFORM;dt_scores_binary_crossentropy_data_random_Wisconsin Prognostic Breast Cancer_STANDARDUNIFORM;dt_scores_accuracy_data_random_Wisconsin Prognostic Breast Cancer_STANDARDUNIFORM;dt_scores_f1_score_data_random_Wisconsin Prognostic Breast Cancer_STANDARDUNIFORM;dt_scores_roc_auc_score_data_random_Wisconsin Prognostic Breast Cancer_STANDARDUNIFORM;dt_scores_soft_binary_crossentropy_std_Wisconsin Prognostic Breast Cancer_STANDARDUNIFORM;dt_scores_binary_crossentropy_std_Wisconsin Prognostic Breast Cancer_STANDARDUNIFORM;dt_scores_accuracy_std_Wisconsin Prognostic Breast Cancer_STANDARDUNIFORM;dt_scores_f1_score_std_Wisconsin Prognostic Breast Cancer_STANDARDUNIFORM;dt_scores_roc_auc_score_std_Wisconsin Prognostic Breast Cancer_STANDARDUNIFORM;dt_scores_soft_binary_crossentropy_data_random_std_Wisconsin Prognostic Breast Cancer_STANDARDUNIFORM;dt_scores_binary_crossentropy_data_random_std_Wisconsin Prognostic Breast Cancer_STANDARDUNIFORM;dt_scores_accuracy_data_random_std_Wisconsin Prognostic Breast Cancer_STANDARDUNIFORM;dt_scores_f1_score_data_random_std_Wisconsin Prognostic Breast Cancer_STANDARDUNIFORM;dt_scores_roc_auc_score_data_random_std_Wisconsin Prognostic Breast Cancer_STANDARDUNIFORM;dt_scores_runtime_Wisconsin Prognostic Breast Cancer_STANDARDUNIFORM;inet_scores_soft_binary_crossentropy_Wisconsin Prognostic Breast Cancer_STANDARDUNIFORM;inet_scores_binary_crossentropy_Wisconsin Prognostic Breast Cancer_STANDARDUNIFORM;inet_scores_accuracy_Wisconsin Prognostic Breast Cancer_STANDARDUNIFORM;inet_scores_f1_score_Wisconsin Prognostic Breast Cancer_STANDARDUNIFORM;inet_scores_roc_auc_score_Wisconsin Prognostic Breast Cancer_STANDARDUNIFORM;inet_scores_runtime_Wisconsin Prognostic Breast Cancer_STANDARDUNIFORM;model_scores_soft_binary_crossentropy_Wisconsin Prognostic Breast Cancer_STANDARDUNIFORM;model_scores_binary_crossentropy_Wisconsin Prognostic Breast Cancer_STANDARDUNIFORM;model_scores_accuracy_Wisconsin Prognostic Breast Cancer_STANDARDUNIFORM;model_scores_f1_score_Wisconsin Prognostic Breast Cancer_STANDARDUNIFORM;model_scores_roc_auc_score_Wisconsin Prognostic Breast Cancer_STANDARDUNIFORM;model_scores_runtime_Wisconsin Prognostic Breast Cancer_STANDARDUNIFORM;dt_scores_soft_binary_crossentropy_['uniform', 'normal', 'gamma', 'beta', 'poisson']_Abalone_STANDARDUNIFORM;dt_scores_binary_crossentropy_['uniform', 'normal', 'gamma', 'beta', 'poisson']_Abalone_STANDARDUNIFORM;dt_scores_accuracy_['uniform', 'normal', 'gamma', 'beta', 'poisson']_Abalone_STANDARDUNIFORM;dt_scores_f1_score_['uniform', 'normal', 'gamma', 'beta', 'poisson']_Abalone_STANDARDUNIFORM;dt_scores_roc_auc_score_['uniform', 'normal', 'gamma', 'beta', 'poisson']_Abalone_STANDARDUNIFORM;dt_scores_soft_binary_crossentropy_data_random_['uniform', 'normal', 'gamma', 'beta', 'poisson']_Abalone_STANDARDUNIFORM;dt_scores_binary_crossentropy_data_random_['uniform', 'normal', 'gamma', 'beta', 'poisson']_Abalone_STANDARDUNIFORM;dt_scores_accuracy_data_random_['uniform', 'normal', 'gamma', 'beta', 'poisson']_Abalone_STANDARDUNIFORM;dt_scores_f1_score_data_random_['uniform', 'normal', 'gamma', 'beta', 'poisson']_Abalone_STANDARDUNIFORM;dt_scores_roc_auc_score_data_random_['uniform', 'normal', 'gamma', 'beta', 'poisson']_Abalone_STANDARDUNIFORM;dt_scores_runtime_['uniform', 'normal', 'gamma', 'beta', 'poisson']_Abalone_STANDARDUNIFORM;dt_scores_soft_binary_crossentropy_Abalone_STANDARDUNIFORM;dt_scores_binary_crossentropy_Abalone_STANDARDUNIFORM;dt_scores_accuracy_Abalone_STANDARDUNIFORM;dt_scores_f1_score_Abalone_STANDARDUNIFORM;dt_scores_roc_auc_score_Abalone_STANDARDUNIFORM;dt_scores_soft_binary_crossentropy_data_random_Abalone_STANDARDUNIFORM;dt_scores_binary_crossentropy_data_random_Abalone_STANDARDUNIFORM;dt_scores_accuracy_data_random_Abalone_STANDARDUNIFORM;dt_scores_f1_score_data_random_Abalone_STANDARDUNIFORM;dt_scores_roc_auc_score_data_random_Abalone_STANDARDUNIFORM;dt_scores_soft_binary_crossentropy_std_Abalone_STANDARDUNIFORM;dt_scores_binary_crossentropy_std_Abalone_STANDARDUNIFORM;dt_scores_accuracy_std_Abalone_STANDARDUNIFORM;dt_scores_f1_score_std_Abalone_STANDARDUNIFORM;dt_scores_roc_auc_score_std_Abalone_STANDARDUNIFORM;dt_scores_soft_binary_crossentropy_data_random_std_Abalone_STANDARDUNIFORM;dt_scores_binary_crossentropy_data_random_std_Abalone_STANDARDUNIFORM;dt_scores_accuracy_data_random_std_Abalone_STANDARDUNIFORM;dt_scores_f1_score_data_random_std_Abalone_STANDARDUNIFORM;dt_scores_roc_auc_score_data_random_std_Abalone_STANDARDUNIFORM;dt_scores_runtime_Abalone_STANDARDUNIFORM;inet_scores_soft_binary_crossentropy_Abalone_STANDARDUNIFORM;inet_scores_binary_crossentropy_Abalone_STANDARDUNIFORM;inet_scores_accuracy_Abalone_STANDARDUNIFORM;inet_scores_f1_score_Abalone_STANDARDUNIFORM;inet_scores_roc_auc_score_Abalone_STANDARDUNIFORM;inet_scores_runtime_Abalone_STANDARDUNIFORM;model_scores_soft_binary_crossentropy_Abalone_STANDARDUNIFORM;model_scores_binary_crossentropy_Abalone_STANDARDUNIFORM;model_scores_accuracy_Abalone_STANDARDUNIFORM;model_scores_f1_score_Abalone_STANDARDUNIFORM;model_scores_roc_auc_score_Abalone_STANDARDUNIFORM;model_scores_runtime_Abalone_STANDARDUNIFORM;dt_scores_soft_binary_crossentropy_['uniform', 'normal', 'gamma', 'beta', 'poisson']_Car_STANDARDUNIFORM;dt_scores_binary_crossentropy_['uniform', 'normal', 'gamma', 'beta', 'poisson']_Car_STANDARDUNIFORM;dt_scores_accuracy_['uniform', 'normal', 'gamma', 'beta', 'poisson']_Car_STANDARDUNIFORM;dt_scores_f1_score_['uniform', 'normal', 'gamma', 'beta', 'poisson']_Car_STANDARDUNIFORM;dt_scores_roc_auc_score_['uniform', 'normal', 'gamma', 'beta', 'poisson']_Car_STANDARDUNIFORM;dt_scores_soft_binary_crossentropy_data_random_['uniform', 'normal', 'gamma', 'beta', 'poisson']_Car_STANDARDUNIFORM;dt_scores_binary_crossentropy_data_random_['uniform', 'normal', 'gamma', 'beta', 'poisson']_Car_STANDARDUNIFORM;dt_scores_accuracy_data_random_['uniform', 'normal', 'gamma', 'beta', 'poisson']_Car_STANDARDUNIFORM;dt_scores_f1_score_data_random_['uniform', 'normal', 'gamma', 'beta', 'poisson']_Car_STANDARDUNIFORM;dt_scores_roc_auc_score_data_random_['uniform', 'normal', 'gamma', 'beta', 'poisson']_Car_STANDARDUNIFORM;dt_scores_runtime_['uniform', 'normal', 'gamma', 'beta', 'poisson']_Car_STANDARDUNIFORM;dt_scores_soft_binary_crossentropy_Car_STANDARDUNIFORM;dt_scores_binary_crossentropy_Car_STANDARDUNIFORM;dt_scores_accuracy_Car_STANDARDUNIFORM;dt_scores_f1_score_Car_STANDARDUNIFORM;dt_scores_roc_auc_score_Car_STANDARDUNIFORM;dt_scores_soft_binary_crossentropy_data_random_Car_STANDARDUNIFORM;dt_scores_binary_crossentropy_data_random_Car_STANDARDUNIFORM;dt_scores_accuracy_data_random_Car_STANDARDUNIFORM;dt_scores_f1_score_data_random_Car_STANDARDUNIFORM;dt_scores_roc_auc_score_data_random_Car_STANDARDUNIFORM;dt_scores_soft_binary_crossentropy_std_Car_STANDARDUNIFORM;dt_scores_binary_crossentropy_std_Car_STANDARDUNIFORM;dt_scores_accuracy_std_Car_STANDARDUNIFORM;dt_scores_f1_score_std_Car_STANDARDUNIFORM;dt_scores_roc_auc_score_std_Car_STANDARDUNIFORM;dt_scores_soft_binary_crossentropy_data_random_std_Car_STANDARDUNIFORM;dt_scores_binary_crossentropy_data_random_std_Car_STANDARDUNIFORM;dt_scores_accuracy_data_random_std_Car_STANDARDUNIFORM;dt_scores_f1_score_data_random_std_Car_STANDARDUNIFORM;dt_scores_roc_auc_score_data_random_std_Car_STANDARDUNIFORM;dt_scores_runtime_Car_STANDARDUNIFORM;inet_scores_soft_binary_crossentropy_Car_STANDARDUNIFORM;inet_scores_binary_crossentropy_Car_STANDARDUNIFORM;inet_scores_accuracy_Car_STANDARDUNIFORM;inet_scores_f1_score_Car_STANDARDUNIFORM;inet_scores_roc_auc_score_Car_STANDARDUNIFORM;inet_scores_runtime_Car_STANDARDUNIFORM;model_scores_soft_binary_crossentropy_Car_STANDARDUNIFORM;model_scores_binary_crossentropy_Car_STANDARDUNIFORM;model_scores_accuracy_Car_STANDARDUNIFORM;model_scores_f1_score_Car_STANDARDUNIFORM;model_scores_roc_auc_score_Car_STANDARDUNIFORM;model_scores_runtime_Car_STANDARDUNIFORM;dt_scores_soft_binary_crossentropy_['uniform', 'normal', 'gamma', 'beta', 'poisson']_Heart Disease_STANDARDUNIFORM;dt_scores_binary_crossentropy_['uniform', 'normal', 'gamma', 'beta', 'poisson']_Heart Disease_STANDARDUNIFORM;dt_scores_accuracy_['uniform', 'normal', 'gamma', 'beta', 'poisson']_Heart Disease_STANDARDUNIFORM;dt_scores_f1_score_['uniform', 'normal', 'gamma', 'beta', 'poisson']_Heart Disease_STANDARDUNIFORM;dt_scores_roc_auc_score_['uniform', 'normal', 'gamma', 'beta', 'poisson']_Heart Disease_STANDARDUNIFORM;dt_scores_soft_binary_crossentropy_data_random_['uniform', 'normal', 'gamma', 'beta', 'poisson']_Heart Disease_STANDARDUNIFORM;dt_scores_binary_crossentropy_data_random_['uniform', 'normal', 'gamma', 'beta', 'poisson']_Heart Disease_STANDARDUNIFORM;dt_scores_accuracy_data_random_['uniform', 'normal', 'gamma', 'beta', 'poisson']_Heart Disease_STANDARDUNIFORM;dt_scores_f1_score_data_random_['uniform', 'normal', 'gamma', 'beta', 'poisson']_Heart Disease_STANDARDUNIFORM;dt_scores_roc_auc_score_data_random_['uniform', 'normal', 'gamma', 'beta', 'poisson']_Heart Disease_STANDARDUNIFORM;dt_scores_runtime_['uniform', 'normal', 'gamma', 'beta', 'poisson']_Heart Disease_STANDARDUNIFORM;dt_scores_soft_binary_crossentropy_Heart Disease_STANDARDUNIFORM;dt_scores_binary_crossentropy_Heart Disease_STANDARDUNIFORM;dt_scores_accuracy_Heart Disease_STANDARDUNIFORM;dt_scores_f1_score_Heart Disease_STANDARDUNIFORM;dt_scores_roc_auc_score_Heart Disease_STANDARDUNIFORM;dt_scores_soft_binary_crossentropy_data_random_Heart Disease_STANDARDUNIFORM;dt_scores_binary_crossentropy_data_random_Heart Disease_STANDARDUNIFORM;dt_scores_accuracy_data_random_Heart Disease_STANDARDUNIFORM;dt_scores_f1_score_data_random_Heart Disease_STANDARDUNIFORM;dt_scores_roc_auc_score_data_random_Heart Disease_STANDARDUNIFORM;dt_scores_soft_binary_crossentropy_std_Heart Disease_STANDARDUNIFORM;dt_scores_binary_crossentropy_std_Heart Disease_STANDARDUNIFORM;dt_scores_accuracy_std_Heart Disease_STANDARDUNIFORM;dt_scores_f1_score_std_Heart Disease_STANDARDUNIFORM;dt_scores_roc_auc_score_std_Heart Disease_STANDARDUNIFORM;dt_scores_soft_binary_crossentropy_data_random_std_Heart Disease_STANDARDUNIFORM;dt_scores_binary_crossentropy_data_random_std_Heart Disease_STANDARDUNIFORM;dt_scores_accuracy_data_random_std_Heart Disease_STANDARDUNIFORM;dt_scores_f1_score_data_random_std_Heart Disease_STANDARDUNIFORM;dt_scores_roc_auc_score_data_random_std_Heart Disease_STANDARDUNIFORM;dt_scores_runtime_Heart Disease_STANDARDUNIFORM;inet_scores_soft_binary_crossentropy_Heart Disease_STANDARDUNIFORM;inet_scores_binary_crossentropy_Heart Disease_STANDARDUNIFORM;inet_scores_accuracy_Heart Disease_STANDARDUNIFORM;inet_scores_f1_score_Heart Disease_STANDARDUNIFORM;inet_scores_roc_auc_score_Heart Disease_STANDARDUNIFORM;inet_scores_runtime_Heart Disease_STANDARDUNIFORM;model_scores_soft_binary_crossentropy_Heart Disease_STANDARDUNIFORM;model_scores_binary_crossentropy_Heart Disease_STANDARDUNIFORM;model_scores_accuracy_Heart Disease_STANDARDUNIFORM;model_scores_f1_score_Heart Disease_STANDARDUNIFORM;model_scores_roc_auc_score_Heart Disease_STANDARDUNIFORM;model_scores_runtime_Heart Disease_STANDARDUNIFORM;dt_scores_soft_binary_crossentropy_['uniform', 'normal', 'gamma', 'beta', 'poisson']_Credit Card_STANDARDUNIFORM;dt_scores_binary_crossentropy_['uniform', 'normal', 'gamma', 'beta', 'poisson']_Credit Card_STANDARDUNIFORM;dt_scores_accuracy_['uniform', 'normal', 'gamma', 'beta', 'poisson']_Credit Card_STANDARDUNIFORM;dt_scores_f1_score_['uniform', 'normal', 'gamma', 'beta', 'poisson']_Credit Card_STANDARDUNIFORM;dt_scores_roc_auc_score_['uniform', 'normal', 'gamma', 'beta', 'poisson']_Credit Card_STANDARDUNIFORM;dt_scores_soft_binary_crossentropy_data_random_['uniform', 'normal', 'gamma', 'beta', 'poisson']_Credit Card_STANDARDUNIFORM;dt_scores_binary_crossentropy_data_random_['uniform', 'normal', 'gamma', 'beta', 'poisson']_Credit Card_STANDARDUNIFORM;dt_scores_accuracy_data_random_['uniform', 'normal', 'gamma', 'beta', 'poisson']_Credit Card_STANDARDUNIFORM;dt_scores_f1_score_data_random_['uniform', 'normal', 'gamma', 'beta', 'poisson']_Credit Card_STANDARDUNIFORM;dt_scores_roc_auc_score_data_random_['uniform', 'normal', 'gamma', 'beta', 'poisson']_Credit Card_STANDARDUNIFORM;dt_scores_runtime_['uniform', 'normal', 'gamma', 'beta', 'poisson']_Credit Card_STANDARDUNIFORM;dt_scores_soft_binary_crossentropy_Credit Card_STANDARDUNIFORM;dt_scores_binary_crossentropy_Credit Card_STANDARDUNIFORM;dt_scores_accuracy_Credit Card_STANDARDUNIFORM;dt_scores_f1_score_Credit Card_STANDARDUNIFORM;dt_scores_roc_auc_score_Credit Card_STANDARDUNIFORM;dt_scores_soft_binary_crossentropy_data_random_Credit Card_STANDARDUNIFORM;dt_scores_binary_crossentropy_data_random_Credit Card_STANDARDUNIFORM;dt_scores_accuracy_data_random_Credit Card_STANDARDUNIFORM;dt_scores_f1_score_data_random_Credit Card_STANDARDUNIFORM;dt_scores_roc_auc_score_data_random_Credit Card_STANDARDUNIFORM;dt_scores_soft_binary_crossentropy_std_Credit Card_STANDARDUNIFORM;dt_scores_binary_crossentropy_std_Credit Card_STANDARDUNIFORM;dt_scores_accuracy_std_Credit Card_STANDARDUNIFORM;dt_scores_f1_score_std_Credit Card_STANDARDUNIFORM;dt_scores_roc_auc_score_std_Credit Card_STANDARDUNIFORM;dt_scores_soft_binary_crossentropy_data_random_std_Credit Card_STANDARDUNIFORM;dt_scores_binary_crossentropy_data_random_std_Credit Card_STANDARDUNIFORM;dt_scores_accuracy_data_random_std_Credit Card_STANDARDUNIFORM;dt_scores_f1_score_data_random_std_Credit Card_STANDARDUNIFORM;dt_scores_roc_auc_score_data_random_std_Credit Card_STANDARDUNIFORM;dt_scores_runtime_Credit Card_STANDARDUNIFORM;inet_scores_soft_binary_crossentropy_Credit Card_STANDARDUNIFORM;inet_scores_binary_crossentropy_Credit Card_STANDARDUNIFORM;inet_scores_accuracy_Credit Card_STANDARDUNIFORM;inet_scores_f1_score_Credit Card_STANDARDUNIFORM;inet_scores_roc_auc_score_Credit Card_STANDARDUNIFORM;inet_scores_runtime_Credit Card_STANDARDUNIFORM;model_scores_soft_binary_crossentropy_Credit Card_STANDARDUNIFORM;model_scores_binary_crossentropy_Credit Card_STANDARDUNIFORM;model_scores_accuracy_Credit Card_STANDARDUNIFORM;model_scores_f1_score_Credit Card_STANDARDUNIFORM;model_scores_roc_auc_score_Credit Card_STANDARDUNIFORM;model_scores_runtime_Credit Card_STANDARDUNIFORM;dt_scores_soft_binary_crossentropy_['uniform', 'normal', 'gamma', 'beta', 'poisson']_Haberman_STANDARDUNIFORM;dt_scores_binary_crossentropy_['uniform', 'normal', 'gamma', 'beta', 'poisson']_Haberman_STANDARDUNIFORM;dt_scores_accuracy_['uniform', 'normal', 'gamma', 'beta', 'poisson']_Haberman_STANDARDUNIFORM;dt_scores_f1_score_['uniform', 'normal', 'gamma', 'beta', 'poisson']_Haberman_STANDARDUNIFORM;dt_scores_roc_auc_score_['uniform', 'normal', 'gamma', 'beta', 'poisson']_Haberman_STANDARDUNIFORM;dt_scores_soft_binary_crossentropy_data_random_['uniform', 'normal', 'gamma', 'beta', 'poisson']_Haberman_STANDARDUNIFORM;dt_scores_binary_crossentropy_data_random_['uniform', 'normal', 'gamma', 'beta', 'poisson']_Haberman_STANDARDUNIFORM;dt_scores_accuracy_data_random_['uniform', 'normal', 'gamma', 'beta', 'poisson']_Haberman_STANDARDUNIFORM;dt_scores_f1_score_data_random_['uniform', 'normal', 'gamma', 'beta', 'poisson']_Haberman_STANDARDUNIFORM;dt_scores_roc_auc_score_data_random_['uniform', 'normal', 'gamma', 'beta', 'poisson']_Haberman_STANDARDUNIFORM;dt_scores_runtime_['uniform', 'normal', 'gamma', 'beta', 'poisson']_Haberman_STANDARDUNIFORM;dt_scores_soft_binary_crossentropy_Haberman_STANDARDUNIFORM;dt_scores_binary_crossentropy_Haberman_STANDARDUNIFORM;dt_scores_accuracy_Haberman_STANDARDUNIFORM;dt_scores_f1_score_Haberman_STANDARDUNIFORM;dt_scores_roc_auc_score_Haberman_STANDARDUNIFORM;dt_scores_soft_binary_crossentropy_data_random_Haberman_STANDARDUNIFORM;dt_scores_binary_crossentropy_data_random_Haberman_STANDARDUNIFORM;dt_scores_accuracy_data_random_Haberman_STANDARDUNIFORM;dt_scores_f1_score_data_random_Haberman_STANDARDUNIFORM;dt_scores_roc_auc_score_data_random_Haberman_STANDARDUNIFORM;dt_scores_soft_binary_crossentropy_std_Haberman_STANDARDUNIFORM;dt_scores_binary_crossentropy_std_Haberman_STANDARDUNIFORM;dt_scores_accuracy_std_Haberman_STANDARDUNIFORM;dt_scores_f1_score_std_Haberman_STANDARDUNIFORM;dt_scores_roc_auc_score_std_Haberman_STANDARDUNIFORM;dt_scores_soft_binary_crossentropy_data_random_std_Haberman_STANDARDUNIFORM;dt_scores_binary_crossentropy_data_random_std_Haberman_STANDARDUNIFORM;dt_scores_accuracy_data_random_std_Haberman_STANDARDUNIFORM;dt_scores_f1_score_data_random_std_Haberman_STANDARDUNIFORM;dt_scores_roc_auc_score_data_random_std_Haberman_STANDARDUNIFORM;dt_scores_runtime_Haberman_STANDARDUNIFORM;inet_scores_soft_binary_crossentropy_Haberman_STANDARDUNIFORM;inet_scores_binary_crossentropy_Haberman_STANDARDUNIFORM;inet_scores_accuracy_Haberman_STANDARDUNIFORM;inet_scores_f1_score_Haberman_STANDARDUNIFORM;inet_scores_roc_auc_score_Haberman_STANDARDUNIFORM;inet_scores_runtime_Haberman_STANDARDUNIFORM;model_scores_soft_binary_crossentropy_Haberman_STANDARDUNIFORM;model_scores_binary_crossentropy_Haberman_STANDARDUNIFORM;model_scores_accuracy_Haberman_STANDARDUNIFORM;model_scores_f1_score_Haberman_STANDARDUNIFORM;model_scores_roc_auc_score_Haberman_STANDARDUNIFORM;model_scores_runtime_Haberman_STANDARDUNIFORM;dt_scores_soft_binary_crossentropy_['uniform', 'normal', 'gamma', 'beta', 'poisson']_Adult_STANDARDUNIFORM;dt_scores_binary_crossentropy_['uniform', 'normal', 'gamma', 'beta', 'poisson']_Adult_STANDARDUNIFORM;dt_scores_accuracy_['uniform', 'normal', 'gamma', 'beta', 'poisson']_Adult_STANDARDUNIFORM;dt_scores_f1_score_['uniform', 'normal', 'gamma', 'beta', 'poisson']_Adult_STANDARDUNIFORM;dt_scores_roc_auc_score_['uniform', 'normal', 'gamma', 'beta', 'poisson']_Adult_STANDARDUNIFORM;dt_scores_soft_binary_crossentropy_data_random_['uniform', 'normal', 'gamma', 'beta', 'poisson']_Adult_STANDARDUNIFORM;dt_scores_binary_crossentropy_data_random_['uniform', 'normal', 'gamma', 'beta', 'poisson']_Adult_STANDARDUNIFORM;dt_scores_accuracy_data_random_['uniform', 'normal', 'gamma', 'beta', 'poisson']_Adult_STANDARDUNIFORM;dt_scores_f1_score_data_random_['uniform', 'normal', 'gamma', 'beta', 'poisson']_Adult_STANDARDUNIFORM;dt_scores_roc_auc_score_data_random_['uniform', 'normal', 'gamma', 'beta', 'poisson']_Adult_STANDARDUNIFORM;dt_scores_runtime_['uniform', 'normal', 'gamma', 'beta', 'poisson']_Adult_STANDARDUNIFORM;dt_scores_soft_binary_crossentropy_Adult_STANDARDUNIFORM;dt_scores_binary_crossentropy_Adult_STANDARDUNIFORM;dt_scores_accuracy_Adult_STANDARDUNIFORM;dt_scores_f1_score_Adult_STANDARDUNIFORM;dt_scores_roc_auc_score_Adult_STANDARDUNIFORM;dt_scores_soft_binary_crossentropy_data_random_Adult_STANDARDUNIFORM;dt_scores_binary_crossentropy_data_random_Adult_STANDARDUNIFORM;dt_scores_accuracy_data_random_Adult_STANDARDUNIFORM;dt_scores_f1_score_data_random_Adult_STANDARDUNIFORM;dt_scores_roc_auc_score_data_random_Adult_STANDARDUNIFORM;dt_scores_soft_binary_crossentropy_std_Adult_STANDARDUNIFORM;dt_scores_binary_crossentropy_std_Adult_STANDARDUNIFORM;dt_scores_accuracy_std_Adult_STANDARDUNIFORM;dt_scores_f1_score_std_Adult_STANDARDUNIFORM;dt_scores_roc_auc_score_std_Adult_STANDARDUNIFORM;dt_scores_soft_binary_crossentropy_data_random_std_Adult_STANDARDUNIFORM;dt_scores_binary_crossentropy_data_random_std_Adult_STANDARDUNIFORM;dt_scores_accuracy_data_random_std_Adult_STANDARDUNIFORM;dt_scores_f1_score_data_random_std_Adult_STANDARDUNIFORM;dt_scores_roc_auc_score_data_random_std_Adult_STANDARDUNIFORM;dt_scores_runtime_Adult_STANDARDUNIFORM;inet_scores_soft_binary_crossentropy_Adult_STANDARDUNIFORM;inet_scores_binary_crossentropy_Adult_STANDARDUNIFORM;inet_scores_accuracy_Adult_STANDARDUNIFORM;inet_scores_f1_score_Adult_STANDARDUNIFORM;inet_scores_roc_auc_score_Adult_STANDARDUNIFORM;inet_scores_runtime_Adult_STANDARDUNIFORM;model_scores_soft_binary_crossentropy_Adult_STANDARDUNIFORM;model_scores_binary_crossentropy_Adult_STANDARDUNIFORM;model_scores_accuracy_Adult_STANDARDUNIFORM;model_scores_f1_score_Adult_STANDARDUNIFORM;model_scores_roc_auc_score_Adult_STANDARDUNIFORM;model_scores_runtime_Adult_STANDARDUNIFORM;dt_scores_soft_binary_crossentropy_['uniform', 'normal', 'gamma', 'beta', 'poisson']_Titanic_STANDARDUNIFORM;dt_scores_binary_crossentropy_['uniform', 'normal', 'gamma', 'beta', 'poisson']_Titanic_STANDARDUNIFORM;dt_scores_accuracy_['uniform', 'normal', 'gamma', 'beta', 'poisson']_Titanic_STANDARDUNIFORM;dt_scores_f1_score_['uniform', 'normal', 'gamma', 'beta', 'poisson']_Titanic_STANDARDUNIFORM;dt_scores_roc_auc_score_['uniform', 'normal', 'gamma', 'beta', 'poisson']_Titanic_STANDARDUNIFORM;dt_scores_soft_binary_crossentropy_data_random_['uniform', 'normal', 'gamma', 'beta', 'poisson']_Titanic_STANDARDUNIFORM;dt_scores_binary_crossentropy_data_random_['uniform', 'normal', 'gamma', 'beta', 'poisson']_Titanic_STANDARDUNIFORM;dt_scores_accuracy_data_random_['uniform', 'normal', 'gamma', 'beta', 'poisson']_Titanic_STANDARDUNIFORM;dt_scores_f1_score_data_random_['uniform', 'normal', 'gamma', 'beta', 'poisson']_Titanic_STANDARDUNIFORM;dt_scores_roc_auc_score_data_random_['uniform', 'normal', 'gamma', 'beta', 'poisson']_Titanic_STANDARDUNIFORM;dt_scores_runtime_['uniform', 'normal', 'gamma', 'beta', 'poisson']_Titanic_STANDARDUNIFORM;dt_scores_soft_binary_crossentropy_Titanic_STANDARDUNIFORM;dt_scores_binary_crossentropy_Titanic_STANDARDUNIFORM;dt_scores_accuracy_Titanic_STANDARDUNIFORM;dt_scores_f1_score_Titanic_STANDARDUNIFORM;dt_scores_roc_auc_score_Titanic_STANDARDUNIFORM;dt_scores_soft_binary_crossentropy_data_random_Titanic_STANDARDUNIFORM;dt_scores_binary_crossentropy_data_random_Titanic_STANDARDUNIFORM;dt_scores_accuracy_data_random_Titanic_STANDARDUNIFORM;dt_scores_f1_score_data_random_Titanic_STANDARDUNIFORM;dt_scores_roc_auc_score_data_random_Titanic_STANDARDUNIFORM;dt_scores_soft_binary_crossentropy_std_Titanic_STANDARDUNIFORM;dt_scores_binary_crossentropy_std_Titanic_STANDARDUNIFORM;dt_scores_accuracy_std_Titanic_STANDARDUNIFORM;dt_scores_f1_score_std_Titanic_STANDARDUNIFORM;dt_scores_roc_auc_score_std_Titanic_STANDARDUNIFORM;dt_scores_soft_binary_crossentropy_data_random_std_Titanic_STANDARDUNIFORM;dt_scores_binary_crossentropy_data_random_std_Titanic_STANDARDUNIFORM;dt_scores_accuracy_data_random_std_Titanic_STANDARDUNIFORM;dt_scores_f1_score_data_random_std_Titanic_STANDARDUNIFORM;dt_scores_roc_auc_score_data_random_std_Titanic_STANDARDUNIFORM;dt_scores_runtime_Titanic_STANDARDUNIFORM;inet_scores_soft_binary_crossentropy_Titanic_STANDARDUNIFORM;inet_scores_binary_crossentropy_Titanic_STANDARDUNIFORM;inet_scores_accuracy_Titanic_STANDARDUNIFORM;inet_scores_f1_score_Titanic_STANDARDUNIFORM;inet_scores_roc_auc_score_Titanic_STANDARDUNIFORM;inet_scores_runtime_Titanic_STANDARDUNIFORM;model_scores_soft_binary_crossentropy_Titanic_STANDARDUNIFORM;model_scores_binary_crossentropy_Titanic_STANDARDUNIFORM;model_scores_accuracy_Titanic_STANDARDUNIFORM;model_scores_f1_score_Titanic_STANDARDUNIFORM;model_scores_roc_auc_score_Titanic_STANDARDUNIFORM;model_scores_runtime_Titanic_STANDARDUNIFORM;dt_scores_soft_binary_crossentropy_['uniform', 'normal', 'gamma', 'beta', 'poisson']_Absenteeism_STANDARDUNIFORM;dt_scores_binary_crossentropy_['uniform', 'normal', 'gamma', 'beta', 'poisson']_Absenteeism_STANDARDUNIFORM;dt_scores_accuracy_['uniform', 'normal', 'gamma', 'beta', 'poisson']_Absenteeism_STANDARDUNIFORM;dt_scores_f1_score_['uniform', 'normal', 'gamma', 'beta', 'poisson']_Absenteeism_STANDARDUNIFORM;dt_scores_roc_auc_score_['uniform', 'normal', 'gamma', 'beta', 'poisson']_Absenteeism_STANDARDUNIFORM;dt_scores_soft_binary_crossentropy_data_random_['uniform', 'normal', 'gamma', 'beta', 'poisson']_Absenteeism_STANDARDUNIFORM;dt_scores_binary_crossentropy_data_random_['uniform', 'normal', 'gamma', 'beta', 'poisson']_Absenteeism_STANDARDUNIFORM;dt_scores_accuracy_data_random_['uniform', 'normal', 'gamma', 'beta', 'poisson']_Absenteeism_STANDARDUNIFORM;dt_scores_f1_score_data_random_['uniform', 'normal', 'gamma', 'beta', 'poisson']_Absenteeism_STANDARDUNIFORM;dt_scores_roc_auc_score_data_random_['uniform', 'normal', 'gamma', 'beta', 'poisson']_Absenteeism_STANDARDUNIFORM;dt_scores_runtime_['uniform', 'normal', 'gamma', 'beta', 'poisson']_Absenteeism_STANDARDUNIFORM;dt_scores_soft_binary_crossentropy_Absenteeism_STANDARDUNIFORM;dt_scores_binary_crossentropy_Absenteeism_STANDARDUNIFORM;dt_scores_accuracy_Absenteeism_STANDARDUNIFORM;dt_scores_f1_score_Absenteeism_STANDARDUNIFORM;dt_scores_roc_auc_score_Absenteeism_STANDARDUNIFORM;dt_scores_soft_binary_crossentropy_data_random_Absenteeism_STANDARDUNIFORM;dt_scores_binary_crossentropy_data_random_Absenteeism_STANDARDUNIFORM;dt_scores_accuracy_data_random_Absenteeism_STANDARDUNIFORM;dt_scores_f1_score_data_random_Absenteeism_STANDARDUNIFORM;dt_scores_roc_auc_score_data_random_Absenteeism_STANDARDUNIFORM;dt_scores_soft_binary_crossentropy_std_Absenteeism_STANDARDUNIFORM;dt_scores_binary_crossentropy_std_Absenteeism_STANDARDUNIFORM;dt_scores_accuracy_std_Absenteeism_STANDARDUNIFORM;dt_scores_f1_score_std_Absenteeism_STANDARDUNIFORM;dt_scores_roc_auc_score_std_Absenteeism_STANDARDUNIFORM;dt_scores_soft_binary_crossentropy_data_random_std_Absenteeism_STANDARDUNIFORM;dt_scores_binary_crossentropy_data_random_std_Absenteeism_STANDARDUNIFORM;dt_scores_accuracy_data_random_std_Absenteeism_STANDARDUNIFORM;dt_scores_f1_score_data_random_std_Absenteeism_STANDARDUNIFORM;dt_scores_roc_auc_score_data_random_std_Absenteeism_STANDARDUNIFORM;dt_scores_runtime_Absenteeism_STANDARDUNIFORM;inet_scores_soft_binary_crossentropy_Absenteeism_STANDARDUNIFORM;inet_scores_binary_crossentropy_Absenteeism_STANDARDUNIFORM;inet_scores_accuracy_Absenteeism_STANDARDUNIFORM;inet_scores_f1_score_Absenteeism_STANDARDUNIFORM;inet_scores_roc_auc_score_Absenteeism_STANDARDUNIFORM;inet_scores_runtime_Absenteeism_STANDARDUNIFORM;model_scores_soft_binary_crossentropy_Absenteeism_STANDARDUNIFORM;model_scores_binary_crossentropy_Absenteeism_STANDARDUNIFORM;model_scores_accuracy_Absenteeism_STANDARDUNIFORM;model_scores_f1_score_Absenteeism_STANDARDUNIFORM;model_scores_roc_auc_score_Absenteeism_STANDARDUNIFORM;model_scores_runtime_Absenteeism_STANDARDUNIFORM;dt_scores_soft_binary_crossentropy_['uniform', 'normal', 'gamma', 'beta', 'poisson']_Loan House_STANDARDUNIFORM;dt_scores_binary_crossentropy_['uniform', 'normal', 'gamma', 'beta', 'poisson']_Loan House_STANDARDUNIFORM;dt_scores_accuracy_['uniform', 'normal', 'gamma', 'beta', 'poisson']_Loan House_STANDARDUNIFORM;dt_scores_f1_score_['uniform', 'normal', 'gamma', 'beta', 'poisson']_Loan House_STANDARDUNIFORM;dt_scores_roc_auc_score_['uniform', 'normal', 'gamma', 'beta', 'poisson']_Loan House_STANDARDUNIFORM;dt_scores_soft_binary_crossentropy_data_random_['uniform', 'normal', 'gamma', 'beta', 'poisson']_Loan House_STANDARDUNIFORM;dt_scores_binary_crossentropy_data_random_['uniform', 'normal', 'gamma', 'beta', 'poisson']_Loan House_STANDARDUNIFORM;dt_scores_accuracy_data_random_['uniform', 'normal', 'gamma', 'beta', 'poisson']_Loan House_STANDARDUNIFORM;dt_scores_f1_score_data_random_['uniform', 'normal', 'gamma', 'beta', 'poisson']_Loan House_STANDARDUNIFORM;dt_scores_roc_auc_score_data_random_['uniform', 'normal', 'gamma', 'beta', 'poisson']_Loan House_STANDARDUNIFORM;dt_scores_runtime_['uniform', 'normal', 'gamma', 'beta', 'poisson']_Loan House_STANDARDUNIFORM;dt_scores_soft_binary_crossentropy_Loan House_STANDARDUNIFORM;dt_scores_binary_crossentropy_Loan House_STANDARDUNIFORM;dt_scores_accuracy_Loan House_STANDARDUNIFORM;dt_scores_f1_score_Loan House_STANDARDUNIFORM;dt_scores_roc_auc_score_Loan House_STANDARDUNIFORM;dt_scores_soft_binary_crossentropy_data_random_Loan House_STANDARDUNIFORM;dt_scores_binary_crossentropy_data_random_Loan House_STANDARDUNIFORM;dt_scores_accuracy_data_random_Loan House_STANDARDUNIFORM;dt_scores_f1_score_data_random_Loan House_STANDARDUNIFORM;dt_scores_roc_auc_score_data_random_Loan House_STANDARDUNIFORM;dt_scores_soft_binary_crossentropy_std_Loan House_STANDARDUNIFORM;dt_scores_binary_crossentropy_std_Loan House_STANDARDUNIFORM;dt_scores_accuracy_std_Loan House_STANDARDUNIFORM;dt_scores_f1_score_std_Loan House_STANDARDUNIFORM;dt_scores_roc_auc_score_std_Loan House_STANDARDUNIFORM;dt_scores_soft_binary_crossentropy_data_random_std_Loan House_STANDARDUNIFORM;dt_scores_binary_crossentropy_data_random_std_Loan House_STANDARDUNIFORM;dt_scores_accuracy_data_random_std_Loan House_STANDARDUNIFORM;dt_scores_f1_score_data_random_std_Loan House_STANDARDUNIFORM;dt_scores_roc_auc_score_data_random_std_Loan House_STANDARDUNIFORM;dt_scores_runtime_Loan House_STANDARDUNIFORM;inet_scores_soft_binary_crossentropy_Loan House_STANDARDUNIFORM;inet_scores_binary_crossentropy_Loan House_STANDARDUNIFORM;inet_scores_accuracy_Loan House_STANDARDUNIFORM;inet_scores_f1_score_Loan House_STANDARDUNIFORM;inet_scores_roc_auc_score_Loan House_STANDARDUNIFORM;inet_scores_runtime_Loan House_STANDARDUNIFORM;model_scores_soft_binary_crossentropy_Loan House_STANDARDUNIFORM;model_scores_binary_crossentropy_Loan House_STANDARDUNIFORM;model_scores_accuracy_Loan House_STANDARDUNIFORM;model_scores_f1_score_Loan House_STANDARDUNIFORM;model_scores_roc_auc_score_Loan House_STANDARDUNIFORM;model_scores_runtime_Loan House_STANDARDUNIFORM;dt_scores_soft_binary_crossentropy_['uniform', 'normal', 'gamma', 'beta', 'poisson']_Loan Credit_STANDARDUNIFORM;dt_scores_binary_crossentropy_['uniform', 'normal', 'gamma', 'beta', 'poisson']_Loan Credit_STANDARDUNIFORM;dt_scores_accuracy_['uniform', 'normal', 'gamma', 'beta', 'poisson']_Loan Credit_STANDARDUNIFORM;dt_scores_f1_score_['uniform', 'normal', 'gamma', 'beta', 'poisson']_Loan Credit_STANDARDUNIFORM;dt_scores_roc_auc_score_['uniform', 'normal', 'gamma', 'beta', 'poisson']_Loan Credit_STANDARDUNIFORM;dt_scores_soft_binary_crossentropy_data_random_['uniform', 'normal', 'gamma', 'beta', 'poisson']_Loan Credit_STANDARDUNIFORM;dt_scores_binary_crossentropy_data_random_['uniform', 'normal', 'gamma', 'beta', 'poisson']_Loan Credit_STANDARDUNIFORM;dt_scores_accuracy_data_random_['uniform', 'normal', 'gamma', 'beta', 'poisson']_Loan Credit_STANDARDUNIFORM;dt_scores_f1_score_data_random_['uniform', 'normal', 'gamma', 'beta', 'poisson']_Loan Credit_STANDARDUNIFORM;dt_scores_roc_auc_score_data_random_['uniform', 'normal', 'gamma', 'beta', 'poisson']_Loan Credit_STANDARDUNIFORM;dt_scores_runtime_['uniform', 'normal', 'gamma', 'beta', 'poisson']_Loan Credit_STANDARDUNIFORM;dt_scores_soft_binary_crossentropy_Loan Credit_STANDARDUNIFORM;dt_scores_binary_crossentropy_Loan Credit_STANDARDUNIFORM;dt_scores_accuracy_Loan Credit_STANDARDUNIFORM;dt_scores_f1_score_Loan Credit_STANDARDUNIFORM;dt_scores_roc_auc_score_Loan Credit_STANDARDUNIFORM;dt_scores_soft_binary_crossentropy_data_random_Loan Credit_STANDARDUNIFORM;dt_scores_binary_crossentropy_data_random_Loan Credit_STANDARDUNIFORM;dt_scores_accuracy_data_random_Loan Credit_STANDARDUNIFORM;dt_scores_f1_score_data_random_Loan Credit_STANDARDUNIFORM;dt_scores_roc_auc_score_data_random_Loan Credit_STANDARDUNIFORM;dt_scores_soft_binary_crossentropy_std_Loan Credit_STANDARDUNIFORM;dt_scores_binary_crossentropy_std_Loan Credit_STANDARDUNIFORM;dt_scores_accuracy_std_Loan Credit_STANDARDUNIFORM;dt_scores_f1_score_std_Loan Credit_STANDARDUNIFORM;dt_scores_roc_auc_score_std_Loan Credit_STANDARDUNIFORM;dt_scores_soft_binary_crossentropy_data_random_std_Loan Credit_STANDARDUNIFORM;dt_scores_binary_crossentropy_data_random_std_Loan Credit_STANDARDUNIFORM;dt_scores_accuracy_data_random_std_Loan Credit_STANDARDUNIFORM;dt_scores_f1_score_data_random_std_Loan Credit_STANDARDUNIFORM;dt_scores_roc_auc_score_data_random_std_Loan Credit_STANDARDUNIFORM;dt_scores_runtime_Loan Credit_STANDARDUNIFORM;inet_scores_soft_binary_crossentropy_Loan Credit_STANDARDUNIFORM;inet_scores_binary_crossentropy_Loan Credit_STANDARDUNIFORM;inet_scores_accuracy_Loan Credit_STANDARDUNIFORM;inet_scores_f1_score_Loan Credit_STANDARDUNIFORM;inet_scores_roc_auc_score_Loan Credit_STANDARDUNIFORM;inet_scores_runtime_Loan Credit_STANDARDUNIFORM;model_scores_soft_binary_crossentropy_Loan Credit_STANDARDUNIFORM;model_scores_binary_crossentropy_Loan Credit_STANDARDUNIFORM;model_scores_accuracy_Loan Credit_STANDARDUNIFORM;model_scores_f1_score_Loan Credit_STANDARDUNIFORM;model_scores_roc_auc_score_Loan Credit_STANDARDUNIFORM;model_scores_runtime_Loan Credit_STANDARDUNIFORM;dt_scores_soft_binary_crossentropy_['uniform', 'normal', 'gamma', 'beta', 'poisson']_Medical Insurance_STANDARDUNIFORM;dt_scores_binary_crossentropy_['uniform', 'normal', 'gamma', 'beta', 'poisson']_Medical Insurance_STANDARDUNIFORM;dt_scores_accuracy_['uniform', 'normal', 'gamma', 'beta', 'poisson']_Medical Insurance_STANDARDUNIFORM;dt_scores_f1_score_['uniform', 'normal', 'gamma', 'beta', 'poisson']_Medical Insurance_STANDARDUNIFORM;dt_scores_roc_auc_score_['uniform', 'normal', 'gamma', 'beta', 'poisson']_Medical Insurance_STANDARDUNIFORM;dt_scores_soft_binary_crossentropy_data_random_['uniform', 'normal', 'gamma', 'beta', 'poisson']_Medical Insurance_STANDARDUNIFORM;dt_scores_binary_crossentropy_data_random_['uniform', 'normal', 'gamma', 'beta', 'poisson']_Medical Insurance_STANDARDUNIFORM;dt_scores_accuracy_data_random_['uniform', 'normal', 'gamma', 'beta', 'poisson']_Medical Insurance_STANDARDUNIFORM;dt_scores_f1_score_data_random_['uniform', 'normal', 'gamma', 'beta', 'poisson']_Medical Insurance_STANDARDUNIFORM;dt_scores_roc_auc_score_data_random_['uniform', 'normal', 'gamma', 'beta', 'poisson']_Medical Insurance_STANDARDUNIFORM;dt_scores_runtime_['uniform', 'normal', 'gamma', 'beta', 'poisson']_Medical Insurance_STANDARDUNIFORM;dt_scores_soft_binary_crossentropy_Medical Insurance_STANDARDUNIFORM;dt_scores_binary_crossentropy_Medical Insurance_STANDARDUNIFORM;dt_scores_accuracy_Medical Insurance_STANDARDUNIFORM;dt_scores_f1_score_Medical Insurance_STANDARDUNIFORM;dt_scores_roc_auc_score_Medical Insurance_STANDARDUNIFORM;dt_scores_soft_binary_crossentropy_data_random_Medical Insurance_STANDARDUNIFORM;dt_scores_binary_crossentropy_data_random_Medical Insurance_STANDARDUNIFORM;dt_scores_accuracy_data_random_Medical Insurance_STANDARDUNIFORM;dt_scores_f1_score_data_random_Medical Insurance_STANDARDUNIFORM;dt_scores_roc_auc_score_data_random_Medical Insurance_STANDARDUNIFORM;dt_scores_soft_binary_crossentropy_std_Medical Insurance_STANDARDUNIFORM;dt_scores_binary_crossentropy_std_Medical Insurance_STANDARDUNIFORM;dt_scores_accuracy_std_Medical Insurance_STANDARDUNIFORM;dt_scores_f1_score_std_Medical Insurance_STANDARDUNIFORM;dt_scores_roc_auc_score_std_Medical Insurance_STANDARDUNIFORM;dt_scores_soft_binary_crossentropy_data_random_std_Medical Insurance_STANDARDUNIFORM;dt_scores_binary_crossentropy_data_random_std_Medical Insurance_STANDARDUNIFORM;dt_scores_accuracy_data_random_std_Medical Insurance_STANDARDUNIFORM;dt_scores_f1_score_data_random_std_Medical Insurance_STANDARDUNIFORM;dt_scores_roc_auc_score_data_random_std_Medical Insurance_STANDARDUNIFORM;dt_scores_runtime_Medical Insurance_STANDARDUNIFORM;inet_scores_soft_binary_crossentropy_Medical Insurance_STANDARDUNIFORM;inet_scores_binary_crossentropy_Medical Insurance_STANDARDUNIFORM;inet_scores_accuracy_Medical Insurance_STANDARDUNIFORM;inet_scores_f1_score_Medical Insurance_STANDARDUNIFORM;inet_scores_roc_auc_score_Medical Insurance_STANDARDUNIFORM;inet_scores_runtime_Medical Insurance_STANDARDUNIFORM;model_scores_soft_binary_crossentropy_Medical Insurance_STANDARDUNIFORM;model_scores_binary_crossentropy_Medical Insurance_STANDARDUNIFORM;model_scores_accuracy_Medical Insurance_STANDARDUNIFORM;model_scores_f1_score_Medical Insurance_STANDARDUNIFORM;model_scores_roc_auc_score_Medical Insurance_STANDARDUNIFORM;model_scores_runtime_Medical Insurance_STANDARDUNIFORM;dt_scores_soft_binary_crossentropy_['uniform', 'normal', 'gamma', 'beta', 'poisson']_Bank Marketing_STANDARDUNIFORM;dt_scores_binary_crossentropy_['uniform', 'normal', 'gamma', 'beta', 'poisson']_Bank Marketing_STANDARDUNIFORM;dt_scores_accuracy_['uniform', 'normal', 'gamma', 'beta', 'poisson']_Bank Marketing_STANDARDUNIFORM;dt_scores_f1_score_['uniform', 'normal', 'gamma', 'beta', 'poisson']_Bank Marketing_STANDARDUNIFORM;dt_scores_roc_auc_score_['uniform', 'normal', 'gamma', 'beta', 'poisson']_Bank Marketing_STANDARDUNIFORM;dt_scores_soft_binary_crossentropy_data_random_['uniform', 'normal', 'gamma', 'beta', 'poisson']_Bank Marketing_STANDARDUNIFORM;dt_scores_binary_crossentropy_data_random_['uniform', 'normal', 'gamma', 'beta', 'poisson']_Bank Marketing_STANDARDUNIFORM;dt_scores_accuracy_data_random_['uniform', 'normal', 'gamma', 'beta', 'poisson']_Bank Marketing_STANDARDUNIFORM;dt_scores_f1_score_data_random_['uniform', 'normal', 'gamma', 'beta', 'poisson']_Bank Marketing_STANDARDUNIFORM;dt_scores_roc_auc_score_data_random_['uniform', 'normal', 'gamma', 'beta', 'poisson']_Bank Marketing_STANDARDUNIFORM;dt_scores_runtime_['uniform', 'normal', 'gamma', 'beta', 'poisson']_Bank Marketing_STANDARDUNIFORM;dt_scores_soft_binary_crossentropy_Bank Marketing_STANDARDUNIFORM;dt_scores_binary_crossentropy_Bank Marketing_STANDARDUNIFORM;dt_scores_accuracy_Bank Marketing_STANDARDUNIFORM;dt_scores_f1_score_Bank Marketing_STANDARDUNIFORM;dt_scores_roc_auc_score_Bank Marketing_STANDARDUNIFORM;dt_scores_soft_binary_crossentropy_data_random_Bank Marketing_STANDARDUNIFORM;dt_scores_binary_crossentropy_data_random_Bank Marketing_STANDARDUNIFORM;dt_scores_accuracy_data_random_Bank Marketing_STANDARDUNIFORM;dt_scores_f1_score_data_random_Bank Marketing_STANDARDUNIFORM;dt_scores_roc_auc_score_data_random_Bank Marketing_STANDARDUNIFORM;dt_scores_soft_binary_crossentropy_std_Bank Marketing_STANDARDUNIFORM;dt_scores_binary_crossentropy_std_Bank Marketing_STANDARDUNIFORM;dt_scores_accuracy_std_Bank Marketing_STANDARDUNIFORM;dt_scores_f1_score_std_Bank Marketing_STANDARDUNIFORM;dt_scores_roc_auc_score_std_Bank Marketing_STANDARDUNIFORM;dt_scores_soft_binary_crossentropy_data_random_std_Bank Marketing_STANDARDUNIFORM;dt_scores_binary_crossentropy_data_random_std_Bank Marketing_STANDARDUNIFORM;dt_scores_accuracy_data_random_std_Bank Marketing_STANDARDUNIFORM;dt_scores_f1_score_data_random_std_Bank Marketing_STANDARDUNIFORM;dt_scores_roc_auc_score_data_random_std_Bank Marketing_STANDARDUNIFORM;dt_scores_runtime_Bank Marketing_STANDARDUNIFORM;inet_scores_soft_binary_crossentropy_Bank Marketing_STANDARDUNIFORM;inet_scores_binary_crossentropy_Bank Marketing_STANDARDUNIFORM;inet_scores_accuracy_Bank Marketing_STANDARDUNIFORM;inet_scores_f1_score_Bank Marketing_STANDARDUNIFORM;inet_scores_roc_auc_score_Bank Marketing_STANDARDUNIFORM;inet_scores_runtime_Bank Marketing_STANDARDUNIFORM;model_scores_soft_binary_crossentropy_Bank Marketing_STANDARDUNIFORM;model_scores_binary_crossentropy_Bank Marketing_STANDARDUNIFORM;model_scores_accuracy_Bank Marketing_STANDARDUNIFORM;model_scores_f1_score_Bank Marketing_STANDARDUNIFORM;model_scores_roc_auc_score_Bank Marketing_STANDARDUNIFORM;model_scores_runtime_Bank Marketing_STANDARDUNIFORM;dt_scores_soft_binary_crossentropy_['uniform', 'normal', 'gamma', 'beta', 'poisson']_Cervical Cancer_STANDARDUNIFORM;dt_scores_binary_crossentropy_['uniform', 'normal', 'gamma', 'beta', 'poisson']_Cervical Cancer_STANDARDUNIFORM;dt_scores_accuracy_['uniform', 'normal', 'gamma', 'beta', 'poisson']_Cervical Cancer_STANDARDUNIFORM;dt_scores_f1_score_['uniform', 'normal', 'gamma', 'beta', 'poisson']_Cervical Cancer_STANDARDUNIFORM;dt_scores_roc_auc_score_['uniform', 'normal', 'gamma', 'beta', 'poisson']_Cervical Cancer_STANDARDUNIFORM;dt_scores_soft_binary_crossentropy_data_random_['uniform', 'normal', 'gamma', 'beta', 'poisson']_Cervical Cancer_STANDARDUNIFORM;dt_scores_binary_crossentropy_data_random_['uniform', 'normal', 'gamma', 'beta', 'poisson']_Cervical Cancer_STANDARDUNIFORM;dt_scores_accuracy_data_random_['uniform', 'normal', 'gamma', 'beta', 'poisson']_Cervical Cancer_STANDARDUNIFORM;dt_scores_f1_score_data_random_['uniform', 'normal', 'gamma', 'beta', 'poisson']_Cervical Cancer_STANDARDUNIFORM;dt_scores_roc_auc_score_data_random_['uniform', 'normal', 'gamma', 'beta', 'poisson']_Cervical Cancer_STANDARDUNIFORM;dt_scores_runtime_['uniform', 'normal', 'gamma', 'beta', 'poisson']_Cervical Cancer_STANDARDUNIFORM;dt_scores_soft_binary_crossentropy_Cervical Cancer_STANDARDUNIFORM;dt_scores_binary_crossentropy_Cervical Cancer_STANDARDUNIFORM;dt_scores_accuracy_Cervical Cancer_STANDARDUNIFORM;dt_scores_f1_score_Cervical Cancer_STANDARDUNIFORM;dt_scores_roc_auc_score_Cervical Cancer_STANDARDUNIFORM;dt_scores_soft_binary_crossentropy_data_random_Cervical Cancer_STANDARDUNIFORM;dt_scores_binary_crossentropy_data_random_Cervical Cancer_STANDARDUNIFORM;dt_scores_accuracy_data_random_Cervical Cancer_STANDARDUNIFORM;dt_scores_f1_score_data_random_Cervical Cancer_STANDARDUNIFORM;dt_scores_roc_auc_score_data_random_Cervical Cancer_STANDARDUNIFORM;dt_scores_soft_binary_crossentropy_std_Cervical Cancer_STANDARDUNIFORM;dt_scores_binary_crossentropy_std_Cervical Cancer_STANDARDUNIFORM;dt_scores_accuracy_std_Cervical Cancer_STANDARDUNIFORM;dt_scores_f1_score_std_Cervical Cancer_STANDARDUNIFORM;dt_scores_roc_auc_score_std_Cervical Cancer_STANDARDUNIFORM;dt_scores_soft_binary_crossentropy_data_random_std_Cervical Cancer_STANDARDUNIFORM;dt_scores_binary_crossentropy_data_random_std_Cervical Cancer_STANDARDUNIFORM;dt_scores_accuracy_data_random_std_Cervical Cancer_STANDARDUNIFORM;dt_scores_f1_score_data_random_std_Cervical Cancer_STANDARDUNIFORM;dt_scores_roc_auc_score_data_random_std_Cervical Cancer_STANDARDUNIFORM;dt_scores_runtime_Cervical Cancer_STANDARDUNIFORM;inet_scores_soft_binary_crossentropy_Cervical Cancer_STANDARDUNIFORM;inet_scores_binary_crossentropy_Cervical Cancer_STANDARDUNIFORM;inet_scores_accuracy_Cervical Cancer_STANDARDUNIFORM;inet_scores_f1_score_Cervical Cancer_STANDARDUNIFORM;inet_scores_roc_auc_score_Cervical Cancer_STANDARDUNIFORM;inet_scores_runtime_Cervical Cancer_STANDARDUNIFORM;model_scores_soft_binary_crossentropy_Cervical Cancer_STANDARDUNIFORM;model_scores_binary_crossentropy_Cervical Cancer_STANDARDUNIFORM;model_scores_accuracy_Cervical Cancer_STANDARDUNIFORM;model_scores_f1_score_Cervical Cancer_STANDARDUNIFORM;model_scores_roc_auc_score_Cervical Cancer_STANDARDUNIFORM;model_scores_runtime_Cervical Cancer_STANDARDUNIFORM;dt_scores_soft_binary_crossentropy_['uniform', 'normal', 'gamma', 'beta', 'poisson']_Brest Cancer Wisconsin_STANDARDUNIFORM;dt_scores_binary_crossentropy_['uniform', 'normal', 'gamma', 'beta', 'poisson']_Brest Cancer Wisconsin_STANDARDUNIFORM;dt_scores_accuracy_['uniform', 'normal', 'gamma', 'beta', 'poisson']_Brest Cancer Wisconsin_STANDARDUNIFORM;dt_scores_f1_score_['uniform', 'normal', 'gamma', 'beta', 'poisson']_Brest Cancer Wisconsin_STANDARDUNIFORM;dt_scores_roc_auc_score_['uniform', 'normal', 'gamma', 'beta', 'poisson']_Brest Cancer Wisconsin_STANDARDUNIFORM;dt_scores_soft_binary_crossentropy_data_random_['uniform', 'normal', 'gamma', 'beta', 'poisson']_Brest Cancer Wisconsin_STANDARDUNIFORM;dt_scores_binary_crossentropy_data_random_['uniform', 'normal', 'gamma', 'beta', 'poisson']_Brest Cancer Wisconsin_STANDARDUNIFORM;dt_scores_accuracy_data_random_['uniform', 'normal', 'gamma', 'beta', 'poisson']_Brest Cancer Wisconsin_STANDARDUNIFORM;dt_scores_f1_score_data_random_['uniform', 'normal', 'gamma', 'beta', 'poisson']_Brest Cancer Wisconsin_STANDARDUNIFORM;dt_scores_roc_auc_score_data_random_['uniform', 'normal', 'gamma', 'beta', 'poisson']_Brest Cancer Wisconsin_STANDARDUNIFORM;dt_scores_runtime_['uniform', 'normal', 'gamma', 'beta', 'poisson']_Brest Cancer Wisconsin_STANDARDUNIFORM;dt_scores_soft_binary_crossentropy_Brest Cancer Wisconsin_STANDARDUNIFORM;dt_scores_binary_crossentropy_Brest Cancer Wisconsin_STANDARDUNIFORM;dt_scores_accuracy_Brest Cancer Wisconsin_STANDARDUNIFORM;dt_scores_f1_score_Brest Cancer Wisconsin_STANDARDUNIFORM;dt_scores_roc_auc_score_Brest Cancer Wisconsin_STANDARDUNIFORM;dt_scores_soft_binary_crossentropy_data_random_Brest Cancer Wisconsin_STANDARDUNIFORM;dt_scores_binary_crossentropy_data_random_Brest Cancer Wisconsin_STANDARDUNIFORM;dt_scores_accuracy_data_random_Brest Cancer Wisconsin_STANDARDUNIFORM;dt_scores_f1_score_data_random_Brest Cancer Wisconsin_STANDARDUNIFORM;dt_scores_roc_auc_score_data_random_Brest Cancer Wisconsin_STANDARDUNIFORM;dt_scores_soft_binary_crossentropy_std_Brest Cancer Wisconsin_STANDARDUNIFORM;dt_scores_binary_crossentropy_std_Brest Cancer Wisconsin_STANDARDUNIFORM;dt_scores_accuracy_std_Brest Cancer Wisconsin_STANDARDUNIFORM;dt_scores_f1_score_std_Brest Cancer Wisconsin_STANDARDUNIFORM;dt_scores_roc_auc_score_std_Brest Cancer Wisconsin_STANDARDUNIFORM;dt_scores_soft_binary_crossentropy_data_random_std_Brest Cancer Wisconsin_STANDARDUNIFORM;dt_scores_binary_crossentropy_data_random_std_Brest Cancer Wisconsin_STANDARDUNIFORM;dt_scores_accuracy_data_random_std_Brest Cancer Wisconsin_STANDARDUNIFORM;dt_scores_f1_score_data_random_std_Brest Cancer Wisconsin_STANDARDUNIFORM;dt_scores_roc_auc_score_data_random_std_Brest Cancer Wisconsin_STANDARDUNIFORM;dt_scores_runtime_Brest Cancer Wisconsin_STANDARDUNIFORM;inet_scores_soft_binary_crossentropy_Brest Cancer Wisconsin_STANDARDUNIFORM;inet_scores_binary_crossentropy_Brest Cancer Wisconsin_STANDARDUNIFORM;inet_scores_accuracy_Brest Cancer Wisconsin_STANDARDUNIFORM;inet_scores_f1_score_Brest Cancer Wisconsin_STANDARDUNIFORM;inet_scores_roc_auc_score_Brest Cancer Wisconsin_STANDARDUNIFORM;inet_scores_runtime_Brest Cancer Wisconsin_STANDARDUNIFORM;model_scores_soft_binary_crossentropy_Brest Cancer Wisconsin_STANDARDUNIFORM;model_scores_binary_crossentropy_Brest Cancer Wisconsin_STANDARDUNIFORM;model_scores_accuracy_Brest Cancer Wisconsin_STANDARDUNIFORM;model_scores_f1_score_Brest Cancer Wisconsin_STANDARDUNIFORM;model_scores_roc_auc_score_Brest Cancer Wisconsin_STANDARDUNIFORM;model_scores_runtime_Brest Cancer Wisconsin_STANDARDUNIFORM;dt_scores_soft_binary_crossentropy_['uniform', 'normal', 'gamma', 'beta', 'poisson']_Wisconsin Diagnostic Breast Cancer_STANDARDUNIFORM;dt_scores_binary_crossentropy_['uniform', 'normal', 'gamma', 'beta', 'poisson']_Wisconsin Diagnostic Breast Cancer_STANDARDUNIFORM;dt_scores_accuracy_['uniform', 'normal', 'gamma', 'beta', 'poisson']_Wisconsin Diagnostic Breast Cancer_STANDARDUNIFORM;dt_scores_f1_score_['uniform', 'normal', 'gamma', 'beta', 'poisson']_Wisconsin Diagnostic Breast Cancer_STANDARDUNIFORM;dt_scores_roc_auc_score_['uniform', 'normal', 'gamma', 'beta', 'poisson']_Wisconsin Diagnostic Breast Cancer_STANDARDUNIFORM;dt_scores_soft_binary_crossentropy_data_random_['uniform', 'normal', 'gamma', 'beta', 'poisson']_Wisconsin Diagnostic Breast Cancer_STANDARDUNIFORM;dt_scores_binary_crossentropy_data_random_['uniform', 'normal', 'gamma', 'beta', 'poisson']_Wisconsin Diagnostic Breast Cancer_STANDARDUNIFORM;dt_scores_accuracy_data_random_['uniform', 'normal', 'gamma', 'beta', 'poisson']_Wisconsin Diagnostic Breast Cancer_STANDARDUNIFORM;dt_scores_f1_score_data_random_['uniform', 'normal', 'gamma', 'beta', 'poisson']_Wisconsin Diagnostic Breast Cancer_STANDARDUNIFORM;dt_scores_roc_auc_score_data_random_['uniform', 'normal', 'gamma', 'beta', 'poisson']_Wisconsin Diagnostic Breast Cancer_STANDARDUNIFORM;dt_scores_runtime_['uniform', 'normal', 'gamma', 'beta', 'poisson']_Wisconsin Diagnostic Breast Cancer_STANDARDUNIFORM;dt_scores_soft_binary_crossentropy_Wisconsin Diagnostic Breast Cancer_STANDARDUNIFORM;dt_scores_binary_crossentropy_Wisconsin Diagnostic Breast Cancer_STANDARDUNIFORM;dt_scores_accuracy_Wisconsin Diagnostic Breast Cancer_STANDARDUNIFORM;dt_scores_f1_score_Wisconsin Diagnostic Breast Cancer_STANDARDUNIFORM;dt_scores_roc_auc_score_Wisconsin Diagnostic Breast Cancer_STANDARDUNIFORM;dt_scores_soft_binary_crossentropy_data_random_Wisconsin Diagnostic Breast Cancer_STANDARDUNIFORM;dt_scores_binary_crossentropy_data_random_Wisconsin Diagnostic Breast Cancer_STANDARDUNIFORM;dt_scores_accuracy_data_random_Wisconsin Diagnostic Breast Cancer_STANDARDUNIFORM;dt_scores_f1_score_data_random_Wisconsin Diagnostic Breast Cancer_STANDARDUNIFORM;dt_scores_roc_auc_score_data_random_Wisconsin Diagnostic Breast Cancer_STANDARDUNIFORM;dt_scores_soft_binary_crossentropy_std_Wisconsin Diagnostic Breast Cancer_STANDARDUNIFORM;dt_scores_binary_crossentropy_std_Wisconsin Diagnostic Breast Cancer_STANDARDUNIFORM;dt_scores_accuracy_std_Wisconsin Diagnostic Breast Cancer_STANDARDUNIFORM;dt_scores_f1_score_std_Wisconsin Diagnostic Breast Cancer_STANDARDUNIFORM;dt_scores_roc_auc_score_std_Wisconsin Diagnostic Breast Cancer_STANDARDUNIFORM;dt_scores_soft_binary_crossentropy_data_random_std_Wisconsin Diagnostic Breast Cancer_STANDARDUNIFORM;dt_scores_binary_crossentropy_data_random_std_Wisconsin Diagnostic Breast Cancer_STANDARDUNIFORM;dt_scores_accuracy_data_random_std_Wisconsin Diagnostic Breast Cancer_STANDARDUNIFORM;dt_scores_f1_score_data_random_std_Wisconsin Diagnostic Breast Cancer_STANDARDUNIFORM;dt_scores_roc_auc_score_data_random_std_Wisconsin Diagnostic Breast Cancer_STANDARDUNIFORM;dt_scores_runtime_Wisconsin Diagnostic Breast Cancer_STANDARDUNIFORM;inet_scores_soft_binary_crossentropy_Wisconsin Diagnostic Breast Cancer_STANDARDUNIFORM;inet_scores_binary_crossentropy_Wisconsin Diagnostic Breast Cancer_STANDARDUNIFORM;inet_scores_accuracy_Wisconsin Diagnostic Breast Cancer_STANDARDUNIFORM;inet_scores_f1_score_Wisconsin Diagnostic Breast Cancer_STANDARDUNIFORM;inet_scores_roc_auc_score_Wisconsin Diagnostic Breast Cancer_STANDARDUNIFORM;inet_scores_runtime_Wisconsin Diagnostic Breast Cancer_STANDARDUNIFORM;model_scores_soft_binary_crossentropy_Wisconsin Diagnostic Breast Cancer_STANDARDUNIFORM;model_scores_binary_crossentropy_Wisconsin Diagnostic Breast Cancer_STANDARDUNIFORM;model_scores_accuracy_Wisconsin Diagnostic Breast Cancer_STANDARDUNIFORM;model_scores_f1_score_Wisconsin Diagnostic Breast Cancer_STANDARDUNIFORM;model_scores_roc_auc_score_Wisconsin Diagnostic Breast Cancer_STANDARDUNIFORM;model_scores_runtime_Wisconsin Diagnostic Breast Cancer_STANDARDUNIFORM;dt_scores_soft_binary_crossentropy_['uniform', 'normal', 'gamma', 'beta', 'poisson']_Wisconsin Prognostic Breast Cancer_STANDARDUNIFORM;dt_scores_binary_crossentropy_['uniform', 'normal', 'gamma', 'beta', 'poisson']_Wisconsin Prognostic Breast Cancer_STANDARDUNIFORM;dt_scores_accuracy_['uniform', 'normal', 'gamma', 'beta', 'poisson']_Wisconsin Prognostic Breast Cancer_STANDARDUNIFORM;dt_scores_f1_score_['uniform', 'normal', 'gamma', 'beta', 'poisson']_Wisconsin Prognostic Breast Cancer_STANDARDUNIFORM;dt_scores_roc_auc_score_['uniform', 'normal', 'gamma', 'beta', 'poisson']_Wisconsin Prognostic Breast Cancer_STANDARDUNIFORM;dt_scores_soft_binary_crossentropy_data_random_['uniform', 'normal', 'gamma', 'beta', 'poisson']_Wisconsin Prognostic Breast Cancer_STANDARDUNIFORM;dt_scores_binary_crossentropy_data_random_['uniform', 'normal', 'gamma', 'beta', 'poisson']_Wisconsin Prognostic Breast Cancer_STANDARDUNIFORM;dt_scores_accuracy_data_random_['uniform', 'normal', 'gamma', 'beta', 'poisson']_Wisconsin Prognostic Breast Cancer_STANDARDUNIFORM;dt_scores_f1_score_data_random_['uniform', 'normal', 'gamma', 'beta', 'poisson']_Wisconsin Prognostic Breast Cancer_STANDARDUNIFORM;dt_scores_roc_auc_score_data_random_['uniform', 'normal', 'gamma', 'beta', 'poisson']_Wisconsin Prognostic Breast Cancer_STANDARDUNIFORM;dt_scores_runtime_['uniform', 'normal', 'gamma', 'beta', 'poisson']_Wisconsin Prognostic Breast Cancer_STANDARDUNIFORM;dt_scores_soft_binary_crossentropy_Wisconsin Prognostic Breast Cancer_STANDARDUNIFORM;dt_scores_binary_crossentropy_Wisconsin Prognostic Breast Cancer_STANDARDUNIFORM;dt_scores_accuracy_Wisconsin Prognostic Breast Cancer_STANDARDUNIFORM;dt_scores_f1_score_Wisconsin Prognostic Breast Cancer_STANDARDUNIFORM;dt_scores_roc_auc_score_Wisconsin Prognostic Breast Cancer_STANDARDUNIFORM;dt_scores_soft_binary_crossentropy_data_random_Wisconsin Prognostic Breast Cancer_STANDARDUNIFORM;dt_scores_binary_crossentropy_data_random_Wisconsin Prognostic Breast Cancer_STANDARDUNIFORM;dt_scores_accuracy_data_random_Wisconsin Prognostic Breast Cancer_STANDARDUNIFORM;dt_scores_f1_score_data_random_Wisconsin Prognostic Breast Cancer_STANDARDUNIFORM;dt_scores_roc_auc_score_data_random_Wisconsin Prognostic Breast Cancer_STANDARDUNIFORM;dt_scores_soft_binary_crossentropy_std_Wisconsin Prognostic Breast Cancer_STANDARDUNIFORM;dt_scores_binary_crossentropy_std_Wisconsin Prognostic Breast Cancer_STANDARDUNIFORM;dt_scores_accuracy_std_Wisconsin Prognostic Breast Cancer_STANDARDUNIFORM;dt_scores_f1_score_std_Wisconsin Prognostic Breast Cancer_STANDARDUNIFORM;dt_scores_roc_auc_score_std_Wisconsin Prognostic Breast Cancer_STANDARDUNIFORM;dt_scores_soft_binary_crossentropy_data_random_std_Wisconsin Prognostic Breast Cancer_STANDARDUNIFORM;dt_scores_binary_crossentropy_data_random_std_Wisconsin Prognostic Breast Cancer_STANDARDUNIFORM;dt_scores_accuracy_data_random_std_Wisconsin Prognostic Breast Cancer_STANDARDUNIFORM;dt_scores_f1_score_data_random_std_Wisconsin Prognostic Breast Cancer_STANDARDUNIFORM;dt_scores_roc_auc_score_data_random_std_Wisconsin Prognostic Breast Cancer_STANDARDUNIFORM;dt_scores_runtime_Wisconsin Prognostic Breast Cancer_STANDARDUNIFORM;inet_scores_soft_binary_crossentropy_Wisconsin Prognostic Breast Cancer_STANDARDUNIFORM;inet_scores_binary_crossentropy_Wisconsin Prognostic Breast Cancer_STANDARDUNIFORM;inet_scores_accuracy_Wisconsin Prognostic Breast Cancer_STANDARDUNIFORM;inet_scores_f1_score_Wisconsin Prognostic Breast Cancer_STANDARDUNIFORM;inet_scores_roc_auc_score_Wisconsin Prognostic Breast Cancer_STANDARDUNIFORM;inet_scores_runtime_Wisconsin Prognostic Breast Cancer_STANDARDUNIFORM;model_scores_soft_binary_crossentropy_Wisconsin Prognostic Breast Cancer_STANDARDUNIFORM;model_scores_binary_crossentropy_Wisconsin Prognostic Breast Cancer_STANDARDUNIFORM;model_scores_accuracy_Wisconsin Prognostic Breast Cancer_STANDARDUNIFORM;model_scores_f1_score_Wisconsin Prognostic Breast Cancer_STANDARDUNIFORM;model_scores_roc_auc_score_Wisconsin Prognostic Breast Cancer_STANDARDUNIFORM;model_scores_runtime_Wisconsin Prognostic Breast Cancer_STANDARDUNIFORM;dt_scores_soft_binary_crossentropy_['uniform', 'normal', 'gamma', 'beta', 'poisson']_Abalone_STANDARDUNIFORM;dt_scores_binary_crossentropy_['uniform', 'normal', 'gamma', 'beta', 'poisson']_Abalone_STANDARDUNIFORM;dt_scores_accuracy_['uniform', 'normal', 'gamma', 'beta', 'poisson']_Abalone_STANDARDUNIFORM;dt_scores_f1_score_['uniform', 'normal', 'gamma', 'beta', 'poisson']_Abalone_STANDARDUNIFORM;dt_scores_roc_auc_score_['uniform', 'normal', 'gamma', 'beta', 'poisson']_Abalone_STANDARDUNIFORM;dt_scores_soft_binary_crossentropy_data_random_['uniform', 'normal', 'gamma', 'beta', 'poisson']_Abalone_STANDARDUNIFORM;dt_scores_binary_crossentropy_data_random_['uniform', 'normal', 'gamma', 'beta', 'poisson']_Abalone_STANDARDUNIFORM;dt_scores_accuracy_data_random_['uniform', 'normal', 'gamma', 'beta', 'poisson']_Abalone_STANDARDUNIFORM;dt_scores_f1_score_data_random_['uniform', 'normal', 'gamma', 'beta', 'poisson']_Abalone_STANDARDUNIFORM;dt_scores_roc_auc_score_data_random_['uniform', 'normal', 'gamma', 'beta', 'poisson']_Abalone_STANDARDUNIFORM;dt_scores_runtime_['uniform', 'normal', 'gamma', 'beta', 'poisson']_Abalone_STANDARDUNIFORM;dt_scores_soft_binary_crossentropy_Abalone_STANDARDUNIFORM;dt_scores_binary_crossentropy_Abalone_STANDARDUNIFORM;dt_scores_accuracy_Abalone_STANDARDUNIFORM;dt_scores_f1_score_Abalone_STANDARDUNIFORM;dt_scores_roc_auc_score_Abalone_STANDARDUNIFORM;dt_scores_soft_binary_crossentropy_data_random_Abalone_STANDARDUNIFORM;dt_scores_binary_crossentropy_data_random_Abalone_STANDARDUNIFORM;dt_scores_accuracy_data_random_Abalone_STANDARDUNIFORM;dt_scores_f1_score_data_random_Abalone_STANDARDUNIFORM;dt_scores_roc_auc_score_data_random_Abalone_STANDARDUNIFORM;dt_scores_soft_binary_crossentropy_std_Abalone_STANDARDUNIFORM;dt_scores_binary_crossentropy_std_Abalone_STANDARDUNIFORM;dt_scores_accuracy_std_Abalone_STANDARDUNIFORM;dt_scores_f1_score_std_Abalone_STANDARDUNIFORM;dt_scores_roc_auc_score_std_Abalone_STANDARDUNIFORM;dt_scores_soft_binary_crossentropy_data_random_std_Abalone_STANDARDUNIFORM;dt_scores_binary_crossentropy_data_random_std_Abalone_STANDARDUNIFORM;dt_scores_accuracy_data_random_std_Abalone_STANDARDUNIFORM;dt_scores_f1_score_data_random_std_Abalone_STANDARDUNIFORM;dt_scores_roc_auc_score_data_random_std_Abalone_STANDARDUNIFORM;dt_scores_runtime_Abalone_STANDARDUNIFORM;inet_scores_soft_binary_crossentropy_Abalone_STANDARDUNIFORM;inet_scores_binary_crossentropy_Abalone_STANDARDUNIFORM;inet_scores_accuracy_Abalone_STANDARDUNIFORM;inet_scores_f1_score_Abalone_STANDARDUNIFORM;inet_scores_roc_auc_score_Abalone_STANDARDUNIFORM;inet_scores_runtime_Abalone_STANDARDUNIFORM;model_scores_soft_binary_crossentropy_Abalone_STANDARDUNIFORM;model_scores_binary_crossentropy_Abalone_STANDARDUNIFORM;model_scores_accuracy_Abalone_STANDARDUNIFORM;model_scores_f1_score_Abalone_STANDARDUNIFORM;model_scores_roc_auc_score_Abalone_STANDARDUNIFORM;model_scores_runtime_Abalone_STANDARDUNIFORM;dt_scores_soft_binary_crossentropy_['uniform', 'normal', 'gamma', 'beta', 'poisson']_Car_STANDARDUNIFORM;dt_scores_binary_crossentropy_['uniform', 'normal', 'gamma', 'beta', 'poisson']_Car_STANDARDUNIFORM;dt_scores_accuracy_['uniform', 'normal', 'gamma', 'beta', 'poisson']_Car_STANDARDUNIFORM;dt_scores_f1_score_['uniform', 'normal', 'gamma', 'beta', 'poisson']_Car_STANDARDUNIFORM;dt_scores_roc_auc_score_['uniform', 'normal', 'gamma', 'beta', 'poisson']_Car_STANDARDUNIFORM;dt_scores_soft_binary_crossentropy_data_random_['uniform', 'normal', 'gamma', 'beta', 'poisson']_Car_STANDARDUNIFORM;dt_scores_binary_crossentropy_data_random_['uniform', 'normal', 'gamma', 'beta', 'poisson']_Car_STANDARDUNIFORM;dt_scores_accuracy_data_random_['uniform', 'normal', 'gamma', 'beta', 'poisson']_Car_STANDARDUNIFORM;dt_scores_f1_score_data_random_['uniform', 'normal', 'gamma', 'beta', 'poisson']_Car_STANDARDUNIFORM;dt_scores_roc_auc_score_data_random_['uniform', 'normal', 'gamma', 'beta', 'poisson']_Car_STANDARDUNIFORM;dt_scores_runtime_['uniform', 'normal', 'gamma', 'beta', 'poisson']_Car_STANDARDUNIFORM;dt_scores_soft_binary_crossentropy_Car_STANDARDUNIFORM;dt_scores_binary_crossentropy_Car_STANDARDUNIFORM;dt_scores_accuracy_Car_STANDARDUNIFORM;dt_scores_f1_score_Car_STANDARDUNIFORM;dt_scores_roc_auc_score_Car_STANDARDUNIFORM;dt_scores_soft_binary_crossentropy_data_random_Car_STANDARDUNIFORM;dt_scores_binary_crossentropy_data_random_Car_STANDARDUNIFORM;dt_scores_accuracy_data_random_Car_STANDARDUNIFORM;dt_scores_f1_score_data_random_Car_STANDARDUNIFORM;dt_scores_roc_auc_score_data_random_Car_STANDARDUNIFORM;dt_scores_soft_binary_crossentropy_std_Car_STANDARDUNIFORM;dt_scores_binary_crossentropy_std_Car_STANDARDUNIFORM;dt_scores_accuracy_std_Car_STANDARDUNIFORM;dt_scores_f1_score_std_Car_STANDARDUNIFORM;dt_scores_roc_auc_score_std_Car_STANDARDUNIFORM;dt_scores_soft_binary_crossentropy_data_random_std_Car_STANDARDUNIFORM;dt_scores_binary_crossentropy_data_random_std_Car_STANDARDUNIFORM;dt_scores_accuracy_data_random_std_Car_STANDARDUNIFORM;dt_scores_f1_score_data_random_std_Car_STANDARDUNIFORM;dt_scores_roc_auc_score_data_random_std_Car_STANDARDUNIFORM;dt_scores_runtime_Car_STANDARDUNIFORM;inet_scores_soft_binary_crossentropy_Car_STANDARDUNIFORM;inet_scores_binary_crossentropy_Car_STANDARDUNIFORM;inet_scores_accuracy_Car_STANDARDUNIFORM;inet_scores_f1_score_Car_STANDARDUNIFORM;inet_scores_roc_auc_score_Car_STANDARDUNIFORM;inet_scores_runtime_Car_STANDARDUNIFORM;model_scores_soft_binary_crossentropy_Car_STANDARDUNIFORM;model_scores_binary_crossentropy_Car_STANDARDUNIFORM;model_scores_accuracy_Car_STANDARDUNIFORM;model_scores_f1_score_Car_STANDARDUNIFORM;model_scores_roc_auc_score_Car_STANDARDUNIFORM;model_scores_runtime_Car_STANDARDUNIFORM;dt_scores_soft_binary_crossentropy_['uniform', 'normal', 'gamma', 'beta', 'poisson']_Heart Disease_STANDARDUNIFORM;dt_scores_binary_crossentropy_['uniform', 'normal', 'gamma', 'beta', 'poisson']_Heart Disease_STANDARDUNIFORM;dt_scores_accuracy_['uniform', 'normal', 'gamma', 'beta', 'poisson']_Heart Disease_STANDARDUNIFORM;dt_scores_f1_score_['uniform', 'normal', 'gamma', 'beta', 'poisson']_Heart Disease_STANDARDUNIFORM;dt_scores_roc_auc_score_['uniform', 'normal', 'gamma', 'beta', 'poisson']_Heart Disease_STANDARDUNIFORM;dt_scores_soft_binary_crossentropy_data_random_['uniform', 'normal', 'gamma', 'beta', 'poisson']_Heart Disease_STANDARDUNIFORM;dt_scores_binary_crossentropy_data_random_['uniform', 'normal', 'gamma', 'beta', 'poisson']_Heart Disease_STANDARDUNIFORM;dt_scores_accuracy_data_random_['uniform', 'normal', 'gamma', 'beta', 'poisson']_Heart Disease_STANDARDUNIFORM;dt_scores_f1_score_data_random_['uniform', 'normal', 'gamma', 'beta', 'poisson']_Heart Disease_STANDARDUNIFORM;dt_scores_roc_auc_score_data_random_['uniform', 'normal', 'gamma', 'beta', 'poisson']_Heart Disease_STANDARDUNIFORM;dt_scores_runtime_['uniform', 'normal', 'gamma', 'beta', 'poisson']_Heart Disease_STANDARDUNIFORM;dt_scores_soft_binary_crossentropy_Heart Disease_STANDARDUNIFORM;dt_scores_binary_crossentropy_Heart Disease_STANDARDUNIFORM;dt_scores_accuracy_Heart Disease_STANDARDUNIFORM;dt_scores_f1_score_Heart Disease_STANDARDUNIFORM;dt_scores_roc_auc_score_Heart Disease_STANDARDUNIFORM;dt_scores_soft_binary_crossentropy_data_random_Heart Disease_STANDARDUNIFORM;dt_scores_binary_crossentropy_data_random_Heart Disease_STANDARDUNIFORM;dt_scores_accuracy_data_random_Heart Disease_STANDARDUNIFORM;dt_scores_f1_score_data_random_Heart Disease_STANDARDUNIFORM;dt_scores_roc_auc_score_data_random_Heart Disease_STANDARDUNIFORM;dt_scores_soft_binary_crossentropy_std_Heart Disease_STANDARDUNIFORM;dt_scores_binary_crossentropy_std_Heart Disease_STANDARDUNIFORM;dt_scores_accuracy_std_Heart Disease_STANDARDUNIFORM;dt_scores_f1_score_std_Heart Disease_STANDARDUNIFORM;dt_scores_roc_auc_score_std_Heart Disease_STANDARDUNIFORM;dt_scores_soft_binary_crossentropy_data_random_std_Heart Disease_STANDARDUNIFORM;dt_scores_binary_crossentropy_data_random_std_Heart Disease_STANDARDUNIFORM;dt_scores_accuracy_data_random_std_Heart Disease_STANDARDUNIFORM;dt_scores_f1_score_data_random_std_Heart Disease_STANDARDUNIFORM;dt_scores_roc_auc_score_data_random_std_Heart Disease_STANDARDUNIFORM;dt_scores_runtime_Heart Disease_STANDARDUNIFORM;inet_scores_soft_binary_crossentropy_Heart Disease_STANDARDUNIFORM;inet_scores_binary_crossentropy_Heart Disease_STANDARDUNIFORM;inet_scores_accuracy_Heart Disease_STANDARDUNIFORM;inet_scores_f1_score_Heart Disease_STANDARDUNIFORM;inet_scores_roc_auc_score_Heart Disease_STANDARDUNIFORM;inet_scores_runtime_Heart Disease_STANDARDUNIFORM;model_scores_soft_binary_crossentropy_Heart Disease_STANDARDUNIFORM;model_scores_binary_crossentropy_Heart Disease_STANDARDUNIFORM;model_scores_accuracy_Heart Disease_STANDARDUNIFORM;model_scores_f1_score_Heart Disease_STANDARDUNIFORM;model_scores_roc_auc_score_Heart Disease_STANDARDUNIFORM;model_scores_runtime_Heart Disease_STANDARDUNIFORM;dt_scores_soft_binary_crossentropy_['uniform', 'normal', 'gamma', 'beta', 'poisson']_Credit Card_STANDARDUNIFORM;dt_scores_binary_crossentropy_['uniform', 'normal', 'gamma', 'beta', 'poisson']_Credit Card_STANDARDUNIFORM;dt_scores_accuracy_['uniform', 'normal', 'gamma', 'beta', 'poisson']_Credit Card_STANDARDUNIFORM;dt_scores_f1_score_['uniform', 'normal', 'gamma', 'beta', 'poisson']_Credit Card_STANDARDUNIFORM;dt_scores_roc_auc_score_['uniform', 'normal', 'gamma', 'beta', 'poisson']_Credit Card_STANDARDUNIFORM;dt_scores_soft_binary_crossentropy_data_random_['uniform', 'normal', 'gamma', 'beta', 'poisson']_Credit Card_STANDARDUNIFORM;dt_scores_binary_crossentropy_data_random_['uniform', 'normal', 'gamma', 'beta', 'poisson']_Credit Card_STANDARDUNIFORM;dt_scores_accuracy_data_random_['uniform', 'normal', 'gamma', 'beta', 'poisson']_Credit Card_STANDARDUNIFORM;dt_scores_f1_score_data_random_['uniform', 'normal', 'gamma', 'beta', 'poisson']_Credit Card_STANDARDUNIFORM;dt_scores_roc_auc_score_data_random_['uniform', 'normal', 'gamma', 'beta', 'poisson']_Credit Card_STANDARDUNIFORM;dt_scores_runtime_['uniform', 'normal', 'gamma', 'beta', 'poisson']_Credit Card_STANDARDUNIFORM;dt_scores_soft_binary_crossentropy_Credit Card_STANDARDUNIFORM;dt_scores_binary_crossentropy_Credit Card_STANDARDUNIFORM;dt_scores_accuracy_Credit Card_STANDARDUNIFORM;dt_scores_f1_score_Credit Card_STANDARDUNIFORM;dt_scores_roc_auc_score_Credit Card_STANDARDUNIFORM;dt_scores_soft_binary_crossentropy_data_random_Credit Card_STANDARDUNIFORM;dt_scores_binary_crossentropy_data_random_Credit Card_STANDARDUNIFORM;dt_scores_accuracy_data_random_Credit Card_STANDARDUNIFORM;dt_scores_f1_score_data_random_Credit Card_STANDARDUNIFORM;dt_scores_roc_auc_score_data_random_Credit Card_STANDARDUNIFORM;dt_scores_soft_binary_crossentropy_std_Credit Card_STANDARDUNIFORM;dt_scores_binary_crossentropy_std_Credit Card_STANDARDUNIFORM;dt_scores_accuracy_std_Credit Card_STANDARDUNIFORM;dt_scores_f1_score_std_Credit Card_STANDARDUNIFORM;dt_scores_roc_auc_score_std_Credit Card_STANDARDUNIFORM;dt_scores_soft_binary_crossentropy_data_random_std_Credit Card_STANDARDUNIFORM;dt_scores_binary_crossentropy_data_random_std_Credit Card_STANDARDUNIFORM;dt_scores_accuracy_data_random_std_Credit Card_STANDARDUNIFORM;dt_scores_f1_score_data_random_std_Credit Card_STANDARDUNIFORM;dt_scores_roc_auc_score_data_random_std_Credit Card_STANDARDUNIFORM;dt_scores_runtime_Credit Card_STANDARDUNIFORM;inet_scores_soft_binary_crossentropy_Credit Card_STANDARDUNIFORM;inet_scores_binary_crossentropy_Credit Card_STANDARDUNIFORM;inet_scores_accuracy_Credit Card_STANDARDUNIFORM;inet_scores_f1_score_Credit Card_STANDARDUNIFORM;inet_scores_roc_auc_score_Credit Card_STANDARDUNIFORM;inet_scores_runtime_Credit Card_STANDARDUNIFORM;model_scores_soft_binary_crossentropy_Credit Card_STANDARDUNIFORM;model_scores_binary_crossentropy_Credit Card_STANDARDUNIFORM;model_scores_accuracy_Credit Card_STANDARDUNIFORM;model_scores_f1_score_Credit Card_STANDARDUNIFORM;model_scores_roc_auc_score_Credit Card_STANDARDUNIFORM;model_scores_runtime_Credit Card_STANDARDUNIFORM;dt_scores_soft_binary_crossentropy_['uniform', 'normal', 'gamma', 'beta', 'poisson']_Haberman_STANDARDUNIFORM;dt_scores_binary_crossentropy_['uniform', 'normal', 'gamma', 'beta', 'poisson']_Haberman_STANDARDUNIFORM;dt_scores_accuracy_['uniform', 'normal', 'gamma', 'beta', 'poisson']_Haberman_STANDARDUNIFORM;dt_scores_f1_score_['uniform', 'normal', 'gamma', 'beta', 'poisson']_Haberman_STANDARDUNIFORM;dt_scores_roc_auc_score_['uniform', 'normal', 'gamma', 'beta', 'poisson']_Haberman_STANDARDUNIFORM;dt_scores_soft_binary_crossentropy_data_random_['uniform', 'normal', 'gamma', 'beta', 'poisson']_Haberman_STANDARDUNIFORM;dt_scores_binary_crossentropy_data_random_['uniform', 'normal', 'gamma', 'beta', 'poisson']_Haberman_STANDARDUNIFORM;dt_scores_accuracy_data_random_['uniform', 'normal', 'gamma', 'beta', 'poisson']_Haberman_STANDARDUNIFORM;dt_scores_f1_score_data_random_['uniform', 'normal', 'gamma', 'beta', 'poisson']_Haberman_STANDARDUNIFORM;dt_scores_roc_auc_score_data_random_['uniform', 'normal', 'gamma', 'beta', 'poisson']_Haberman_STANDARDUNIFORM;dt_scores_runtime_['uniform', 'normal', 'gamma', 'beta', 'poisson']_Haberman_STANDARDUNIFORM;dt_scores_soft_binary_crossentropy_Haberman_STANDARDUNIFORM;dt_scores_binary_crossentropy_Haberman_STANDARDUNIFORM;dt_scores_accuracy_Haberman_STANDARDUNIFORM;dt_scores_f1_score_Haberman_STANDARDUNIFORM;dt_scores_roc_auc_score_Haberman_STANDARDUNIFORM;dt_scores_soft_binary_crossentropy_data_random_Haberman_STANDARDUNIFORM;dt_scores_binary_crossentropy_data_random_Haberman_STANDARDUNIFORM;dt_scores_accuracy_data_random_Haberman_STANDARDUNIFORM;dt_scores_f1_score_data_random_Haberman_STANDARDUNIFORM;dt_scores_roc_auc_score_data_random_Haberman_STANDARDUNIFORM;dt_scores_soft_binary_crossentropy_std_Haberman_STANDARDUNIFORM;dt_scores_binary_crossentropy_std_Haberman_STANDARDUNIFORM;dt_scores_accuracy_std_Haberman_STANDARDUNIFORM;dt_scores_f1_score_std_Haberman_STANDARDUNIFORM;dt_scores_roc_auc_score_std_Haberman_STANDARDUNIFORM;dt_scores_soft_binary_crossentropy_data_random_std_Haberman_STANDARDUNIFORM;dt_scores_binary_crossentropy_data_random_std_Haberman_STANDARDUNIFORM;dt_scores_accuracy_data_random_std_Haberman_STANDARDUNIFORM;dt_scores_f1_score_data_random_std_Haberman_STANDARDUNIFORM;dt_scores_roc_auc_score_data_random_std_Haberman_STANDARDUNIFORM;dt_scores_runtime_Haberman_STANDARDUNIFORM;inet_scores_soft_binary_crossentropy_Haberman_STANDARDUNIFORM;inet_scores_binary_crossentropy_Haberman_STANDARDUNIFORM;inet_scores_accuracy_Haberman_STANDARDUNIFORM;inet_scores_f1_score_Haberman_STANDARDUNIFORM;inet_scores_roc_auc_score_Haberman_STANDARDUNIFORM;inet_scores_runtime_Haberman_STANDARDUNIFORM;model_scores_soft_binary_crossentropy_Haberman_STANDARDUNIFORM;model_scores_binary_crossentropy_Haberman_STANDARDUNIFORM;model_scores_accuracy_Haberman_STANDARDUNIFORM;model_scores_f1_score_Haberman_STANDARDUNIFORM;model_scores_roc_auc_score_Haberman_STANDARDUNIFORM;model_scores_runtime_Haberman_STANDARDUNIFORM;dt_scores_soft_binary_crossentropy_['uniform', 'normal', 'gamma', 'beta', 'poisson']_Adult_STANDARDUNIFORM;dt_scores_binary_crossentropy_['uniform', 'normal', 'gamma', 'beta', 'poisson']_Adult_STANDARDUNIFORM;dt_scores_accuracy_['uniform', 'normal', 'gamma', 'beta', 'poisson']_Adult_STANDARDUNIFORM;dt_scores_f1_score_['uniform', 'normal', 'gamma', 'beta', 'poisson']_Adult_STANDARDUNIFORM;dt_scores_roc_auc_score_['uniform', 'normal', 'gamma', 'beta', 'poisson']_Adult_STANDARDUNIFORM;dt_scores_soft_binary_crossentropy_data_random_['uniform', 'normal', 'gamma', 'beta', 'poisson']_Adult_STANDARDUNIFORM;dt_scores_binary_crossentropy_data_random_['uniform', 'normal', 'gamma', 'beta', 'poisson']_Adult_STANDARDUNIFORM;dt_scores_accuracy_data_random_['uniform', 'normal', 'gamma', 'beta', 'poisson']_Adult_STANDARDUNIFORM;dt_scores_f1_score_data_random_['uniform', 'normal', 'gamma', 'beta', 'poisson']_Adult_STANDARDUNIFORM;dt_scores_roc_auc_score_data_random_['uniform', 'normal', 'gamma', 'beta', 'poisson']_Adult_STANDARDUNIFORM;dt_scores_runtime_['uniform', 'normal', 'gamma', 'beta', 'poisson']_Adult_STANDARDUNIFORM;dt_scores_soft_binary_crossentropy_Adult_STANDARDUNIFORM;dt_scores_binary_crossentropy_Adult_STANDARDUNIFORM;dt_scores_accuracy_Adult_STANDARDUNIFORM;dt_scores_f1_score_Adult_STANDARDUNIFORM;dt_scores_roc_auc_score_Adult_STANDARDUNIFORM;dt_scores_soft_binary_crossentropy_data_random_Adult_STANDARDUNIFORM;dt_scores_binary_crossentropy_data_random_Adult_STANDARDUNIFORM;dt_scores_accuracy_data_random_Adult_STANDARDUNIFORM;dt_scores_f1_score_data_random_Adult_STANDARDUNIFORM;dt_scores_roc_auc_score_data_random_Adult_STANDARDUNIFORM;dt_scores_soft_binary_crossentropy_std_Adult_STANDARDUNIFORM;dt_scores_binary_crossentropy_std_Adult_STANDARDUNIFORM;dt_scores_accuracy_std_Adult_STANDARDUNIFORM;dt_scores_f1_score_std_Adult_STANDARDUNIFORM;dt_scores_roc_auc_score_std_Adult_STANDARDUNIFORM;dt_scores_soft_binary_crossentropy_data_random_std_Adult_STANDARDUNIFORM;dt_scores_binary_crossentropy_data_random_std_Adult_STANDARDUNIFORM;dt_scores_accuracy_data_random_std_Adult_STANDARDUNIFORM;dt_scores_f1_score_data_random_std_Adult_STANDARDUNIFORM;dt_scores_roc_auc_score_data_random_std_Adult_STANDARDUNIFORM;dt_scores_runtime_Adult_STANDARDUNIFORM;inet_scores_soft_binary_crossentropy_Adult_STANDARDUNIFORM;inet_scores_binary_crossentropy_Adult_STANDARDUNIFORM;inet_scores_accuracy_Adult_STANDARDUNIFORM;inet_scores_f1_score_Adult_STANDARDUNIFORM;inet_scores_roc_auc_score_Adult_STANDARDUNIFORM;inet_scores_runtime_Adult_STANDARDUNIFORM;model_scores_soft_binary_crossentropy_Adult_STANDARDUNIFORM;model_scores_binary_crossentropy_Adult_STANDARDUNIFORM;model_scores_accuracy_Adult_STANDARDUNIFORM;model_scores_f1_score_Adult_STANDARDUNIFORM;model_scores_roc_auc_score_Adult_STANDARDUNIFORM;model_scores_runtime_Adult_STANDARDUNIFORM;dt_scores_soft_binary_crossentropy_['uniform', 'normal', 'gamma', 'beta', 'poisson']_Titanic_STANDARDUNIFORM;dt_scores_binary_crossentropy_['uniform', 'normal', 'gamma', 'beta', 'poisson']_Titanic_STANDARDUNIFORM;dt_scores_accuracy_['uniform', 'normal', 'gamma', 'beta', 'poisson']_Titanic_STANDARDUNIFORM;dt_scores_f1_score_['uniform', 'normal', 'gamma', 'beta', 'poisson']_Titanic_STANDARDUNIFORM;dt_scores_roc_auc_score_['uniform', 'normal', 'gamma', 'beta', 'poisson']_Titanic_STANDARDUNIFORM;dt_scores_soft_binary_crossentropy_data_random_['uniform', 'normal', 'gamma', 'beta', 'poisson']_Titanic_STANDARDUNIFORM;dt_scores_binary_crossentropy_data_random_['uniform', 'normal', 'gamma', 'beta', 'poisson']_Titanic_STANDARDUNIFORM;dt_scores_accuracy_data_random_['uniform', 'normal', 'gamma', 'beta', 'poisson']_Titanic_STANDARDUNIFORM;dt_scores_f1_score_data_random_['uniform', 'normal', 'gamma', 'beta', 'poisson']_Titanic_STANDARDUNIFORM;dt_scores_roc_auc_score_data_random_['uniform', 'normal', 'gamma', 'beta', 'poisson']_Titanic_STANDARDUNIFORM;dt_scores_runtime_['uniform', 'normal', 'gamma', 'beta', 'poisson']_Titanic_STANDARDUNIFORM;dt_scores_soft_binary_crossentropy_Titanic_STANDARDUNIFORM;dt_scores_binary_crossentropy_Titanic_STANDARDUNIFORM;dt_scores_accuracy_Titanic_STANDARDUNIFORM;dt_scores_f1_score_Titanic_STANDARDUNIFORM;dt_scores_roc_auc_score_Titanic_STANDARDUNIFORM;dt_scores_soft_binary_crossentropy_data_random_Titanic_STANDARDUNIFORM;dt_scores_binary_crossentropy_data_random_Titanic_STANDARDUNIFORM;dt_scores_accuracy_data_random_Titanic_STANDARDUNIFORM;dt_scores_f1_score_data_random_Titanic_STANDARDUNIFORM;dt_scores_roc_auc_score_data_random_Titanic_STANDARDUNIFORM;dt_scores_soft_binary_crossentropy_std_Titanic_STANDARDUNIFORM;dt_scores_binary_crossentropy_std_Titanic_STANDARDUNIFORM;dt_scores_accuracy_std_Titanic_STANDARDUNIFORM;dt_scores_f1_score_std_Titanic_STANDARDUNIFORM;dt_scores_roc_auc_score_std_Titanic_STANDARDUNIFORM;dt_scores_soft_binary_crossentropy_data_random_std_Titanic_STANDARDUNIFORM;dt_scores_binary_crossentropy_data_random_std_Titanic_STANDARDUNIFORM;dt_scores_accuracy_data_random_std_Titanic_STANDARDUNIFORM;dt_scores_f1_score_data_random_std_Titanic_STANDARDUNIFORM;dt_scores_roc_auc_score_data_random_std_Titanic_STANDARDUNIFORM;dt_scores_runtime_Titanic_STANDARDUNIFORM;inet_scores_soft_binary_crossentropy_Titanic_STANDARDUNIFORM;inet_scores_binary_crossentropy_Titanic_STANDARDUNIFORM;inet_scores_accuracy_Titanic_STANDARDUNIFORM;inet_scores_f1_score_Titanic_STANDARDUNIFORM;inet_scores_roc_auc_score_Titanic_STANDARDUNIFORM;inet_scores_runtime_Titanic_STANDARDUNIFORM;model_scores_soft_binary_crossentropy_Titanic_STANDARDUNIFORM;model_scores_binary_crossentropy_Titanic_STANDARDUNIFORM;model_scores_accuracy_Titanic_STANDARDUNIFORM;model_scores_f1_score_Titanic_STANDARDUNIFORM;model_scores_roc_auc_score_Titanic_STANDARDUNIFORM;model_scores_runtime_Titanic_STANDARDUNIFORM;dt_scores_soft_binary_crossentropy_['uniform', 'normal', 'gamma', 'beta', 'poisson']_Absenteeism_STANDARDUNIFORM;dt_scores_binary_crossentropy_['uniform', 'normal', 'gamma', 'beta', 'poisson']_Absenteeism_STANDARDUNIFORM;dt_scores_accuracy_['uniform', 'normal', 'gamma', 'beta', 'poisson']_Absenteeism_STANDARDUNIFORM;dt_scores_f1_score_['uniform', 'normal', 'gamma', 'beta', 'poisson']_Absenteeism_STANDARDUNIFORM;dt_scores_roc_auc_score_['uniform', 'normal', 'gamma', 'beta', 'poisson']_Absenteeism_STANDARDUNIFORM;dt_scores_soft_binary_crossentropy_data_random_['uniform', 'normal', 'gamma', 'beta', 'poisson']_Absenteeism_STANDARDUNIFORM;dt_scores_binary_crossentropy_data_random_['uniform', 'normal', 'gamma', 'beta', 'poisson']_Absenteeism_STANDARDUNIFORM;dt_scores_accuracy_data_random_['uniform', 'normal', 'gamma', 'beta', 'poisson']_Absenteeism_STANDARDUNIFORM;dt_scores_f1_score_data_random_['uniform', 'normal', 'gamma', 'beta', 'poisson']_Absenteeism_STANDARDUNIFORM;dt_scores_roc_auc_score_data_random_['uniform', 'normal', 'gamma', 'beta', 'poisson']_Absenteeism_STANDARDUNIFORM;dt_scores_runtime_['uniform', 'normal', 'gamma', 'beta', 'poisson']_Absenteeism_STANDARDUNIFORM;dt_scores_soft_binary_crossentropy_Absenteeism_STANDARDUNIFORM;dt_scores_binary_crossentropy_Absenteeism_STANDARDUNIFORM;dt_scores_accuracy_Absenteeism_STANDARDUNIFORM;dt_scores_f1_score_Absenteeism_STANDARDUNIFORM;dt_scores_roc_auc_score_Absenteeism_STANDARDUNIFORM;dt_scores_soft_binary_crossentropy_data_random_Absenteeism_STANDARDUNIFORM;dt_scores_binary_crossentropy_data_random_Absenteeism_STANDARDUNIFORM;dt_scores_accuracy_data_random_Absenteeism_STANDARDUNIFORM;dt_scores_f1_score_data_random_Absenteeism_STANDARDUNIFORM;dt_scores_roc_auc_score_data_random_Absenteeism_STANDARDUNIFORM;dt_scores_soft_binary_crossentropy_std_Absenteeism_STANDARDUNIFORM;dt_scores_binary_crossentropy_std_Absenteeism_STANDARDUNIFORM;dt_scores_accuracy_std_Absenteeism_STANDARDUNIFORM;dt_scores_f1_score_std_Absenteeism_STANDARDUNIFORM;dt_scores_roc_auc_score_std_Absenteeism_STANDARDUNIFORM;dt_scores_soft_binary_crossentropy_data_random_std_Absenteeism_STANDARDUNIFORM;dt_scores_binary_crossentropy_data_random_std_Absenteeism_STANDARDUNIFORM;dt_scores_accuracy_data_random_std_Absenteeism_STANDARDUNIFORM;dt_scores_f1_score_data_random_std_Absenteeism_STANDARDUNIFORM;dt_scores_roc_auc_score_data_random_std_Absenteeism_STANDARDUNIFORM;dt_scores_runtime_Absenteeism_STANDARDUNIFORM;inet_scores_soft_binary_crossentropy_Absenteeism_STANDARDUNIFORM;inet_scores_binary_crossentropy_Absenteeism_STANDARDUNIFORM;inet_scores_accuracy_Absenteeism_STANDARDUNIFORM;inet_scores_f1_score_Absenteeism_STANDARDUNIFORM;inet_scores_roc_auc_score_Absenteeism_STANDARDUNIFORM;inet_scores_runtime_Absenteeism_STANDARDUNIFORM;model_scores_soft_binary_crossentropy_Absenteeism_STANDARDUNIFORM;model_scores_binary_crossentropy_Absenteeism_STANDARDUNIFORM;model_scores_accuracy_Absenteeism_STANDARDUNIFORM;model_scores_f1_score_Absenteeism_STANDARDUNIFORM;model_scores_roc_auc_score_Absenteeism_STANDARDUNIFORM;model_scores_runtime_Absenteeism_STANDARDUNIFORM;dt_scores_soft_binary_crossentropy_['uniform', 'normal', 'gamma', 'beta', 'poisson']_Loan House_STANDARDUNIFORM;dt_scores_binary_crossentropy_['uniform', 'normal', 'gamma', 'beta', 'poisson']_Loan House_STANDARDUNIFORM;dt_scores_accuracy_['uniform', 'normal', 'gamma', 'beta', 'poisson']_Loan House_STANDARDUNIFORM;dt_scores_f1_score_['uniform', 'normal', 'gamma', 'beta', 'poisson']_Loan House_STANDARDUNIFORM;dt_scores_roc_auc_score_['uniform', 'normal', 'gamma', 'beta', 'poisson']_Loan House_STANDARDUNIFORM;dt_scores_soft_binary_crossentropy_data_random_['uniform', 'normal', 'gamma', 'beta', 'poisson']_Loan House_STANDARDUNIFORM;dt_scores_binary_crossentropy_data_random_['uniform', 'normal', 'gamma', 'beta', 'poisson']_Loan House_STANDARDUNIFORM;dt_scores_accuracy_data_random_['uniform', 'normal', 'gamma', 'beta', 'poisson']_Loan House_STANDARDUNIFORM;dt_scores_f1_score_data_random_['uniform', 'normal', 'gamma', 'beta', 'poisson']_Loan House_STANDARDUNIFORM;dt_scores_roc_auc_score_data_random_['uniform', 'normal', 'gamma', 'beta', 'poisson']_Loan House_STANDARDUNIFORM;dt_scores_runtime_['uniform', 'normal', 'gamma', 'beta', 'poisson']_Loan House_STANDARDUNIFORM;dt_scores_soft_binary_crossentropy_Loan House_STANDARDUNIFORM;dt_scores_binary_crossentropy_Loan House_STANDARDUNIFORM;dt_scores_accuracy_Loan House_STANDARDUNIFORM;dt_scores_f1_score_Loan House_STANDARDUNIFORM;dt_scores_roc_auc_score_Loan House_STANDARDUNIFORM;dt_scores_soft_binary_crossentropy_data_random_Loan House_STANDARDUNIFORM;dt_scores_binary_crossentropy_data_random_Loan House_STANDARDUNIFORM;dt_scores_accuracy_data_random_Loan House_STANDARDUNIFORM;dt_scores_f1_score_data_random_Loan House_STANDARDUNIFORM;dt_scores_roc_auc_score_data_random_Loan House_STANDARDUNIFORM;dt_scores_soft_binary_crossentropy_std_Loan House_STANDARDUNIFORM;dt_scores_binary_crossentropy_std_Loan House_STANDARDUNIFORM;dt_scores_accuracy_std_Loan House_STANDARDUNIFORM;dt_scores_f1_score_std_Loan House_STANDARDUNIFORM;dt_scores_roc_auc_score_std_Loan House_STANDARDUNIFORM;dt_scores_soft_binary_crossentropy_data_random_std_Loan House_STANDARDUNIFORM;dt_scores_binary_crossentropy_data_random_std_Loan House_STANDARDUNIFORM;dt_scores_accuracy_data_random_std_Loan House_STANDARDUNIFORM;dt_scores_f1_score_data_random_std_Loan House_STANDARDUNIFORM;dt_scores_roc_auc_score_data_random_std_Loan House_STANDARDUNIFORM;dt_scores_runtime_Loan House_STANDARDUNIFORM;inet_scores_soft_binary_crossentropy_Loan House_STANDARDUNIFORM;inet_scores_binary_crossentropy_Loan House_STANDARDUNIFORM;inet_scores_accuracy_Loan House_STANDARDUNIFORM;inet_scores_f1_score_Loan House_STANDARDUNIFORM;inet_scores_roc_auc_score_Loan House_STANDARDUNIFORM;inet_scores_runtime_Loan House_STANDARDUNIFORM;model_scores_soft_binary_crossentropy_Loan House_STANDARDUNIFORM;model_scores_binary_crossentropy_Loan House_STANDARDUNIFORM;model_scores_accuracy_Loan House_STANDARDUNIFORM;model_scores_f1_score_Loan House_STANDARDUNIFORM;model_scores_roc_auc_score_Loan House_STANDARDUNIFORM;model_scores_runtime_Loan House_STANDARDUNIFORM;dt_scores_soft_binary_crossentropy_['uniform', 'normal', 'gamma', 'beta', 'poisson']_Loan Credit_STANDARDUNIFORM;dt_scores_binary_crossentropy_['uniform', 'normal', 'gamma', 'beta', 'poisson']_Loan Credit_STANDARDUNIFORM;dt_scores_accuracy_['uniform', 'normal', 'gamma', 'beta', 'poisson']_Loan Credit_STANDARDUNIFORM;dt_scores_f1_score_['uniform', 'normal', 'gamma', 'beta', 'poisson']_Loan Credit_STANDARDUNIFORM;dt_scores_roc_auc_score_['uniform', 'normal', 'gamma', 'beta', 'poisson']_Loan Credit_STANDARDUNIFORM;dt_scores_soft_binary_crossentropy_data_random_['uniform', 'normal', 'gamma', 'beta', 'poisson']_Loan Credit_STANDARDUNIFORM;dt_scores_binary_crossentropy_data_random_['uniform', 'normal', 'gamma', 'beta', 'poisson']_Loan Credit_STANDARDUNIFORM;dt_scores_accuracy_data_random_['uniform', 'normal', 'gamma', 'beta', 'poisson']_Loan Credit_STANDARDUNIFORM;dt_scores_f1_score_data_random_['uniform', 'normal', 'gamma', 'beta', 'poisson']_Loan Credit_STANDARDUNIFORM;dt_scores_roc_auc_score_data_random_['uniform', 'normal', 'gamma', 'beta', 'poisson']_Loan Credit_STANDARDUNIFORM;dt_scores_runtime_['uniform', 'normal', 'gamma', 'beta', 'poisson']_Loan Credit_STANDARDUNIFORM;dt_scores_soft_binary_crossentropy_Loan Credit_STANDARDUNIFORM;dt_scores_binary_crossentropy_Loan Credit_STANDARDUNIFORM;dt_scores_accuracy_Loan Credit_STANDARDUNIFORM;dt_scores_f1_score_Loan Credit_STANDARDUNIFORM;dt_scores_roc_auc_score_Loan Credit_STANDARDUNIFORM;dt_scores_soft_binary_crossentropy_data_random_Loan Credit_STANDARDUNIFORM;dt_scores_binary_crossentropy_data_random_Loan Credit_STANDARDUNIFORM;dt_scores_accuracy_data_random_Loan Credit_STANDARDUNIFORM;dt_scores_f1_score_data_random_Loan Credit_STANDARDUNIFORM;dt_scores_roc_auc_score_data_random_Loan Credit_STANDARDUNIFORM;dt_scores_soft_binary_crossentropy_std_Loan Credit_STANDARDUNIFORM;dt_scores_binary_crossentropy_std_Loan Credit_STANDARDUNIFORM;dt_scores_accuracy_std_Loan Credit_STANDARDUNIFORM;dt_scores_f1_score_std_Loan Credit_STANDARDUNIFORM;dt_scores_roc_auc_score_std_Loan Credit_STANDARDUNIFORM;dt_scores_soft_binary_crossentropy_data_random_std_Loan Credit_STANDARDUNIFORM;dt_scores_binary_crossentropy_data_random_std_Loan Credit_STANDARDUNIFORM;dt_scores_accuracy_data_random_std_Loan Credit_STANDARDUNIFORM;dt_scores_f1_score_data_random_std_Loan Credit_STANDARDUNIFORM;dt_scores_roc_auc_score_data_random_std_Loan Credit_STANDARDUNIFORM;dt_scores_runtime_Loan Credit_STANDARDUNIFORM;inet_scores_soft_binary_crossentropy_Loan Credit_STANDARDUNIFORM;inet_scores_binary_crossentropy_Loan Credit_STANDARDUNIFORM;inet_scores_accuracy_Loan Credit_STANDARDUNIFORM;inet_scores_f1_score_Loan Credit_STANDARDUNIFORM;inet_scores_roc_auc_score_Loan Credit_STANDARDUNIFORM;inet_scores_runtime_Loan Credit_STANDARDUNIFORM;model_scores_soft_binary_crossentropy_Loan Credit_STANDARDUNIFORM;model_scores_binary_crossentropy_Loan Credit_STANDARDUNIFORM;model_scores_accuracy_Loan Credit_STANDARDUNIFORM;model_scores_f1_score_Loan Credit_STANDARDUNIFORM;model_scores_roc_auc_score_Loan Credit_STANDARDUNIFORM;model_scores_runtime_Loan Credit_STANDARDUNIFORM;dt_scores_soft_binary_crossentropy_['uniform', 'normal', 'gamma', 'beta', 'poisson']_Medical Insurance_STANDARDUNIFORM;dt_scores_binary_crossentropy_['uniform', 'normal', 'gamma', 'beta', 'poisson']_Medical Insurance_STANDARDUNIFORM;dt_scores_accuracy_['uniform', 'normal', 'gamma', 'beta', 'poisson']_Medical Insurance_STANDARDUNIFORM;dt_scores_f1_score_['uniform', 'normal', 'gamma', 'beta', 'poisson']_Medical Insurance_STANDARDUNIFORM;dt_scores_roc_auc_score_['uniform', 'normal', 'gamma', 'beta', 'poisson']_Medical Insurance_STANDARDUNIFORM;dt_scores_soft_binary_crossentropy_data_random_['uniform', 'normal', 'gamma', 'beta', 'poisson']_Medical Insurance_STANDARDUNIFORM;dt_scores_binary_crossentropy_data_random_['uniform', 'normal', 'gamma', 'beta', 'poisson']_Medical Insurance_STANDARDUNIFORM;dt_scores_accuracy_data_random_['uniform', 'normal', 'gamma', 'beta', 'poisson']_Medical Insurance_STANDARDUNIFORM;dt_scores_f1_score_data_random_['uniform', 'normal', 'gamma', 'beta', 'poisson']_Medical Insurance_STANDARDUNIFORM;dt_scores_roc_auc_score_data_random_['uniform', 'normal', 'gamma', 'beta', 'poisson']_Medical Insurance_STANDARDUNIFORM;dt_scores_runtime_['uniform', 'normal', 'gamma', 'beta', 'poisson']_Medical Insurance_STANDARDUNIFORM;dt_scores_soft_binary_crossentropy_Medical Insurance_STANDARDUNIFORM;dt_scores_binary_crossentropy_Medical Insurance_STANDARDUNIFORM;dt_scores_accuracy_Medical Insurance_STANDARDUNIFORM;dt_scores_f1_score_Medical Insurance_STANDARDUNIFORM;dt_scores_roc_auc_score_Medical Insurance_STANDARDUNIFORM;dt_scores_soft_binary_crossentropy_data_random_Medical Insurance_STANDARDUNIFORM;dt_scores_binary_crossentropy_data_random_Medical Insurance_STANDARDUNIFORM;dt_scores_accuracy_data_random_Medical Insurance_STANDARDUNIFORM;dt_scores_f1_score_data_random_Medical Insurance_STANDARDUNIFORM;dt_scores_roc_auc_score_data_random_Medical Insurance_STANDARDUNIFORM;dt_scores_soft_binary_crossentropy_std_Medical Insurance_STANDARDUNIFORM;dt_scores_binary_crossentropy_std_Medical Insurance_STANDARDUNIFORM;dt_scores_accuracy_std_Medical Insurance_STANDARDUNIFORM;dt_scores_f1_score_std_Medical Insurance_STANDARDUNIFORM;dt_scores_roc_auc_score_std_Medical Insurance_STANDARDUNIFORM;dt_scores_soft_binary_crossentropy_data_random_std_Medical Insurance_STANDARDUNIFORM;dt_scores_binary_crossentropy_data_random_std_Medical Insurance_STANDARDUNIFORM;dt_scores_accuracy_data_random_std_Medical Insurance_STANDARDUNIFORM;dt_scores_f1_score_data_random_std_Medical Insurance_STANDARDUNIFORM;dt_scores_roc_auc_score_data_random_std_Medical Insurance_STANDARDUNIFORM;dt_scores_runtime_Medical Insurance_STANDARDUNIFORM;inet_scores_soft_binary_crossentropy_Medical Insurance_STANDARDUNIFORM;inet_scores_binary_crossentropy_Medical Insurance_STANDARDUNIFORM;inet_scores_accuracy_Medical Insurance_STANDARDUNIFORM;inet_scores_f1_score_Medical Insurance_STANDARDUNIFORM;inet_scores_roc_auc_score_Medical Insurance_STANDARDUNIFORM;inet_scores_runtime_Medical Insurance_STANDARDUNIFORM;model_scores_soft_binary_crossentropy_Medical Insurance_STANDARDUNIFORM;model_scores_binary_crossentropy_Medical Insurance_STANDARDUNIFORM;model_scores_accuracy_Medical Insurance_STANDARDUNIFORM;model_scores_f1_score_Medical Insurance_STANDARDUNIFORM;model_scores_roc_auc_score_Medical Insurance_STANDARDUNIFORM;model_scores_runtime_Medical Insurance_STANDARDUNIFORM;dt_scores_soft_binary_crossentropy_['uniform', 'normal', 'gamma', 'beta', 'poisson']_Bank Marketing_STANDARDUNIFORM;dt_scores_binary_crossentropy_['uniform', 'normal', 'gamma', 'beta', 'poisson']_Bank Marketing_STANDARDUNIFORM;dt_scores_accuracy_['uniform', 'normal', 'gamma', 'beta', 'poisson']_Bank Marketing_STANDARDUNIFORM;dt_scores_f1_score_['uniform', 'normal', 'gamma', 'beta', 'poisson']_Bank Marketing_STANDARDUNIFORM;dt_scores_roc_auc_score_['uniform', 'normal', 'gamma', 'beta', 'poisson']_Bank Marketing_STANDARDUNIFORM;dt_scores_soft_binary_crossentropy_data_random_['uniform', 'normal', 'gamma', 'beta', 'poisson']_Bank Marketing_STANDARDUNIFORM;dt_scores_binary_crossentropy_data_random_['uniform', 'normal', 'gamma', 'beta', 'poisson']_Bank Marketing_STANDARDUNIFORM;dt_scores_accuracy_data_random_['uniform', 'normal', 'gamma', 'beta', 'poisson']_Bank Marketing_STANDARDUNIFORM;dt_scores_f1_score_data_random_['uniform', 'normal', 'gamma', 'beta', 'poisson']_Bank Marketing_STANDARDUNIFORM;dt_scores_roc_auc_score_data_random_['uniform', 'normal', 'gamma', 'beta', 'poisson']_Bank Marketing_STANDARDUNIFORM;dt_scores_runtime_['uniform', 'normal', 'gamma', 'beta', 'poisson']_Bank Marketing_STANDARDUNIFORM;dt_scores_soft_binary_crossentropy_Bank Marketing_STANDARDUNIFORM;dt_scores_binary_crossentropy_Bank Marketing_STANDARDUNIFORM;dt_scores_accuracy_Bank Marketing_STANDARDUNIFORM;dt_scores_f1_score_Bank Marketing_STANDARDUNIFORM;dt_scores_roc_auc_score_Bank Marketing_STANDARDUNIFORM;dt_scores_soft_binary_crossentropy_data_random_Bank Marketing_STANDARDUNIFORM;dt_scores_binary_crossentropy_data_random_Bank Marketing_STANDARDUNIFORM;dt_scores_accuracy_data_random_Bank Marketing_STANDARDUNIFORM;dt_scores_f1_score_data_random_Bank Marketing_STANDARDUNIFORM;dt_scores_roc_auc_score_data_random_Bank Marketing_STANDARDUNIFORM;dt_scores_soft_binary_crossentropy_std_Bank Marketing_STANDARDUNIFORM;dt_scores_binary_crossentropy_std_Bank Marketing_STANDARDUNIFORM;dt_scores_accuracy_std_Bank Marketing_STANDARDUNIFORM;dt_scores_f1_score_std_Bank Marketing_STANDARDUNIFORM;dt_scores_roc_auc_score_std_Bank Marketing_STANDARDUNIFORM;dt_scores_soft_binary_crossentropy_data_random_std_Bank Marketing_STANDARDUNIFORM;dt_scores_binary_crossentropy_data_random_std_Bank Marketing_STANDARDUNIFORM;dt_scores_accuracy_data_random_std_Bank Marketing_STANDARDUNIFORM;dt_scores_f1_score_data_random_std_Bank Marketing_STANDARDUNIFORM;dt_scores_roc_auc_score_data_random_std_Bank Marketing_STANDARDUNIFORM;dt_scores_runtime_Bank Marketing_STANDARDUNIFORM;inet_scores_soft_binary_crossentropy_Bank Marketing_STANDARDUNIFORM;inet_scores_binary_crossentropy_Bank Marketing_STANDARDUNIFORM;inet_scores_accuracy_Bank Marketing_STANDARDUNIFORM;inet_scores_f1_score_Bank Marketing_STANDARDUNIFORM;inet_scores_roc_auc_score_Bank Marketing_STANDARDUNIFORM;inet_scores_runtime_Bank Marketing_STANDARDUNIFORM;model_scores_soft_binary_crossentropy_Bank Marketing_STANDARDUNIFORM;model_scores_binary_crossentropy_Bank Marketing_STANDARDUNIFORM;model_scores_accuracy_Bank Marketing_STANDARDUNIFORM;model_scores_f1_score_Bank Marketing_STANDARDUNIFORM;model_scores_roc_auc_score_Bank Marketing_STANDARDUNIFORM;model_scores_runtime_Bank Marketing_STANDARDUNIFORM;dt_scores_soft_binary_crossentropy_['uniform', 'normal', 'gamma', 'beta', 'poisson']_Cervical Cancer_STANDARDUNIFORM;dt_scores_binary_crossentropy_['uniform', 'normal', 'gamma', 'beta', 'poisson']_Cervical Cancer_STANDARDUNIFORM;dt_scores_accuracy_['uniform', 'normal', 'gamma', 'beta', 'poisson']_Cervical Cancer_STANDARDUNIFORM;dt_scores_f1_score_['uniform', 'normal', 'gamma', 'beta', 'poisson']_Cervical Cancer_STANDARDUNIFORM;dt_scores_roc_auc_score_['uniform', 'normal', 'gamma', 'beta', 'poisson']_Cervical Cancer_STANDARDUNIFORM;dt_scores_soft_binary_crossentropy_data_random_['uniform', 'normal', 'gamma', 'beta', 'poisson']_Cervical Cancer_STANDARDUNIFORM;dt_scores_binary_crossentropy_data_random_['uniform', 'normal', 'gamma', 'beta', 'poisson']_Cervical Cancer_STANDARDUNIFORM;dt_scores_accuracy_data_random_['uniform', 'normal', 'gamma', 'beta', 'poisson']_Cervical Cancer_STANDARDUNIFORM;dt_scores_f1_score_data_random_['uniform', 'normal', 'gamma', 'beta', 'poisson']_Cervical Cancer_STANDARDUNIFORM;dt_scores_roc_auc_score_data_random_['uniform', 'normal', 'gamma', 'beta', 'poisson']_Cervical Cancer_STANDARDUNIFORM;dt_scores_runtime_['uniform', 'normal', 'gamma', 'beta', 'poisson']_Cervical Cancer_STANDARDUNIFORM;dt_scores_soft_binary_crossentropy_Cervical Cancer_STANDARDUNIFORM;dt_scores_binary_crossentropy_Cervical Cancer_STANDARDUNIFORM;dt_scores_accuracy_Cervical Cancer_STANDARDUNIFORM;dt_scores_f1_score_Cervical Cancer_STANDARDUNIFORM;dt_scores_roc_auc_score_Cervical Cancer_STANDARDUNIFORM;dt_scores_soft_binary_crossentropy_data_random_Cervical Cancer_STANDARDUNIFORM;dt_scores_binary_crossentropy_data_random_Cervical Cancer_STANDARDUNIFORM;dt_scores_accuracy_data_random_Cervical Cancer_STANDARDUNIFORM;dt_scores_f1_score_data_random_Cervical Cancer_STANDARDUNIFORM;dt_scores_roc_auc_score_data_random_Cervical Cancer_STANDARDUNIFORM;dt_scores_soft_binary_crossentropy_std_Cervical Cancer_STANDARDUNIFORM;dt_scores_binary_crossentropy_std_Cervical Cancer_STANDARDUNIFORM;dt_scores_accuracy_std_Cervical Cancer_STANDARDUNIFORM;dt_scores_f1_score_std_Cervical Cancer_STANDARDUNIFORM;dt_scores_roc_auc_score_std_Cervical Cancer_STANDARDUNIFORM;dt_scores_soft_binary_crossentropy_data_random_std_Cervical Cancer_STANDARDUNIFORM;dt_scores_binary_crossentropy_data_random_std_Cervical Cancer_STANDARDUNIFORM;dt_scores_accuracy_data_random_std_Cervical Cancer_STANDARDUNIFORM;dt_scores_f1_score_data_random_std_Cervical Cancer_STANDARDUNIFORM;dt_scores_roc_auc_score_data_random_std_Cervical Cancer_STANDARDUNIFORM;dt_scores_runtime_Cervical Cancer_STANDARDUNIFORM;inet_scores_soft_binary_crossentropy_Cervical Cancer_STANDARDUNIFORM;inet_scores_binary_crossentropy_Cervical Cancer_STANDARDUNIFORM;inet_scores_accuracy_Cervical Cancer_STANDARDUNIFORM;inet_scores_f1_score_Cervical Cancer_STANDARDUNIFORM;inet_scores_roc_auc_score_Cervical Cancer_STANDARDUNIFORM;inet_scores_runtime_Cervical Cancer_STANDARDUNIFORM;model_scores_soft_binary_crossentropy_Cervical Cancer_STANDARDUNIFORM;model_scores_binary_crossentropy_Cervical Cancer_STANDARDUNIFORM;model_scores_accuracy_Cervical Cancer_STANDARDUNIFORM;model_scores_f1_score_Cervical Cancer_STANDARDUNIFORM;model_scores_roc_auc_score_Cervical Cancer_STANDARDUNIFORM;model_scores_runtime_Cervical Cancer_STANDARDUNIFORM;dt_scores_soft_binary_crossentropy_['uniform', 'normal', 'gamma', 'beta', 'poisson']_Brest Cancer Wisconsin_STANDARDUNIFORM;dt_scores_binary_crossentropy_['uniform', 'normal', 'gamma', 'beta', 'poisson']_Brest Cancer Wisconsin_STANDARDUNIFORM;dt_scores_accuracy_['uniform', 'normal', 'gamma', 'beta', 'poisson']_Brest Cancer Wisconsin_STANDARDUNIFORM;dt_scores_f1_score_['uniform', 'normal', 'gamma', 'beta', 'poisson']_Brest Cancer Wisconsin_STANDARDUNIFORM;dt_scores_roc_auc_score_['uniform', 'normal', 'gamma', 'beta', 'poisson']_Brest Cancer Wisconsin_STANDARDUNIFORM;dt_scores_soft_binary_crossentropy_data_random_['uniform', 'normal', 'gamma', 'beta', 'poisson']_Brest Cancer Wisconsin_STANDARDUNIFORM;dt_scores_binary_crossentropy_data_random_['uniform', 'normal', 'gamma', 'beta', 'poisson']_Brest Cancer Wisconsin_STANDARDUNIFORM;dt_scores_accuracy_data_random_['uniform', 'normal', 'gamma', 'beta', 'poisson']_Brest Cancer Wisconsin_STANDARDUNIFORM;dt_scores_f1_score_data_random_['uniform', 'normal', 'gamma', 'beta', 'poisson']_Brest Cancer Wisconsin_STANDARDUNIFORM;dt_scores_roc_auc_score_data_random_['uniform', 'normal', 'gamma', 'beta', 'poisson']_Brest Cancer Wisconsin_STANDARDUNIFORM;dt_scores_runtime_['uniform', 'normal', 'gamma', 'beta', 'poisson']_Brest Cancer Wisconsin_STANDARDUNIFORM;dt_scores_soft_binary_crossentropy_Brest Cancer Wisconsin_STANDARDUNIFORM;dt_scores_binary_crossentropy_Brest Cancer Wisconsin_STANDARDUNIFORM;dt_scores_accuracy_Brest Cancer Wisconsin_STANDARDUNIFORM;dt_scores_f1_score_Brest Cancer Wisconsin_STANDARDUNIFORM;dt_scores_roc_auc_score_Brest Cancer Wisconsin_STANDARDUNIFORM;dt_scores_soft_binary_crossentropy_data_random_Brest Cancer Wisconsin_STANDARDUNIFORM;dt_scores_binary_crossentropy_data_random_Brest Cancer Wisconsin_STANDARDUNIFORM;dt_scores_accuracy_data_random_Brest Cancer Wisconsin_STANDARDUNIFORM;dt_scores_f1_score_data_random_Brest Cancer Wisconsin_STANDARDUNIFORM;dt_scores_roc_auc_score_data_random_Brest Cancer Wisconsin_STANDARDUNIFORM;dt_scores_soft_binary_crossentropy_std_Brest Cancer Wisconsin_STANDARDUNIFORM;dt_scores_binary_crossentropy_std_Brest Cancer Wisconsin_STANDARDUNIFORM;dt_scores_accuracy_std_Brest Cancer Wisconsin_STANDARDUNIFORM;dt_scores_f1_score_std_Brest Cancer Wisconsin_STANDARDUNIFORM;dt_scores_roc_auc_score_std_Brest Cancer Wisconsin_STANDARDUNIFORM;dt_scores_soft_binary_crossentropy_data_random_std_Brest Cancer Wisconsin_STANDARDUNIFORM;dt_scores_binary_crossentropy_data_random_std_Brest Cancer Wisconsin_STANDARDUNIFORM;dt_scores_accuracy_data_random_std_Brest Cancer Wisconsin_STANDARDUNIFORM;dt_scores_f1_score_data_random_std_Brest Cancer Wisconsin_STANDARDUNIFORM;dt_scores_roc_auc_score_data_random_std_Brest Cancer Wisconsin_STANDARDUNIFORM;dt_scores_runtime_Brest Cancer Wisconsin_STANDARDUNIFORM;inet_scores_soft_binary_crossentropy_Brest Cancer Wisconsin_STANDARDUNIFORM;inet_scores_binary_crossentropy_Brest Cancer Wisconsin_STANDARDUNIFORM;inet_scores_accuracy_Brest Cancer Wisconsin_STANDARDUNIFORM;inet_scores_f1_score_Brest Cancer Wisconsin_STANDARDUNIFORM;inet_scores_roc_auc_score_Brest Cancer Wisconsin_STANDARDUNIFORM;inet_scores_runtime_Brest Cancer Wisconsin_STANDARDUNIFORM;model_scores_soft_binary_crossentropy_Brest Cancer Wisconsin_STANDARDUNIFORM;model_scores_binary_crossentropy_Brest Cancer Wisconsin_STANDARDUNIFORM;model_scores_accuracy_Brest Cancer Wisconsin_STANDARDUNIFORM;model_scores_f1_score_Brest Cancer Wisconsin_STANDARDUNIFORM;model_scores_roc_auc_score_Brest Cancer Wisconsin_STANDARDUNIFORM;model_scores_runtime_Brest Cancer Wisconsin_STANDARDUNIFORM;dt_scores_soft_binary_crossentropy_['uniform', 'normal', 'gamma', 'beta', 'poisson']_Wisconsin Diagnostic Breast Cancer_STANDARDUNIFORM;dt_scores_binary_crossentropy_['uniform', 'normal', 'gamma', 'beta', 'poisson']_Wisconsin Diagnostic Breast Cancer_STANDARDUNIFORM;dt_scores_accuracy_['uniform', 'normal', 'gamma', 'beta', 'poisson']_Wisconsin Diagnostic Breast Cancer_STANDARDUNIFORM;dt_scores_f1_score_['uniform', 'normal', 'gamma', 'beta', 'poisson']_Wisconsin Diagnostic Breast Cancer_STANDARDUNIFORM;dt_scores_roc_auc_score_['uniform', 'normal', 'gamma', 'beta', 'poisson']_Wisconsin Diagnostic Breast Cancer_STANDARDUNIFORM;dt_scores_soft_binary_crossentropy_data_random_['uniform', 'normal', 'gamma', 'beta', 'poisson']_Wisconsin Diagnostic Breast Cancer_STANDARDUNIFORM;dt_scores_binary_crossentropy_data_random_['uniform', 'normal', 'gamma', 'beta', 'poisson']_Wisconsin Diagnostic Breast Cancer_STANDARDUNIFORM;dt_scores_accuracy_data_random_['uniform', 'normal', 'gamma', 'beta', 'poisson']_Wisconsin Diagnostic Breast Cancer_STANDARDUNIFORM;dt_scores_f1_score_data_random_['uniform', 'normal', 'gamma', 'beta', 'poisson']_Wisconsin Diagnostic Breast Cancer_STANDARDUNIFORM;dt_scores_roc_auc_score_data_random_['uniform', 'normal', 'gamma', 'beta', 'poisson']_Wisconsin Diagnostic Breast Cancer_STANDARDUNIFORM;dt_scores_runtime_['uniform', 'normal', 'gamma', 'beta', 'poisson']_Wisconsin Diagnostic Breast Cancer_STANDARDUNIFORM;dt_scores_soft_binary_crossentropy_Wisconsin Diagnostic Breast Cancer_STANDARDUNIFORM;dt_scores_binary_crossentropy_Wisconsin Diagnostic Breast Cancer_STANDARDUNIFORM;dt_scores_accuracy_Wisconsin Diagnostic Breast Cancer_STANDARDUNIFORM;dt_scores_f1_score_Wisconsin Diagnostic Breast Cancer_STANDARDUNIFORM;dt_scores_roc_auc_score_Wisconsin Diagnostic Breast Cancer_STANDARDUNIFORM;dt_scores_soft_binary_crossentropy_data_random_Wisconsin Diagnostic Breast Cancer_STANDARDUNIFORM;dt_scores_binary_crossentropy_data_random_Wisconsin Diagnostic Breast Cancer_STANDARDUNIFORM;dt_scores_accuracy_data_random_Wisconsin Diagnostic Breast Cancer_STANDARDUNIFORM;dt_scores_f1_score_data_random_Wisconsin Diagnostic Breast Cancer_STANDARDUNIFORM;dt_scores_roc_auc_score_data_random_Wisconsin Diagnostic Breast Cancer_STANDARDUNIFORM;dt_scores_soft_binary_crossentropy_std_Wisconsin Diagnostic Breast Cancer_STANDARDUNIFORM;dt_scores_binary_crossentropy_std_Wisconsin Diagnostic Breast Cancer_STANDARDUNIFORM;dt_scores_accuracy_std_Wisconsin Diagnostic Breast Cancer_STANDARDUNIFORM;dt_scores_f1_score_std_Wisconsin Diagnostic Breast Cancer_STANDARDUNIFORM;dt_scores_roc_auc_score_std_Wisconsin Diagnostic Breast Cancer_STANDARDUNIFORM;dt_scores_soft_binary_crossentropy_data_random_std_Wisconsin Diagnostic Breast Cancer_STANDARDUNIFORM;dt_scores_binary_crossentropy_data_random_std_Wisconsin Diagnostic Breast Cancer_STANDARDUNIFORM;dt_scores_accuracy_data_random_std_Wisconsin Diagnostic Breast Cancer_STANDARDUNIFORM;dt_scores_f1_score_data_random_std_Wisconsin Diagnostic Breast Cancer_STANDARDUNIFORM;dt_scores_roc_auc_score_data_random_std_Wisconsin Diagnostic Breast Cancer_STANDARDUNIFORM;dt_scores_runtime_Wisconsin Diagnostic Breast Cancer_STANDARDUNIFORM;inet_scores_soft_binary_crossentropy_Wisconsin Diagnostic Breast Cancer_STANDARDUNIFORM;inet_scores_binary_crossentropy_Wisconsin Diagnostic Breast Cancer_STANDARDUNIFORM;inet_scores_accuracy_Wisconsin Diagnostic Breast Cancer_STANDARDUNIFORM;inet_scores_f1_score_Wisconsin Diagnostic Breast Cancer_STANDARDUNIFORM;inet_scores_roc_auc_score_Wisconsin Diagnostic Breast Cancer_STANDARDUNIFORM;inet_scores_runtime_Wisconsin Diagnostic Breast Cancer_STANDARDUNIFORM;model_scores_soft_binary_crossentropy_Wisconsin Diagnostic Breast Cancer_STANDARDUNIFORM;model_scores_binary_crossentropy_Wisconsin Diagnostic Breast Cancer_STANDARDUNIFORM;model_scores_accuracy_Wisconsin Diagnostic Breast Cancer_STANDARDUNIFORM;model_scores_f1_score_Wisconsin Diagnostic Breast Cancer_STANDARDUNIFORM;model_scores_roc_auc_score_Wisconsin Diagnostic Breast Cancer_STANDARDUNIFORM;model_scores_runtime_Wisconsin Diagnostic Breast Cancer_STANDARDUNIFORM;dt_scores_soft_binary_crossentropy_['uniform', 'normal', 'gamma', 'beta', 'poisson']_Wisconsin Prognostic Breast Cancer_STANDARDUNIFORM;dt_scores_binary_crossentropy_['uniform', 'normal', 'gamma', 'beta', 'poisson']_Wisconsin Prognostic Breast Cancer_STANDARDUNIFORM;dt_scores_accuracy_['uniform', 'normal', 'gamma', 'beta', 'poisson']_Wisconsin Prognostic Breast Cancer_STANDARDUNIFORM;dt_scores_f1_score_['uniform', 'normal', 'gamma', 'beta', 'poisson']_Wisconsin Prognostic Breast Cancer_STANDARDUNIFORM;dt_scores_roc_auc_score_['uniform', 'normal', 'gamma', 'beta', 'poisson']_Wisconsin Prognostic Breast Cancer_STANDARDUNIFORM;dt_scores_soft_binary_crossentropy_data_random_['uniform', 'normal', 'gamma', 'beta', 'poisson']_Wisconsin Prognostic Breast Cancer_STANDARDUNIFORM;dt_scores_binary_crossentropy_data_random_['uniform', 'normal', 'gamma', 'beta', 'poisson']_Wisconsin Prognostic Breast Cancer_STANDARDUNIFORM;dt_scores_accuracy_data_random_['uniform', 'normal', 'gamma', 'beta', 'poisson']_Wisconsin Prognostic Breast Cancer_STANDARDUNIFORM;dt_scores_f1_score_data_random_['uniform', 'normal', 'gamma', 'beta', 'poisson']_Wisconsin Prognostic Breast Cancer_STANDARDUNIFORM;dt_scores_roc_auc_score_data_random_['uniform', 'normal', 'gamma', 'beta', 'poisson']_Wisconsin Prognostic Breast Cancer_STANDARDUNIFORM;dt_scores_runtime_['uniform', 'normal', 'gamma', 'beta', 'poisson']_Wisconsin Prognostic Breast Cancer_STANDARDUNIFORM;dt_scores_soft_binary_crossentropy_Wisconsin Prognostic Breast Cancer_STANDARDUNIFORM;dt_scores_binary_crossentropy_Wisconsin Prognostic Breast Cancer_STANDARDUNIFORM;dt_scores_accuracy_Wisconsin Prognostic Breast Cancer_STANDARDUNIFORM;dt_scores_f1_score_Wisconsin Prognostic Breast Cancer_STANDARDUNIFORM;dt_scores_roc_auc_score_Wisconsin Prognostic Breast Cancer_STANDARDUNIFORM;dt_scores_soft_binary_crossentropy_data_random_Wisconsin Prognostic Breast Cancer_STANDARDUNIFORM;dt_scores_binary_crossentropy_data_random_Wisconsin Prognostic Breast Cancer_STANDARDUNIFORM;dt_scores_accuracy_data_random_Wisconsin Prognostic Breast Cancer_STANDARDUNIFORM;dt_scores_f1_score_data_random_Wisconsin Prognostic Breast Cancer_STANDARDUNIFORM;dt_scores_roc_auc_score_data_random_Wisconsin Prognostic Breast Cancer_STANDARDUNIFORM;dt_scores_soft_binary_crossentropy_std_Wisconsin Prognostic Breast Cancer_STANDARDUNIFORM;dt_scores_binary_crossentropy_std_Wisconsin Prognostic Breast Cancer_STANDARDUNIFORM;dt_scores_accuracy_std_Wisconsin Prognostic Breast Cancer_STANDARDUNIFORM;dt_scores_f1_score_std_Wisconsin Prognostic Breast Cancer_STANDARDUNIFORM;dt_scores_roc_auc_score_std_Wisconsin Prognostic Breast Cancer_STANDARDUNIFORM;dt_scores_soft_binary_crossentropy_data_random_std_Wisconsin Prognostic Breast Cancer_STANDARDUNIFORM;dt_scores_binary_crossentropy_data_random_std_Wisconsin Prognostic Breast Cancer_STANDARDUNIFORM;dt_scores_accuracy_data_random_std_Wisconsin Prognostic Breast Cancer_STANDARDUNIFORM;dt_scores_f1_score_data_random_std_Wisconsin Prognostic Breast Cancer_STANDARDUNIFORM;dt_scores_roc_auc_score_data_random_std_Wisconsin Prognostic Breast Cancer_STANDARDUNIFORM;dt_scores_runtime_Wisconsin Prognostic Breast Cancer_STANDARDUNIFORM;inet_scores_soft_binary_crossentropy_Wisconsin Prognostic Breast Cancer_STANDARDUNIFORM;inet_scores_binary_crossentropy_Wisconsin Prognostic Breast Cancer_STANDARDUNIFORM;inet_scores_accuracy_Wisconsin Prognostic Breast Cancer_STANDARDUNIFORM;inet_scores_f1_score_Wisconsin Prognostic Breast Cancer_STANDARDUNIFORM;inet_scores_roc_auc_score_Wisconsin Prognostic Breast Cancer_STANDARDUNIFORM;inet_scores_runtime_Wisconsin Prognostic Breast Cancer_STANDARDUNIFORM;model_scores_soft_binary_crossentropy_Wisconsin Prognostic Breast Cancer_STANDARDUNIFORM;model_scores_binary_crossentropy_Wisconsin Prognostic Breast Cancer_STANDARDUNIFORM;model_scores_accuracy_Wisconsin Prognostic Breast Cancer_STANDARDUNIFORM;model_scores_f1_score_Wisconsin Prognostic Breast Cancer_STANDARDUNIFORM;model_scores_roc_auc_score_Wisconsin Prognostic Breast Cancer_STANDARDUNIFORM;model_scores_runtime_Wisconsin Prognostic Breast Cancer_STANDARDUNIFORM;dt_scores_soft_binary_crossentropy_['uniform', 'normal', 'gamma', 'beta', 'poisson']_Abalone_STANDARDUNIFORM;dt_scores_binary_crossentropy_['uniform', 'normal', 'gamma', 'beta', 'poisson']_Abalone_STANDARDUNIFORM;dt_scores_accuracy_['uniform', 'normal', 'gamma', 'beta', 'poisson']_Abalone_STANDARDUNIFORM;dt_scores_f1_score_['uniform', 'normal', 'gamma', 'beta', 'poisson']_Abalone_STANDARDUNIFORM;dt_scores_roc_auc_score_['uniform', 'normal', 'gamma', 'beta', 'poisson']_Abalone_STANDARDUNIFORM;dt_scores_soft_binary_crossentropy_data_random_['uniform', 'normal', 'gamma', 'beta', 'poisson']_Abalone_STANDARDUNIFORM;dt_scores_binary_crossentropy_data_random_['uniform', 'normal', 'gamma', 'beta', 'poisson']_Abalone_STANDARDUNIFORM;dt_scores_accuracy_data_random_['uniform', 'normal', 'gamma', 'beta', 'poisson']_Abalone_STANDARDUNIFORM;dt_scores_f1_score_data_random_['uniform', 'normal', 'gamma', 'beta', 'poisson']_Abalone_STANDARDUNIFORM;dt_scores_roc_auc_score_data_random_['uniform', 'normal', 'gamma', 'beta', 'poisson']_Abalone_STANDARDUNIFORM;dt_scores_runtime_['uniform', 'normal', 'gamma', 'beta', 'poisson']_Abalone_STANDARDUNIFORM;dt_scores_soft_binary_crossentropy_Abalone_STANDARDUNIFORM;dt_scores_binary_crossentropy_Abalone_STANDARDUNIFORM;dt_scores_accuracy_Abalone_STANDARDUNIFORM;dt_scores_f1_score_Abalone_STANDARDUNIFORM;dt_scores_roc_auc_score_Abalone_STANDARDUNIFORM;dt_scores_soft_binary_crossentropy_data_random_Abalone_STANDARDUNIFORM;dt_scores_binary_crossentropy_data_random_Abalone_STANDARDUNIFORM;dt_scores_accuracy_data_random_Abalone_STANDARDUNIFORM;dt_scores_f1_score_data_random_Abalone_STANDARDUNIFORM;dt_scores_roc_auc_score_data_random_Abalone_STANDARDUNIFORM;dt_scores_soft_binary_crossentropy_std_Abalone_STANDARDUNIFORM;dt_scores_binary_crossentropy_std_Abalone_STANDARDUNIFORM;dt_scores_accuracy_std_Abalone_STANDARDUNIFORM;dt_scores_f1_score_std_Abalone_STANDARDUNIFORM;dt_scores_roc_auc_score_std_Abalone_STANDARDUNIFORM;dt_scores_soft_binary_crossentropy_data_random_std_Abalone_STANDARDUNIFORM;dt_scores_binary_crossentropy_data_random_std_Abalone_STANDARDUNIFORM;dt_scores_accuracy_data_random_std_Abalone_STANDARDUNIFORM;dt_scores_f1_score_data_random_std_Abalone_STANDARDUNIFORM;dt_scores_roc_auc_score_data_random_std_Abalone_STANDARDUNIFORM;dt_scores_runtime_Abalone_STANDARDUNIFORM;inet_scores_soft_binary_crossentropy_Abalone_STANDARDUNIFORM;inet_scores_binary_crossentropy_Abalone_STANDARDUNIFORM;inet_scores_accuracy_Abalone_STANDARDUNIFORM;inet_scores_f1_score_Abalone_STANDARDUNIFORM;inet_scores_roc_auc_score_Abalone_STANDARDUNIFORM;inet_scores_runtime_Abalone_STANDARDUNIFORM;model_scores_soft_binary_crossentropy_Abalone_STANDARDUNIFORM;model_scores_binary_crossentropy_Abalone_STANDARDUNIFORM;model_scores_accuracy_Abalone_STANDARDUNIFORM;model_scores_f1_score_Abalone_STANDARDUNIFORM;model_scores_roc_auc_score_Abalone_STANDARDUNIFORM;model_scores_runtime_Abalone_STANDARDUNIFORM;dt_scores_soft_binary_crossentropy_['uniform', 'normal', 'gamma', 'beta', 'poisson']_Car_STANDARDUNIFORM;dt_scores_binary_crossentropy_['uniform', 'normal', 'gamma', 'beta', 'poisson']_Car_STANDARDUNIFORM;dt_scores_accuracy_['uniform', 'normal', 'gamma', 'beta', 'poisson']_Car_STANDARDUNIFORM;dt_scores_f1_score_['uniform', 'normal', 'gamma', 'beta', 'poisson']_Car_STANDARDUNIFORM;dt_scores_roc_auc_score_['uniform', 'normal', 'gamma', 'beta', 'poisson']_Car_STANDARDUNIFORM;dt_scores_soft_binary_crossentropy_data_random_['uniform', 'normal', 'gamma', 'beta', 'poisson']_Car_STANDARDUNIFORM;dt_scores_binary_crossentropy_data_random_['uniform', 'normal', 'gamma', 'beta', 'poisson']_Car_STANDARDUNIFORM;dt_scores_accuracy_data_random_['uniform', 'normal', 'gamma', 'beta', 'poisson']_Car_STANDARDUNIFORM;dt_scores_f1_score_data_random_['uniform', 'normal', 'gamma', 'beta', 'poisson']_Car_STANDARDUNIFORM;dt_scores_roc_auc_score_data_random_['uniform', 'normal', 'gamma', 'beta', 'poisson']_Car_STANDARDUNIFORM;dt_scores_runtime_['uniform', 'normal', 'gamma', 'beta', 'poisson']_Car_STANDARDUNIFORM;dt_scores_soft_binary_crossentropy_Car_STANDARDUNIFORM;dt_scores_binary_crossentropy_Car_STANDARDUNIFORM;dt_scores_accuracy_Car_STANDARDUNIFORM;dt_scores_f1_score_Car_STANDARDUNIFORM;dt_scores_roc_auc_score_Car_STANDARDUNIFORM;dt_scores_soft_binary_crossentropy_data_random_Car_STANDARDUNIFORM;dt_scores_binary_crossentropy_data_random_Car_STANDARDUNIFORM;dt_scores_accuracy_data_random_Car_STANDARDUNIFORM;dt_scores_f1_score_data_random_Car_STANDARDUNIFORM;dt_scores_roc_auc_score_data_random_Car_STANDARDUNIFORM;dt_scores_soft_binary_crossentropy_std_Car_STANDARDUNIFORM;dt_scores_binary_crossentropy_std_Car_STANDARDUNIFORM;dt_scores_accuracy_std_Car_STANDARDUNIFORM;dt_scores_f1_score_std_Car_STANDARDUNIFORM;dt_scores_roc_auc_score_std_Car_STANDARDUNIFORM;dt_scores_soft_binary_crossentropy_data_random_std_Car_STANDARDUNIFORM;dt_scores_binary_crossentropy_data_random_std_Car_STANDARDUNIFORM;dt_scores_accuracy_data_random_std_Car_STANDARDUNIFORM;dt_scores_f1_score_data_random_std_Car_STANDARDUNIFORM;dt_scores_roc_auc_score_data_random_std_Car_STANDARDUNIFORM;dt_scores_runtime_Car_STANDARDUNIFORM;inet_scores_soft_binary_crossentropy_Car_STANDARDUNIFORM;inet_scores_binary_crossentropy_Car_STANDARDUNIFORM;inet_scores_accuracy_Car_STANDARDUNIFORM;inet_scores_f1_score_Car_STANDARDUNIFORM;inet_scores_roc_auc_score_Car_STANDARDUNIFORM;inet_scores_runtime_Car_STANDARDUNIFORM;model_scores_soft_binary_crossentropy_Car_STANDARDUNIFORM;model_scores_binary_crossentropy_Car_STANDARDUNIFORM;model_scores_accuracy_Car_STANDARDUNIFORM;model_scores_f1_score_Car_STANDARDUNIFORM;model_scores_roc_auc_score_Car_STANDARDUNIFORM;model_scores_runtime_Car_STANDARDUNIFORM;dt_scores_soft_binary_crossentropy_['uniform', 'normal', 'gamma', 'beta', 'poisson']_Heart Disease_STANDARDUNIFORM;dt_scores_binary_crossentropy_['uniform', 'normal', 'gamma', 'beta', 'poisson']_Heart Disease_STANDARDUNIFORM;dt_scores_accuracy_['uniform', 'normal', 'gamma', 'beta', 'poisson']_Heart Disease_STANDARDUNIFORM;dt_scores_f1_score_['uniform', 'normal', 'gamma', 'beta', 'poisson']_Heart Disease_STANDARDUNIFORM;dt_scores_roc_auc_score_['uniform', 'normal', 'gamma', 'beta', 'poisson']_Heart Disease_STANDARDUNIFORM;dt_scores_soft_binary_crossentropy_data_random_['uniform', 'normal', 'gamma', 'beta', 'poisson']_Heart Disease_STANDARDUNIFORM;dt_scores_binary_crossentropy_data_random_['uniform', 'normal', 'gamma', 'beta', 'poisson']_Heart Disease_STANDARDUNIFORM;dt_scores_accuracy_data_random_['uniform', 'normal', 'gamma', 'beta', 'poisson']_Heart Disease_STANDARDUNIFORM;dt_scores_f1_score_data_random_['uniform', 'normal', 'gamma', 'beta', 'poisson']_Heart Disease_STANDARDUNIFORM;dt_scores_roc_auc_score_data_random_['uniform', 'normal', 'gamma', 'beta', 'poisson']_Heart Disease_STANDARDUNIFORM;dt_scores_runtime_['uniform', 'normal', 'gamma', 'beta', 'poisson']_Heart Disease_STANDARDUNIFORM;dt_scores_soft_binary_crossentropy_Heart Disease_STANDARDUNIFORM;dt_scores_binary_crossentropy_Heart Disease_STANDARDUNIFORM;dt_scores_accuracy_Heart Disease_STANDARDUNIFORM;dt_scores_f1_score_Heart Disease_STANDARDUNIFORM;dt_scores_roc_auc_score_Heart Disease_STANDARDUNIFORM;dt_scores_soft_binary_crossentropy_data_random_Heart Disease_STANDARDUNIFORM;dt_scores_binary_crossentropy_data_random_Heart Disease_STANDARDUNIFORM;dt_scores_accuracy_data_random_Heart Disease_STANDARDUNIFORM;dt_scores_f1_score_data_random_Heart Disease_STANDARDUNIFORM;dt_scores_roc_auc_score_data_random_Heart Disease_STANDARDUNIFORM;dt_scores_soft_binary_crossentropy_std_Heart Disease_STANDARDUNIFORM;dt_scores_binary_crossentropy_std_Heart Disease_STANDARDUNIFORM;dt_scores_accuracy_std_Heart Disease_STANDARDUNIFORM;dt_scores_f1_score_std_Heart Disease_STANDARDUNIFORM;dt_scores_roc_auc_score_std_Heart Disease_STANDARDUNIFORM;dt_scores_soft_binary_crossentropy_data_random_std_Heart Disease_STANDARDUNIFORM;dt_scores_binary_crossentropy_data_random_std_Heart Disease_STANDARDUNIFORM;dt_scores_accuracy_data_random_std_Heart Disease_STANDARDUNIFORM;dt_scores_f1_score_data_random_std_Heart Disease_STANDARDUNIFORM;dt_scores_roc_auc_score_data_random_std_Heart Disease_STANDARDUNIFORM;dt_scores_runtime_Heart Disease_STANDARDUNIFORM;inet_scores_soft_binary_crossentropy_Heart Disease_STANDARDUNIFORM;inet_scores_binary_crossentropy_Heart Disease_STANDARDUNIFORM;inet_scores_accuracy_Heart Disease_STANDARDUNIFORM;inet_scores_f1_score_Heart Disease_STANDARDUNIFORM;inet_scores_roc_auc_score_Heart Disease_STANDARDUNIFORM;inet_scores_runtime_Heart Disease_STANDARDUNIFORM;model_scores_soft_binary_crossentropy_Heart Disease_STANDARDUNIFORM;model_scores_binary_crossentropy_Heart Disease_STANDARDUNIFORM;model_scores_accuracy_Heart Disease_STANDARDUNIFORM;model_scores_f1_score_Heart Disease_STANDARDUNIFORM;model_scores_roc_auc_score_Heart Disease_STANDARDUNIFORM;model_scores_runtime_Heart Disease_STANDARDUNIFORM;dt_scores_soft_binary_crossentropy_['uniform', 'normal', 'gamma', 'beta', 'poisson']_Credit Card_STANDARDUNIFORM;dt_scores_binary_crossentropy_['uniform', 'normal', 'gamma', 'beta', 'poisson']_Credit Card_STANDARDUNIFORM;dt_scores_accuracy_['uniform', 'normal', 'gamma', 'beta', 'poisson']_Credit Card_STANDARDUNIFORM;dt_scores_f1_score_['uniform', 'normal', 'gamma', 'beta', 'poisson']_Credit Card_STANDARDUNIFORM;dt_scores_roc_auc_score_['uniform', 'normal', 'gamma', 'beta', 'poisson']_Credit Card_STANDARDUNIFORM;dt_scores_soft_binary_crossentropy_data_random_['uniform', 'normal', 'gamma', 'beta', 'poisson']_Credit Card_STANDARDUNIFORM;dt_scores_binary_crossentropy_data_random_['uniform', 'normal', 'gamma', 'beta', 'poisson']_Credit Card_STANDARDUNIFORM;dt_scores_accuracy_data_random_['uniform', 'normal', 'gamma', 'beta', 'poisson']_Credit Card_STANDARDUNIFORM;dt_scores_f1_score_data_random_['uniform', 'normal', 'gamma', 'beta', 'poisson']_Credit Card_STANDARDUNIFORM;dt_scores_roc_auc_score_data_random_['uniform', 'normal', 'gamma', 'beta', 'poisson']_Credit Card_STANDARDUNIFORM;dt_scores_runtime_['uniform', 'normal', 'gamma', 'beta', 'poisson']_Credit Card_STANDARDUNIFORM;dt_scores_soft_binary_crossentropy_Credit Card_STANDARDUNIFORM;dt_scores_binary_crossentropy_Credit Card_STANDARDUNIFORM;dt_scores_accuracy_Credit Card_STANDARDUNIFORM;dt_scores_f1_score_Credit Card_STANDARDUNIFORM;dt_scores_roc_auc_score_Credit Card_STANDARDUNIFORM;dt_scores_soft_binary_crossentropy_data_random_Credit Card_STANDARDUNIFORM;dt_scores_binary_crossentropy_data_random_Credit Card_STANDARDUNIFORM;dt_scores_accuracy_data_random_Credit Card_STANDARDUNIFORM;dt_scores_f1_score_data_random_Credit Card_STANDARDUNIFORM;dt_scores_roc_auc_score_data_random_Credit Card_STANDARDUNIFORM;dt_scores_soft_binary_crossentropy_std_Credit Card_STANDARDUNIFORM;dt_scores_binary_crossentropy_std_Credit Card_STANDARDUNIFORM;dt_scores_accuracy_std_Credit Card_STANDARDUNIFORM;dt_scores_f1_score_std_Credit Card_STANDARDUNIFORM;dt_scores_roc_auc_score_std_Credit Card_STANDARDUNIFORM;dt_scores_soft_binary_crossentropy_data_random_std_Credit Card_STANDARDUNIFORM;dt_scores_binary_crossentropy_data_random_std_Credit Card_STANDARDUNIFORM;dt_scores_accuracy_data_random_std_Credit Card_STANDARDUNIFORM;dt_scores_f1_score_data_random_std_Credit Card_STANDARDUNIFORM;dt_scores_roc_auc_score_data_random_std_Credit Card_STANDARDUNIFORM;dt_scores_runtime_Credit Card_STANDARDUNIFORM;inet_scores_soft_binary_crossentropy_Credit Card_STANDARDUNIFORM;inet_scores_binary_crossentropy_Credit Card_STANDARDUNIFORM;inet_scores_accuracy_Credit Card_STANDARDUNIFORM;inet_scores_f1_score_Credit Card_STANDARDUNIFORM;inet_scores_roc_auc_score_Credit Card_STANDARDUNIFORM;inet_scores_runtime_Credit Card_STANDARDUNIFORM;model_scores_soft_binary_crossentropy_Credit Card_STANDARDUNIFORM;model_scores_binary_crossentropy_Credit Card_STANDARDUNIFORM;model_scores_accuracy_Credit Card_STANDARDUNIFORM;model_scores_f1_score_Credit Card_STANDARDUNIFORM;model_scores_roc_auc_score_Credit Card_STANDARDUNIFORM;model_scores_runtime_Credit Card_STANDARDUNIFORM;dt_scores_soft_binary_crossentropy_['uniform', 'normal', 'gamma', 'beta', 'poisson']_Haberman_STANDARDUNIFORM;dt_scores_binary_crossentropy_['uniform', 'normal', 'gamma', 'beta', 'poisson']_Haberman_STANDARDUNIFORM;dt_scores_accuracy_['uniform', 'normal', 'gamma', 'beta', 'poisson']_Haberman_STANDARDUNIFORM;dt_scores_f1_score_['uniform', 'normal', 'gamma', 'beta', 'poisson']_Haberman_STANDARDUNIFORM;dt_scores_roc_auc_score_['uniform', 'normal', 'gamma', 'beta', 'poisson']_Haberman_STANDARDUNIFORM;dt_scores_soft_binary_crossentropy_data_random_['uniform', 'normal', 'gamma', 'beta', 'poisson']_Haberman_STANDARDUNIFORM;dt_scores_binary_crossentropy_data_random_['uniform', 'normal', 'gamma', 'beta', 'poisson']_Haberman_STANDARDUNIFORM;dt_scores_accuracy_data_random_['uniform', 'normal', 'gamma', 'beta', 'poisson']_Haberman_STANDARDUNIFORM;dt_scores_f1_score_data_random_['uniform', 'normal', 'gamma', 'beta', 'poisson']_Haberman_STANDARDUNIFORM;dt_scores_roc_auc_score_data_random_['uniform', 'normal', 'gamma', 'beta', 'poisson']_Haberman_STANDARDUNIFORM;dt_scores_runtime_['uniform', 'normal', 'gamma', 'beta', 'poisson']_Haberman_STANDARDUNIFORM;dt_scores_soft_binary_crossentropy_Haberman_STANDARDUNIFORM;dt_scores_binary_crossentropy_Haberman_STANDARDUNIFORM;dt_scores_accuracy_Haberman_STANDARDUNIFORM;dt_scores_f1_score_Haberman_STANDARDUNIFORM;dt_scores_roc_auc_score_Haberman_STANDARDUNIFORM;dt_scores_soft_binary_crossentropy_data_random_Haberman_STANDARDUNIFORM;dt_scores_binary_crossentropy_data_random_Haberman_STANDARDUNIFORM;dt_scores_accuracy_data_random_Haberman_STANDARDUNIFORM;dt_scores_f1_score_data_random_Haberman_STANDARDUNIFORM;dt_scores_roc_auc_score_data_random_Haberman_STANDARDUNIFORM;dt_scores_soft_binary_crossentropy_std_Haberman_STANDARDUNIFORM;dt_scores_binary_crossentropy_std_Haberman_STANDARDUNIFORM;dt_scores_accuracy_std_Haberman_STANDARDUNIFORM;dt_scores_f1_score_std_Haberman_STANDARDUNIFORM;dt_scores_roc_auc_score_std_Haberman_STANDARDUNIFORM;dt_scores_soft_binary_crossentropy_data_random_std_Haberman_STANDARDUNIFORM;dt_scores_binary_crossentropy_data_random_std_Haberman_STANDARDUNIFORM;dt_scores_accuracy_data_random_std_Haberman_STANDARDUNIFORM;dt_scores_f1_score_data_random_std_Haberman_STANDARDUNIFORM;dt_scores_roc_auc_score_data_random_std_Haberman_STANDARDUNIFORM;dt_scores_runtime_Haberman_STANDARDUNIFORM;inet_scores_soft_binary_crossentropy_Haberman_STANDARDUNIFORM;inet_scores_binary_crossentropy_Haberman_STANDARDUNIFORM;inet_scores_accuracy_Haberman_STANDARDUNIFORM;inet_scores_f1_score_Haberman_STANDARDUNIFORM;inet_scores_roc_auc_score_Haberman_STANDARDUNIFORM;inet_scores_runtime_Haberman_STANDARDUNIFORM;model_scores_soft_binary_crossentropy_Haberman_STANDARDUNIFORM;model_scores_binary_crossentropy_Haberman_STANDARDUNIFORM;model_scores_accuracy_Haberman_STANDARDUNIFORM;model_scores_f1_score_Haberman_STANDARDUNIFORM;model_scores_roc_auc_score_Haberman_STANDARDUNIFORM;model_scores_runtime_Haberman_STANDARDUNIFORM;dt_scores_soft_binary_crossentropy_['uniform', 'normal', 'gamma', 'beta', 'poisson']_Adult_STANDARDUNIFORM;dt_scores_binary_crossentropy_['uniform', 'normal', 'gamma', 'beta', 'poisson']_Adult_STANDARDUNIFORM;dt_scores_accuracy_['uniform', 'normal', 'gamma', 'beta', 'poisson']_Adult_STANDARDUNIFORM;dt_scores_f1_score_['uniform', 'normal', 'gamma', 'beta', 'poisson']_Adult_STANDARDUNIFORM;dt_scores_roc_auc_score_['uniform', 'normal', 'gamma', 'beta', 'poisson']_Adult_STANDARDUNIFORM;dt_scores_soft_binary_crossentropy_data_random_['uniform', 'normal', 'gamma', 'beta', 'poisson']_Adult_STANDARDUNIFORM;dt_scores_binary_crossentropy_data_random_['uniform', 'normal', 'gamma', 'beta', 'poisson']_Adult_STANDARDUNIFORM;dt_scores_accuracy_data_random_['uniform', 'normal', 'gamma', 'beta', 'poisson']_Adult_STANDARDUNIFORM;dt_scores_f1_score_data_random_['uniform', 'normal', 'gamma', 'beta', 'poisson']_Adult_STANDARDUNIFORM;dt_scores_roc_auc_score_data_random_['uniform', 'normal', 'gamma', 'beta', 'poisson']_Adult_STANDARDUNIFORM;dt_scores_runtime_['uniform', 'normal', 'gamma', 'beta', 'poisson']_Adult_STANDARDUNIFORM;dt_scores_soft_binary_crossentropy_Adult_STANDARDUNIFORM;dt_scores_binary_crossentropy_Adult_STANDARDUNIFORM;dt_scores_accuracy_Adult_STANDARDUNIFORM;dt_scores_f1_score_Adult_STANDARDUNIFORM;dt_scores_roc_auc_score_Adult_STANDARDUNIFORM;dt_scores_soft_binary_crossentropy_data_random_Adult_STANDARDUNIFORM;dt_scores_binary_crossentropy_data_random_Adult_STANDARDUNIFORM;dt_scores_accuracy_data_random_Adult_STANDARDUNIFORM;dt_scores_f1_score_data_random_Adult_STANDARDUNIFORM;dt_scores_roc_auc_score_data_random_Adult_STANDARDUNIFORM;dt_scores_soft_binary_crossentropy_std_Adult_STANDARDUNIFORM;dt_scores_binary_crossentropy_std_Adult_STANDARDUNIFORM;dt_scores_accuracy_std_Adult_STANDARDUNIFORM;dt_scores_f1_score_std_Adult_STANDARDUNIFORM;dt_scores_roc_auc_score_std_Adult_STANDARDUNIFORM;dt_scores_soft_binary_crossentropy_data_random_std_Adult_STANDARDUNIFORM;dt_scores_binary_crossentropy_data_random_std_Adult_STANDARDUNIFORM;dt_scores_accuracy_data_random_std_Adult_STANDARDUNIFORM;dt_scores_f1_score_data_random_std_Adult_STANDARDUNIFORM;dt_scores_roc_auc_score_data_random_std_Adult_STANDARDUNIFORM;dt_scores_runtime_Adult_STANDARDUNIFORM;inet_scores_soft_binary_crossentropy_Adult_STANDARDUNIFORM;inet_scores_binary_crossentropy_Adult_STANDARDUNIFORM;inet_scores_accuracy_Adult_STANDARDUNIFORM;inet_scores_f1_score_Adult_STANDARDUNIFORM;inet_scores_roc_auc_score_Adult_STANDARDUNIFORM;inet_scores_runtime_Adult_STANDARDUNIFORM;model_scores_soft_binary_crossentropy_Adult_STANDARDUNIFORM;model_scores_binary_crossentropy_Adult_STANDARDUNIFORM;model_scores_accuracy_Adult_STANDARDUNIFORM;model_scores_f1_score_Adult_STANDARDUNIFORM;model_scores_roc_auc_score_Adult_STANDARDUNIFORM;model_scores_runtime_Adult_STANDARDUNIFORM;dt_scores_soft_binary_crossentropy_['uniform', 'normal', 'gamma', 'beta', 'poisson']_Titanic_STANDARDUNIFORM;dt_scores_binary_crossentropy_['uniform', 'normal', 'gamma', 'beta', 'poisson']_Titanic_STANDARDUNIFORM;dt_scores_accuracy_['uniform', 'normal', 'gamma', 'beta', 'poisson']_Titanic_STANDARDUNIFORM;dt_scores_f1_score_['uniform', 'normal', 'gamma', 'beta', 'poisson']_Titanic_STANDARDUNIFORM;dt_scores_roc_auc_score_['uniform', 'normal', 'gamma', 'beta', 'poisson']_Titanic_STANDARDUNIFORM;dt_scores_soft_binary_crossentropy_data_random_['uniform', 'normal', 'gamma', 'beta', 'poisson']_Titanic_STANDARDUNIFORM;dt_scores_binary_crossentropy_data_random_['uniform', 'normal', 'gamma', 'beta', 'poisson']_Titanic_STANDARDUNIFORM;dt_scores_accuracy_data_random_['uniform', 'normal', 'gamma', 'beta', 'poisson']_Titanic_STANDARDUNIFORM;dt_scores_f1_score_data_random_['uniform', 'normal', 'gamma', 'beta', 'poisson']_Titanic_STANDARDUNIFORM;dt_scores_roc_auc_score_data_random_['uniform', 'normal', 'gamma', 'beta', 'poisson']_Titanic_STANDARDUNIFORM;dt_scores_runtime_['uniform', 'normal', 'gamma', 'beta', 'poisson']_Titanic_STANDARDUNIFORM;dt_scores_soft_binary_crossentropy_Titanic_STANDARDUNIFORM;dt_scores_binary_crossentropy_Titanic_STANDARDUNIFORM;dt_scores_accuracy_Titanic_STANDARDUNIFORM;dt_scores_f1_score_Titanic_STANDARDUNIFORM;dt_scores_roc_auc_score_Titanic_STANDARDUNIFORM;dt_scores_soft_binary_crossentropy_data_random_Titanic_STANDARDUNIFORM;dt_scores_binary_crossentropy_data_random_Titanic_STANDARDUNIFORM;dt_scores_accuracy_data_random_Titanic_STANDARDUNIFORM;dt_scores_f1_score_data_random_Titanic_STANDARDUNIFORM;dt_scores_roc_auc_score_data_random_Titanic_STANDARDUNIFORM;dt_scores_soft_binary_crossentropy_std_Titanic_STANDARDUNIFORM;dt_scores_binary_crossentropy_std_Titanic_STANDARDUNIFORM;dt_scores_accuracy_std_Titanic_STANDARDUNIFORM;dt_scores_f1_score_std_Titanic_STANDARDUNIFORM;dt_scores_roc_auc_score_std_Titanic_STANDARDUNIFORM;dt_scores_soft_binary_crossentropy_data_random_std_Titanic_STANDARDUNIFORM;dt_scores_binary_crossentropy_data_random_std_Titanic_STANDARDUNIFORM;dt_scores_accuracy_data_random_std_Titanic_STANDARDUNIFORM;dt_scores_f1_score_data_random_std_Titanic_STANDARDUNIFORM;dt_scores_roc_auc_score_data_random_std_Titanic_STANDARDUNIFORM;dt_scores_runtime_Titanic_STANDARDUNIFORM;inet_scores_soft_binary_crossentropy_Titanic_STANDARDUNIFORM;inet_scores_binary_crossentropy_Titanic_STANDARDUNIFORM;inet_scores_accuracy_Titanic_STANDARDUNIFORM;inet_scores_f1_score_Titanic_STANDARDUNIFORM;inet_scores_roc_auc_score_Titanic_STANDARDUNIFORM;inet_scores_runtime_Titanic_STANDARDUNIFORM;model_scores_soft_binary_crossentropy_Titanic_STANDARDUNIFORM;model_scores_binary_crossentropy_Titanic_STANDARDUNIFORM;model_scores_accuracy_Titanic_STANDARDUNIFORM;model_scores_f1_score_Titanic_STANDARDUNIFORM;model_scores_roc_auc_score_Titanic_STANDARDUNIFORM;model_scores_runtime_Titanic_STANDARDUNIFORM;dt_scores_soft_binary_crossentropy_['uniform', 'normal', 'gamma', 'beta', 'poisson']_Absenteeism_STANDARDUNIFORM;dt_scores_binary_crossentropy_['uniform', 'normal', 'gamma', 'beta', 'poisson']_Absenteeism_STANDARDUNIFORM;dt_scores_accuracy_['uniform', 'normal', 'gamma', 'beta', 'poisson']_Absenteeism_STANDARDUNIFORM;dt_scores_f1_score_['uniform', 'normal', 'gamma', 'beta', 'poisson']_Absenteeism_STANDARDUNIFORM;dt_scores_roc_auc_score_['uniform', 'normal', 'gamma', 'beta', 'poisson']_Absenteeism_STANDARDUNIFORM;dt_scores_soft_binary_crossentropy_data_random_['uniform', 'normal', 'gamma', 'beta', 'poisson']_Absenteeism_STANDARDUNIFORM;dt_scores_binary_crossentropy_data_random_['uniform', 'normal', 'gamma', 'beta', 'poisson']_Absenteeism_STANDARDUNIFORM;dt_scores_accuracy_data_random_['uniform', 'normal', 'gamma', 'beta', 'poisson']_Absenteeism_STANDARDUNIFORM;dt_scores_f1_score_data_random_['uniform', 'normal', 'gamma', 'beta', 'poisson']_Absenteeism_STANDARDUNIFORM;dt_scores_roc_auc_score_data_random_['uniform', 'normal', 'gamma', 'beta', 'poisson']_Absenteeism_STANDARDUNIFORM;dt_scores_runtime_['uniform', 'normal', 'gamma', 'beta', 'poisson']_Absenteeism_STANDARDUNIFORM;dt_scores_soft_binary_crossentropy_Absenteeism_STANDARDUNIFORM;dt_scores_binary_crossentropy_Absenteeism_STANDARDUNIFORM;dt_scores_accuracy_Absenteeism_STANDARDUNIFORM;dt_scores_f1_score_Absenteeism_STANDARDUNIFORM;dt_scores_roc_auc_score_Absenteeism_STANDARDUNIFORM;dt_scores_soft_binary_crossentropy_data_random_Absenteeism_STANDARDUNIFORM;dt_scores_binary_crossentropy_data_random_Absenteeism_STANDARDUNIFORM;dt_scores_accuracy_data_random_Absenteeism_STANDARDUNIFORM;dt_scores_f1_score_data_random_Absenteeism_STANDARDUNIFORM;dt_scores_roc_auc_score_data_random_Absenteeism_STANDARDUNIFORM;dt_scores_soft_binary_crossentropy_std_Absenteeism_STANDARDUNIFORM;dt_scores_binary_crossentropy_std_Absenteeism_STANDARDUNIFORM;dt_scores_accuracy_std_Absenteeism_STANDARDUNIFORM;dt_scores_f1_score_std_Absenteeism_STANDARDUNIFORM;dt_scores_roc_auc_score_std_Absenteeism_STANDARDUNIFORM;dt_scores_soft_binary_crossentropy_data_random_std_Absenteeism_STANDARDUNIFORM;dt_scores_binary_crossentropy_data_random_std_Absenteeism_STANDARDUNIFORM;dt_scores_accuracy_data_random_std_Absenteeism_STANDARDUNIFORM;dt_scores_f1_score_data_random_std_Absenteeism_STANDARDUNIFORM;dt_scores_roc_auc_score_data_random_std_Absenteeism_STANDARDUNIFORM;dt_scores_runtime_Absenteeism_STANDARDUNIFORM;inet_scores_soft_binary_crossentropy_Absenteeism_STANDARDUNIFORM;inet_scores_binary_crossentropy_Absenteeism_STANDARDUNIFORM;inet_scores_accuracy_Absenteeism_STANDARDUNIFORM;inet_scores_f1_score_Absenteeism_STANDARDUNIFORM;inet_scores_roc_auc_score_Absenteeism_STANDARDUNIFORM;inet_scores_runtime_Absenteeism_STANDARDUNIFORM;model_scores_soft_binary_crossentropy_Absenteeism_STANDARDUNIFORM;model_scores_binary_crossentropy_Absenteeism_STANDARDUNIFORM;model_scores_accuracy_Absenteeism_STANDARDUNIFORM;model_scores_f1_score_Absenteeism_STANDARDUNIFORM;model_scores_roc_auc_score_Absenteeism_STANDARDUNIFORM;model_scores_runtime_Absenteeism_STANDARDUNIFORM;dt_scores_soft_binary_crossentropy_['uniform', 'normal', 'gamma', 'beta', 'poisson']_Loan House_STANDARDUNIFORM;dt_scores_binary_crossentropy_['uniform', 'normal', 'gamma', 'beta', 'poisson']_Loan House_STANDARDUNIFORM;dt_scores_accuracy_['uniform', 'normal', 'gamma', 'beta', 'poisson']_Loan House_STANDARDUNIFORM;dt_scores_f1_score_['uniform', 'normal', 'gamma', 'beta', 'poisson']_Loan House_STANDARDUNIFORM;dt_scores_roc_auc_score_['uniform', 'normal', 'gamma', 'beta', 'poisson']_Loan House_STANDARDUNIFORM;dt_scores_soft_binary_crossentropy_data_random_['uniform', 'normal', 'gamma', 'beta', 'poisson']_Loan House_STANDARDUNIFORM;dt_scores_binary_crossentropy_data_random_['uniform', 'normal', 'gamma', 'beta', 'poisson']_Loan House_STANDARDUNIFORM;dt_scores_accuracy_data_random_['uniform', 'normal', 'gamma', 'beta', 'poisson']_Loan House_STANDARDUNIFORM;dt_scores_f1_score_data_random_['uniform', 'normal', 'gamma', 'beta', 'poisson']_Loan House_STANDARDUNIFORM;dt_scores_roc_auc_score_data_random_['uniform', 'normal', 'gamma', 'beta', 'poisson']_Loan House_STANDARDUNIFORM;dt_scores_runtime_['uniform', 'normal', 'gamma', 'beta', 'poisson']_Loan House_STANDARDUNIFORM;dt_scores_soft_binary_crossentropy_Loan House_STANDARDUNIFORM;dt_scores_binary_crossentropy_Loan House_STANDARDUNIFORM;dt_scores_accuracy_Loan House_STANDARDUNIFORM;dt_scores_f1_score_Loan House_STANDARDUNIFORM;dt_scores_roc_auc_score_Loan House_STANDARDUNIFORM;dt_scores_soft_binary_crossentropy_data_random_Loan House_STANDARDUNIFORM;dt_scores_binary_crossentropy_data_random_Loan House_STANDARDUNIFORM;dt_scores_accuracy_data_random_Loan House_STANDARDUNIFORM;dt_scores_f1_score_data_random_Loan House_STANDARDUNIFORM;dt_scores_roc_auc_score_data_random_Loan House_STANDARDUNIFORM;dt_scores_soft_binary_crossentropy_std_Loan House_STANDARDUNIFORM;dt_scores_binary_crossentropy_std_Loan House_STANDARDUNIFORM;dt_scores_accuracy_std_Loan House_STANDARDUNIFORM;dt_scores_f1_score_std_Loan House_STANDARDUNIFORM;dt_scores_roc_auc_score_std_Loan House_STANDARDUNIFORM;dt_scores_soft_binary_crossentropy_data_random_std_Loan House_STANDARDUNIFORM;dt_scores_binary_crossentropy_data_random_std_Loan House_STANDARDUNIFORM;dt_scores_accuracy_data_random_std_Loan House_STANDARDUNIFORM;dt_scores_f1_score_data_random_std_Loan House_STANDARDUNIFORM;dt_scores_roc_auc_score_data_random_std_Loan House_STANDARDUNIFORM;dt_scores_runtime_Loan House_STANDARDUNIFORM;inet_scores_soft_binary_crossentropy_Loan House_STANDARDUNIFORM;inet_scores_binary_crossentropy_Loan House_STANDARDUNIFORM;inet_scores_accuracy_Loan House_STANDARDUNIFORM;inet_scores_f1_score_Loan House_STANDARDUNIFORM;inet_scores_roc_auc_score_Loan House_STANDARDUNIFORM;inet_scores_runtime_Loan House_STANDARDUNIFORM;model_scores_soft_binary_crossentropy_Loan House_STANDARDUNIFORM;model_scores_binary_crossentropy_Loan House_STANDARDUNIFORM;model_scores_accuracy_Loan House_STANDARDUNIFORM;model_scores_f1_score_Loan House_STANDARDUNIFORM;model_scores_roc_auc_score_Loan House_STANDARDUNIFORM;model_scores_runtime_Loan House_STANDARDUNIFORM;dt_scores_soft_binary_crossentropy_['uniform', 'normal', 'gamma', 'beta', 'poisson']_Loan Credit_STANDARDUNIFORM;dt_scores_binary_crossentropy_['uniform', 'normal', 'gamma', 'beta', 'poisson']_Loan Credit_STANDARDUNIFORM;dt_scores_accuracy_['uniform', 'normal', 'gamma', 'beta', 'poisson']_Loan Credit_STANDARDUNIFORM;dt_scores_f1_score_['uniform', 'normal', 'gamma', 'beta', 'poisson']_Loan Credit_STANDARDUNIFORM;dt_scores_roc_auc_score_['uniform', 'normal', 'gamma', 'beta', 'poisson']_Loan Credit_STANDARDUNIFORM;dt_scores_soft_binary_crossentropy_data_random_['uniform', 'normal', 'gamma', 'beta', 'poisson']_Loan Credit_STANDARDUNIFORM;dt_scores_binary_crossentropy_data_random_['uniform', 'normal', 'gamma', 'beta', 'poisson']_Loan Credit_STANDARDUNIFORM;dt_scores_accuracy_data_random_['uniform', 'normal', 'gamma', 'beta', 'poisson']_Loan Credit_STANDARDUNIFORM;dt_scores_f1_score_data_random_['uniform', 'normal', 'gamma', 'beta', 'poisson']_Loan Credit_STANDARDUNIFORM;dt_scores_roc_auc_score_data_random_['uniform', 'normal', 'gamma', 'beta', 'poisson']_Loan Credit_STANDARDUNIFORM;dt_scores_runtime_['uniform', 'normal', 'gamma', 'beta', 'poisson']_Loan Credit_STANDARDUNIFORM;dt_scores_soft_binary_crossentropy_Loan Credit_STANDARDUNIFORM;dt_scores_binary_crossentropy_Loan Credit_STANDARDUNIFORM;dt_scores_accuracy_Loan Credit_STANDARDUNIFORM;dt_scores_f1_score_Loan Credit_STANDARDUNIFORM;dt_scores_roc_auc_score_Loan Credit_STANDARDUNIFORM;dt_scores_soft_binary_crossentropy_data_random_Loan Credit_STANDARDUNIFORM;dt_scores_binary_crossentropy_data_random_Loan Credit_STANDARDUNIFORM;dt_scores_accuracy_data_random_Loan Credit_STANDARDUNIFORM;dt_scores_f1_score_data_random_Loan Credit_STANDARDUNIFORM;dt_scores_roc_auc_score_data_random_Loan Credit_STANDARDUNIFORM;dt_scores_soft_binary_crossentropy_std_Loan Credit_STANDARDUNIFORM;dt_scores_binary_crossentropy_std_Loan Credit_STANDARDUNIFORM;dt_scores_accuracy_std_Loan Credit_STANDARDUNIFORM;dt_scores_f1_score_std_Loan Credit_STANDARDUNIFORM;dt_scores_roc_auc_score_std_Loan Credit_STANDARDUNIFORM;dt_scores_soft_binary_crossentropy_data_random_std_Loan Credit_STANDARDUNIFORM;dt_scores_binary_crossentropy_data_random_std_Loan Credit_STANDARDUNIFORM;dt_scores_accuracy_data_random_std_Loan Credit_STANDARDUNIFORM;dt_scores_f1_score_data_random_std_Loan Credit_STANDARDUNIFORM;dt_scores_roc_auc_score_data_random_std_Loan Credit_STANDARDUNIFORM;dt_scores_runtime_Loan Credit_STANDARDUNIFORM;inet_scores_soft_binary_crossentropy_Loan Credit_STANDARDUNIFORM;inet_scores_binary_crossentropy_Loan Credit_STANDARDUNIFORM;inet_scores_accuracy_Loan Credit_STANDARDUNIFORM;inet_scores_f1_score_Loan Credit_STANDARDUNIFORM;inet_scores_roc_auc_score_Loan Credit_STANDARDUNIFORM;inet_scores_runtime_Loan Credit_STANDARDUNIFORM;model_scores_soft_binary_crossentropy_Loan Credit_STANDARDUNIFORM;model_scores_binary_crossentropy_Loan Credit_STANDARDUNIFORM;model_scores_accuracy_Loan Credit_STANDARDUNIFORM;model_scores_f1_score_Loan Credit_STANDARDUNIFORM;model_scores_roc_auc_score_Loan Credit_STANDARDUNIFORM;model_scores_runtime_Loan Credit_STANDARDUNIFORM;dt_scores_soft_binary_crossentropy_['uniform', 'normal', 'gamma', 'beta', 'poisson']_Medical Insurance_STANDARDUNIFORM;dt_scores_binary_crossentropy_['uniform', 'normal', 'gamma', 'beta', 'poisson']_Medical Insurance_STANDARDUNIFORM;dt_scores_accuracy_['uniform', 'normal', 'gamma', 'beta', 'poisson']_Medical Insurance_STANDARDUNIFORM;dt_scores_f1_score_['uniform', 'normal', 'gamma', 'beta', 'poisson']_Medical Insurance_STANDARDUNIFORM;dt_scores_roc_auc_score_['uniform', 'normal', 'gamma', 'beta', 'poisson']_Medical Insurance_STANDARDUNIFORM;dt_scores_soft_binary_crossentropy_data_random_['uniform', 'normal', 'gamma', 'beta', 'poisson']_Medical Insurance_STANDARDUNIFORM;dt_scores_binary_crossentropy_data_random_['uniform', 'normal', 'gamma', 'beta', 'poisson']_Medical Insurance_STANDARDUNIFORM;dt_scores_accuracy_data_random_['uniform', 'normal', 'gamma', 'beta', 'poisson']_Medical Insurance_STANDARDUNIFORM;dt_scores_f1_score_data_random_['uniform', 'normal', 'gamma', 'beta', 'poisson']_Medical Insurance_STANDARDUNIFORM;dt_scores_roc_auc_score_data_random_['uniform', 'normal', 'gamma', 'beta', 'poisson']_Medical Insurance_STANDARDUNIFORM;dt_scores_runtime_['uniform', 'normal', 'gamma', 'beta', 'poisson']_Medical Insurance_STANDARDUNIFORM;dt_scores_soft_binary_crossentropy_Medical Insurance_STANDARDUNIFORM;dt_scores_binary_crossentropy_Medical Insurance_STANDARDUNIFORM;dt_scores_accuracy_Medical Insurance_STANDARDUNIFORM;dt_scores_f1_score_Medical Insurance_STANDARDUNIFORM;dt_scores_roc_auc_score_Medical Insurance_STANDARDUNIFORM;dt_scores_soft_binary_crossentropy_data_random_Medical Insurance_STANDARDUNIFORM;dt_scores_binary_crossentropy_data_random_Medical Insurance_STANDARDUNIFORM;dt_scores_accuracy_data_random_Medical Insurance_STANDARDUNIFORM;dt_scores_f1_score_data_random_Medical Insurance_STANDARDUNIFORM;dt_scores_roc_auc_score_data_random_Medical Insurance_STANDARDUNIFORM;dt_scores_soft_binary_crossentropy_std_Medical Insurance_STANDARDUNIFORM;dt_scores_binary_crossentropy_std_Medical Insurance_STANDARDUNIFORM;dt_scores_accuracy_std_Medical Insurance_STANDARDUNIFORM;dt_scores_f1_score_std_Medical Insurance_STANDARDUNIFORM;dt_scores_roc_auc_score_std_Medical Insurance_STANDARDUNIFORM;dt_scores_soft_binary_crossentropy_data_random_std_Medical Insurance_STANDARDUNIFORM;dt_scores_binary_crossentropy_data_random_std_Medical Insurance_STANDARDUNIFORM;dt_scores_accuracy_data_random_std_Medical Insurance_STANDARDUNIFORM;dt_scores_f1_score_data_random_std_Medical Insurance_STANDARDUNIFORM;dt_scores_roc_auc_score_data_random_std_Medical Insurance_STANDARDUNIFORM;dt_scores_runtime_Medical Insurance_STANDARDUNIFORM;inet_scores_soft_binary_crossentropy_Medical Insurance_STANDARDUNIFORM;inet_scores_binary_crossentropy_Medical Insurance_STANDARDUNIFORM;inet_scores_accuracy_Medical Insurance_STANDARDUNIFORM;inet_scores_f1_score_Medical Insurance_STANDARDUNIFORM;inet_scores_roc_auc_score_Medical Insurance_STANDARDUNIFORM;inet_scores_runtime_Medical Insurance_STANDARDUNIFORM;model_scores_soft_binary_crossentropy_Medical Insurance_STANDARDUNIFORM;model_scores_binary_crossentropy_Medical Insurance_STANDARDUNIFORM;model_scores_accuracy_Medical Insurance_STANDARDUNIFORM;model_scores_f1_score_Medical Insurance_STANDARDUNIFORM;model_scores_roc_auc_score_Medical Insurance_STANDARDUNIFORM;model_scores_runtime_Medical Insurance_STANDARDUNIFORM;dt_scores_soft_binary_crossentropy_['uniform', 'normal', 'gamma', 'beta', 'poisson']_Bank Marketing_STANDARDUNIFORM;dt_scores_binary_crossentropy_['uniform', 'normal', 'gamma', 'beta', 'poisson']_Bank Marketing_STANDARDUNIFORM;dt_scores_accuracy_['uniform', 'normal', 'gamma', 'beta', 'poisson']_Bank Marketing_STANDARDUNIFORM;dt_scores_f1_score_['uniform', 'normal', 'gamma', 'beta', 'poisson']_Bank Marketing_STANDARDUNIFORM;dt_scores_roc_auc_score_['uniform', 'normal', 'gamma', 'beta', 'poisson']_Bank Marketing_STANDARDUNIFORM;dt_scores_soft_binary_crossentropy_data_random_['uniform', 'normal', 'gamma', 'beta', 'poisson']_Bank Marketing_STANDARDUNIFORM;dt_scores_binary_crossentropy_data_random_['uniform', 'normal', 'gamma', 'beta', 'poisson']_Bank Marketing_STANDARDUNIFORM;dt_scores_accuracy_data_random_['uniform', 'normal', 'gamma', 'beta', 'poisson']_Bank Marketing_STANDARDUNIFORM;dt_scores_f1_score_data_random_['uniform', 'normal', 'gamma', 'beta', 'poisson']_Bank Marketing_STANDARDUNIFORM;dt_scores_roc_auc_score_data_random_['uniform', 'normal', 'gamma', 'beta', 'poisson']_Bank Marketing_STANDARDUNIFORM;dt_scores_runtime_['uniform', 'normal', 'gamma', 'beta', 'poisson']_Bank Marketing_STANDARDUNIFORM;dt_scores_soft_binary_crossentropy_Bank Marketing_STANDARDUNIFORM;dt_scores_binary_crossentropy_Bank Marketing_STANDARDUNIFORM;dt_scores_accuracy_Bank Marketing_STANDARDUNIFORM;dt_scores_f1_score_Bank Marketing_STANDARDUNIFORM;dt_scores_roc_auc_score_Bank Marketing_STANDARDUNIFORM;dt_scores_soft_binary_crossentropy_data_random_Bank Marketing_STANDARDUNIFORM;dt_scores_binary_crossentropy_data_random_Bank Marketing_STANDARDUNIFORM;dt_scores_accuracy_data_random_Bank Marketing_STANDARDUNIFORM;dt_scores_f1_score_data_random_Bank Marketing_STANDARDUNIFORM;dt_scores_roc_auc_score_data_random_Bank Marketing_STANDARDUNIFORM;dt_scores_soft_binary_crossentropy_std_Bank Marketing_STANDARDUNIFORM;dt_scores_binary_crossentropy_std_Bank Marketing_STANDARDUNIFORM;dt_scores_accuracy_std_Bank Marketing_STANDARDUNIFORM;dt_scores_f1_score_std_Bank Marketing_STANDARDUNIFORM;dt_scores_roc_auc_score_std_Bank Marketing_STANDARDUNIFORM;dt_scores_soft_binary_crossentropy_data_random_std_Bank Marketing_STANDARDUNIFORM;dt_scores_binary_crossentropy_data_random_std_Bank Marketing_STANDARDUNIFORM;dt_scores_accuracy_data_random_std_Bank Marketing_STANDARDUNIFORM;dt_scores_f1_score_data_random_std_Bank Marketing_STANDARDUNIFORM;dt_scores_roc_auc_score_data_random_std_Bank Marketing_STANDARDUNIFORM;dt_scores_runtime_Bank Marketing_STANDARDUNIFORM;inet_scores_soft_binary_crossentropy_Bank Marketing_STANDARDUNIFORM;inet_scores_binary_crossentropy_Bank Marketing_STANDARDUNIFORM;inet_scores_accuracy_Bank Marketing_STANDARDUNIFORM;inet_scores_f1_score_Bank Marketing_STANDARDUNIFORM;inet_scores_roc_auc_score_Bank Marketing_STANDARDUNIFORM;inet_scores_runtime_Bank Marketing_STANDARDUNIFORM;model_scores_soft_binary_crossentropy_Bank Marketing_STANDARDUNIFORM;model_scores_binary_crossentropy_Bank Marketing_STANDARDUNIFORM;model_scores_accuracy_Bank Marketing_STANDARDUNIFORM;model_scores_f1_score_Bank Marketing_STANDARDUNIFORM;model_scores_roc_auc_score_Bank Marketing_STANDARDUNIFORM;model_scores_runtime_Bank Marketing_STANDARDUNIFORM;dt_scores_soft_binary_crossentropy_['uniform', 'normal', 'gamma', 'beta', 'poisson']_Cervical Cancer_STANDARDUNIFORM;dt_scores_binary_crossentropy_['uniform', 'normal', 'gamma', 'beta', 'poisson']_Cervical Cancer_STANDARDUNIFORM;dt_scores_accuracy_['uniform', 'normal', 'gamma', 'beta', 'poisson']_Cervical Cancer_STANDARDUNIFORM;dt_scores_f1_score_['uniform', 'normal', 'gamma', 'beta', 'poisson']_Cervical Cancer_STANDARDUNIFORM;dt_scores_roc_auc_score_['uniform', 'normal', 'gamma', 'beta', 'poisson']_Cervical Cancer_STANDARDUNIFORM;dt_scores_soft_binary_crossentropy_data_random_['uniform', 'normal', 'gamma', 'beta', 'poisson']_Cervical Cancer_STANDARDUNIFORM;dt_scores_binary_crossentropy_data_random_['uniform', 'normal', 'gamma', 'beta', 'poisson']_Cervical Cancer_STANDARDUNIFORM;dt_scores_accuracy_data_random_['uniform', 'normal', 'gamma', 'beta', 'poisson']_Cervical Cancer_STANDARDUNIFORM;dt_scores_f1_score_data_random_['uniform', 'normal', 'gamma', 'beta', 'poisson']_Cervical Cancer_STANDARDUNIFORM;dt_scores_roc_auc_score_data_random_['uniform', 'normal', 'gamma', 'beta', 'poisson']_Cervical Cancer_STANDARDUNIFORM;dt_scores_runtime_['uniform', 'normal', 'gamma', 'beta', 'poisson']_Cervical Cancer_STANDARDUNIFORM;dt_scores_soft_binary_crossentropy_Cervical Cancer_STANDARDUNIFORM;dt_scores_binary_crossentropy_Cervical Cancer_STANDARDUNIFORM;dt_scores_accuracy_Cervical Cancer_STANDARDUNIFORM;dt_scores_f1_score_Cervical Cancer_STANDARDUNIFORM;dt_scores_roc_auc_score_Cervical Cancer_STANDARDUNIFORM;dt_scores_soft_binary_crossentropy_data_random_Cervical Cancer_STANDARDUNIFORM;dt_scores_binary_crossentropy_data_random_Cervical Cancer_STANDARDUNIFORM;dt_scores_accuracy_data_random_Cervical Cancer_STANDARDUNIFORM;dt_scores_f1_score_data_random_Cervical Cancer_STANDARDUNIFORM;dt_scores_roc_auc_score_data_random_Cervical Cancer_STANDARDUNIFORM;dt_scores_soft_binary_crossentropy_std_Cervical Cancer_STANDARDUNIFORM;dt_scores_binary_crossentropy_std_Cervical Cancer_STANDARDUNIFORM;dt_scores_accuracy_std_Cervical Cancer_STANDARDUNIFORM;dt_scores_f1_score_std_Cervical Cancer_STANDARDUNIFORM;dt_scores_roc_auc_score_std_Cervical Cancer_STANDARDUNIFORM;dt_scores_soft_binary_crossentropy_data_random_std_Cervical Cancer_STANDARDUNIFORM;dt_scores_binary_crossentropy_data_random_std_Cervical Cancer_STANDARDUNIFORM;dt_scores_accuracy_data_random_std_Cervical Cancer_STANDARDUNIFORM;dt_scores_f1_score_data_random_std_Cervical Cancer_STANDARDUNIFORM;dt_scores_roc_auc_score_data_random_std_Cervical Cancer_STANDARDUNIFORM;dt_scores_runtime_Cervical Cancer_STANDARDUNIFORM;inet_scores_soft_binary_crossentropy_Cervical Cancer_STANDARDUNIFORM;inet_scores_binary_crossentropy_Cervical Cancer_STANDARDUNIFORM;inet_scores_accuracy_Cervical Cancer_STANDARDUNIFORM;inet_scores_f1_score_Cervical Cancer_STANDARDUNIFORM;inet_scores_roc_auc_score_Cervical Cancer_STANDARDUNIFORM;inet_scores_runtime_Cervical Cancer_STANDARDUNIFORM;model_scores_soft_binary_crossentropy_Cervical Cancer_STANDARDUNIFORM;model_scores_binary_crossentropy_Cervical Cancer_STANDARDUNIFORM;model_scores_accuracy_Cervical Cancer_STANDARDUNIFORM;model_scores_f1_score_Cervical Cancer_STANDARDUNIFORM;model_scores_roc_auc_score_Cervical Cancer_STANDARDUNIFORM;model_scores_runtime_Cervical Cancer_STANDARDUNIFORM;dt_scores_soft_binary_crossentropy_['uniform', 'normal', 'gamma', 'beta', 'poisson']_Brest Cancer Wisconsin_STANDARDUNIFORM;dt_scores_binary_crossentropy_['uniform', 'normal', 'gamma', 'beta', 'poisson']_Brest Cancer Wisconsin_STANDARDUNIFORM;dt_scores_accuracy_['uniform', 'normal', 'gamma', 'beta', 'poisson']_Brest Cancer Wisconsin_STANDARDUNIFORM;dt_scores_f1_score_['uniform', 'normal', 'gamma', 'beta', 'poisson']_Brest Cancer Wisconsin_STANDARDUNIFORM;dt_scores_roc_auc_score_['uniform', 'normal', 'gamma', 'beta', 'poisson']_Brest Cancer Wisconsin_STANDARDUNIFORM;dt_scores_soft_binary_crossentropy_data_random_['uniform', 'normal', 'gamma', 'beta', 'poisson']_Brest Cancer Wisconsin_STANDARDUNIFORM;dt_scores_binary_crossentropy_data_random_['uniform', 'normal', 'gamma', 'beta', 'poisson']_Brest Cancer Wisconsin_STANDARDUNIFORM;dt_scores_accuracy_data_random_['uniform', 'normal', 'gamma', 'beta', 'poisson']_Brest Cancer Wisconsin_STANDARDUNIFORM;dt_scores_f1_score_data_random_['uniform', 'normal', 'gamma', 'beta', 'poisson']_Brest Cancer Wisconsin_STANDARDUNIFORM;dt_scores_roc_auc_score_data_random_['uniform', 'normal', 'gamma', 'beta', 'poisson']_Brest Cancer Wisconsin_STANDARDUNIFORM;dt_scores_runtime_['uniform', 'normal', 'gamma', 'beta', 'poisson']_Brest Cancer Wisconsin_STANDARDUNIFORM;dt_scores_soft_binary_crossentropy_Brest Cancer Wisconsin_STANDARDUNIFORM;dt_scores_binary_crossentropy_Brest Cancer Wisconsin_STANDARDUNIFORM;dt_scores_accuracy_Brest Cancer Wisconsin_STANDARDUNIFORM;dt_scores_f1_score_Brest Cancer Wisconsin_STANDARDUNIFORM;dt_scores_roc_auc_score_Brest Cancer Wisconsin_STANDARDUNIFORM;dt_scores_soft_binary_crossentropy_data_random_Brest Cancer Wisconsin_STANDARDUNIFORM;dt_scores_binary_crossentropy_data_random_Brest Cancer Wisconsin_STANDARDUNIFORM;dt_scores_accuracy_data_random_Brest Cancer Wisconsin_STANDARDUNIFORM;dt_scores_f1_score_data_random_Brest Cancer Wisconsin_STANDARDUNIFORM;dt_scores_roc_auc_score_data_random_Brest Cancer Wisconsin_STANDARDUNIFORM;dt_scores_soft_binary_crossentropy_std_Brest Cancer Wisconsin_STANDARDUNIFORM;dt_scores_binary_crossentropy_std_Brest Cancer Wisconsin_STANDARDUNIFORM;dt_scores_accuracy_std_Brest Cancer Wisconsin_STANDARDUNIFORM;dt_scores_f1_score_std_Brest Cancer Wisconsin_STANDARDUNIFORM;dt_scores_roc_auc_score_std_Brest Cancer Wisconsin_STANDARDUNIFORM;dt_scores_soft_binary_crossentropy_data_random_std_Brest Cancer Wisconsin_STANDARDUNIFORM;dt_scores_binary_crossentropy_data_random_std_Brest Cancer Wisconsin_STANDARDUNIFORM;dt_scores_accuracy_data_random_std_Brest Cancer Wisconsin_STANDARDUNIFORM;dt_scores_f1_score_data_random_std_Brest Cancer Wisconsin_STANDARDUNIFORM;dt_scores_roc_auc_score_data_random_std_Brest Cancer Wisconsin_STANDARDUNIFORM;dt_scores_runtime_Brest Cancer Wisconsin_STANDARDUNIFORM;inet_scores_soft_binary_crossentropy_Brest Cancer Wisconsin_STANDARDUNIFORM;inet_scores_binary_crossentropy_Brest Cancer Wisconsin_STANDARDUNIFORM;inet_scores_accuracy_Brest Cancer Wisconsin_STANDARDUNIFORM;inet_scores_f1_score_Brest Cancer Wisconsin_STANDARDUNIFORM;inet_scores_roc_auc_score_Brest Cancer Wisconsin_STANDARDUNIFORM;inet_scores_runtime_Brest Cancer Wisconsin_STANDARDUNIFORM;model_scores_soft_binary_crossentropy_Brest Cancer Wisconsin_STANDARDUNIFORM;model_scores_binary_crossentropy_Brest Cancer Wisconsin_STANDARDUNIFORM;model_scores_accuracy_Brest Cancer Wisconsin_STANDARDUNIFORM;model_scores_f1_score_Brest Cancer Wisconsin_STANDARDUNIFORM;model_scores_roc_auc_score_Brest Cancer Wisconsin_STANDARDUNIFORM;model_scores_runtime_Brest Cancer Wisconsin_STANDARDUNIFORM;dt_scores_soft_binary_crossentropy_['uniform', 'normal', 'gamma', 'beta', 'poisson']_Wisconsin Diagnostic Breast Cancer_STANDARDUNIFORM;dt_scores_binary_crossentropy_['uniform', 'normal', 'gamma', 'beta', 'poisson']_Wisconsin Diagnostic Breast Cancer_STANDARDUNIFORM;dt_scores_accuracy_['uniform', 'normal', 'gamma', 'beta', 'poisson']_Wisconsin Diagnostic Breast Cancer_STANDARDUNIFORM;dt_scores_f1_score_['uniform', 'normal', 'gamma', 'beta', 'poisson']_Wisconsin Diagnostic Breast Cancer_STANDARDUNIFORM;dt_scores_roc_auc_score_['uniform', 'normal', 'gamma', 'beta', 'poisson']_Wisconsin Diagnostic Breast Cancer_STANDARDUNIFORM;dt_scores_soft_binary_crossentropy_data_random_['uniform', 'normal', 'gamma', 'beta', 'poisson']_Wisconsin Diagnostic Breast Cancer_STANDARDUNIFORM;dt_scores_binary_crossentropy_data_random_['uniform', 'normal', 'gamma', 'beta', 'poisson']_Wisconsin Diagnostic Breast Cancer_STANDARDUNIFORM;dt_scores_accuracy_data_random_['uniform', 'normal', 'gamma', 'beta', 'poisson']_Wisconsin Diagnostic Breast Cancer_STANDARDUNIFORM;dt_scores_f1_score_data_random_['uniform', 'normal', 'gamma', 'beta', 'poisson']_Wisconsin Diagnostic Breast Cancer_STANDARDUNIFORM;dt_scores_roc_auc_score_data_random_['uniform', 'normal', 'gamma', 'beta', 'poisson']_Wisconsin Diagnostic Breast Cancer_STANDARDUNIFORM;dt_scores_runtime_['uniform', 'normal', 'gamma', 'beta', 'poisson']_Wisconsin Diagnostic Breast Cancer_STANDARDUNIFORM;dt_scores_soft_binary_crossentropy_Wisconsin Diagnostic Breast Cancer_STANDARDUNIFORM;dt_scores_binary_crossentropy_Wisconsin Diagnostic Breast Cancer_STANDARDUNIFORM;dt_scores_accuracy_Wisconsin Diagnostic Breast Cancer_STANDARDUNIFORM;dt_scores_f1_score_Wisconsin Diagnostic Breast Cancer_STANDARDUNIFORM;dt_scores_roc_auc_score_Wisconsin Diagnostic Breast Cancer_STANDARDUNIFORM;dt_scores_soft_binary_crossentropy_data_random_Wisconsin Diagnostic Breast Cancer_STANDARDUNIFORM;dt_scores_binary_crossentropy_data_random_Wisconsin Diagnostic Breast Cancer_STANDARDUNIFORM;dt_scores_accuracy_data_random_Wisconsin Diagnostic Breast Cancer_STANDARDUNIFORM;dt_scores_f1_score_data_random_Wisconsin Diagnostic Breast Cancer_STANDARDUNIFORM;dt_scores_roc_auc_score_data_random_Wisconsin Diagnostic Breast Cancer_STANDARDUNIFORM;dt_scores_soft_binary_crossentropy_std_Wisconsin Diagnostic Breast Cancer_STANDARDUNIFORM;dt_scores_binary_crossentropy_std_Wisconsin Diagnostic Breast Cancer_STANDARDUNIFORM;dt_scores_accuracy_std_Wisconsin Diagnostic Breast Cancer_STANDARDUNIFORM;dt_scores_f1_score_std_Wisconsin Diagnostic Breast Cancer_STANDARDUNIFORM;dt_scores_roc_auc_score_std_Wisconsin Diagnostic Breast Cancer_STANDARDUNIFORM;dt_scores_soft_binary_crossentropy_data_random_std_Wisconsin Diagnostic Breast Cancer_STANDARDUNIFORM;dt_scores_binary_crossentropy_data_random_std_Wisconsin Diagnostic Breast Cancer_STANDARDUNIFORM;dt_scores_accuracy_data_random_std_Wisconsin Diagnostic Breast Cancer_STANDARDUNIFORM;dt_scores_f1_score_data_random_std_Wisconsin Diagnostic Breast Cancer_STANDARDUNIFORM;dt_scores_roc_auc_score_data_random_std_Wisconsin Diagnostic Breast Cancer_STANDARDUNIFORM;dt_scores_runtime_Wisconsin Diagnostic Breast Cancer_STANDARDUNIFORM;inet_scores_soft_binary_crossentropy_Wisconsin Diagnostic Breast Cancer_STANDARDUNIFORM;inet_scores_binary_crossentropy_Wisconsin Diagnostic Breast Cancer_STANDARDUNIFORM;inet_scores_accuracy_Wisconsin Diagnostic Breast Cancer_STANDARDUNIFORM;inet_scores_f1_score_Wisconsin Diagnostic Breast Cancer_STANDARDUNIFORM;inet_scores_roc_auc_score_Wisconsin Diagnostic Breast Cancer_STANDARDUNIFORM;inet_scores_runtime_Wisconsin Diagnostic Breast Cancer_STANDARDUNIFORM;model_scores_soft_binary_crossentropy_Wisconsin Diagnostic Breast Cancer_STANDARDUNIFORM;model_scores_binary_crossentropy_Wisconsin Diagnostic Breast Cancer_STANDARDUNIFORM;model_scores_accuracy_Wisconsin Diagnostic Breast Cancer_STANDARDUNIFORM;model_scores_f1_score_Wisconsin Diagnostic Breast Cancer_STANDARDUNIFORM;model_scores_roc_auc_score_Wisconsin Diagnostic Breast Cancer_STANDARDUNIFORM;model_scores_runtime_Wisconsin Diagnostic Breast Cancer_STANDARDUNIFORM;dt_scores_soft_binary_crossentropy_['uniform', 'normal', 'gamma', 'beta', 'poisson']_Wisconsin Prognostic Breast Cancer_STANDARDUNIFORM;dt_scores_binary_crossentropy_['uniform', 'normal', 'gamma', 'beta', 'poisson']_Wisconsin Prognostic Breast Cancer_STANDARDUNIFORM;dt_scores_accuracy_['uniform', 'normal', 'gamma', 'beta', 'poisson']_Wisconsin Prognostic Breast Cancer_STANDARDUNIFORM;dt_scores_f1_score_['uniform', 'normal', 'gamma', 'beta', 'poisson']_Wisconsin Prognostic Breast Cancer_STANDARDUNIFORM;dt_scores_roc_auc_score_['uniform', 'normal', 'gamma', 'beta', 'poisson']_Wisconsin Prognostic Breast Cancer_STANDARDUNIFORM;dt_scores_soft_binary_crossentropy_data_random_['uniform', 'normal', 'gamma', 'beta', 'poisson']_Wisconsin Prognostic Breast Cancer_STANDARDUNIFORM;dt_scores_binary_crossentropy_data_random_['uniform', 'normal', 'gamma', 'beta', 'poisson']_Wisconsin Prognostic Breast Cancer_STANDARDUNIFORM;dt_scores_accuracy_data_random_['uniform', 'normal', 'gamma', 'beta', 'poisson']_Wisconsin Prognostic Breast Cancer_STANDARDUNIFORM;dt_scores_f1_score_data_random_['uniform', 'normal', 'gamma', 'beta', 'poisson']_Wisconsin Prognostic Breast Cancer_STANDARDUNIFORM;dt_scores_roc_auc_score_data_random_['uniform', 'normal', 'gamma', 'beta', 'poisson']_Wisconsin Prognostic Breast Cancer_STANDARDUNIFORM;dt_scores_runtime_['uniform', 'normal', 'gamma', 'beta', 'poisson']_Wisconsin Prognostic Breast Cancer_STANDARDUNIFORM;dt_scores_soft_binary_crossentropy_Wisconsin Prognostic Breast Cancer_STANDARDUNIFORM;dt_scores_binary_crossentropy_Wisconsin Prognostic Breast Cancer_STANDARDUNIFORM;dt_scores_accuracy_Wisconsin Prognostic Breast Cancer_STANDARDUNIFORM;dt_scores_f1_score_Wisconsin Prognostic Breast Cancer_STANDARDUNIFORM;dt_scores_roc_auc_score_Wisconsin Prognostic Breast Cancer_STANDARDUNIFORM;dt_scores_soft_binary_crossentropy_data_random_Wisconsin Prognostic Breast Cancer_STANDARDUNIFORM;dt_scores_binary_crossentropy_data_random_Wisconsin Prognostic Breast Cancer_STANDARDUNIFORM;dt_scores_accuracy_data_random_Wisconsin Prognostic Breast Cancer_STANDARDUNIFORM;dt_scores_f1_score_data_random_Wisconsin Prognostic Breast Cancer_STANDARDUNIFORM;dt_scores_roc_auc_score_data_random_Wisconsin Prognostic Breast Cancer_STANDARDUNIFORM;dt_scores_soft_binary_crossentropy_std_Wisconsin Prognostic Breast Cancer_STANDARDUNIFORM;dt_scores_binary_crossentropy_std_Wisconsin Prognostic Breast Cancer_STANDARDUNIFORM;dt_scores_accuracy_std_Wisconsin Prognostic Breast Cancer_STANDARDUNIFORM;dt_scores_f1_score_std_Wisconsin Prognostic Breast Cancer_STANDARDUNIFORM;dt_scores_roc_auc_score_std_Wisconsin Prognostic Breast Cancer_STANDARDUNIFORM;dt_scores_soft_binary_crossentropy_data_random_std_Wisconsin Prognostic Breast Cancer_STANDARDUNIFORM;dt_scores_binary_crossentropy_data_random_std_Wisconsin Prognostic Breast Cancer_STANDARDUNIFORM;dt_scores_accuracy_data_random_std_Wisconsin Prognostic Breast Cancer_STANDARDUNIFORM;dt_scores_f1_score_data_random_std_Wisconsin Prognostic Breast Cancer_STANDARDUNIFORM;dt_scores_roc_auc_score_data_random_std_Wisconsin Prognostic Breast Cancer_STANDARDUNIFORM;dt_scores_runtime_Wisconsin Prognostic Breast Cancer_STANDARDUNIFORM;inet_scores_soft_binary_crossentropy_Wisconsin Prognostic Breast Cancer_STANDARDUNIFORM;inet_scores_binary_crossentropy_Wisconsin Prognostic Breast Cancer_STANDARDUNIFORM;inet_scores_accuracy_Wisconsin Prognostic Breast Cancer_STANDARDUNIFORM;inet_scores_f1_score_Wisconsin Prognostic Breast Cancer_STANDARDUNIFORM;inet_scores_roc_auc_score_Wisconsin Prognostic Breast Cancer_STANDARDUNIFORM;inet_scores_runtime_Wisconsin Prognostic Breast Cancer_STANDARDUNIFORM;model_scores_soft_binary_crossentropy_Wisconsin Prognostic Breast Cancer_STANDARDUNIFORM;model_scores_binary_crossentropy_Wisconsin Prognostic Breast Cancer_STANDARDUNIFORM;model_scores_accuracy_Wisconsin Prognostic Breast Cancer_STANDARDUNIFORM;model_scores_f1_score_Wisconsin Prognostic Breast Cancer_STANDARDUNIFORM;model_scores_roc_auc_score_Wisconsin Prognostic Breast Cancer_STANDARDUNIFORM;model_scores_runtime_Wisconsin Prognostic Breast Cancer_STANDARDUNIFORM;dt_scores_soft_binary_crossentropy_['uniform', 'normal', 'gamma', 'beta', 'poisson']_Abalone_STANDARDUNIFORM;dt_scores_binary_crossentropy_['uniform', 'normal', 'gamma', 'beta', 'poisson']_Abalone_STANDARDUNIFORM;dt_scores_accuracy_['uniform', 'normal', 'gamma', 'beta', 'poisson']_Abalone_STANDARDUNIFORM;dt_scores_f1_score_['uniform', 'normal', 'gamma', 'beta', 'poisson']_Abalone_STANDARDUNIFORM;dt_scores_roc_auc_score_['uniform', 'normal', 'gamma', 'beta', 'poisson']_Abalone_STANDARDUNIFORM;dt_scores_soft_binary_crossentropy_data_random_['uniform', 'normal', 'gamma', 'beta', 'poisson']_Abalone_STANDARDUNIFORM;dt_scores_binary_crossentropy_data_random_['uniform', 'normal', 'gamma', 'beta', 'poisson']_Abalone_STANDARDUNIFORM;dt_scores_accuracy_data_random_['uniform', 'normal', 'gamma', 'beta', 'poisson']_Abalone_STANDARDUNIFORM;dt_scores_f1_score_data_random_['uniform', 'normal', 'gamma', 'beta', 'poisson']_Abalone_STANDARDUNIFORM;dt_scores_roc_auc_score_data_random_['uniform', 'normal', 'gamma', 'beta', 'poisson']_Abalone_STANDARDUNIFORM;dt_scores_runtime_['uniform', 'normal', 'gamma', 'beta', 'poisson']_Abalone_STANDARDUNIFORM;dt_scores_soft_binary_crossentropy_Abalone_STANDARDUNIFORM;dt_scores_binary_crossentropy_Abalone_STANDARDUNIFORM;dt_scores_accuracy_Abalone_STANDARDUNIFORM;dt_scores_f1_score_Abalone_STANDARDUNIFORM;dt_scores_roc_auc_score_Abalone_STANDARDUNIFORM;dt_scores_soft_binary_crossentropy_data_random_Abalone_STANDARDUNIFORM;dt_scores_binary_crossentropy_data_random_Abalone_STANDARDUNIFORM;dt_scores_accuracy_data_random_Abalone_STANDARDUNIFORM;dt_scores_f1_score_data_random_Abalone_STANDARDUNIFORM;dt_scores_roc_auc_score_data_random_Abalone_STANDARDUNIFORM;dt_scores_soft_binary_crossentropy_std_Abalone_STANDARDUNIFORM;dt_scores_binary_crossentropy_std_Abalone_STANDARDUNIFORM;dt_scores_accuracy_std_Abalone_STANDARDUNIFORM;dt_scores_f1_score_std_Abalone_STANDARDUNIFORM;dt_scores_roc_auc_score_std_Abalone_STANDARDUNIFORM;dt_scores_soft_binary_crossentropy_data_random_std_Abalone_STANDARDUNIFORM;dt_scores_binary_crossentropy_data_random_std_Abalone_STANDARDUNIFORM;dt_scores_accuracy_data_random_std_Abalone_STANDARDUNIFORM;dt_scores_f1_score_data_random_std_Abalone_STANDARDUNIFORM;dt_scores_roc_auc_score_data_random_std_Abalone_STANDARDUNIFORM;dt_scores_runtime_Abalone_STANDARDUNIFORM;inet_scores_soft_binary_crossentropy_Abalone_STANDARDUNIFORM;inet_scores_binary_crossentropy_Abalone_STANDARDUNIFORM;inet_scores_accuracy_Abalone_STANDARDUNIFORM;inet_scores_f1_score_Abalone_STANDARDUNIFORM;inet_scores_roc_auc_score_Abalone_STANDARDUNIFORM;inet_scores_runtime_Abalone_STANDARDUNIFORM;model_scores_soft_binary_crossentropy_Abalone_STANDARDUNIFORM;model_scores_binary_crossentropy_Abalone_STANDARDUNIFORM;model_scores_accuracy_Abalone_STANDARDUNIFORM;model_scores_f1_score_Abalone_STANDARDUNIFORM;model_scores_roc_auc_score_Abalone_STANDARDUNIFORM;model_scores_runtime_Abalone_STANDARDUNIFORM;dt_scores_soft_binary_crossentropy_['uniform', 'normal', 'gamma', 'beta', 'poisson']_Car_STANDARDUNIFORM;dt_scores_binary_crossentropy_['uniform', 'normal', 'gamma', 'beta', 'poisson']_Car_STANDARDUNIFORM;dt_scores_accuracy_['uniform', 'normal', 'gamma', 'beta', 'poisson']_Car_STANDARDUNIFORM;dt_scores_f1_score_['uniform', 'normal', 'gamma', 'beta', 'poisson']_Car_STANDARDUNIFORM;dt_scores_roc_auc_score_['uniform', 'normal', 'gamma', 'beta', 'poisson']_Car_STANDARDUNIFORM;dt_scores_soft_binary_crossentropy_data_random_['uniform', 'normal', 'gamma', 'beta', 'poisson']_Car_STANDARDUNIFORM;dt_scores_binary_crossentropy_data_random_['uniform', 'normal', 'gamma', 'beta', 'poisson']_Car_STANDARDUNIFORM;dt_scores_accuracy_data_random_['uniform', 'normal', 'gamma', 'beta', 'poisson']_Car_STANDARDUNIFORM;dt_scores_f1_score_data_random_['uniform', 'normal', 'gamma', 'beta', 'poisson']_Car_STANDARDUNIFORM;dt_scores_roc_auc_score_data_random_['uniform', 'normal', 'gamma', 'beta', 'poisson']_Car_STANDARDUNIFORM;dt_scores_runtime_['uniform', 'normal', 'gamma', 'beta', 'poisson']_Car_STANDARDUNIFORM;dt_scores_soft_binary_crossentropy_Car_STANDARDUNIFORM;dt_scores_binary_crossentropy_Car_STANDARDUNIFORM;dt_scores_accuracy_Car_STANDARDUNIFORM;dt_scores_f1_score_Car_STANDARDUNIFORM;dt_scores_roc_auc_score_Car_STANDARDUNIFORM;dt_scores_soft_binary_crossentropy_data_random_Car_STANDARDUNIFORM;dt_scores_binary_crossentropy_data_random_Car_STANDARDUNIFORM;dt_scores_accuracy_data_random_Car_STANDARDUNIFORM;dt_scores_f1_score_data_random_Car_STANDARDUNIFORM;dt_scores_roc_auc_score_data_random_Car_STANDARDUNIFORM;dt_scores_soft_binary_crossentropy_std_Car_STANDARDUNIFORM;dt_scores_binary_crossentropy_std_Car_STANDARDUNIFORM;dt_scores_accuracy_std_Car_STANDARDUNIFORM;dt_scores_f1_score_std_Car_STANDARDUNIFORM;dt_scores_roc_auc_score_std_Car_STANDARDUNIFORM;dt_scores_soft_binary_crossentropy_data_random_std_Car_STANDARDUNIFORM;dt_scores_binary_crossentropy_data_random_std_Car_STANDARDUNIFORM;dt_scores_accuracy_data_random_std_Car_STANDARDUNIFORM;dt_scores_f1_score_data_random_std_Car_STANDARDUNIFORM;dt_scores_roc_auc_score_data_random_std_Car_STANDARDUNIFORM;dt_scores_runtime_Car_STANDARDUNIFORM;inet_scores_soft_binary_crossentropy_Car_STANDARDUNIFORM;inet_scores_binary_crossentropy_Car_STANDARDUNIFORM;inet_scores_accuracy_Car_STANDARDUNIFORM;inet_scores_f1_score_Car_STANDARDUNIFORM;inet_scores_roc_auc_score_Car_STANDARDUNIFORM;inet_scores_runtime_Car_STANDARDUNIFORM;model_scores_soft_binary_crossentropy_Car_STANDARDUNIFORM;model_scores_binary_crossentropy_Car_STANDARDUNIFORM;model_scores_accuracy_Car_STANDARDUNIFORM;model_scores_f1_score_Car_STANDARDUNIFORM;model_scores_roc_auc_score_Car_STANDARDUNIFORM;model_scores_runtime_Car_STANDARDUNIFORM;dt_scores_soft_binary_crossentropy_['uniform', 'normal', 'gamma', 'beta', 'poisson']_Heart Disease_STANDARDUNIFORM;dt_scores_binary_crossentropy_['uniform', 'normal', 'gamma', 'beta', 'poisson']_Heart Disease_STANDARDUNIFORM;dt_scores_accuracy_['uniform', 'normal', 'gamma', 'beta', 'poisson']_Heart Disease_STANDARDUNIFORM;dt_scores_f1_score_['uniform', 'normal', 'gamma', 'beta', 'poisson']_Heart Disease_STANDARDUNIFORM;dt_scores_roc_auc_score_['uniform', 'normal', 'gamma', 'beta', 'poisson']_Heart Disease_STANDARDUNIFORM;dt_scores_soft_binary_crossentropy_data_random_['uniform', 'normal', 'gamma', 'beta', 'poisson']_Heart Disease_STANDARDUNIFORM;dt_scores_binary_crossentropy_data_random_['uniform', 'normal', 'gamma', 'beta', 'poisson']_Heart Disease_STANDARDUNIFORM;dt_scores_accuracy_data_random_['uniform', 'normal', 'gamma', 'beta', 'poisson']_Heart Disease_STANDARDUNIFORM;dt_scores_f1_score_data_random_['uniform', 'normal', 'gamma', 'beta', 'poisson']_Heart Disease_STANDARDUNIFORM;dt_scores_roc_auc_score_data_random_['uniform', 'normal', 'gamma', 'beta', 'poisson']_Heart Disease_STANDARDUNIFORM;dt_scores_runtime_['uniform', 'normal', 'gamma', 'beta', 'poisson']_Heart Disease_STANDARDUNIFORM;dt_scores_soft_binary_crossentropy_Heart Disease_STANDARDUNIFORM;dt_scores_binary_crossentropy_Heart Disease_STANDARDUNIFORM;dt_scores_accuracy_Heart Disease_STANDARDUNIFORM;dt_scores_f1_score_Heart Disease_STANDARDUNIFORM;dt_scores_roc_auc_score_Heart Disease_STANDARDUNIFORM;dt_scores_soft_binary_crossentropy_data_random_Heart Disease_STANDARDUNIFORM;dt_scores_binary_crossentropy_data_random_Heart Disease_STANDARDUNIFORM;dt_scores_accuracy_data_random_Heart Disease_STANDARDUNIFORM;dt_scores_f1_score_data_random_Heart Disease_STANDARDUNIFORM;dt_scores_roc_auc_score_data_random_Heart Disease_STANDARDUNIFORM;dt_scores_soft_binary_crossentropy_std_Heart Disease_STANDARDUNIFORM;dt_scores_binary_crossentropy_std_Heart Disease_STANDARDUNIFORM;dt_scores_accuracy_std_Heart Disease_STANDARDUNIFORM;dt_scores_f1_score_std_Heart Disease_STANDARDUNIFORM;dt_scores_roc_auc_score_std_Heart Disease_STANDARDUNIFORM;dt_scores_soft_binary_crossentropy_data_random_std_Heart Disease_STANDARDUNIFORM;dt_scores_binary_crossentropy_data_random_std_Heart Disease_STANDARDUNIFORM;dt_scores_accuracy_data_random_std_Heart Disease_STANDARDUNIFORM;dt_scores_f1_score_data_random_std_Heart Disease_STANDARDUNIFORM;dt_scores_roc_auc_score_data_random_std_Heart Disease_STANDARDUNIFORM;dt_scores_runtime_Heart Disease_STANDARDUNIFORM;inet_scores_soft_binary_crossentropy_Heart Disease_STANDARDUNIFORM;inet_scores_binary_crossentropy_Heart Disease_STANDARDUNIFORM;inet_scores_accuracy_Heart Disease_STANDARDUNIFORM;inet_scores_f1_score_Heart Disease_STANDARDUNIFORM;inet_scores_roc_auc_score_Heart Disease_STANDARDUNIFORM;inet_scores_runtime_Heart Disease_STANDARDUNIFORM;model_scores_soft_binary_crossentropy_Heart Disease_STANDARDUNIFORM;model_scores_binary_crossentropy_Heart Disease_STANDARDUNIFORM;model_scores_accuracy_Heart Disease_STANDARDUNIFORM;model_scores_f1_score_Heart Disease_STANDARDUNIFORM;model_scores_roc_auc_score_Heart Disease_STANDARDUNIFORM;model_scores_runtime_Heart Disease_STANDARDUNIFORM;dt_scores_soft_binary_crossentropy_['uniform', 'normal', 'gamma', 'beta', 'poisson']_Credit Card_STANDARDUNIFORM;dt_scores_binary_crossentropy_['uniform', 'normal', 'gamma', 'beta', 'poisson']_Credit Card_STANDARDUNIFORM;dt_scores_accuracy_['uniform', 'normal', 'gamma', 'beta', 'poisson']_Credit Card_STANDARDUNIFORM;dt_scores_f1_score_['uniform', 'normal', 'gamma', 'beta', 'poisson']_Credit Card_STANDARDUNIFORM;dt_scores_roc_auc_score_['uniform', 'normal', 'gamma', 'beta', 'poisson']_Credit Card_STANDARDUNIFORM;dt_scores_soft_binary_crossentropy_data_random_['uniform', 'normal', 'gamma', 'beta', 'poisson']_Credit Card_STANDARDUNIFORM;dt_scores_binary_crossentropy_data_random_['uniform', 'normal', 'gamma', 'beta', 'poisson']_Credit Card_STANDARDUNIFORM;dt_scores_accuracy_data_random_['uniform', 'normal', 'gamma', 'beta', 'poisson']_Credit Card_STANDARDUNIFORM;dt_scores_f1_score_data_random_['uniform', 'normal', 'gamma', 'beta', 'poisson']_Credit Card_STANDARDUNIFORM;dt_scores_roc_auc_score_data_random_['uniform', 'normal', 'gamma', 'beta', 'poisson']_Credit Card_STANDARDUNIFORM;dt_scores_runtime_['uniform', 'normal', 'gamma', 'beta', 'poisson']_Credit Card_STANDARDUNIFORM;dt_scores_soft_binary_crossentropy_Credit Card_STANDARDUNIFORM;dt_scores_binary_crossentropy_Credit Card_STANDARDUNIFORM;dt_scores_accuracy_Credit Card_STANDARDUNIFORM;dt_scores_f1_score_Credit Card_STANDARDUNIFORM;dt_scores_roc_auc_score_Credit Card_STANDARDUNIFORM;dt_scores_soft_binary_crossentropy_data_random_Credit Card_STANDARDUNIFORM;dt_scores_binary_crossentropy_data_random_Credit Card_STANDARDUNIFORM;dt_scores_accuracy_data_random_Credit Card_STANDARDUNIFORM;dt_scores_f1_score_data_random_Credit Card_STANDARDUNIFORM;dt_scores_roc_auc_score_data_random_Credit Card_STANDARDUNIFORM;dt_scores_soft_binary_crossentropy_std_Credit Card_STANDARDUNIFORM;dt_scores_binary_crossentropy_std_Credit Card_STANDARDUNIFORM;dt_scores_accuracy_std_Credit Card_STANDARDUNIFORM;dt_scores_f1_score_std_Credit Card_STANDARDUNIFORM;dt_scores_roc_auc_score_std_Credit Card_STANDARDUNIFORM;dt_scores_soft_binary_crossentropy_data_random_std_Credit Card_STANDARDUNIFORM;dt_scores_binary_crossentropy_data_random_std_Credit Card_STANDARDUNIFORM;dt_scores_accuracy_data_random_std_Credit Card_STANDARDUNIFORM;dt_scores_f1_score_data_random_std_Credit Card_STANDARDUNIFORM;dt_scores_roc_auc_score_data_random_std_Credit Card_STANDARDUNIFORM;dt_scores_runtime_Credit Card_STANDARDUNIFORM;inet_scores_soft_binary_crossentropy_Credit Card_STANDARDUNIFORM;inet_scores_binary_crossentropy_Credit Card_STANDARDUNIFORM;inet_scores_accuracy_Credit Card_STANDARDUNIFORM;inet_scores_f1_score_Credit Card_STANDARDUNIFORM;inet_scores_roc_auc_score_Credit Card_STANDARDUNIFORM;inet_scores_runtime_Credit Card_STANDARDUNIFORM;model_scores_soft_binary_crossentropy_Credit Card_STANDARDUNIFORM;model_scores_binary_crossentropy_Credit Card_STANDARDUNIFORM;model_scores_accuracy_Credit Card_STANDARDUNIFORM;model_scores_f1_score_Credit Card_STANDARDUNIFORM;model_scores_roc_auc_score_Credit Card_STANDARDUNIFORM;model_scores_runtime_Credit Card_STANDARDUNIFORM;dt_scores_soft_binary_crossentropy_['uniform', 'normal', 'gamma', 'beta', 'poisson']_Haberman_STANDARDUNIFORM;dt_scores_binary_crossentropy_['uniform', 'normal', 'gamma', 'beta', 'poisson']_Haberman_STANDARDUNIFORM;dt_scores_accuracy_['uniform', 'normal', 'gamma', 'beta', 'poisson']_Haberman_STANDARDUNIFORM;dt_scores_f1_score_['uniform', 'normal', 'gamma', 'beta', 'poisson']_Haberman_STANDARDUNIFORM;dt_scores_roc_auc_score_['uniform', 'normal', 'gamma', 'beta', 'poisson']_Haberman_STANDARDUNIFORM;dt_scores_soft_binary_crossentropy_data_random_['uniform', 'normal', 'gamma', 'beta', 'poisson']_Haberman_STANDARDUNIFORM;dt_scores_binary_crossentropy_data_random_['uniform', 'normal', 'gamma', 'beta', 'poisson']_Haberman_STANDARDUNIFORM;dt_scores_accuracy_data_random_['uniform', 'normal', 'gamma', 'beta', 'poisson']_Haberman_STANDARDUNIFORM;dt_scores_f1_score_data_random_['uniform', 'normal', 'gamma', 'beta', 'poisson']_Haberman_STANDARDUNIFORM;dt_scores_roc_auc_score_data_random_['uniform', 'normal', 'gamma', 'beta', 'poisson']_Haberman_STANDARDUNIFORM;dt_scores_runtime_['uniform', 'normal', 'gamma', 'beta', 'poisson']_Haberman_STANDARDUNIFORM;dt_scores_soft_binary_crossentropy_Haberman_STANDARDUNIFORM;dt_scores_binary_crossentropy_Haberman_STANDARDUNIFORM;dt_scores_accuracy_Haberman_STANDARDUNIFORM;dt_scores_f1_score_Haberman_STANDARDUNIFORM;dt_scores_roc_auc_score_Haberman_STANDARDUNIFORM;dt_scores_soft_binary_crossentropy_data_random_Haberman_STANDARDUNIFORM;dt_scores_binary_crossentropy_data_random_Haberman_STANDARDUNIFORM;dt_scores_accuracy_data_random_Haberman_STANDARDUNIFORM;dt_scores_f1_score_data_random_Haberman_STANDARDUNIFORM;dt_scores_roc_auc_score_data_random_Haberman_STANDARDUNIFORM;dt_scores_soft_binary_crossentropy_std_Haberman_STANDARDUNIFORM;dt_scores_binary_crossentropy_std_Haberman_STANDARDUNIFORM;dt_scores_accuracy_std_Haberman_STANDARDUNIFORM;dt_scores_f1_score_std_Haberman_STANDARDUNIFORM;dt_scores_roc_auc_score_std_Haberman_STANDARDUNIFORM;dt_scores_soft_binary_crossentropy_data_random_std_Haberman_STANDARDUNIFORM;dt_scores_binary_crossentropy_data_random_std_Haberman_STANDARDUNIFORM;dt_scores_accuracy_data_random_std_Haberman_STANDARDUNIFORM;dt_scores_f1_score_data_random_std_Haberman_STANDARDUNIFORM;dt_scores_roc_auc_score_data_random_std_Haberman_STANDARDUNIFORM;dt_scores_runtime_Haberman_STANDARDUNIFORM;inet_scores_soft_binary_crossentropy_Haberman_STANDARDUNIFORM;inet_scores_binary_crossentropy_Haberman_STANDARDUNIFORM;inet_scores_accuracy_Haberman_STANDARDUNIFORM;inet_scores_f1_score_Haberman_STANDARDUNIFORM;inet_scores_roc_auc_score_Haberman_STANDARDUNIFORM;inet_scores_runtime_Haberman_STANDARDUNIFORM;model_scores_soft_binary_crossentropy_Haberman_STANDARDUNIFORM;model_scores_binary_crossentropy_Haberman_STANDARDUNIFORM;model_scores_accuracy_Haberman_STANDARDUNIFORM;model_scores_f1_score_Haberman_STANDARDUNIFORM;model_scores_roc_auc_score_Haberman_STANDARDUNIFORM;model_scores_runtime_Haberman_STANDARDUNIFORM;dt_scores_soft_binary_crossentropy_['uniform', 'normal', 'gamma', 'beta', 'poisson']_Adult_STANDARDUNIFORM;dt_scores_binary_crossentropy_['uniform', 'normal', 'gamma', 'beta', 'poisson']_Adult_STANDARDUNIFORM;dt_scores_accuracy_['uniform', 'normal', 'gamma', 'beta', 'poisson']_Adult_STANDARDUNIFORM;dt_scores_f1_score_['uniform', 'normal', 'gamma', 'beta', 'poisson']_Adult_STANDARDUNIFORM;dt_scores_roc_auc_score_['uniform', 'normal', 'gamma', 'beta', 'poisson']_Adult_STANDARDUNIFORM;dt_scores_soft_binary_crossentropy_data_random_['uniform', 'normal', 'gamma', 'beta', 'poisson']_Adult_STANDARDUNIFORM;dt_scores_binary_crossentropy_data_random_['uniform', 'normal', 'gamma', 'beta', 'poisson']_Adult_STANDARDUNIFORM;dt_scores_accuracy_data_random_['uniform', 'normal', 'gamma', 'beta', 'poisson']_Adult_STANDARDUNIFORM;dt_scores_f1_score_data_random_['uniform', 'normal', 'gamma', 'beta', 'poisson']_Adult_STANDARDUNIFORM;dt_scores_roc_auc_score_data_random_['uniform', 'normal', 'gamma', 'beta', 'poisson']_Adult_STANDARDUNIFORM;dt_scores_runtime_['uniform', 'normal', 'gamma', 'beta', 'poisson']_Adult_STANDARDUNIFORM;dt_scores_soft_binary_crossentropy_Adult_STANDARDUNIFORM;dt_scores_binary_crossentropy_Adult_STANDARDUNIFORM;dt_scores_accuracy_Adult_STANDARDUNIFORM;dt_scores_f1_score_Adult_STANDARDUNIFORM;dt_scores_roc_auc_score_Adult_STANDARDUNIFORM;dt_scores_soft_binary_crossentropy_data_random_Adult_STANDARDUNIFORM;dt_scores_binary_crossentropy_data_random_Adult_STANDARDUNIFORM;dt_scores_accuracy_data_random_Adult_STANDARDUNIFORM;dt_scores_f1_score_data_random_Adult_STANDARDUNIFORM;dt_scores_roc_auc_score_data_random_Adult_STANDARDUNIFORM;dt_scores_soft_binary_crossentropy_std_Adult_STANDARDUNIFORM;dt_scores_binary_crossentropy_std_Adult_STANDARDUNIFORM;dt_scores_accuracy_std_Adult_STANDARDUNIFORM;dt_scores_f1_score_std_Adult_STANDARDUNIFORM;dt_scores_roc_auc_score_std_Adult_STANDARDUNIFORM;dt_scores_soft_binary_crossentropy_data_random_std_Adult_STANDARDUNIFORM;dt_scores_binary_crossentropy_data_random_std_Adult_STANDARDUNIFORM;dt_scores_accuracy_data_random_std_Adult_STANDARDUNIFORM;dt_scores_f1_score_data_random_std_Adult_STANDARDUNIFORM;dt_scores_roc_auc_score_data_random_std_Adult_STANDARDUNIFORM;dt_scores_runtime_Adult_STANDARDUNIFORM;inet_scores_soft_binary_crossentropy_Adult_STANDARDUNIFORM;inet_scores_binary_crossentropy_Adult_STANDARDUNIFORM;inet_scores_accuracy_Adult_STANDARDUNIFORM;inet_scores_f1_score_Adult_STANDARDUNIFORM;inet_scores_roc_auc_score_Adult_STANDARDUNIFORM;inet_scores_runtime_Adult_STANDARDUNIFORM;model_scores_soft_binary_crossentropy_Adult_STANDARDUNIFORM;model_scores_binary_crossentropy_Adult_STANDARDUNIFORM;model_scores_accuracy_Adult_STANDARDUNIFORM;model_scores_f1_score_Adult_STANDARDUNIFORM;model_scores_roc_auc_score_Adult_STANDARDUNIFORM;model_scores_runtime_Adult_STANDARDUNIFORM;dt_scores_soft_binary_crossentropy_['uniform', 'normal', 'gamma', 'beta', 'poisson']_Titanic_STANDARDUNIFORM;dt_scores_binary_crossentropy_['uniform', 'normal', 'gamma', 'beta', 'poisson']_Titanic_STANDARDUNIFORM;dt_scores_accuracy_['uniform', 'normal', 'gamma', 'beta', 'poisson']_Titanic_STANDARDUNIFORM;dt_scores_f1_score_['uniform', 'normal', 'gamma', 'beta', 'poisson']_Titanic_STANDARDUNIFORM;dt_scores_roc_auc_score_['uniform', 'normal', 'gamma', 'beta', 'poisson']_Titanic_STANDARDUNIFORM;dt_scores_soft_binary_crossentropy_data_random_['uniform', 'normal', 'gamma', 'beta', 'poisson']_Titanic_STANDARDUNIFORM;dt_scores_binary_crossentropy_data_random_['uniform', 'normal', 'gamma', 'beta', 'poisson']_Titanic_STANDARDUNIFORM;dt_scores_accuracy_data_random_['uniform', 'normal', 'gamma', 'beta', 'poisson']_Titanic_STANDARDUNIFORM;dt_scores_f1_score_data_random_['uniform', 'normal', 'gamma', 'beta', 'poisson']_Titanic_STANDARDUNIFORM;dt_scores_roc_auc_score_data_random_['uniform', 'normal', 'gamma', 'beta', 'poisson']_Titanic_STANDARDUNIFORM;dt_scores_runtime_['uniform', 'normal', 'gamma', 'beta', 'poisson']_Titanic_STANDARDUNIFORM;dt_scores_soft_binary_crossentropy_Titanic_STANDARDUNIFORM;dt_scores_binary_crossentropy_Titanic_STANDARDUNIFORM;dt_scores_accuracy_Titanic_STANDARDUNIFORM;dt_scores_f1_score_Titanic_STANDARDUNIFORM;dt_scores_roc_auc_score_Titanic_STANDARDUNIFORM;dt_scores_soft_binary_crossentropy_data_random_Titanic_STANDARDUNIFORM;dt_scores_binary_crossentropy_data_random_Titanic_STANDARDUNIFORM;dt_scores_accuracy_data_random_Titanic_STANDARDUNIFORM;dt_scores_f1_score_data_random_Titanic_STANDARDUNIFORM;dt_scores_roc_auc_score_data_random_Titanic_STANDARDUNIFORM;dt_scores_soft_binary_crossentropy_std_Titanic_STANDARDUNIFORM;dt_scores_binary_crossentropy_std_Titanic_STANDARDUNIFORM;dt_scores_accuracy_std_Titanic_STANDARDUNIFORM;dt_scores_f1_score_std_Titanic_STANDARDUNIFORM;dt_scores_roc_auc_score_std_Titanic_STANDARDUNIFORM;dt_scores_soft_binary_crossentropy_data_random_std_Titanic_STANDARDUNIFORM;dt_scores_binary_crossentropy_data_random_std_Titanic_STANDARDUNIFORM;dt_scores_accuracy_data_random_std_Titanic_STANDARDUNIFORM;dt_scores_f1_score_data_random_std_Titanic_STANDARDUNIFORM;dt_scores_roc_auc_score_data_random_std_Titanic_STANDARDUNIFORM;dt_scores_runtime_Titanic_STANDARDUNIFORM;inet_scores_soft_binary_crossentropy_Titanic_STANDARDUNIFORM;inet_scores_binary_crossentropy_Titanic_STANDARDUNIFORM;inet_scores_accuracy_Titanic_STANDARDUNIFORM;inet_scores_f1_score_Titanic_STANDARDUNIFORM;inet_scores_roc_auc_score_Titanic_STANDARDUNIFORM;inet_scores_runtime_Titanic_STANDARDUNIFORM;model_scores_soft_binary_crossentropy_Titanic_STANDARDUNIFORM;model_scores_binary_crossentropy_Titanic_STANDARDUNIFORM;model_scores_accuracy_Titanic_STANDARDUNIFORM;model_scores_f1_score_Titanic_STANDARDUNIFORM;model_scores_roc_auc_score_Titanic_STANDARDUNIFORM;model_scores_runtime_Titanic_STANDARDUNIFORM;dt_scores_soft_binary_crossentropy_['uniform', 'normal', 'gamma', 'beta', 'poisson']_Absenteeism_STANDARDUNIFORM;dt_scores_binary_crossentropy_['uniform', 'normal', 'gamma', 'beta', 'poisson']_Absenteeism_STANDARDUNIFORM;dt_scores_accuracy_['uniform', 'normal', 'gamma', 'beta', 'poisson']_Absenteeism_STANDARDUNIFORM;dt_scores_f1_score_['uniform', 'normal', 'gamma', 'beta', 'poisson']_Absenteeism_STANDARDUNIFORM;dt_scores_roc_auc_score_['uniform', 'normal', 'gamma', 'beta', 'poisson']_Absenteeism_STANDARDUNIFORM;dt_scores_soft_binary_crossentropy_data_random_['uniform', 'normal', 'gamma', 'beta', 'poisson']_Absenteeism_STANDARDUNIFORM;dt_scores_binary_crossentropy_data_random_['uniform', 'normal', 'gamma', 'beta', 'poisson']_Absenteeism_STANDARDUNIFORM;dt_scores_accuracy_data_random_['uniform', 'normal', 'gamma', 'beta', 'poisson']_Absenteeism_STANDARDUNIFORM;dt_scores_f1_score_data_random_['uniform', 'normal', 'gamma', 'beta', 'poisson']_Absenteeism_STANDARDUNIFORM;dt_scores_roc_auc_score_data_random_['uniform', 'normal', 'gamma', 'beta', 'poisson']_Absenteeism_STANDARDUNIFORM;dt_scores_runtime_['uniform', 'normal', 'gamma', 'beta', 'poisson']_Absenteeism_STANDARDUNIFORM;dt_scores_soft_binary_crossentropy_Absenteeism_STANDARDUNIFORM;dt_scores_binary_crossentropy_Absenteeism_STANDARDUNIFORM;dt_scores_accuracy_Absenteeism_STANDARDUNIFORM;dt_scores_f1_score_Absenteeism_STANDARDUNIFORM;dt_scores_roc_auc_score_Absenteeism_STANDARDUNIFORM;dt_scores_soft_binary_crossentropy_data_random_Absenteeism_STANDARDUNIFORM;dt_scores_binary_crossentropy_data_random_Absenteeism_STANDARDUNIFORM;dt_scores_accuracy_data_random_Absenteeism_STANDARDUNIFORM;dt_scores_f1_score_data_random_Absenteeism_STANDARDUNIFORM;dt_scores_roc_auc_score_data_random_Absenteeism_STANDARDUNIFORM;dt_scores_soft_binary_crossentropy_std_Absenteeism_STANDARDUNIFORM;dt_scores_binary_crossentropy_std_Absenteeism_STANDARDUNIFORM;dt_scores_accuracy_std_Absenteeism_STANDARDUNIFORM;dt_scores_f1_score_std_Absenteeism_STANDARDUNIFORM;dt_scores_roc_auc_score_std_Absenteeism_STANDARDUNIFORM;dt_scores_soft_binary_crossentropy_data_random_std_Absenteeism_STANDARDUNIFORM;dt_scores_binary_crossentropy_data_random_std_Absenteeism_STANDARDUNIFORM;dt_scores_accuracy_data_random_std_Absenteeism_STANDARDUNIFORM;dt_scores_f1_score_data_random_std_Absenteeism_STANDARDUNIFORM;dt_scores_roc_auc_score_data_random_std_Absenteeism_STANDARDUNIFORM;dt_scores_runtime_Absenteeism_STANDARDUNIFORM;inet_scores_soft_binary_crossentropy_Absenteeism_STANDARDUNIFORM;inet_scores_binary_crossentropy_Absenteeism_STANDARDUNIFORM;inet_scores_accuracy_Absenteeism_STANDARDUNIFORM;inet_scores_f1_score_Absenteeism_STANDARDUNIFORM;inet_scores_roc_auc_score_Absenteeism_STANDARDUNIFORM;inet_scores_runtime_Absenteeism_STANDARDUNIFORM;model_scores_soft_binary_crossentropy_Absenteeism_STANDARDUNIFORM;model_scores_binary_crossentropy_Absenteeism_STANDARDUNIFORM;model_scores_accuracy_Absenteeism_STANDARDUNIFORM;model_scores_f1_score_Absenteeism_STANDARDUNIFORM;model_scores_roc_auc_score_Absenteeism_STANDARDUNIFORM;model_scores_runtime_Absenteeism_STANDARDUNIFORM;dt_scores_soft_binary_crossentropy_['uniform', 'normal', 'gamma', 'beta', 'poisson']_Loan House_STANDARDUNIFORM;dt_scores_binary_crossentropy_['uniform', 'normal', 'gamma', 'beta', 'poisson']_Loan House_STANDARDUNIFORM;dt_scores_accuracy_['uniform', 'normal', 'gamma', 'beta', 'poisson']_Loan House_STANDARDUNIFORM;dt_scores_f1_score_['uniform', 'normal', 'gamma', 'beta', 'poisson']_Loan House_STANDARDUNIFORM;dt_scores_roc_auc_score_['uniform', 'normal', 'gamma', 'beta', 'poisson']_Loan House_STANDARDUNIFORM;dt_scores_soft_binary_crossentropy_data_random_['uniform', 'normal', 'gamma', 'beta', 'poisson']_Loan House_STANDARDUNIFORM;dt_scores_binary_crossentropy_data_random_['uniform', 'normal', 'gamma', 'beta', 'poisson']_Loan House_STANDARDUNIFORM;dt_scores_accuracy_data_random_['uniform', 'normal', 'gamma', 'beta', 'poisson']_Loan House_STANDARDUNIFORM;dt_scores_f1_score_data_random_['uniform', 'normal', 'gamma', 'beta', 'poisson']_Loan House_STANDARDUNIFORM;dt_scores_roc_auc_score_data_random_['uniform', 'normal', 'gamma', 'beta', 'poisson']_Loan House_STANDARDUNIFORM;dt_scores_runtime_['uniform', 'normal', 'gamma', 'beta', 'poisson']_Loan House_STANDARDUNIFORM;dt_scores_soft_binary_crossentropy_Loan House_STANDARDUNIFORM;dt_scores_binary_crossentropy_Loan House_STANDARDUNIFORM;dt_scores_accuracy_Loan House_STANDARDUNIFORM;dt_scores_f1_score_Loan House_STANDARDUNIFORM;dt_scores_roc_auc_score_Loan House_STANDARDUNIFORM;dt_scores_soft_binary_crossentropy_data_random_Loan House_STANDARDUNIFORM;dt_scores_binary_crossentropy_data_random_Loan House_STANDARDUNIFORM;dt_scores_accuracy_data_random_Loan House_STANDARDUNIFORM;dt_scores_f1_score_data_random_Loan House_STANDARDUNIFORM;dt_scores_roc_auc_score_data_random_Loan House_STANDARDUNIFORM;dt_scores_soft_binary_crossentropy_std_Loan House_STANDARDUNIFORM;dt_scores_binary_crossentropy_std_Loan House_STANDARDUNIFORM;dt_scores_accuracy_std_Loan House_STANDARDUNIFORM;dt_scores_f1_score_std_Loan House_STANDARDUNIFORM;dt_scores_roc_auc_score_std_Loan House_STANDARDUNIFORM;dt_scores_soft_binary_crossentropy_data_random_std_Loan House_STANDARDUNIFORM;dt_scores_binary_crossentropy_data_random_std_Loan House_STANDARDUNIFORM;dt_scores_accuracy_data_random_std_Loan House_STANDARDUNIFORM;dt_scores_f1_score_data_random_std_Loan House_STANDARDUNIFORM;dt_scores_roc_auc_score_data_random_std_Loan House_STANDARDUNIFORM;dt_scores_runtime_Loan House_STANDARDUNIFORM;inet_scores_soft_binary_crossentropy_Loan House_STANDARDUNIFORM;inet_scores_binary_crossentropy_Loan House_STANDARDUNIFORM;inet_scores_accuracy_Loan House_STANDARDUNIFORM;inet_scores_f1_score_Loan House_STANDARDUNIFORM;inet_scores_roc_auc_score_Loan House_STANDARDUNIFORM;inet_scores_runtime_Loan House_STANDARDUNIFORM;model_scores_soft_binary_crossentropy_Loan House_STANDARDUNIFORM;model_scores_binary_crossentropy_Loan House_STANDARDUNIFORM;model_scores_accuracy_Loan House_STANDARDUNIFORM;model_scores_f1_score_Loan House_STANDARDUNIFORM;model_scores_roc_auc_score_Loan House_STANDARDUNIFORM;model_scores_runtime_Loan House_STANDARDUNIFORM;dt_scores_soft_binary_crossentropy_['uniform', 'normal', 'gamma', 'beta', 'poisson']_Loan Credit_STANDARDUNIFORM;dt_scores_binary_crossentropy_['uniform', 'normal', 'gamma', 'beta', 'poisson']_Loan Credit_STANDARDUNIFORM;dt_scores_accuracy_['uniform', 'normal', 'gamma', 'beta', 'poisson']_Loan Credit_STANDARDUNIFORM;dt_scores_f1_score_['uniform', 'normal', 'gamma', 'beta', 'poisson']_Loan Credit_STANDARDUNIFORM;dt_scores_roc_auc_score_['uniform', 'normal', 'gamma', 'beta', 'poisson']_Loan Credit_STANDARDUNIFORM;dt_scores_soft_binary_crossentropy_data_random_['uniform', 'normal', 'gamma', 'beta', 'poisson']_Loan Credit_STANDARDUNIFORM;dt_scores_binary_crossentropy_data_random_['uniform', 'normal', 'gamma', 'beta', 'poisson']_Loan Credit_STANDARDUNIFORM;dt_scores_accuracy_data_random_['uniform', 'normal', 'gamma', 'beta', 'poisson']_Loan Credit_STANDARDUNIFORM;dt_scores_f1_score_data_random_['uniform', 'normal', 'gamma', 'beta', 'poisson']_Loan Credit_STANDARDUNIFORM;dt_scores_roc_auc_score_data_random_['uniform', 'normal', 'gamma', 'beta', 'poisson']_Loan Credit_STANDARDUNIFORM;dt_scores_runtime_['uniform', 'normal', 'gamma', 'beta', 'poisson']_Loan Credit_STANDARDUNIFORM;dt_scores_soft_binary_crossentropy_Loan Credit_STANDARDUNIFORM;dt_scores_binary_crossentropy_Loan Credit_STANDARDUNIFORM;dt_scores_accuracy_Loan Credit_STANDARDUNIFORM;dt_scores_f1_score_Loan Credit_STANDARDUNIFORM;dt_scores_roc_auc_score_Loan Credit_STANDARDUNIFORM;dt_scores_soft_binary_crossentropy_data_random_Loan Credit_STANDARDUNIFORM;dt_scores_binary_crossentropy_data_random_Loan Credit_STANDARDUNIFORM;dt_scores_accuracy_data_random_Loan Credit_STANDARDUNIFORM;dt_scores_f1_score_data_random_Loan Credit_STANDARDUNIFORM;dt_scores_roc_auc_score_data_random_Loan Credit_STANDARDUNIFORM;dt_scores_soft_binary_crossentropy_std_Loan Credit_STANDARDUNIFORM;dt_scores_binary_crossentropy_std_Loan Credit_STANDARDUNIFORM;dt_scores_accuracy_std_Loan Credit_STANDARDUNIFORM;dt_scores_f1_score_std_Loan Credit_STANDARDUNIFORM;dt_scores_roc_auc_score_std_Loan Credit_STANDARDUNIFORM;dt_scores_soft_binary_crossentropy_data_random_std_Loan Credit_STANDARDUNIFORM;dt_scores_binary_crossentropy_data_random_std_Loan Credit_STANDARDUNIFORM;dt_scores_accuracy_data_random_std_Loan Credit_STANDARDUNIFORM;dt_scores_f1_score_data_random_std_Loan Credit_STANDARDUNIFORM;dt_scores_roc_auc_score_data_random_std_Loan Credit_STANDARDUNIFORM;dt_scores_runtime_Loan Credit_STANDARDUNIFORM;inet_scores_soft_binary_crossentropy_Loan Credit_STANDARDUNIFORM;inet_scores_binary_crossentropy_Loan Credit_STANDARDUNIFORM;inet_scores_accuracy_Loan Credit_STANDARDUNIFORM;inet_scores_f1_score_Loan Credit_STANDARDUNIFORM;inet_scores_roc_auc_score_Loan Credit_STANDARDUNIFORM;inet_scores_runtime_Loan Credit_STANDARDUNIFORM;model_scores_soft_binary_crossentropy_Loan Credit_STANDARDUNIFORM;model_scores_binary_crossentropy_Loan Credit_STANDARDUNIFORM;model_scores_accuracy_Loan Credit_STANDARDUNIFORM;model_scores_f1_score_Loan Credit_STANDARDUNIFORM;model_scores_roc_auc_score_Loan Credit_STANDARDUNIFORM;model_scores_runtime_Loan Credit_STANDARDUNIFORM;dt_scores_soft_binary_crossentropy_['uniform', 'normal', 'gamma', 'beta', 'poisson']_Medical Insurance_STANDARDUNIFORM;dt_scores_binary_crossentropy_['uniform', 'normal', 'gamma', 'beta', 'poisson']_Medical Insurance_STANDARDUNIFORM;dt_scores_accuracy_['uniform', 'normal', 'gamma', 'beta', 'poisson']_Medical Insurance_STANDARDUNIFORM;dt_scores_f1_score_['uniform', 'normal', 'gamma', 'beta', 'poisson']_Medical Insurance_STANDARDUNIFORM;dt_scores_roc_auc_score_['uniform', 'normal', 'gamma', 'beta', 'poisson']_Medical Insurance_STANDARDUNIFORM;dt_scores_soft_binary_crossentropy_data_random_['uniform', 'normal', 'gamma', 'beta', 'poisson']_Medical Insurance_STANDARDUNIFORM;dt_scores_binary_crossentropy_data_random_['uniform', 'normal', 'gamma', 'beta', 'poisson']_Medical Insurance_STANDARDUNIFORM;dt_scores_accuracy_data_random_['uniform', 'normal', 'gamma', 'beta', 'poisson']_Medical Insurance_STANDARDUNIFORM;dt_scores_f1_score_data_random_['uniform', 'normal', 'gamma', 'beta', 'poisson']_Medical Insurance_STANDARDUNIFORM;dt_scores_roc_auc_score_data_random_['uniform', 'normal', 'gamma', 'beta', 'poisson']_Medical Insurance_STANDARDUNIFORM;dt_scores_runtime_['uniform', 'normal', 'gamma', 'beta', 'poisson']_Medical Insurance_STANDARDUNIFORM;dt_scores_soft_binary_crossentropy_Medical Insurance_STANDARDUNIFORM;dt_scores_binary_crossentropy_Medical Insurance_STANDARDUNIFORM;dt_scores_accuracy_Medical Insurance_STANDARDUNIFORM;dt_scores_f1_score_Medical Insurance_STANDARDUNIFORM;dt_scores_roc_auc_score_Medical Insurance_STANDARDUNIFORM;dt_scores_soft_binary_crossentropy_data_random_Medical Insurance_STANDARDUNIFORM;dt_scores_binary_crossentropy_data_random_Medical Insurance_STANDARDUNIFORM;dt_scores_accuracy_data_random_Medical Insurance_STANDARDUNIFORM;dt_scores_f1_score_data_random_Medical Insurance_STANDARDUNIFORM;dt_scores_roc_auc_score_data_random_Medical Insurance_STANDARDUNIFORM;dt_scores_soft_binary_crossentropy_std_Medical Insurance_STANDARDUNIFORM;dt_scores_binary_crossentropy_std_Medical Insurance_STANDARDUNIFORM;dt_scores_accuracy_std_Medical Insurance_STANDARDUNIFORM;dt_scores_f1_score_std_Medical Insurance_STANDARDUNIFORM;dt_scores_roc_auc_score_std_Medical Insurance_STANDARDUNIFORM;dt_scores_soft_binary_crossentropy_data_random_std_Medical Insurance_STANDARDUNIFORM;dt_scores_binary_crossentropy_data_random_std_Medical Insurance_STANDARDUNIFORM;dt_scores_accuracy_data_random_std_Medical Insurance_STANDARDUNIFORM;dt_scores_f1_score_data_random_std_Medical Insurance_STANDARDUNIFORM;dt_scores_roc_auc_score_data_random_std_Medical Insurance_STANDARDUNIFORM;dt_scores_runtime_Medical Insurance_STANDARDUNIFORM;inet_scores_soft_binary_crossentropy_Medical Insurance_STANDARDUNIFORM;inet_scores_binary_crossentropy_Medical Insurance_STANDARDUNIFORM;inet_scores_accuracy_Medical Insurance_STANDARDUNIFORM;inet_scores_f1_score_Medical Insurance_STANDARDUNIFORM;inet_scores_roc_auc_score_Medical Insurance_STANDARDUNIFORM;inet_scores_runtime_Medical Insurance_STANDARDUNIFORM;model_scores_soft_binary_crossentropy_Medical Insurance_STANDARDUNIFORM;model_scores_binary_crossentropy_Medical Insurance_STANDARDUNIFORM;model_scores_accuracy_Medical Insurance_STANDARDUNIFORM;model_scores_f1_score_Medical Insurance_STANDARDUNIFORM;model_scores_roc_auc_score_Medical Insurance_STANDARDUNIFORM;model_scores_runtime_Medical Insurance_STANDARDUNIFORM;dt_scores_soft_binary_crossentropy_['uniform', 'normal', 'gamma', 'beta', 'poisson']_Bank Marketing_STANDARDUNIFORM;dt_scores_binary_crossentropy_['uniform', 'normal', 'gamma', 'beta', 'poisson']_Bank Marketing_STANDARDUNIFORM;dt_scores_accuracy_['uniform', 'normal', 'gamma', 'beta', 'poisson']_Bank Marketing_STANDARDUNIFORM;dt_scores_f1_score_['uniform', 'normal', 'gamma', 'beta', 'poisson']_Bank Marketing_STANDARDUNIFORM;dt_scores_roc_auc_score_['uniform', 'normal', 'gamma', 'beta', 'poisson']_Bank Marketing_STANDARDUNIFORM;dt_scores_soft_binary_crossentropy_data_random_['uniform', 'normal', 'gamma', 'beta', 'poisson']_Bank Marketing_STANDARDUNIFORM;dt_scores_binary_crossentropy_data_random_['uniform', 'normal', 'gamma', 'beta', 'poisson']_Bank Marketing_STANDARDUNIFORM;dt_scores_accuracy_data_random_['uniform', 'normal', 'gamma', 'beta', 'poisson']_Bank Marketing_STANDARDUNIFORM;dt_scores_f1_score_data_random_['uniform', 'normal', 'gamma', 'beta', 'poisson']_Bank Marketing_STANDARDUNIFORM;dt_scores_roc_auc_score_data_random_['uniform', 'normal', 'gamma', 'beta', 'poisson']_Bank Marketing_STANDARDUNIFORM;dt_scores_runtime_['uniform', 'normal', 'gamma', 'beta', 'poisson']_Bank Marketing_STANDARDUNIFORM;dt_scores_soft_binary_crossentropy_Bank Marketing_STANDARDUNIFORM;dt_scores_binary_crossentropy_Bank Marketing_STANDARDUNIFORM;dt_scores_accuracy_Bank Marketing_STANDARDUNIFORM;dt_scores_f1_score_Bank Marketing_STANDARDUNIFORM;dt_scores_roc_auc_score_Bank Marketing_STANDARDUNIFORM;dt_scores_soft_binary_crossentropy_data_random_Bank Marketing_STANDARDUNIFORM;dt_scores_binary_crossentropy_data_random_Bank Marketing_STANDARDUNIFORM;dt_scores_accuracy_data_random_Bank Marketing_STANDARDUNIFORM;dt_scores_f1_score_data_random_Bank Marketing_STANDARDUNIFORM;dt_scores_roc_auc_score_data_random_Bank Marketing_STANDARDUNIFORM;dt_scores_soft_binary_crossentropy_std_Bank Marketing_STANDARDUNIFORM;dt_scores_binary_crossentropy_std_Bank Marketing_STANDARDUNIFORM;dt_scores_accuracy_std_Bank Marketing_STANDARDUNIFORM;dt_scores_f1_score_std_Bank Marketing_STANDARDUNIFORM;dt_scores_roc_auc_score_std_Bank Marketing_STANDARDUNIFORM;dt_scores_soft_binary_crossentropy_data_random_std_Bank Marketing_STANDARDUNIFORM;dt_scores_binary_crossentropy_data_random_std_Bank Marketing_STANDARDUNIFORM;dt_scores_accuracy_data_random_std_Bank Marketing_STANDARDUNIFORM;dt_scores_f1_score_data_random_std_Bank Marketing_STANDARDUNIFORM;dt_scores_roc_auc_score_data_random_std_Bank Marketing_STANDARDUNIFORM;dt_scores_runtime_Bank Marketing_STANDARDUNIFORM;inet_scores_soft_binary_crossentropy_Bank Marketing_STANDARDUNIFORM;inet_scores_binary_crossentropy_Bank Marketing_STANDARDUNIFORM;inet_scores_accuracy_Bank Marketing_STANDARDUNIFORM;inet_scores_f1_score_Bank Marketing_STANDARDUNIFORM;inet_scores_roc_auc_score_Bank Marketing_STANDARDUNIFORM;inet_scores_runtime_Bank Marketing_STANDARDUNIFORM;model_scores_soft_binary_crossentropy_Bank Marketing_STANDARDUNIFORM;model_scores_binary_crossentropy_Bank Marketing_STANDARDUNIFORM;model_scores_accuracy_Bank Marketing_STANDARDUNIFORM;model_scores_f1_score_Bank Marketing_STANDARDUNIFORM;model_scores_roc_auc_score_Bank Marketing_STANDARDUNIFORM;model_scores_runtime_Bank Marketing_STANDARDUNIFORM;dt_scores_soft_binary_crossentropy_['uniform', 'normal', 'gamma', 'beta', 'poisson']_Cervical Cancer_STANDARDUNIFORM;dt_scores_binary_crossentropy_['uniform', 'normal', 'gamma', 'beta', 'poisson']_Cervical Cancer_STANDARDUNIFORM;dt_scores_accuracy_['uniform', 'normal', 'gamma', 'beta', 'poisson']_Cervical Cancer_STANDARDUNIFORM;dt_scores_f1_score_['uniform', 'normal', 'gamma', 'beta', 'poisson']_Cervical Cancer_STANDARDUNIFORM;dt_scores_roc_auc_score_['uniform', 'normal', 'gamma', 'beta', 'poisson']_Cervical Cancer_STANDARDUNIFORM;dt_scores_soft_binary_crossentropy_data_random_['uniform', 'normal', 'gamma', 'beta', 'poisson']_Cervical Cancer_STANDARDUNIFORM;dt_scores_binary_crossentropy_data_random_['uniform', 'normal', 'gamma', 'beta', 'poisson']_Cervical Cancer_STANDARDUNIFORM;dt_scores_accuracy_data_random_['uniform', 'normal', 'gamma', 'beta', 'poisson']_Cervical Cancer_STANDARDUNIFORM;dt_scores_f1_score_data_random_['uniform', 'normal', 'gamma', 'beta', 'poisson']_Cervical Cancer_STANDARDUNIFORM;dt_scores_roc_auc_score_data_random_['uniform', 'normal', 'gamma', 'beta', 'poisson']_Cervical Cancer_STANDARDUNIFORM;dt_scores_runtime_['uniform', 'normal', 'gamma', 'beta', 'poisson']_Cervical Cancer_STANDARDUNIFORM;dt_scores_soft_binary_crossentropy_Cervical Cancer_STANDARDUNIFORM;dt_scores_binary_crossentropy_Cervical Cancer_STANDARDUNIFORM;dt_scores_accuracy_Cervical Cancer_STANDARDUNIFORM;dt_scores_f1_score_Cervical Cancer_STANDARDUNIFORM;dt_scores_roc_auc_score_Cervical Cancer_STANDARDUNIFORM;dt_scores_soft_binary_crossentropy_data_random_Cervical Cancer_STANDARDUNIFORM;dt_scores_binary_crossentropy_data_random_Cervical Cancer_STANDARDUNIFORM;dt_scores_accuracy_data_random_Cervical Cancer_STANDARDUNIFORM;dt_scores_f1_score_data_random_Cervical Cancer_STANDARDUNIFORM;dt_scores_roc_auc_score_data_random_Cervical Cancer_STANDARDUNIFORM;dt_scores_soft_binary_crossentropy_std_Cervical Cancer_STANDARDUNIFORM;dt_scores_binary_crossentropy_std_Cervical Cancer_STANDARDUNIFORM;dt_scores_accuracy_std_Cervical Cancer_STANDARDUNIFORM;dt_scores_f1_score_std_Cervical Cancer_STANDARDUNIFORM;dt_scores_roc_auc_score_std_Cervical Cancer_STANDARDUNIFORM;dt_scores_soft_binary_crossentropy_data_random_std_Cervical Cancer_STANDARDUNIFORM;dt_scores_binary_crossentropy_data_random_std_Cervical Cancer_STANDARDUNIFORM;dt_scores_accuracy_data_random_std_Cervical Cancer_STANDARDUNIFORM;dt_scores_f1_score_data_random_std_Cervical Cancer_STANDARDUNIFORM;dt_scores_roc_auc_score_data_random_std_Cervical Cancer_STANDARDUNIFORM;dt_scores_runtime_Cervical Cancer_STANDARDUNIFORM;inet_scores_soft_binary_crossentropy_Cervical Cancer_STANDARDUNIFORM;inet_scores_binary_crossentropy_Cervical Cancer_STANDARDUNIFORM;inet_scores_accuracy_Cervical Cancer_STANDARDUNIFORM;inet_scores_f1_score_Cervical Cancer_STANDARDUNIFORM;inet_scores_roc_auc_score_Cervical Cancer_STANDARDUNIFORM;inet_scores_runtime_Cervical Cancer_STANDARDUNIFORM;model_scores_soft_binary_crossentropy_Cervical Cancer_STANDARDUNIFORM;model_scores_binary_crossentropy_Cervical Cancer_STANDARDUNIFORM;model_scores_accuracy_Cervical Cancer_STANDARDUNIFORM;model_scores_f1_score_Cervical Cancer_STANDARDUNIFORM;model_scores_roc_auc_score_Cervical Cancer_STANDARDUNIFORM;model_scores_runtime_Cervical Cancer_STANDARDUNIFORM;dt_scores_soft_binary_crossentropy_['uniform', 'normal', 'gamma', 'beta', 'poisson']_Brest Cancer Wisconsin_STANDARDUNIFORM;dt_scores_binary_crossentropy_['uniform', 'normal', 'gamma', 'beta', 'poisson']_Brest Cancer Wisconsin_STANDARDUNIFORM;dt_scores_accuracy_['uniform', 'normal', 'gamma', 'beta', 'poisson']_Brest Cancer Wisconsin_STANDARDUNIFORM;dt_scores_f1_score_['uniform', 'normal', 'gamma', 'beta', 'poisson']_Brest Cancer Wisconsin_STANDARDUNIFORM;dt_scores_roc_auc_score_['uniform', 'normal', 'gamma', 'beta', 'poisson']_Brest Cancer Wisconsin_STANDARDUNIFORM;dt_scores_soft_binary_crossentropy_data_random_['uniform', 'normal', 'gamma', 'beta', 'poisson']_Brest Cancer Wisconsin_STANDARDUNIFORM;dt_scores_binary_crossentropy_data_random_['uniform', 'normal', 'gamma', 'beta', 'poisson']_Brest Cancer Wisconsin_STANDARDUNIFORM;dt_scores_accuracy_data_random_['uniform', 'normal', 'gamma', 'beta', 'poisson']_Brest Cancer Wisconsin_STANDARDUNIFORM;dt_scores_f1_score_data_random_['uniform', 'normal', 'gamma', 'beta', 'poisson']_Brest Cancer Wisconsin_STANDARDUNIFORM;dt_scores_roc_auc_score_data_random_['uniform', 'normal', 'gamma', 'beta', 'poisson']_Brest Cancer Wisconsin_STANDARDUNIFORM;dt_scores_runtime_['uniform', 'normal', 'gamma', 'beta', 'poisson']_Brest Cancer Wisconsin_STANDARDUNIFORM;dt_scores_soft_binary_crossentropy_Brest Cancer Wisconsin_STANDARDUNIFORM;dt_scores_binary_crossentropy_Brest Cancer Wisconsin_STANDARDUNIFORM;dt_scores_accuracy_Brest Cancer Wisconsin_STANDARDUNIFORM;dt_scores_f1_score_Brest Cancer Wisconsin_STANDARDUNIFORM;dt_scores_roc_auc_score_Brest Cancer Wisconsin_STANDARDUNIFORM;dt_scores_soft_binary_crossentropy_data_random_Brest Cancer Wisconsin_STANDARDUNIFORM;dt_scores_binary_crossentropy_data_random_Brest Cancer Wisconsin_STANDARDUNIFORM;dt_scores_accuracy_data_random_Brest Cancer Wisconsin_STANDARDUNIFORM;dt_scores_f1_score_data_random_Brest Cancer Wisconsin_STANDARDUNIFORM;dt_scores_roc_auc_score_data_random_Brest Cancer Wisconsin_STANDARDUNIFORM;dt_scores_soft_binary_crossentropy_std_Brest Cancer Wisconsin_STANDARDUNIFORM;dt_scores_binary_crossentropy_std_Brest Cancer Wisconsin_STANDARDUNIFORM;dt_scores_accuracy_std_Brest Cancer Wisconsin_STANDARDUNIFORM;dt_scores_f1_score_std_Brest Cancer Wisconsin_STANDARDUNIFORM;dt_scores_roc_auc_score_std_Brest Cancer Wisconsin_STANDARDUNIFORM;dt_scores_soft_binary_crossentropy_data_random_std_Brest Cancer Wisconsin_STANDARDUNIFORM;dt_scores_binary_crossentropy_data_random_std_Brest Cancer Wisconsin_STANDARDUNIFORM;dt_scores_accuracy_data_random_std_Brest Cancer Wisconsin_STANDARDUNIFORM;dt_scores_f1_score_data_random_std_Brest Cancer Wisconsin_STANDARDUNIFORM;dt_scores_roc_auc_score_data_random_std_Brest Cancer Wisconsin_STANDARDUNIFORM;dt_scores_runtime_Brest Cancer Wisconsin_STANDARDUNIFORM;inet_scores_soft_binary_crossentropy_Brest Cancer Wisconsin_STANDARDUNIFORM;inet_scores_binary_crossentropy_Brest Cancer Wisconsin_STANDARDUNIFORM;inet_scores_accuracy_Brest Cancer Wisconsin_STANDARDUNIFORM;inet_scores_f1_score_Brest Cancer Wisconsin_STANDARDUNIFORM;inet_scores_roc_auc_score_Brest Cancer Wisconsin_STANDARDUNIFORM;inet_scores_runtime_Brest Cancer Wisconsin_STANDARDUNIFORM;model_scores_soft_binary_crossentropy_Brest Cancer Wisconsin_STANDARDUNIFORM;model_scores_binary_crossentropy_Brest Cancer Wisconsin_STANDARDUNIFORM;model_scores_accuracy_Brest Cancer Wisconsin_STANDARDUNIFORM;model_scores_f1_score_Brest Cancer Wisconsin_STANDARDUNIFORM;model_scores_roc_auc_score_Brest Cancer Wisconsin_STANDARDUNIFORM;model_scores_runtime_Brest Cancer Wisconsin_STANDARDUNIFORM;dt_scores_soft_binary_crossentropy_['uniform', 'normal', 'gamma', 'beta', 'poisson']_Wisconsin Diagnostic Breast Cancer_STANDARDUNIFORM;dt_scores_binary_crossentropy_['uniform', 'normal', 'gamma', 'beta', 'poisson']_Wisconsin Diagnostic Breast Cancer_STANDARDUNIFORM;dt_scores_accuracy_['uniform', 'normal', 'gamma', 'beta', 'poisson']_Wisconsin Diagnostic Breast Cancer_STANDARDUNIFORM;dt_scores_f1_score_['uniform', 'normal', 'gamma', 'beta', 'poisson']_Wisconsin Diagnostic Breast Cancer_STANDARDUNIFORM;dt_scores_roc_auc_score_['uniform', 'normal', 'gamma', 'beta', 'poisson']_Wisconsin Diagnostic Breast Cancer_STANDARDUNIFORM;dt_scores_soft_binary_crossentropy_data_random_['uniform', 'normal', 'gamma', 'beta', 'poisson']_Wisconsin Diagnostic Breast Cancer_STANDARDUNIFORM;dt_scores_binary_crossentropy_data_random_['uniform', 'normal', 'gamma', 'beta', 'poisson']_Wisconsin Diagnostic Breast Cancer_STANDARDUNIFORM;dt_scores_accuracy_data_random_['uniform', 'normal', 'gamma', 'beta', 'poisson']_Wisconsin Diagnostic Breast Cancer_STANDARDUNIFORM;dt_scores_f1_score_data_random_['uniform', 'normal', 'gamma', 'beta', 'poisson']_Wisconsin Diagnostic Breast Cancer_STANDARDUNIFORM;dt_scores_roc_auc_score_data_random_['uniform', 'normal', 'gamma', 'beta', 'poisson']_Wisconsin Diagnostic Breast Cancer_STANDARDUNIFORM;dt_scores_runtime_['uniform', 'normal', 'gamma', 'beta', 'poisson']_Wisconsin Diagnostic Breast Cancer_STANDARDUNIFORM;dt_scores_soft_binary_crossentropy_Wisconsin Diagnostic Breast Cancer_STANDARDUNIFORM;dt_scores_binary_crossentropy_Wisconsin Diagnostic Breast Cancer_STANDARDUNIFORM;dt_scores_accuracy_Wisconsin Diagnostic Breast Cancer_STANDARDUNIFORM;dt_scores_f1_score_Wisconsin Diagnostic Breast Cancer_STANDARDUNIFORM;dt_scores_roc_auc_score_Wisconsin Diagnostic Breast Cancer_STANDARDUNIFORM;dt_scores_soft_binary_crossentropy_data_random_Wisconsin Diagnostic Breast Cancer_STANDARDUNIFORM;dt_scores_binary_crossentropy_data_random_Wisconsin Diagnostic Breast Cancer_STANDARDUNIFORM;dt_scores_accuracy_data_random_Wisconsin Diagnostic Breast Cancer_STANDARDUNIFORM;dt_scores_f1_score_data_random_Wisconsin Diagnostic Breast Cancer_STANDARDUNIFORM;dt_scores_roc_auc_score_data_random_Wisconsin Diagnostic Breast Cancer_STANDARDUNIFORM;dt_scores_soft_binary_crossentropy_std_Wisconsin Diagnostic Breast Cancer_STANDARDUNIFORM;dt_scores_binary_crossentropy_std_Wisconsin Diagnostic Breast Cancer_STANDARDUNIFORM;dt_scores_accuracy_std_Wisconsin Diagnostic Breast Cancer_STANDARDUNIFORM;dt_scores_f1_score_std_Wisconsin Diagnostic Breast Cancer_STANDARDUNIFORM;dt_scores_roc_auc_score_std_Wisconsin Diagnostic Breast Cancer_STANDARDUNIFORM;dt_scores_soft_binary_crossentropy_data_random_std_Wisconsin Diagnostic Breast Cancer_STANDARDUNIFORM;dt_scores_binary_crossentropy_data_random_std_Wisconsin Diagnostic Breast Cancer_STANDARDUNIFORM;dt_scores_accuracy_data_random_std_Wisconsin Diagnostic Breast Cancer_STANDARDUNIFORM;dt_scores_f1_score_data_random_std_Wisconsin Diagnostic Breast Cancer_STANDARDUNIFORM;dt_scores_roc_auc_score_data_random_std_Wisconsin Diagnostic Breast Cancer_STANDARDUNIFORM;dt_scores_runtime_Wisconsin Diagnostic Breast Cancer_STANDARDUNIFORM;inet_scores_soft_binary_crossentropy_Wisconsin Diagnostic Breast Cancer_STANDARDUNIFORM;inet_scores_binary_crossentropy_Wisconsin Diagnostic Breast Cancer_STANDARDUNIFORM;inet_scores_accuracy_Wisconsin Diagnostic Breast Cancer_STANDARDUNIFORM;inet_scores_f1_score_Wisconsin Diagnostic Breast Cancer_STANDARDUNIFORM;inet_scores_roc_auc_score_Wisconsin Diagnostic Breast Cancer_STANDARDUNIFORM;inet_scores_runtime_Wisconsin Diagnostic Breast Cancer_STANDARDUNIFORM;model_scores_soft_binary_crossentropy_Wisconsin Diagnostic Breast Cancer_STANDARDUNIFORM;model_scores_binary_crossentropy_Wisconsin Diagnostic Breast Cancer_STANDARDUNIFORM;model_scores_accuracy_Wisconsin Diagnostic Breast Cancer_STANDARDUNIFORM;model_scores_f1_score_Wisconsin Diagnostic Breast Cancer_STANDARDUNIFORM;model_scores_roc_auc_score_Wisconsin Diagnostic Breast Cancer_STANDARDUNIFORM;model_scores_runtime_Wisconsin Diagnostic Breast Cancer_STANDARDUNIFORM;dt_scores_soft_binary_crossentropy_['uniform', 'normal', 'gamma', 'beta', 'poisson']_Wisconsin Prognostic Breast Cancer_STANDARDUNIFORM;dt_scores_binary_crossentropy_['uniform', 'normal', 'gamma', 'beta', 'poisson']_Wisconsin Prognostic Breast Cancer_STANDARDUNIFORM;dt_scores_accuracy_['uniform', 'normal', 'gamma', 'beta', 'poisson']_Wisconsin Prognostic Breast Cancer_STANDARDUNIFORM;dt_scores_f1_score_['uniform', 'normal', 'gamma', 'beta', 'poisson']_Wisconsin Prognostic Breast Cancer_STANDARDUNIFORM;dt_scores_roc_auc_score_['uniform', 'normal', 'gamma', 'beta', 'poisson']_Wisconsin Prognostic Breast Cancer_STANDARDUNIFORM;dt_scores_soft_binary_crossentropy_data_random_['uniform', 'normal', 'gamma', 'beta', 'poisson']_Wisconsin Prognostic Breast Cancer_STANDARDUNIFORM;dt_scores_binary_crossentropy_data_random_['uniform', 'normal', 'gamma', 'beta', 'poisson']_Wisconsin Prognostic Breast Cancer_STANDARDUNIFORM;dt_scores_accuracy_data_random_['uniform', 'normal', 'gamma', 'beta', 'poisson']_Wisconsin Prognostic Breast Cancer_STANDARDUNIFORM;dt_scores_f1_score_data_random_['uniform', 'normal', 'gamma', 'beta', 'poisson']_Wisconsin Prognostic Breast Cancer_STANDARDUNIFORM;dt_scores_roc_auc_score_data_random_['uniform', 'normal', 'gamma', 'beta', 'poisson']_Wisconsin Prognostic Breast Cancer_STANDARDUNIFORM;dt_scores_runtime_['uniform', 'normal', 'gamma', 'beta', 'poisson']_Wisconsin Prognostic Breast Cancer_STANDARDUNIFORM;dt_scores_soft_binary_crossentropy_Wisconsin Prognostic Breast Cancer_STANDARDUNIFORM;dt_scores_binary_crossentropy_Wisconsin Prognostic Breast Cancer_STANDARDUNIFORM;dt_scores_accuracy_Wisconsin Prognostic Breast Cancer_STANDARDUNIFORM;dt_scores_f1_score_Wisconsin Prognostic Breast Cancer_STANDARDUNIFORM;dt_scores_roc_auc_score_Wisconsin Prognostic Breast Cancer_STANDARDUNIFORM;dt_scores_soft_binary_crossentropy_data_random_Wisconsin Prognostic Breast Cancer_STANDARDUNIFORM;dt_scores_binary_crossentropy_data_random_Wisconsin Prognostic Breast Cancer_STANDARDUNIFORM;dt_scores_accuracy_data_random_Wisconsin Prognostic Breast Cancer_STANDARDUNIFORM;dt_scores_f1_score_data_random_Wisconsin Prognostic Breast Cancer_STANDARDUNIFORM;dt_scores_roc_auc_score_data_random_Wisconsin Prognostic Breast Cancer_STANDARDUNIFORM;dt_scores_soft_binary_crossentropy_std_Wisconsin Prognostic Breast Cancer_STANDARDUNIFORM;dt_scores_binary_crossentropy_std_Wisconsin Prognostic Breast Cancer_STANDARDUNIFORM;dt_scores_accuracy_std_Wisconsin Prognostic Breast Cancer_STANDARDUNIFORM;dt_scores_f1_score_std_Wisconsin Prognostic Breast Cancer_STANDARDUNIFORM;dt_scores_roc_auc_score_std_Wisconsin Prognostic Breast Cancer_STANDARDUNIFORM;dt_scores_soft_binary_crossentropy_data_random_std_Wisconsin Prognostic Breast Cancer_STANDARDUNIFORM;dt_scores_binary_crossentropy_data_random_std_Wisconsin Prognostic Breast Cancer_STANDARDUNIFORM;dt_scores_accuracy_data_random_std_Wisconsin Prognostic Breast Cancer_STANDARDUNIFORM;dt_scores_f1_score_data_random_std_Wisconsin Prognostic Breast Cancer_STANDARDUNIFORM;dt_scores_roc_auc_score_data_random_std_Wisconsin Prognostic Breast Cancer_STANDARDUNIFORM;dt_scores_runtime_Wisconsin Prognostic Breast Cancer_STANDARDUNIFORM;inet_scores_soft_binary_crossentropy_Wisconsin Prognostic Breast Cancer_STANDARDUNIFORM;inet_scores_binary_crossentropy_Wisconsin Prognostic Breast Cancer_STANDARDUNIFORM;inet_scores_accuracy_Wisconsin Prognostic Breast Cancer_STANDARDUNIFORM;inet_scores_f1_score_Wisconsin Prognostic Breast Cancer_STANDARDUNIFORM;inet_scores_roc_auc_score_Wisconsin Prognostic Breast Cancer_STANDARDUNIFORM;inet_scores_runtime_Wisconsin Prognostic Breast Cancer_STANDARDUNIFORM;model_scores_soft_binary_crossentropy_Wisconsin Prognostic Breast Cancer_STANDARDUNIFORM;model_scores_binary_crossentropy_Wisconsin Prognostic Breast Cancer_STANDARDUNIFORM;model_scores_accuracy_Wisconsin Prognostic Breast Cancer_STANDARDUNIFORM;model_scores_f1_score_Wisconsin Prognostic Breast Cancer_STANDARDUNIFORM;model_scores_roc_auc_score_Wisconsin Prognostic Breast Cancer_STANDARDUNIFORM;model_scores_runtime_Wisconsin Prognostic Breast Cancer_STANDARDUNIFORM;dt_scores_soft_binary_crossentropy_['uniform', 'normal', 'gamma', 'beta', 'poisson']_Abalone_STANDARDUNIFORM;dt_scores_binary_crossentropy_['uniform', 'normal', 'gamma', 'beta', 'poisson']_Abalone_STANDARDUNIFORM;dt_scores_accuracy_['uniform', 'normal', 'gamma', 'beta', 'poisson']_Abalone_STANDARDUNIFORM;dt_scores_f1_score_['uniform', 'normal', 'gamma', 'beta', 'poisson']_Abalone_STANDARDUNIFORM;dt_scores_roc_auc_score_['uniform', 'normal', 'gamma', 'beta', 'poisson']_Abalone_STANDARDUNIFORM;dt_scores_soft_binary_crossentropy_data_random_['uniform', 'normal', 'gamma', 'beta', 'poisson']_Abalone_STANDARDUNIFORM;dt_scores_binary_crossentropy_data_random_['uniform', 'normal', 'gamma', 'beta', 'poisson']_Abalone_STANDARDUNIFORM;dt_scores_accuracy_data_random_['uniform', 'normal', 'gamma', 'beta', 'poisson']_Abalone_STANDARDUNIFORM;dt_scores_f1_score_data_random_['uniform', 'normal', 'gamma', 'beta', 'poisson']_Abalone_STANDARDUNIFORM;dt_scores_roc_auc_score_data_random_['uniform', 'normal', 'gamma', 'beta', 'poisson']_Abalone_STANDARDUNIFORM;dt_scores_runtime_['uniform', 'normal', 'gamma', 'beta', 'poisson']_Abalone_STANDARDUNIFORM;dt_scores_soft_binary_crossentropy_Abalone_STANDARDUNIFORM;dt_scores_binary_crossentropy_Abalone_STANDARDUNIFORM;dt_scores_accuracy_Abalone_STANDARDUNIFORM;dt_scores_f1_score_Abalone_STANDARDUNIFORM;dt_scores_roc_auc_score_Abalone_STANDARDUNIFORM;dt_scores_soft_binary_crossentropy_data_random_Abalone_STANDARDUNIFORM;dt_scores_binary_crossentropy_data_random_Abalone_STANDARDUNIFORM;dt_scores_accuracy_data_random_Abalone_STANDARDUNIFORM;dt_scores_f1_score_data_random_Abalone_STANDARDUNIFORM;dt_scores_roc_auc_score_data_random_Abalone_STANDARDUNIFORM;dt_scores_soft_binary_crossentropy_std_Abalone_STANDARDUNIFORM;dt_scores_binary_crossentropy_std_Abalone_STANDARDUNIFORM;dt_scores_accuracy_std_Abalone_STANDARDUNIFORM;dt_scores_f1_score_std_Abalone_STANDARDUNIFORM;dt_scores_roc_auc_score_std_Abalone_STANDARDUNIFORM;dt_scores_soft_binary_crossentropy_data_random_std_Abalone_STANDARDUNIFORM;dt_scores_binary_crossentropy_data_random_std_Abalone_STANDARDUNIFORM;dt_scores_accuracy_data_random_std_Abalone_STANDARDUNIFORM;dt_scores_f1_score_data_random_std_Abalone_STANDARDUNIFORM;dt_scores_roc_auc_score_data_random_std_Abalone_STANDARDUNIFORM;dt_scores_runtime_Abalone_STANDARDUNIFORM;inet_scores_soft_binary_crossentropy_Abalone_STANDARDUNIFORM;inet_scores_binary_crossentropy_Abalone_STANDARDUNIFORM;inet_scores_accuracy_Abalone_STANDARDUNIFORM;inet_scores_f1_score_Abalone_STANDARDUNIFORM;inet_scores_roc_auc_score_Abalone_STANDARDUNIFORM;inet_scores_runtime_Abalone_STANDARDUNIFORM;model_scores_soft_binary_crossentropy_Abalone_STANDARDUNIFORM;model_scores_binary_crossentropy_Abalone_STANDARDUNIFORM;model_scores_accuracy_Abalone_STANDARDUNIFORM;model_scores_f1_score_Abalone_STANDARDUNIFORM;model_scores_roc_auc_score_Abalone_STANDARDUNIFORM;model_scores_runtime_Abalone_STANDARDUNIFORM;dt_scores_soft_binary_crossentropy_['uniform', 'normal', 'gamma', 'beta', 'poisson']_Car_STANDARDUNIFORM;dt_scores_binary_crossentropy_['uniform', 'normal', 'gamma', 'beta', 'poisson']_Car_STANDARDUNIFORM;dt_scores_accuracy_['uniform', 'normal', 'gamma', 'beta', 'poisson']_Car_STANDARDUNIFORM;dt_scores_f1_score_['uniform', 'normal', 'gamma', 'beta', 'poisson']_Car_STANDARDUNIFORM;dt_scores_roc_auc_score_['uniform', 'normal', 'gamma', 'beta', 'poisson']_Car_STANDARDUNIFORM;dt_scores_soft_binary_crossentropy_data_random_['uniform', 'normal', 'gamma', 'beta', 'poisson']_Car_STANDARDUNIFORM;dt_scores_binary_crossentropy_data_random_['uniform', 'normal', 'gamma', 'beta', 'poisson']_Car_STANDARDUNIFORM;dt_scores_accuracy_data_random_['uniform', 'normal', 'gamma', 'beta', 'poisson']_Car_STANDARDUNIFORM;dt_scores_f1_score_data_random_['uniform', 'normal', 'gamma', 'beta', 'poisson']_Car_STANDARDUNIFORM;dt_scores_roc_auc_score_data_random_['uniform', 'normal', 'gamma', 'beta', 'poisson']_Car_STANDARDUNIFORM;dt_scores_runtime_['uniform', 'normal', 'gamma', 'beta', 'poisson']_Car_STANDARDUNIFORM;dt_scores_soft_binary_crossentropy_Car_STANDARDUNIFORM;dt_scores_binary_crossentropy_Car_STANDARDUNIFORM;dt_scores_accuracy_Car_STANDARDUNIFORM;dt_scores_f1_score_Car_STANDARDUNIFORM;dt_scores_roc_auc_score_Car_STANDARDUNIFORM;dt_scores_soft_binary_crossentropy_data_random_Car_STANDARDUNIFORM;dt_scores_binary_crossentropy_data_random_Car_STANDARDUNIFORM;dt_scores_accuracy_data_random_Car_STANDARDUNIFORM;dt_scores_f1_score_data_random_Car_STANDARDUNIFORM;dt_scores_roc_auc_score_data_random_Car_STANDARDUNIFORM;dt_scores_soft_binary_crossentropy_std_Car_STANDARDUNIFORM;dt_scores_binary_crossentropy_std_Car_STANDARDUNIFORM;dt_scores_accuracy_std_Car_STANDARDUNIFORM;dt_scores_f1_score_std_Car_STANDARDUNIFORM;dt_scores_roc_auc_score_std_Car_STANDARDUNIFORM;dt_scores_soft_binary_crossentropy_data_random_std_Car_STANDARDUNIFORM;dt_scores_binary_crossentropy_data_random_std_Car_STANDARDUNIFORM;dt_scores_accuracy_data_random_std_Car_STANDARDUNIFORM;dt_scores_f1_score_data_random_std_Car_STANDARDUNIFORM;dt_scores_roc_auc_score_data_random_std_Car_STANDARDUNIFORM;dt_scores_runtime_Car_STANDARDUNIFORM;inet_scores_soft_binary_crossentropy_Car_STANDARDUNIFORM;inet_scores_binary_crossentropy_Car_STANDARDUNIFORM;inet_scores_accuracy_Car_STANDARDUNIFORM;inet_scores_f1_score_Car_STANDARDUNIFORM;inet_scores_roc_auc_score_Car_STANDARDUNIFORM;inet_scores_runtime_Car_STANDARDUNIFORM;model_scores_soft_binary_crossentropy_Car_STANDARDUNIFORM;model_scores_binary_crossentropy_Car_STANDARDUNIFORM;model_scores_accuracy_Car_STANDARDUNIFORM;model_scores_f1_score_Car_STANDARDUNIFORM;model_scores_roc_auc_score_Car_STANDARDUNIFORM;model_scores_runtime_Car_STANDARDUNIFORM;dt_scores_soft_binary_crossentropy_['uniform', 'normal', 'gamma', 'beta', 'poisson']_Heart Disease_STANDARDUNIFORM;dt_scores_binary_crossentropy_['uniform', 'normal', 'gamma', 'beta', 'poisson']_Heart Disease_STANDARDUNIFORM;dt_scores_accuracy_['uniform', 'normal', 'gamma', 'beta', 'poisson']_Heart Disease_STANDARDUNIFORM;dt_scores_f1_score_['uniform', 'normal', 'gamma', 'beta', 'poisson']_Heart Disease_STANDARDUNIFORM;dt_scores_roc_auc_score_['uniform', 'normal', 'gamma', 'beta', 'poisson']_Heart Disease_STANDARDUNIFORM;dt_scores_soft_binary_crossentropy_data_random_['uniform', 'normal', 'gamma', 'beta', 'poisson']_Heart Disease_STANDARDUNIFORM;dt_scores_binary_crossentropy_data_random_['uniform', 'normal', 'gamma', 'beta', 'poisson']_Heart Disease_STANDARDUNIFORM;dt_scores_accuracy_data_random_['uniform', 'normal', 'gamma', 'beta', 'poisson']_Heart Disease_STANDARDUNIFORM;dt_scores_f1_score_data_random_['uniform', 'normal', 'gamma', 'beta', 'poisson']_Heart Disease_STANDARDUNIFORM;dt_scores_roc_auc_score_data_random_['uniform', 'normal', 'gamma', 'beta', 'poisson']_Heart Disease_STANDARDUNIFORM;dt_scores_runtime_['uniform', 'normal', 'gamma', 'beta', 'poisson']_Heart Disease_STANDARDUNIFORM;dt_scores_soft_binary_crossentropy_Heart Disease_STANDARDUNIFORM;dt_scores_binary_crossentropy_Heart Disease_STANDARDUNIFORM;dt_scores_accuracy_Heart Disease_STANDARDUNIFORM;dt_scores_f1_score_Heart Disease_STANDARDUNIFORM;dt_scores_roc_auc_score_Heart Disease_STANDARDUNIFORM;dt_scores_soft_binary_crossentropy_data_random_Heart Disease_STANDARDUNIFORM;dt_scores_binary_crossentropy_data_random_Heart Disease_STANDARDUNIFORM;dt_scores_accuracy_data_random_Heart Disease_STANDARDUNIFORM;dt_scores_f1_score_data_random_Heart Disease_STANDARDUNIFORM;dt_scores_roc_auc_score_data_random_Heart Disease_STANDARDUNIFORM;dt_scores_soft_binary_crossentropy_std_Heart Disease_STANDARDUNIFORM;dt_scores_binary_crossentropy_std_Heart Disease_STANDARDUNIFORM;dt_scores_accuracy_std_Heart Disease_STANDARDUNIFORM;dt_scores_f1_score_std_Heart Disease_STANDARDUNIFORM;dt_scores_roc_auc_score_std_Heart Disease_STANDARDUNIFORM;dt_scores_soft_binary_crossentropy_data_random_std_Heart Disease_STANDARDUNIFORM;dt_scores_binary_crossentropy_data_random_std_Heart Disease_STANDARDUNIFORM;dt_scores_accuracy_data_random_std_Heart Disease_STANDARDUNIFORM;dt_scores_f1_score_data_random_std_Heart Disease_STANDARDUNIFORM;dt_scores_roc_auc_score_data_random_std_Heart Disease_STANDARDUNIFORM;dt_scores_runtime_Heart Disease_STANDARDUNIFORM;inet_scores_soft_binary_crossentropy_Heart Disease_STANDARDUNIFORM;inet_scores_binary_crossentropy_Heart Disease_STANDARDUNIFORM;inet_scores_accuracy_Heart Disease_STANDARDUNIFORM;inet_scores_f1_score_Heart Disease_STANDARDUNIFORM;inet_scores_roc_auc_score_Heart Disease_STANDARDUNIFORM;inet_scores_runtime_Heart Disease_STANDARDUNIFORM;model_scores_soft_binary_crossentropy_Heart Disease_STANDARDUNIFORM;model_scores_binary_crossentropy_Heart Disease_STANDARDUNIFORM;model_scores_accuracy_Heart Disease_STANDARDUNIFORM;model_scores_f1_score_Heart Disease_STANDARDUNIFORM;model_scores_roc_auc_score_Heart Disease_STANDARDUNIFORM;model_scores_runtime_Heart Disease_STANDARDUNIFORM;dt_scores_soft_binary_crossentropy_['uniform', 'normal', 'gamma', 'beta', 'poisson']_Credit Card_STANDARDUNIFORM;dt_scores_binary_crossentropy_['uniform', 'normal', 'gamma', 'beta', 'poisson']_Credit Card_STANDARDUNIFORM;dt_scores_accuracy_['uniform', 'normal', 'gamma', 'beta', 'poisson']_Credit Card_STANDARDUNIFORM;dt_scores_f1_score_['uniform', 'normal', 'gamma', 'beta', 'poisson']_Credit Card_STANDARDUNIFORM;dt_scores_roc_auc_score_['uniform', 'normal', 'gamma', 'beta', 'poisson']_Credit Card_STANDARDUNIFORM;dt_scores_soft_binary_crossentropy_data_random_['uniform', 'normal', 'gamma', 'beta', 'poisson']_Credit Card_STANDARDUNIFORM;dt_scores_binary_crossentropy_data_random_['uniform', 'normal', 'gamma', 'beta', 'poisson']_Credit Card_STANDARDUNIFORM;dt_scores_accuracy_data_random_['uniform', 'normal', 'gamma', 'beta', 'poisson']_Credit Card_STANDARDUNIFORM;dt_scores_f1_score_data_random_['uniform', 'normal', 'gamma', 'beta', 'poisson']_Credit Card_STANDARDUNIFORM;dt_scores_roc_auc_score_data_random_['uniform', 'normal', 'gamma', 'beta', 'poisson']_Credit Card_STANDARDUNIFORM;dt_scores_runtime_['uniform', 'normal', 'gamma', 'beta', 'poisson']_Credit Card_STANDARDUNIFORM;dt_scores_soft_binary_crossentropy_Credit Card_STANDARDUNIFORM;dt_scores_binary_crossentropy_Credit Card_STANDARDUNIFORM;dt_scores_accuracy_Credit Card_STANDARDUNIFORM;dt_scores_f1_score_Credit Card_STANDARDUNIFORM;dt_scores_roc_auc_score_Credit Card_STANDARDUNIFORM;dt_scores_soft_binary_crossentropy_data_random_Credit Card_STANDARDUNIFORM;dt_scores_binary_crossentropy_data_random_Credit Card_STANDARDUNIFORM;dt_scores_accuracy_data_random_Credit Card_STANDARDUNIFORM;dt_scores_f1_score_data_random_Credit Card_STANDARDUNIFORM;dt_scores_roc_auc_score_data_random_Credit Card_STANDARDUNIFORM;dt_scores_soft_binary_crossentropy_std_Credit Card_STANDARDUNIFORM;dt_scores_binary_crossentropy_std_Credit Card_STANDARDUNIFORM;dt_scores_accuracy_std_Credit Card_STANDARDUNIFORM;dt_scores_f1_score_std_Credit Card_STANDARDUNIFORM;dt_scores_roc_auc_score_std_Credit Card_STANDARDUNIFORM;dt_scores_soft_binary_crossentropy_data_random_std_Credit Card_STANDARDUNIFORM;dt_scores_binary_crossentropy_data_random_std_Credit Card_STANDARDUNIFORM;dt_scores_accuracy_data_random_std_Credit Card_STANDARDUNIFORM;dt_scores_f1_score_data_random_std_Credit Card_STANDARDUNIFORM;dt_scores_roc_auc_score_data_random_std_Credit Card_STANDARDUNIFORM;dt_scores_runtime_Credit Card_STANDARDUNIFORM;inet_scores_soft_binary_crossentropy_Credit Card_STANDARDUNIFORM;inet_scores_binary_crossentropy_Credit Card_STANDARDUNIFORM;inet_scores_accuracy_Credit Card_STANDARDUNIFORM;inet_scores_f1_score_Credit Card_STANDARDUNIFORM;inet_scores_roc_auc_score_Credit Card_STANDARDUNIFORM;inet_scores_runtime_Credit Card_STANDARDUNIFORM;model_scores_soft_binary_crossentropy_Credit Card_STANDARDUNIFORM;model_scores_binary_crossentropy_Credit Card_STANDARDUNIFORM;model_scores_accuracy_Credit Card_STANDARDUNIFORM;model_scores_f1_score_Credit Card_STANDARDUNIFORM;model_scores_roc_auc_score_Credit Card_STANDARDUNIFORM;model_scores_runtime_Credit Card_STANDARDUNIFORM;dt_scores_soft_binary_crossentropy_['uniform', 'normal', 'gamma', 'beta', 'poisson']_Haberman_STANDARDUNIFORM;dt_scores_binary_crossentropy_['uniform', 'normal', 'gamma', 'beta', 'poisson']_Haberman_STANDARDUNIFORM;dt_scores_accuracy_['uniform', 'normal', 'gamma', 'beta', 'poisson']_Haberman_STANDARDUNIFORM;dt_scores_f1_score_['uniform', 'normal', 'gamma', 'beta', 'poisson']_Haberman_STANDARDUNIFORM;dt_scores_roc_auc_score_['uniform', 'normal', 'gamma', 'beta', 'poisson']_Haberman_STANDARDUNIFORM;dt_scores_soft_binary_crossentropy_data_random_['uniform', 'normal', 'gamma', 'beta', 'poisson']_Haberman_STANDARDUNIFORM;dt_scores_binary_crossentropy_data_random_['uniform', 'normal', 'gamma', 'beta', 'poisson']_Haberman_STANDARDUNIFORM;dt_scores_accuracy_data_random_['uniform', 'normal', 'gamma', 'beta', 'poisson']_Haberman_STANDARDUNIFORM;dt_scores_f1_score_data_random_['uniform', 'normal', 'gamma', 'beta', 'poisson']_Haberman_STANDARDUNIFORM;dt_scores_roc_auc_score_data_random_['uniform', 'normal', 'gamma', 'beta', 'poisson']_Haberman_STANDARDUNIFORM;dt_scores_runtime_['uniform', 'normal', 'gamma', 'beta', 'poisson']_Haberman_STANDARDUNIFORM;dt_scores_soft_binary_crossentropy_Haberman_STANDARDUNIFORM;dt_scores_binary_crossentropy_Haberman_STANDARDUNIFORM;dt_scores_accuracy_Haberman_STANDARDUNIFORM;dt_scores_f1_score_Haberman_STANDARDUNIFORM;dt_scores_roc_auc_score_Haberman_STANDARDUNIFORM;dt_scores_soft_binary_crossentropy_data_random_Haberman_STANDARDUNIFORM;dt_scores_binary_crossentropy_data_random_Haberman_STANDARDUNIFORM;dt_scores_accuracy_data_random_Haberman_STANDARDUNIFORM;dt_scores_f1_score_data_random_Haberman_STANDARDUNIFORM;dt_scores_roc_auc_score_data_random_Haberman_STANDARDUNIFORM;dt_scores_soft_binary_crossentropy_std_Haberman_STANDARDUNIFORM;dt_scores_binary_crossentropy_std_Haberman_STANDARDUNIFORM;dt_scores_accuracy_std_Haberman_STANDARDUNIFORM;dt_scores_f1_score_std_Haberman_STANDARDUNIFORM;dt_scores_roc_auc_score_std_Haberman_STANDARDUNIFORM;dt_scores_soft_binary_crossentropy_data_random_std_Haberman_STANDARDUNIFORM;dt_scores_binary_crossentropy_data_random_std_Haberman_STANDARDUNIFORM;dt_scores_accuracy_data_random_std_Haberman_STANDARDUNIFORM;dt_scores_f1_score_data_random_std_Haberman_STANDARDUNIFORM;dt_scores_roc_auc_score_data_random_std_Haberman_STANDARDUNIFORM;dt_scores_runtime_Haberman_STANDARDUNIFORM;inet_scores_soft_binary_crossentropy_Haberman_STANDARDUNIFORM;inet_scores_binary_crossentropy_Haberman_STANDARDUNIFORM;inet_scores_accuracy_Haberman_STANDARDUNIFORM;inet_scores_f1_score_Haberman_STANDARDUNIFORM;inet_scores_roc_auc_score_Haberman_STANDARDUNIFORM;inet_scores_runtime_Haberman_STANDARDUNIFORM;model_scores_soft_binary_crossentropy_Haberman_STANDARDUNIFORM;model_scores_binary_crossentropy_Haberman_STANDARDUNIFORM;model_scores_accuracy_Haberman_STANDARDUNIFORM;model_scores_f1_score_Haberman_STANDARDUNIFORM;model_scores_roc_auc_score_Haberman_STANDARDUNIFORM;model_scores_runtime_Haberman_STANDARDUNIFORM;dt_scores_soft_binary_crossentropy_['uniform', 'normal', 'gamma', 'beta', 'poisson']_Adult_STANDARDUNIFORM;dt_scores_binary_crossentropy_['uniform', 'normal', 'gamma', 'beta', 'poisson']_Adult_STANDARDUNIFORM;dt_scores_accuracy_['uniform', 'normal', 'gamma', 'beta', 'poisson']_Adult_STANDARDUNIFORM;dt_scores_f1_score_['uniform', 'normal', 'gamma', 'beta', 'poisson']_Adult_STANDARDUNIFORM;dt_scores_roc_auc_score_['uniform', 'normal', 'gamma', 'beta', 'poisson']_Adult_STANDARDUNIFORM;dt_scores_soft_binary_crossentropy_data_random_['uniform', 'normal', 'gamma', 'beta', 'poisson']_Adult_STANDARDUNIFORM;dt_scores_binary_crossentropy_data_random_['uniform', 'normal', 'gamma', 'beta', 'poisson']_Adult_STANDARDUNIFORM;dt_scores_accuracy_data_random_['uniform', 'normal', 'gamma', 'beta', 'poisson']_Adult_STANDARDUNIFORM;dt_scores_f1_score_data_random_['uniform', 'normal', 'gamma', 'beta', 'poisson']_Adult_STANDARDUNIFORM;dt_scores_roc_auc_score_data_random_['uniform', 'normal', 'gamma', 'beta', 'poisson']_Adult_STANDARDUNIFORM;dt_scores_runtime_['uniform', 'normal', 'gamma', 'beta', 'poisson']_Adult_STANDARDUNIFORM;dt_scores_soft_binary_crossentropy_Adult_STANDARDUNIFORM;dt_scores_binary_crossentropy_Adult_STANDARDUNIFORM;dt_scores_accuracy_Adult_STANDARDUNIFORM;dt_scores_f1_score_Adult_STANDARDUNIFORM;dt_scores_roc_auc_score_Adult_STANDARDUNIFORM;dt_scores_soft_binary_crossentropy_data_random_Adult_STANDARDUNIFORM;dt_scores_binary_crossentropy_data_random_Adult_STANDARDUNIFORM;dt_scores_accuracy_data_random_Adult_STANDARDUNIFORM;dt_scores_f1_score_data_random_Adult_STANDARDUNIFORM;dt_scores_roc_auc_score_data_random_Adult_STANDARDUNIFORM;dt_scores_soft_binary_crossentropy_std_Adult_STANDARDUNIFORM;dt_scores_binary_crossentropy_std_Adult_STANDARDUNIFORM;dt_scores_accuracy_std_Adult_STANDARDUNIFORM;dt_scores_f1_score_std_Adult_STANDARDUNIFORM;dt_scores_roc_auc_score_std_Adult_STANDARDUNIFORM;dt_scores_soft_binary_crossentropy_data_random_std_Adult_STANDARDUNIFORM;dt_scores_binary_crossentropy_data_random_std_Adult_STANDARDUNIFORM;dt_scores_accuracy_data_random_std_Adult_STANDARDUNIFORM;dt_scores_f1_score_data_random_std_Adult_STANDARDUNIFORM;dt_scores_roc_auc_score_data_random_std_Adult_STANDARDUNIFORM;dt_scores_runtime_Adult_STANDARDUNIFORM;inet_scores_soft_binary_crossentropy_Adult_STANDARDUNIFORM;inet_scores_binary_crossentropy_Adult_STANDARDUNIFORM;inet_scores_accuracy_Adult_STANDARDUNIFORM;inet_scores_f1_score_Adult_STANDARDUNIFORM;inet_scores_roc_auc_score_Adult_STANDARDUNIFORM;inet_scores_runtime_Adult_STANDARDUNIFORM;model_scores_soft_binary_crossentropy_Adult_STANDARDUNIFORM;model_scores_binary_crossentropy_Adult_STANDARDUNIFORM;model_scores_accuracy_Adult_STANDARDUNIFORM;model_scores_f1_score_Adult_STANDARDUNIFORM;model_scores_roc_auc_score_Adult_STANDARDUNIFORM;model_scores_runtime_Adult_STANDARDUNIFORM;dt_scores_soft_binary_crossentropy_['uniform', 'normal', 'gamma', 'beta', 'poisson']_Titanic_STANDARDUNIFORM;dt_scores_binary_crossentropy_['uniform', 'normal', 'gamma', 'beta', 'poisson']_Titanic_STANDARDUNIFORM;dt_scores_accuracy_['uniform', 'normal', 'gamma', 'beta', 'poisson']_Titanic_STANDARDUNIFORM;dt_scores_f1_score_['uniform', 'normal', 'gamma', 'beta', 'poisson']_Titanic_STANDARDUNIFORM;dt_scores_roc_auc_score_['uniform', 'normal', 'gamma', 'beta', 'poisson']_Titanic_STANDARDUNIFORM;dt_scores_soft_binary_crossentropy_data_random_['uniform', 'normal', 'gamma', 'beta', 'poisson']_Titanic_STANDARDUNIFORM;dt_scores_binary_crossentropy_data_random_['uniform', 'normal', 'gamma', 'beta', 'poisson']_Titanic_STANDARDUNIFORM;dt_scores_accuracy_data_random_['uniform', 'normal', 'gamma', 'beta', 'poisson']_Titanic_STANDARDUNIFORM;dt_scores_f1_score_data_random_['uniform', 'normal', 'gamma', 'beta', 'poisson']_Titanic_STANDARDUNIFORM;dt_scores_roc_auc_score_data_random_['uniform', 'normal', 'gamma', 'beta', 'poisson']_Titanic_STANDARDUNIFORM;dt_scores_runtime_['uniform', 'normal', 'gamma', 'beta', 'poisson']_Titanic_STANDARDUNIFORM;dt_scores_soft_binary_crossentropy_Titanic_STANDARDUNIFORM;dt_scores_binary_crossentropy_Titanic_STANDARDUNIFORM;dt_scores_accuracy_Titanic_STANDARDUNIFORM;dt_scores_f1_score_Titanic_STANDARDUNIFORM;dt_scores_roc_auc_score_Titanic_STANDARDUNIFORM;dt_scores_soft_binary_crossentropy_data_random_Titanic_STANDARDUNIFORM;dt_scores_binary_crossentropy_data_random_Titanic_STANDARDUNIFORM;dt_scores_accuracy_data_random_Titanic_STANDARDUNIFORM;dt_scores_f1_score_data_random_Titanic_STANDARDUNIFORM;dt_scores_roc_auc_score_data_random_Titanic_STANDARDUNIFORM;dt_scores_soft_binary_crossentropy_std_Titanic_STANDARDUNIFORM;dt_scores_binary_crossentropy_std_Titanic_STANDARDUNIFORM;dt_scores_accuracy_std_Titanic_STANDARDUNIFORM;dt_scores_f1_score_std_Titanic_STANDARDUNIFORM;dt_scores_roc_auc_score_std_Titanic_STANDARDUNIFORM;dt_scores_soft_binary_crossentropy_data_random_std_Titanic_STANDARDUNIFORM;dt_scores_binary_crossentropy_data_random_std_Titanic_STANDARDUNIFORM;dt_scores_accuracy_data_random_std_Titanic_STANDARDUNIFORM;dt_scores_f1_score_data_random_std_Titanic_STANDARDUNIFORM;dt_scores_roc_auc_score_data_random_std_Titanic_STANDARDUNIFORM;dt_scores_runtime_Titanic_STANDARDUNIFORM;inet_scores_soft_binary_crossentropy_Titanic_STANDARDUNIFORM;inet_scores_binary_crossentropy_Titanic_STANDARDUNIFORM;inet_scores_accuracy_Titanic_STANDARDUNIFORM;inet_scores_f1_score_Titanic_STANDARDUNIFORM;inet_scores_roc_auc_score_Titanic_STANDARDUNIFORM;inet_scores_runtime_Titanic_STANDARDUNIFORM;model_scores_soft_binary_crossentropy_Titanic_STANDARDUNIFORM;model_scores_binary_crossentropy_Titanic_STANDARDUNIFORM;model_scores_accuracy_Titanic_STANDARDUNIFORM;model_scores_f1_score_Titanic_STANDARDUNIFORM;model_scores_roc_auc_score_Titanic_STANDARDUNIFORM;model_scores_runtime_Titanic_STANDARDUNIFORM;dt_scores_soft_binary_crossentropy_['uniform', 'normal', 'gamma', 'beta', 'poisson']_Absenteeism_STANDARDUNIFORM;dt_scores_binary_crossentropy_['uniform', 'normal', 'gamma', 'beta', 'poisson']_Absenteeism_STANDARDUNIFORM;dt_scores_accuracy_['uniform', 'normal', 'gamma', 'beta', 'poisson']_Absenteeism_STANDARDUNIFORM;dt_scores_f1_score_['uniform', 'normal', 'gamma', 'beta', 'poisson']_Absenteeism_STANDARDUNIFORM;dt_scores_roc_auc_score_['uniform', 'normal', 'gamma', 'beta', 'poisson']_Absenteeism_STANDARDUNIFORM;dt_scores_soft_binary_crossentropy_data_random_['uniform', 'normal', 'gamma', 'beta', 'poisson']_Absenteeism_STANDARDUNIFORM;dt_scores_binary_crossentropy_data_random_['uniform', 'normal', 'gamma', 'beta', 'poisson']_Absenteeism_STANDARDUNIFORM;dt_scores_accuracy_data_random_['uniform', 'normal', 'gamma', 'beta', 'poisson']_Absenteeism_STANDARDUNIFORM;dt_scores_f1_score_data_random_['uniform', 'normal', 'gamma', 'beta', 'poisson']_Absenteeism_STANDARDUNIFORM;dt_scores_roc_auc_score_data_random_['uniform', 'normal', 'gamma', 'beta', 'poisson']_Absenteeism_STANDARDUNIFORM;dt_scores_runtime_['uniform', 'normal', 'gamma', 'beta', 'poisson']_Absenteeism_STANDARDUNIFORM;dt_scores_soft_binary_crossentropy_Absenteeism_STANDARDUNIFORM;dt_scores_binary_crossentropy_Absenteeism_STANDARDUNIFORM;dt_scores_accuracy_Absenteeism_STANDARDUNIFORM;dt_scores_f1_score_Absenteeism_STANDARDUNIFORM;dt_scores_roc_auc_score_Absenteeism_STANDARDUNIFORM;dt_scores_soft_binary_crossentropy_data_random_Absenteeism_STANDARDUNIFORM;dt_scores_binary_crossentropy_data_random_Absenteeism_STANDARDUNIFORM;dt_scores_accuracy_data_random_Absenteeism_STANDARDUNIFORM;dt_scores_f1_score_data_random_Absenteeism_STANDARDUNIFORM;dt_scores_roc_auc_score_data_random_Absenteeism_STANDARDUNIFORM;dt_scores_soft_binary_crossentropy_std_Absenteeism_STANDARDUNIFORM;dt_scores_binary_crossentropy_std_Absenteeism_STANDARDUNIFORM;dt_scores_accuracy_std_Absenteeism_STANDARDUNIFORM;dt_scores_f1_score_std_Absenteeism_STANDARDUNIFORM;dt_scores_roc_auc_score_std_Absenteeism_STANDARDUNIFORM;dt_scores_soft_binary_crossentropy_data_random_std_Absenteeism_STANDARDUNIFORM;dt_scores_binary_crossentropy_data_random_std_Absenteeism_STANDARDUNIFORM;dt_scores_accuracy_data_random_std_Absenteeism_STANDARDUNIFORM;dt_scores_f1_score_data_random_std_Absenteeism_STANDARDUNIFORM;dt_scores_roc_auc_score_data_random_std_Absenteeism_STANDARDUNIFORM;dt_scores_runtime_Absenteeism_STANDARDUNIFORM;inet_scores_soft_binary_crossentropy_Absenteeism_STANDARDUNIFORM;inet_scores_binary_crossentropy_Absenteeism_STANDARDUNIFORM;inet_scores_accuracy_Absenteeism_STANDARDUNIFORM;inet_scores_f1_score_Absenteeism_STANDARDUNIFORM;inet_scores_roc_auc_score_Absenteeism_STANDARDUNIFORM;inet_scores_runtime_Absenteeism_STANDARDUNIFORM;model_scores_soft_binary_crossentropy_Absenteeism_STANDARDUNIFORM;model_scores_binary_crossentropy_Absenteeism_STANDARDUNIFORM;model_scores_accuracy_Absenteeism_STANDARDUNIFORM;model_scores_f1_score_Absenteeism_STANDARDUNIFORM;model_scores_roc_auc_score_Absenteeism_STANDARDUNIFORM;model_scores_runtime_Absenteeism_STANDARDUNIFORM;dt_scores_soft_binary_crossentropy_['uniform', 'normal', 'gamma', 'beta', 'poisson']_Loan House_STANDARDUNIFORM;dt_scores_binary_crossentropy_['uniform', 'normal', 'gamma', 'beta', 'poisson']_Loan House_STANDARDUNIFORM;dt_scores_accuracy_['uniform', 'normal', 'gamma', 'beta', 'poisson']_Loan House_STANDARDUNIFORM;dt_scores_f1_score_['uniform', 'normal', 'gamma', 'beta', 'poisson']_Loan House_STANDARDUNIFORM;dt_scores_roc_auc_score_['uniform', 'normal', 'gamma', 'beta', 'poisson']_Loan House_STANDARDUNIFORM;dt_scores_soft_binary_crossentropy_data_random_['uniform', 'normal', 'gamma', 'beta', 'poisson']_Loan House_STANDARDUNIFORM;dt_scores_binary_crossentropy_data_random_['uniform', 'normal', 'gamma', 'beta', 'poisson']_Loan House_STANDARDUNIFORM;dt_scores_accuracy_data_random_['uniform', 'normal', 'gamma', 'beta', 'poisson']_Loan House_STANDARDUNIFORM;dt_scores_f1_score_data_random_['uniform', 'normal', 'gamma', 'beta', 'poisson']_Loan House_STANDARDUNIFORM;dt_scores_roc_auc_score_data_random_['uniform', 'normal', 'gamma', 'beta', 'poisson']_Loan House_STANDARDUNIFORM;dt_scores_runtime_['uniform', 'normal', 'gamma', 'beta', 'poisson']_Loan House_STANDARDUNIFORM;dt_scores_soft_binary_crossentropy_Loan House_STANDARDUNIFORM;dt_scores_binary_crossentropy_Loan House_STANDARDUNIFORM;dt_scores_accuracy_Loan House_STANDARDUNIFORM;dt_scores_f1_score_Loan House_STANDARDUNIFORM;dt_scores_roc_auc_score_Loan House_STANDARDUNIFORM;dt_scores_soft_binary_crossentropy_data_random_Loan House_STANDARDUNIFORM;dt_scores_binary_crossentropy_data_random_Loan House_STANDARDUNIFORM;dt_scores_accuracy_data_random_Loan House_STANDARDUNIFORM;dt_scores_f1_score_data_random_Loan House_STANDARDUNIFORM;dt_scores_roc_auc_score_data_random_Loan House_STANDARDUNIFORM;dt_scores_soft_binary_crossentropy_std_Loan House_STANDARDUNIFORM;dt_scores_binary_crossentropy_std_Loan House_STANDARDUNIFORM;dt_scores_accuracy_std_Loan House_STANDARDUNIFORM;dt_scores_f1_score_std_Loan House_STANDARDUNIFORM;dt_scores_roc_auc_score_std_Loan House_STANDARDUNIFORM;dt_scores_soft_binary_crossentropy_data_random_std_Loan House_STANDARDUNIFORM;dt_scores_binary_crossentropy_data_random_std_Loan House_STANDARDUNIFORM;dt_scores_accuracy_data_random_std_Loan House_STANDARDUNIFORM;dt_scores_f1_score_data_random_std_Loan House_STANDARDUNIFORM;dt_scores_roc_auc_score_data_random_std_Loan House_STANDARDUNIFORM;dt_scores_runtime_Loan House_STANDARDUNIFORM;inet_scores_soft_binary_crossentropy_Loan House_STANDARDUNIFORM;inet_scores_binary_crossentropy_Loan House_STANDARDUNIFORM;inet_scores_accuracy_Loan House_STANDARDUNIFORM;inet_scores_f1_score_Loan House_STANDARDUNIFORM;inet_scores_roc_auc_score_Loan House_STANDARDUNIFORM;inet_scores_runtime_Loan House_STANDARDUNIFORM;model_scores_soft_binary_crossentropy_Loan House_STANDARDUNIFORM;model_scores_binary_crossentropy_Loan House_STANDARDUNIFORM;model_scores_accuracy_Loan House_STANDARDUNIFORM;model_scores_f1_score_Loan House_STANDARDUNIFORM;model_scores_roc_auc_score_Loan House_STANDARDUNIFORM;model_scores_runtime_Loan House_STANDARDUNIFORM;dt_scores_soft_binary_crossentropy_['uniform', 'normal', 'gamma', 'beta', 'poisson']_Loan Credit_STANDARDUNIFORM;dt_scores_binary_crossentropy_['uniform', 'normal', 'gamma', 'beta', 'poisson']_Loan Credit_STANDARDUNIFORM;dt_scores_accuracy_['uniform', 'normal', 'gamma', 'beta', 'poisson']_Loan Credit_STANDARDUNIFORM;dt_scores_f1_score_['uniform', 'normal', 'gamma', 'beta', 'poisson']_Loan Credit_STANDARDUNIFORM;dt_scores_roc_auc_score_['uniform', 'normal', 'gamma', 'beta', 'poisson']_Loan Credit_STANDARDUNIFORM;dt_scores_soft_binary_crossentropy_data_random_['uniform', 'normal', 'gamma', 'beta', 'poisson']_Loan Credit_STANDARDUNIFORM;dt_scores_binary_crossentropy_data_random_['uniform', 'normal', 'gamma', 'beta', 'poisson']_Loan Credit_STANDARDUNIFORM;dt_scores_accuracy_data_random_['uniform', 'normal', 'gamma', 'beta', 'poisson']_Loan Credit_STANDARDUNIFORM;dt_scores_f1_score_data_random_['uniform', 'normal', 'gamma', 'beta', 'poisson']_Loan Credit_STANDARDUNIFORM;dt_scores_roc_auc_score_data_random_['uniform', 'normal', 'gamma', 'beta', 'poisson']_Loan Credit_STANDARDUNIFORM;dt_scores_runtime_['uniform', 'normal', 'gamma', 'beta', 'poisson']_Loan Credit_STANDARDUNIFORM;dt_scores_soft_binary_crossentropy_Loan Credit_STANDARDUNIFORM;dt_scores_binary_crossentropy_Loan Credit_STANDARDUNIFORM;dt_scores_accuracy_Loan Credit_STANDARDUNIFORM;dt_scores_f1_score_Loan Credit_STANDARDUNIFORM;dt_scores_roc_auc_score_Loan Credit_STANDARDUNIFORM;dt_scores_soft_binary_crossentropy_data_random_Loan Credit_STANDARDUNIFORM;dt_scores_binary_crossentropy_data_random_Loan Credit_STANDARDUNIFORM;dt_scores_accuracy_data_random_Loan Credit_STANDARDUNIFORM;dt_scores_f1_score_data_random_Loan Credit_STANDARDUNIFORM;dt_scores_roc_auc_score_data_random_Loan Credit_STANDARDUNIFORM;dt_scores_soft_binary_crossentropy_std_Loan Credit_STANDARDUNIFORM;dt_scores_binary_crossentropy_std_Loan Credit_STANDARDUNIFORM;dt_scores_accuracy_std_Loan Credit_STANDARDUNIFORM;dt_scores_f1_score_std_Loan Credit_STANDARDUNIFORM;dt_scores_roc_auc_score_std_Loan Credit_STANDARDUNIFORM;dt_scores_soft_binary_crossentropy_data_random_std_Loan Credit_STANDARDUNIFORM;dt_scores_binary_crossentropy_data_random_std_Loan Credit_STANDARDUNIFORM;dt_scores_accuracy_data_random_std_Loan Credit_STANDARDUNIFORM;dt_scores_f1_score_data_random_std_Loan Credit_STANDARDUNIFORM;dt_scores_roc_auc_score_data_random_std_Loan Credit_STANDARDUNIFORM;dt_scores_runtime_Loan Credit_STANDARDUNIFORM;inet_scores_soft_binary_crossentropy_Loan Credit_STANDARDUNIFORM;inet_scores_binary_crossentropy_Loan Credit_STANDARDUNIFORM;inet_scores_accuracy_Loan Credit_STANDARDUNIFORM;inet_scores_f1_score_Loan Credit_STANDARDUNIFORM;inet_scores_roc_auc_score_Loan Credit_STANDARDUNIFORM;inet_scores_runtime_Loan Credit_STANDARDUNIFORM;model_scores_soft_binary_crossentropy_Loan Credit_STANDARDUNIFORM;model_scores_binary_crossentropy_Loan Credit_STANDARDUNIFORM;model_scores_accuracy_Loan Credit_STANDARDUNIFORM;model_scores_f1_score_Loan Credit_STANDARDUNIFORM;model_scores_roc_auc_score_Loan Credit_STANDARDUNIFORM;model_scores_runtime_Loan Credit_STANDARDUNIFORM;dt_scores_soft_binary_crossentropy_['uniform', 'normal', 'gamma', 'beta', 'poisson']_Medical Insurance_STANDARDUNIFORM;dt_scores_binary_crossentropy_['uniform', 'normal', 'gamma', 'beta', 'poisson']_Medical Insurance_STANDARDUNIFORM;dt_scores_accuracy_['uniform', 'normal', 'gamma', 'beta', 'poisson']_Medical Insurance_STANDARDUNIFORM;dt_scores_f1_score_['uniform', 'normal', 'gamma', 'beta', 'poisson']_Medical Insurance_STANDARDUNIFORM;dt_scores_roc_auc_score_['uniform', 'normal', 'gamma', 'beta', 'poisson']_Medical Insurance_STANDARDUNIFORM;dt_scores_soft_binary_crossentropy_data_random_['uniform', 'normal', 'gamma', 'beta', 'poisson']_Medical Insurance_STANDARDUNIFORM;dt_scores_binary_crossentropy_data_random_['uniform', 'normal', 'gamma', 'beta', 'poisson']_Medical Insurance_STANDARDUNIFORM;dt_scores_accuracy_data_random_['uniform', 'normal', 'gamma', 'beta', 'poisson']_Medical Insurance_STANDARDUNIFORM;dt_scores_f1_score_data_random_['uniform', 'normal', 'gamma', 'beta', 'poisson']_Medical Insurance_STANDARDUNIFORM;dt_scores_roc_auc_score_data_random_['uniform', 'normal', 'gamma', 'beta', 'poisson']_Medical Insurance_STANDARDUNIFORM;dt_scores_runtime_['uniform', 'normal', 'gamma', 'beta', 'poisson']_Medical Insurance_STANDARDUNIFORM;dt_scores_soft_binary_crossentropy_Medical Insurance_STANDARDUNIFORM;dt_scores_binary_crossentropy_Medical Insurance_STANDARDUNIFORM;dt_scores_accuracy_Medical Insurance_STANDARDUNIFORM;dt_scores_f1_score_Medical Insurance_STANDARDUNIFORM;dt_scores_roc_auc_score_Medical Insurance_STANDARDUNIFORM;dt_scores_soft_binary_crossentropy_data_random_Medical Insurance_STANDARDUNIFORM;dt_scores_binary_crossentropy_data_random_Medical Insurance_STANDARDUNIFORM;dt_scores_accuracy_data_random_Medical Insurance_STANDARDUNIFORM;dt_scores_f1_score_data_random_Medical Insurance_STANDARDUNIFORM;dt_scores_roc_auc_score_data_random_Medical Insurance_STANDARDUNIFORM;dt_scores_soft_binary_crossentropy_std_Medical Insurance_STANDARDUNIFORM;dt_scores_binary_crossentropy_std_Medical Insurance_STANDARDUNIFORM;dt_scores_accuracy_std_Medical Insurance_STANDARDUNIFORM;dt_scores_f1_score_std_Medical Insurance_STANDARDUNIFORM;dt_scores_roc_auc_score_std_Medical Insurance_STANDARDUNIFORM;dt_scores_soft_binary_crossentropy_data_random_std_Medical Insurance_STANDARDUNIFORM;dt_scores_binary_crossentropy_data_random_std_Medical Insurance_STANDARDUNIFORM;dt_scores_accuracy_data_random_std_Medical Insurance_STANDARDUNIFORM;dt_scores_f1_score_data_random_std_Medical Insurance_STANDARDUNIFORM;dt_scores_roc_auc_score_data_random_std_Medical Insurance_STANDARDUNIFORM;dt_scores_runtime_Medical Insurance_STANDARDUNIFORM;inet_scores_soft_binary_crossentropy_Medical Insurance_STANDARDUNIFORM;inet_scores_binary_crossentropy_Medical Insurance_STANDARDUNIFORM;inet_scores_accuracy_Medical Insurance_STANDARDUNIFORM;inet_scores_f1_score_Medical Insurance_STANDARDUNIFORM;inet_scores_roc_auc_score_Medical Insurance_STANDARDUNIFORM;inet_scores_runtime_Medical Insurance_STANDARDUNIFORM;model_scores_soft_binary_crossentropy_Medical Insurance_STANDARDUNIFORM;model_scores_binary_crossentropy_Medical Insurance_STANDARDUNIFORM;model_scores_accuracy_Medical Insurance_STANDARDUNIFORM;model_scores_f1_score_Medical Insurance_STANDARDUNIFORM;model_scores_roc_auc_score_Medical Insurance_STANDARDUNIFORM;model_scores_runtime_Medical Insurance_STANDARDUNIFORM;dt_scores_soft_binary_crossentropy_['uniform', 'normal', 'gamma', 'beta', 'poisson']_Bank Marketing_STANDARDUNIFORM;dt_scores_binary_crossentropy_['uniform', 'normal', 'gamma', 'beta', 'poisson']_Bank Marketing_STANDARDUNIFORM;dt_scores_accuracy_['uniform', 'normal', 'gamma', 'beta', 'poisson']_Bank Marketing_STANDARDUNIFORM;dt_scores_f1_score_['uniform', 'normal', 'gamma', 'beta', 'poisson']_Bank Marketing_STANDARDUNIFORM;dt_scores_roc_auc_score_['uniform', 'normal', 'gamma', 'beta', 'poisson']_Bank Marketing_STANDARDUNIFORM;dt_scores_soft_binary_crossentropy_data_random_['uniform', 'normal', 'gamma', 'beta', 'poisson']_Bank Marketing_STANDARDUNIFORM;dt_scores_binary_crossentropy_data_random_['uniform', 'normal', 'gamma', 'beta', 'poisson']_Bank Marketing_STANDARDUNIFORM;dt_scores_accuracy_data_random_['uniform', 'normal', 'gamma', 'beta', 'poisson']_Bank Marketing_STANDARDUNIFORM;dt_scores_f1_score_data_random_['uniform', 'normal', 'gamma', 'beta', 'poisson']_Bank Marketing_STANDARDUNIFORM;dt_scores_roc_auc_score_data_random_['uniform', 'normal', 'gamma', 'beta', 'poisson']_Bank Marketing_STANDARDUNIFORM;dt_scores_runtime_['uniform', 'normal', 'gamma', 'beta', 'poisson']_Bank Marketing_STANDARDUNIFORM;dt_scores_soft_binary_crossentropy_Bank Marketing_STANDARDUNIFORM;dt_scores_binary_crossentropy_Bank Marketing_STANDARDUNIFORM;dt_scores_accuracy_Bank Marketing_STANDARDUNIFORM;dt_scores_f1_score_Bank Marketing_STANDARDUNIFORM;dt_scores_roc_auc_score_Bank Marketing_STANDARDUNIFORM;dt_scores_soft_binary_crossentropy_data_random_Bank Marketing_STANDARDUNIFORM;dt_scores_binary_crossentropy_data_random_Bank Marketing_STANDARDUNIFORM;dt_scores_accuracy_data_random_Bank Marketing_STANDARDUNIFORM;dt_scores_f1_score_data_random_Bank Marketing_STANDARDUNIFORM;dt_scores_roc_auc_score_data_random_Bank Marketing_STANDARDUNIFORM;dt_scores_soft_binary_crossentropy_std_Bank Marketing_STANDARDUNIFORM;dt_scores_binary_crossentropy_std_Bank Marketing_STANDARDUNIFORM;dt_scores_accuracy_std_Bank Marketing_STANDARDUNIFORM;dt_scores_f1_score_std_Bank Marketing_STANDARDUNIFORM;dt_scores_roc_auc_score_std_Bank Marketing_STANDARDUNIFORM;dt_scores_soft_binary_crossentropy_data_random_std_Bank Marketing_STANDARDUNIFORM;dt_scores_binary_crossentropy_data_random_std_Bank Marketing_STANDARDUNIFORM;dt_scores_accuracy_data_random_std_Bank Marketing_STANDARDUNIFORM;dt_scores_f1_score_data_random_std_Bank Marketing_STANDARDUNIFORM;dt_scores_roc_auc_score_data_random_std_Bank Marketing_STANDARDUNIFORM;dt_scores_runtime_Bank Marketing_STANDARDUNIFORM;inet_scores_soft_binary_crossentropy_Bank Marketing_STANDARDUNIFORM;inet_scores_binary_crossentropy_Bank Marketing_STANDARDUNIFORM;inet_scores_accuracy_Bank Marketing_STANDARDUNIFORM;inet_scores_f1_score_Bank Marketing_STANDARDUNIFORM;inet_scores_roc_auc_score_Bank Marketing_STANDARDUNIFORM;inet_scores_runtime_Bank Marketing_STANDARDUNIFORM;model_scores_soft_binary_crossentropy_Bank Marketing_STANDARDUNIFORM;model_scores_binary_crossentropy_Bank Marketing_STANDARDUNIFORM;model_scores_accuracy_Bank Marketing_STANDARDUNIFORM;model_scores_f1_score_Bank Marketing_STANDARDUNIFORM;model_scores_roc_auc_score_Bank Marketing_STANDARDUNIFORM;model_scores_runtime_Bank Marketing_STANDARDUNIFORM;dt_scores_soft_binary_crossentropy_['uniform', 'normal', 'gamma', 'beta', 'poisson']_Cervical Cancer_STANDARDUNIFORM;dt_scores_binary_crossentropy_['uniform', 'normal', 'gamma', 'beta', 'poisson']_Cervical Cancer_STANDARDUNIFORM;dt_scores_accuracy_['uniform', 'normal', 'gamma', 'beta', 'poisson']_Cervical Cancer_STANDARDUNIFORM;dt_scores_f1_score_['uniform', 'normal', 'gamma', 'beta', 'poisson']_Cervical Cancer_STANDARDUNIFORM;dt_scores_roc_auc_score_['uniform', 'normal', 'gamma', 'beta', 'poisson']_Cervical Cancer_STANDARDUNIFORM;dt_scores_soft_binary_crossentropy_data_random_['uniform', 'normal', 'gamma', 'beta', 'poisson']_Cervical Cancer_STANDARDUNIFORM;dt_scores_binary_crossentropy_data_random_['uniform', 'normal', 'gamma', 'beta', 'poisson']_Cervical Cancer_STANDARDUNIFORM;dt_scores_accuracy_data_random_['uniform', 'normal', 'gamma', 'beta', 'poisson']_Cervical Cancer_STANDARDUNIFORM;dt_scores_f1_score_data_random_['uniform', 'normal', 'gamma', 'beta', 'poisson']_Cervical Cancer_STANDARDUNIFORM;dt_scores_roc_auc_score_data_random_['uniform', 'normal', 'gamma', 'beta', 'poisson']_Cervical Cancer_STANDARDUNIFORM;dt_scores_runtime_['uniform', 'normal', 'gamma', 'beta', 'poisson']_Cervical Cancer_STANDARDUNIFORM;dt_scores_soft_binary_crossentropy_Cervical Cancer_STANDARDUNIFORM;dt_scores_binary_crossentropy_Cervical Cancer_STANDARDUNIFORM;dt_scores_accuracy_Cervical Cancer_STANDARDUNIFORM;dt_scores_f1_score_Cervical Cancer_STANDARDUNIFORM;dt_scores_roc_auc_score_Cervical Cancer_STANDARDUNIFORM;dt_scores_soft_binary_crossentropy_data_random_Cervical Cancer_STANDARDUNIFORM;dt_scores_binary_crossentropy_data_random_Cervical Cancer_STANDARDUNIFORM;dt_scores_accuracy_data_random_Cervical Cancer_STANDARDUNIFORM;dt_scores_f1_score_data_random_Cervical Cancer_STANDARDUNIFORM;dt_scores_roc_auc_score_data_random_Cervical Cancer_STANDARDUNIFORM;dt_scores_soft_binary_crossentropy_std_Cervical Cancer_STANDARDUNIFORM;dt_scores_binary_crossentropy_std_Cervical Cancer_STANDARDUNIFORM;dt_scores_accuracy_std_Cervical Cancer_STANDARDUNIFORM;dt_scores_f1_score_std_Cervical Cancer_STANDARDUNIFORM;dt_scores_roc_auc_score_std_Cervical Cancer_STANDARDUNIFORM;dt_scores_soft_binary_crossentropy_data_random_std_Cervical Cancer_STANDARDUNIFORM;dt_scores_binary_crossentropy_data_random_std_Cervical Cancer_STANDARDUNIFORM;dt_scores_accuracy_data_random_std_Cervical Cancer_STANDARDUNIFORM;dt_scores_f1_score_data_random_std_Cervical Cancer_STANDARDUNIFORM;dt_scores_roc_auc_score_data_random_std_Cervical Cancer_STANDARDUNIFORM;dt_scores_runtime_Cervical Cancer_STANDARDUNIFORM;inet_scores_soft_binary_crossentropy_Cervical Cancer_STANDARDUNIFORM;inet_scores_binary_crossentropy_Cervical Cancer_STANDARDUNIFORM;inet_scores_accuracy_Cervical Cancer_STANDARDUNIFORM;inet_scores_f1_score_Cervical Cancer_STANDARDUNIFORM;inet_scores_roc_auc_score_Cervical Cancer_STANDARDUNIFORM;inet_scores_runtime_Cervical Cancer_STANDARDUNIFORM;model_scores_soft_binary_crossentropy_Cervical Cancer_STANDARDUNIFORM;model_scores_binary_crossentropy_Cervical Cancer_STANDARDUNIFORM;model_scores_accuracy_Cervical Cancer_STANDARDUNIFORM;model_scores_f1_score_Cervical Cancer_STANDARDUNIFORM;model_scores_roc_auc_score_Cervical Cancer_STANDARDUNIFORM;model_scores_runtime_Cervical Cancer_STANDARDUNIFORM;dt_scores_soft_binary_crossentropy_['uniform', 'normal', 'gamma', 'beta', 'poisson']_Brest Cancer Wisconsin_STANDARDUNIFORM;dt_scores_binary_crossentropy_['uniform', 'normal', 'gamma', 'beta', 'poisson']_Brest Cancer Wisconsin_STANDARDUNIFORM;dt_scores_accuracy_['uniform', 'normal', 'gamma', 'beta', 'poisson']_Brest Cancer Wisconsin_STANDARDUNIFORM;dt_scores_f1_score_['uniform', 'normal', 'gamma', 'beta', 'poisson']_Brest Cancer Wisconsin_STANDARDUNIFORM;dt_scores_roc_auc_score_['uniform', 'normal', 'gamma', 'beta', 'poisson']_Brest Cancer Wisconsin_STANDARDUNIFORM;dt_scores_soft_binary_crossentropy_data_random_['uniform', 'normal', 'gamma', 'beta', 'poisson']_Brest Cancer Wisconsin_STANDARDUNIFORM;dt_scores_binary_crossentropy_data_random_['uniform', 'normal', 'gamma', 'beta', 'poisson']_Brest Cancer Wisconsin_STANDARDUNIFORM;dt_scores_accuracy_data_random_['uniform', 'normal', 'gamma', 'beta', 'poisson']_Brest Cancer Wisconsin_STANDARDUNIFORM;dt_scores_f1_score_data_random_['uniform', 'normal', 'gamma', 'beta', 'poisson']_Brest Cancer Wisconsin_STANDARDUNIFORM;dt_scores_roc_auc_score_data_random_['uniform', 'normal', 'gamma', 'beta', 'poisson']_Brest Cancer Wisconsin_STANDARDUNIFORM;dt_scores_runtime_['uniform', 'normal', 'gamma', 'beta', 'poisson']_Brest Cancer Wisconsin_STANDARDUNIFORM;dt_scores_soft_binary_crossentropy_Brest Cancer Wisconsin_STANDARDUNIFORM;dt_scores_binary_crossentropy_Brest Cancer Wisconsin_STANDARDUNIFORM;dt_scores_accuracy_Brest Cancer Wisconsin_STANDARDUNIFORM;dt_scores_f1_score_Brest Cancer Wisconsin_STANDARDUNIFORM;dt_scores_roc_auc_score_Brest Cancer Wisconsin_STANDARDUNIFORM;dt_scores_soft_binary_crossentropy_data_random_Brest Cancer Wisconsin_STANDARDUNIFORM;dt_scores_binary_crossentropy_data_random_Brest Cancer Wisconsin_STANDARDUNIFORM;dt_scores_accuracy_data_random_Brest Cancer Wisconsin_STANDARDUNIFORM;dt_scores_f1_score_data_random_Brest Cancer Wisconsin_STANDARDUNIFORM;dt_scores_roc_auc_score_data_random_Brest Cancer Wisconsin_STANDARDUNIFORM;dt_scores_soft_binary_crossentropy_std_Brest Cancer Wisconsin_STANDARDUNIFORM;dt_scores_binary_crossentropy_std_Brest Cancer Wisconsin_STANDARDUNIFORM;dt_scores_accuracy_std_Brest Cancer Wisconsin_STANDARDUNIFORM;dt_scores_f1_score_std_Brest Cancer Wisconsin_STANDARDUNIFORM;dt_scores_roc_auc_score_std_Brest Cancer Wisconsin_STANDARDUNIFORM;dt_scores_soft_binary_crossentropy_data_random_std_Brest Cancer Wisconsin_STANDARDUNIFORM;dt_scores_binary_crossentropy_data_random_std_Brest Cancer Wisconsin_STANDARDUNIFORM;dt_scores_accuracy_data_random_std_Brest Cancer Wisconsin_STANDARDUNIFORM;dt_scores_f1_score_data_random_std_Brest Cancer Wisconsin_STANDARDUNIFORM;dt_scores_roc_auc_score_data_random_std_Brest Cancer Wisconsin_STANDARDUNIFORM;dt_scores_runtime_Brest Cancer Wisconsin_STANDARDUNIFORM;inet_scores_soft_binary_crossentropy_Brest Cancer Wisconsin_STANDARDUNIFORM;inet_scores_binary_crossentropy_Brest Cancer Wisconsin_STANDARDUNIFORM;inet_scores_accuracy_Brest Cancer Wisconsin_STANDARDUNIFORM;inet_scores_f1_score_Brest Cancer Wisconsin_STANDARDUNIFORM;inet_scores_roc_auc_score_Brest Cancer Wisconsin_STANDARDUNIFORM;inet_scores_runtime_Brest Cancer Wisconsin_STANDARDUNIFORM;model_scores_soft_binary_crossentropy_Brest Cancer Wisconsin_STANDARDUNIFORM;model_scores_binary_crossentropy_Brest Cancer Wisconsin_STANDARDUNIFORM;model_scores_accuracy_Brest Cancer Wisconsin_STANDARDUNIFORM;model_scores_f1_score_Brest Cancer Wisconsin_STANDARDUNIFORM;model_scores_roc_auc_score_Brest Cancer Wisconsin_STANDARDUNIFORM;model_scores_runtime_Brest Cancer Wisconsin_STANDARDUNIFORM;dt_scores_soft_binary_crossentropy_['uniform', 'normal', 'gamma', 'beta', 'poisson']_Wisconsin Diagnostic Breast Cancer_STANDARDUNIFORM;dt_scores_binary_crossentropy_['uniform', 'normal', 'gamma', 'beta', 'poisson']_Wisconsin Diagnostic Breast Cancer_STANDARDUNIFORM;dt_scores_accuracy_['uniform', 'normal', 'gamma', 'beta', 'poisson']_Wisconsin Diagnostic Breast Cancer_STANDARDUNIFORM;dt_scores_f1_score_['uniform', 'normal', 'gamma', 'beta', 'poisson']_Wisconsin Diagnostic Breast Cancer_STANDARDUNIFORM;dt_scores_roc_auc_score_['uniform', 'normal', 'gamma', 'beta', 'poisson']_Wisconsin Diagnostic Breast Cancer_STANDARDUNIFORM;dt_scores_soft_binary_crossentropy_data_random_['uniform', 'normal', 'gamma', 'beta', 'poisson']_Wisconsin Diagnostic Breast Cancer_STANDARDUNIFORM;dt_scores_binary_crossentropy_data_random_['uniform', 'normal', 'gamma', 'beta', 'poisson']_Wisconsin Diagnostic Breast Cancer_STANDARDUNIFORM;dt_scores_accuracy_data_random_['uniform', 'normal', 'gamma', 'beta', 'poisson']_Wisconsin Diagnostic Breast Cancer_STANDARDUNIFORM;dt_scores_f1_score_data_random_['uniform', 'normal', 'gamma', 'beta', 'poisson']_Wisconsin Diagnostic Breast Cancer_STANDARDUNIFORM;dt_scores_roc_auc_score_data_random_['uniform', 'normal', 'gamma', 'beta', 'poisson']_Wisconsin Diagnostic Breast Cancer_STANDARDUNIFORM;dt_scores_runtime_['uniform', 'normal', 'gamma', 'beta', 'poisson']_Wisconsin Diagnostic Breast Cancer_STANDARDUNIFORM;dt_scores_soft_binary_crossentropy_Wisconsin Diagnostic Breast Cancer_STANDARDUNIFORM;dt_scores_binary_crossentropy_Wisconsin Diagnostic Breast Cancer_STANDARDUNIFORM;dt_scores_accuracy_Wisconsin Diagnostic Breast Cancer_STANDARDUNIFORM;dt_scores_f1_score_Wisconsin Diagnostic Breast Cancer_STANDARDUNIFORM;dt_scores_roc_auc_score_Wisconsin Diagnostic Breast Cancer_STANDARDUNIFORM;dt_scores_soft_binary_crossentropy_data_random_Wisconsin Diagnostic Breast Cancer_STANDARDUNIFORM;dt_scores_binary_crossentropy_data_random_Wisconsin Diagnostic Breast Cancer_STANDARDUNIFORM;dt_scores_accuracy_data_random_Wisconsin Diagnostic Breast Cancer_STANDARDUNIFORM;dt_scores_f1_score_data_random_Wisconsin Diagnostic Breast Cancer_STANDARDUNIFORM;dt_scores_roc_auc_score_data_random_Wisconsin Diagnostic Breast Cancer_STANDARDUNIFORM;dt_scores_soft_binary_crossentropy_std_Wisconsin Diagnostic Breast Cancer_STANDARDUNIFORM;dt_scores_binary_crossentropy_std_Wisconsin Diagnostic Breast Cancer_STANDARDUNIFORM;dt_scores_accuracy_std_Wisconsin Diagnostic Breast Cancer_STANDARDUNIFORM;dt_scores_f1_score_std_Wisconsin Diagnostic Breast Cancer_STANDARDUNIFORM;dt_scores_roc_auc_score_std_Wisconsin Diagnostic Breast Cancer_STANDARDUNIFORM;dt_scores_soft_binary_crossentropy_data_random_std_Wisconsin Diagnostic Breast Cancer_STANDARDUNIFORM;dt_scores_binary_crossentropy_data_random_std_Wisconsin Diagnostic Breast Cancer_STANDARDUNIFORM;dt_scores_accuracy_data_random_std_Wisconsin Diagnostic Breast Cancer_STANDARDUNIFORM;dt_scores_f1_score_data_random_std_Wisconsin Diagnostic Breast Cancer_STANDARDUNIFORM;dt_scores_roc_auc_score_data_random_std_Wisconsin Diagnostic Breast Cancer_STANDARDUNIFORM;dt_scores_runtime_Wisconsin Diagnostic Breast Cancer_STANDARDUNIFORM;inet_scores_soft_binary_crossentropy_Wisconsin Diagnostic Breast Cancer_STANDARDUNIFORM;inet_scores_binary_crossentropy_Wisconsin Diagnostic Breast Cancer_STANDARDUNIFORM;inet_scores_accuracy_Wisconsin Diagnostic Breast Cancer_STANDARDUNIFORM;inet_scores_f1_score_Wisconsin Diagnostic Breast Cancer_STANDARDUNIFORM;inet_scores_roc_auc_score_Wisconsin Diagnostic Breast Cancer_STANDARDUNIFORM;inet_scores_runtime_Wisconsin Diagnostic Breast Cancer_STANDARDUNIFORM;model_scores_soft_binary_crossentropy_Wisconsin Diagnostic Breast Cancer_STANDARDUNIFORM;model_scores_binary_crossentropy_Wisconsin Diagnostic Breast Cancer_STANDARDUNIFORM;model_scores_accuracy_Wisconsin Diagnostic Breast Cancer_STANDARDUNIFORM;model_scores_f1_score_Wisconsin Diagnostic Breast Cancer_STANDARDUNIFORM;model_scores_roc_auc_score_Wisconsin Diagnostic Breast Cancer_STANDARDUNIFORM;model_scores_runtime_Wisconsin Diagnostic Breast Cancer_STANDARDUNIFORM;dt_scores_soft_binary_crossentropy_['uniform', 'normal', 'gamma', 'beta', 'poisson']_Wisconsin Prognostic Breast Cancer_STANDARDUNIFORM;dt_scores_binary_crossentropy_['uniform', 'normal', 'gamma', 'beta', 'poisson']_Wisconsin Prognostic Breast Cancer_STANDARDUNIFORM;dt_scores_accuracy_['uniform', 'normal', 'gamma', 'beta', 'poisson']_Wisconsin Prognostic Breast Cancer_STANDARDUNIFORM;dt_scores_f1_score_['uniform', 'normal', 'gamma', 'beta', 'poisson']_Wisconsin Prognostic Breast Cancer_STANDARDUNIFORM;dt_scores_roc_auc_score_['uniform', 'normal', 'gamma', 'beta', 'poisson']_Wisconsin Prognostic Breast Cancer_STANDARDUNIFORM;dt_scores_soft_binary_crossentropy_data_random_['uniform', 'normal', 'gamma', 'beta', 'poisson']_Wisconsin Prognostic Breast Cancer_STANDARDUNIFORM;dt_scores_binary_crossentropy_data_random_['uniform', 'normal', 'gamma', 'beta', 'poisson']_Wisconsin Prognostic Breast Cancer_STANDARDUNIFORM;dt_scores_accuracy_data_random_['uniform', 'normal', 'gamma', 'beta', 'poisson']_Wisconsin Prognostic Breast Cancer_STANDARDUNIFORM;dt_scores_f1_score_data_random_['uniform', 'normal', 'gamma', 'beta', 'poisson']_Wisconsin Prognostic Breast Cancer_STANDARDUNIFORM;dt_scores_roc_auc_score_data_random_['uniform', 'normal', 'gamma', 'beta', 'poisson']_Wisconsin Prognostic Breast Cancer_STANDARDUNIFORM;dt_scores_runtime_['uniform', 'normal', 'gamma', 'beta', 'poisson']_Wisconsin Prognostic Breast Cancer_STANDARDUNIFORM;dt_scores_soft_binary_crossentropy_Wisconsin Prognostic Breast Cancer_STANDARDUNIFORM;dt_scores_binary_crossentropy_Wisconsin Prognostic Breast Cancer_STANDARDUNIFORM;dt_scores_accuracy_Wisconsin Prognostic Breast Cancer_STANDARDUNIFORM;dt_scores_f1_score_Wisconsin Prognostic Breast Cancer_STANDARDUNIFORM;dt_scores_roc_auc_score_Wisconsin Prognostic Breast Cancer_STANDARDUNIFORM;dt_scores_soft_binary_crossentropy_data_random_Wisconsin Prognostic Breast Cancer_STANDARDUNIFORM;dt_scores_binary_crossentropy_data_random_Wisconsin Prognostic Breast Cancer_STANDARDUNIFORM;dt_scores_accuracy_data_random_Wisconsin Prognostic Breast Cancer_STANDARDUNIFORM;dt_scores_f1_score_data_random_Wisconsin Prognostic Breast Cancer_STANDARDUNIFORM;dt_scores_roc_auc_score_data_random_Wisconsin Prognostic Breast Cancer_STANDARDUNIFORM;dt_scores_soft_binary_crossentropy_std_Wisconsin Prognostic Breast Cancer_STANDARDUNIFORM;dt_scores_binary_crossentropy_std_Wisconsin Prognostic Breast Cancer_STANDARDUNIFORM;dt_scores_accuracy_std_Wisconsin Prognostic Breast Cancer_STANDARDUNIFORM;dt_scores_f1_score_std_Wisconsin Prognostic Breast Cancer_STANDARDUNIFORM;dt_scores_roc_auc_score_std_Wisconsin Prognostic Breast Cancer_STANDARDUNIFORM;dt_scores_soft_binary_crossentropy_data_random_std_Wisconsin Prognostic Breast Cancer_STANDARDUNIFORM;dt_scores_binary_crossentropy_data_random_std_Wisconsin Prognostic Breast Cancer_STANDARDUNIFORM;dt_scores_accuracy_data_random_std_Wisconsin Prognostic Breast Cancer_STANDARDUNIFORM;dt_scores_f1_score_data_random_std_Wisconsin Prognostic Breast Cancer_STANDARDUNIFORM;dt_scores_roc_auc_score_data_random_std_Wisconsin Prognostic Breast Cancer_STANDARDUNIFORM;dt_scores_runtime_Wisconsin Prognostic Breast Cancer_STANDARDUNIFORM;inet_scores_soft_binary_crossentropy_Wisconsin Prognostic Breast Cancer_STANDARDUNIFORM;inet_scores_binary_crossentropy_Wisconsin Prognostic Breast Cancer_STANDARDUNIFORM;inet_scores_accuracy_Wisconsin Prognostic Breast Cancer_STANDARDUNIFORM;inet_scores_f1_score_Wisconsin Prognostic Breast Cancer_STANDARDUNIFORM;inet_scores_roc_auc_score_Wisconsin Prognostic Breast Cancer_STANDARDUNIFORM;inet_scores_runtime_Wisconsin Prognostic Breast Cancer_STANDARDUNIFORM;model_scores_soft_binary_crossentropy_Wisconsin Prognostic Breast Cancer_STANDARDUNIFORM;model_scores_binary_crossentropy_Wisconsin Prognostic Breast Cancer_STANDARDUNIFORM;model_scores_accuracy_Wisconsin Prognostic Breast Cancer_STANDARDUNIFORM;model_scores_f1_score_Wisconsin Prognostic Breast Cancer_STANDARDUNIFORM;model_scores_roc_auc_score_Wisconsin Prognostic Breast Cancer_STANDARDUNIFORM;model_scores_runtime_Wisconsin Prognostic Breast Cancer_STANDARDUNIFORM;dt_scores_soft_binary_crossentropy_['uniform', 'normal', 'gamma', 'beta', 'poisson']_Abalone_STANDARDUNIFORM;dt_scores_binary_crossentropy_['uniform', 'normal', 'gamma', 'beta', 'poisson']_Abalone_STANDARDUNIFORM;dt_scores_accuracy_['uniform', 'normal', 'gamma', 'beta', 'poisson']_Abalone_STANDARDUNIFORM;dt_scores_f1_score_['uniform', 'normal', 'gamma', 'beta', 'poisson']_Abalone_STANDARDUNIFORM;dt_scores_roc_auc_score_['uniform', 'normal', 'gamma', 'beta', 'poisson']_Abalone_STANDARDUNIFORM;dt_scores_soft_binary_crossentropy_data_random_['uniform', 'normal', 'gamma', 'beta', 'poisson']_Abalone_STANDARDUNIFORM;dt_scores_binary_crossentropy_data_random_['uniform', 'normal', 'gamma', 'beta', 'poisson']_Abalone_STANDARDUNIFORM;dt_scores_accuracy_data_random_['uniform', 'normal', 'gamma', 'beta', 'poisson']_Abalone_STANDARDUNIFORM;dt_scores_f1_score_data_random_['uniform', 'normal', 'gamma', 'beta', 'poisson']_Abalone_STANDARDUNIFORM;dt_scores_roc_auc_score_data_random_['uniform', 'normal', 'gamma', 'beta', 'poisson']_Abalone_STANDARDUNIFORM;dt_scores_runtime_['uniform', 'normal', 'gamma', 'beta', 'poisson']_Abalone_STANDARDUNIFORM;dt_scores_soft_binary_crossentropy_Abalone_STANDARDUNIFORM;dt_scores_binary_crossentropy_Abalone_STANDARDUNIFORM;dt_scores_accuracy_Abalone_STANDARDUNIFORM;dt_scores_f1_score_Abalone_STANDARDUNIFORM;dt_scores_roc_auc_score_Abalone_STANDARDUNIFORM;dt_scores_soft_binary_crossentropy_data_random_Abalone_STANDARDUNIFORM;dt_scores_binary_crossentropy_data_random_Abalone_STANDARDUNIFORM;dt_scores_accuracy_data_random_Abalone_STANDARDUNIFORM;dt_scores_f1_score_data_random_Abalone_STANDARDUNIFORM;dt_scores_roc_auc_score_data_random_Abalone_STANDARDUNIFORM;dt_scores_soft_binary_crossentropy_std_Abalone_STANDARDUNIFORM;dt_scores_binary_crossentropy_std_Abalone_STANDARDUNIFORM;dt_scores_accuracy_std_Abalone_STANDARDUNIFORM;dt_scores_f1_score_std_Abalone_STANDARDUNIFORM;dt_scores_roc_auc_score_std_Abalone_STANDARDUNIFORM;dt_scores_soft_binary_crossentropy_data_random_std_Abalone_STANDARDUNIFORM;dt_scores_binary_crossentropy_data_random_std_Abalone_STANDARDUNIFORM;dt_scores_accuracy_data_random_std_Abalone_STANDARDUNIFORM;dt_scores_f1_score_data_random_std_Abalone_STANDARDUNIFORM;dt_scores_roc_auc_score_data_random_std_Abalone_STANDARDUNIFORM;dt_scores_runtime_Abalone_STANDARDUNIFORM;inet_scores_soft_binary_crossentropy_Abalone_STANDARDUNIFORM;inet_scores_binary_crossentropy_Abalone_STANDARDUNIFORM;inet_scores_accuracy_Abalone_STANDARDUNIFORM;inet_scores_f1_score_Abalone_STANDARDUNIFORM;inet_scores_roc_auc_score_Abalone_STANDARDUNIFORM;inet_scores_runtime_Abalone_STANDARDUNIFORM;model_scores_soft_binary_crossentropy_Abalone_STANDARDUNIFORM;model_scores_binary_crossentropy_Abalone_STANDARDUNIFORM;model_scores_accuracy_Abalone_STANDARDUNIFORM;model_scores_f1_score_Abalone_STANDARDUNIFORM;model_scores_roc_auc_score_Abalone_STANDARDUNIFORM;model_scores_runtime_Abalone_STANDARDUNIFORM;dt_scores_soft_binary_crossentropy_['uniform', 'normal', 'gamma', 'beta', 'poisson']_Car_STANDARDUNIFORM;dt_scores_binary_crossentropy_['uniform', 'normal', 'gamma', 'beta', 'poisson']_Car_STANDARDUNIFORM;dt_scores_accuracy_['uniform', 'normal', 'gamma', 'beta', 'poisson']_Car_STANDARDUNIFORM;dt_scores_f1_score_['uniform', 'normal', 'gamma', 'beta', 'poisson']_Car_STANDARDUNIFORM;dt_scores_roc_auc_score_['uniform', 'normal', 'gamma', 'beta', 'poisson']_Car_STANDARDUNIFORM;dt_scores_soft_binary_crossentropy_data_random_['uniform', 'normal', 'gamma', 'beta', 'poisson']_Car_STANDARDUNIFORM;dt_scores_binary_crossentropy_data_random_['uniform', 'normal', 'gamma', 'beta', 'poisson']_Car_STANDARDUNIFORM;dt_scores_accuracy_data_random_['uniform', 'normal', 'gamma', 'beta', 'poisson']_Car_STANDARDUNIFORM;dt_scores_f1_score_data_random_['uniform', 'normal', 'gamma', 'beta', 'poisson']_Car_STANDARDUNIFORM;dt_scores_roc_auc_score_data_random_['uniform', 'normal', 'gamma', 'beta', 'poisson']_Car_STANDARDUNIFORM;dt_scores_runtime_['uniform', 'normal', 'gamma', 'beta', 'poisson']_Car_STANDARDUNIFORM;dt_scores_soft_binary_crossentropy_Car_STANDARDUNIFORM;dt_scores_binary_crossentropy_Car_STANDARDUNIFORM;dt_scores_accuracy_Car_STANDARDUNIFORM;dt_scores_f1_score_Car_STANDARDUNIFORM;dt_scores_roc_auc_score_Car_STANDARDUNIFORM;dt_scores_soft_binary_crossentropy_data_random_Car_STANDARDUNIFORM;dt_scores_binary_crossentropy_data_random_Car_STANDARDUNIFORM;dt_scores_accuracy_data_random_Car_STANDARDUNIFORM;dt_scores_f1_score_data_random_Car_STANDARDUNIFORM;dt_scores_roc_auc_score_data_random_Car_STANDARDUNIFORM;dt_scores_soft_binary_crossentropy_std_Car_STANDARDUNIFORM;dt_scores_binary_crossentropy_std_Car_STANDARDUNIFORM;dt_scores_accuracy_std_Car_STANDARDUNIFORM;dt_scores_f1_score_std_Car_STANDARDUNIFORM;dt_scores_roc_auc_score_std_Car_STANDARDUNIFORM;dt_scores_soft_binary_crossentropy_data_random_std_Car_STANDARDUNIFORM;dt_scores_binary_crossentropy_data_random_std_Car_STANDARDUNIFORM;dt_scores_accuracy_data_random_std_Car_STANDARDUNIFORM;dt_scores_f1_score_data_random_std_Car_STANDARDUNIFORM;dt_scores_roc_auc_score_data_random_std_Car_STANDARDUNIFORM;dt_scores_runtime_Car_STANDARDUNIFORM;inet_scores_soft_binary_crossentropy_Car_STANDARDUNIFORM;inet_scores_binary_crossentropy_Car_STANDARDUNIFORM;inet_scores_accuracy_Car_STANDARDUNIFORM;inet_scores_f1_score_Car_STANDARDUNIFORM;inet_scores_roc_auc_score_Car_STANDARDUNIFORM;inet_scores_runtime_Car_STANDARDUNIFORM;model_scores_soft_binary_crossentropy_Car_STANDARDUNIFORM;model_scores_binary_crossentropy_Car_STANDARDUNIFORM;model_scores_accuracy_Car_STANDARDUNIFORM;model_scores_f1_score_Car_STANDARDUNIFORM;model_scores_roc_auc_score_Car_STANDARDUNIFORM;model_scores_runtime_Car_STANDARDUNIFORM;dt_scores_soft_binary_crossentropy_['uniform', 'normal', 'gamma', 'beta', 'poisson']_Heart Disease_STANDARDUNIFORM;dt_scores_binary_crossentropy_['uniform', 'normal', 'gamma', 'beta', 'poisson']_Heart Disease_STANDARDUNIFORM;dt_scores_accuracy_['uniform', 'normal', 'gamma', 'beta', 'poisson']_Heart Disease_STANDARDUNIFORM;dt_scores_f1_score_['uniform', 'normal', 'gamma', 'beta', 'poisson']_Heart Disease_STANDARDUNIFORM;dt_scores_roc_auc_score_['uniform', 'normal', 'gamma', 'beta', 'poisson']_Heart Disease_STANDARDUNIFORM;dt_scores_soft_binary_crossentropy_data_random_['uniform', 'normal', 'gamma', 'beta', 'poisson']_Heart Disease_STANDARDUNIFORM;dt_scores_binary_crossentropy_data_random_['uniform', 'normal', 'gamma', 'beta', 'poisson']_Heart Disease_STANDARDUNIFORM;dt_scores_accuracy_data_random_['uniform', 'normal', 'gamma', 'beta', 'poisson']_Heart Disease_STANDARDUNIFORM;dt_scores_f1_score_data_random_['uniform', 'normal', 'gamma', 'beta', 'poisson']_Heart Disease_STANDARDUNIFORM;dt_scores_roc_auc_score_data_random_['uniform', 'normal', 'gamma', 'beta', 'poisson']_Heart Disease_STANDARDUNIFORM;dt_scores_runtime_['uniform', 'normal', 'gamma', 'beta', 'poisson']_Heart Disease_STANDARDUNIFORM;dt_scores_soft_binary_crossentropy_Heart Disease_STANDARDUNIFORM;dt_scores_binary_crossentropy_Heart Disease_STANDARDUNIFORM;dt_scores_accuracy_Heart Disease_STANDARDUNIFORM;dt_scores_f1_score_Heart Disease_STANDARDUNIFORM;dt_scores_roc_auc_score_Heart Disease_STANDARDUNIFORM;dt_scores_soft_binary_crossentropy_data_random_Heart Disease_STANDARDUNIFORM;dt_scores_binary_crossentropy_data_random_Heart Disease_STANDARDUNIFORM;dt_scores_accuracy_data_random_Heart Disease_STANDARDUNIFORM;dt_scores_f1_score_data_random_Heart Disease_STANDARDUNIFORM;dt_scores_roc_auc_score_data_random_Heart Disease_STANDARDUNIFORM;dt_scores_soft_binary_crossentropy_std_Heart Disease_STANDARDUNIFORM;dt_scores_binary_crossentropy_std_Heart Disease_STANDARDUNIFORM;dt_scores_accuracy_std_Heart Disease_STANDARDUNIFORM;dt_scores_f1_score_std_Heart Disease_STANDARDUNIFORM;dt_scores_roc_auc_score_std_Heart Disease_STANDARDUNIFORM;dt_scores_soft_binary_crossentropy_data_random_std_Heart Disease_STANDARDUNIFORM;dt_scores_binary_crossentropy_data_random_std_Heart Disease_STANDARDUNIFORM;dt_scores_accuracy_data_random_std_Heart Disease_STANDARDUNIFORM;dt_scores_f1_score_data_random_std_Heart Disease_STANDARDUNIFORM;dt_scores_roc_auc_score_data_random_std_Heart Disease_STANDARDUNIFORM;dt_scores_runtime_Heart Disease_STANDARDUNIFORM;inet_scores_soft_binary_crossentropy_Heart Disease_STANDARDUNIFORM;inet_scores_binary_crossentropy_Heart Disease_STANDARDUNIFORM;inet_scores_accuracy_Heart Disease_STANDARDUNIFORM;inet_scores_f1_score_Heart Disease_STANDARDUNIFORM;inet_scores_roc_auc_score_Heart Disease_STANDARDUNIFORM;inet_scores_runtime_Heart Disease_STANDARDUNIFORM;model_scores_soft_binary_crossentropy_Heart Disease_STANDARDUNIFORM;model_scores_binary_crossentropy_Heart Disease_STANDARDUNIFORM;model_scores_accuracy_Heart Disease_STANDARDUNIFORM;model_scores_f1_score_Heart Disease_STANDARDUNIFORM;model_scores_roc_auc_score_Heart Disease_STANDARDUNIFORM;model_scores_runtime_Heart Disease_STANDARDUNIFORM;dt_scores_soft_binary_crossentropy_['uniform', 'normal', 'gamma', 'beta', 'poisson']_Credit Card_STANDARDUNIFORM;dt_scores_binary_crossentropy_['uniform', 'normal', 'gamma', 'beta', 'poisson']_Credit Card_STANDARDUNIFORM;dt_scores_accuracy_['uniform', 'normal', 'gamma', 'beta', 'poisson']_Credit Card_STANDARDUNIFORM;dt_scores_f1_score_['uniform', 'normal', 'gamma', 'beta', 'poisson']_Credit Card_STANDARDUNIFORM;dt_scores_roc_auc_score_['uniform', 'normal', 'gamma', 'beta', 'poisson']_Credit Card_STANDARDUNIFORM;dt_scores_soft_binary_crossentropy_data_random_['uniform', 'normal', 'gamma', 'beta', 'poisson']_Credit Card_STANDARDUNIFORM;dt_scores_binary_crossentropy_data_random_['uniform', 'normal', 'gamma', 'beta', 'poisson']_Credit Card_STANDARDUNIFORM;dt_scores_accuracy_data_random_['uniform', 'normal', 'gamma', 'beta', 'poisson']_Credit Card_STANDARDUNIFORM;dt_scores_f1_score_data_random_['uniform', 'normal', 'gamma', 'beta', 'poisson']_Credit Card_STANDARDUNIFORM;dt_scores_roc_auc_score_data_random_['uniform', 'normal', 'gamma', 'beta', 'poisson']_Credit Card_STANDARDUNIFORM;dt_scores_runtime_['uniform', 'normal', 'gamma', 'beta', 'poisson']_Credit Card_STANDARDUNIFORM;dt_scores_soft_binary_crossentropy_Credit Card_STANDARDUNIFORM;dt_scores_binary_crossentropy_Credit Card_STANDARDUNIFORM;dt_scores_accuracy_Credit Card_STANDARDUNIFORM;dt_scores_f1_score_Credit Card_STANDARDUNIFORM;dt_scores_roc_auc_score_Credit Card_STANDARDUNIFORM;dt_scores_soft_binary_crossentropy_data_random_Credit Card_STANDARDUNIFORM;dt_scores_binary_crossentropy_data_random_Credit Card_STANDARDUNIFORM;dt_scores_accuracy_data_random_Credit Card_STANDARDUNIFORM;dt_scores_f1_score_data_random_Credit Card_STANDARDUNIFORM;dt_scores_roc_auc_score_data_random_Credit Card_STANDARDUNIFORM;dt_scores_soft_binary_crossentropy_std_Credit Card_STANDARDUNIFORM;dt_scores_binary_crossentropy_std_Credit Card_STANDARDUNIFORM;dt_scores_accuracy_std_Credit Card_STANDARDUNIFORM;dt_scores_f1_score_std_Credit Card_STANDARDUNIFORM;dt_scores_roc_auc_score_std_Credit Card_STANDARDUNIFORM;dt_scores_soft_binary_crossentropy_data_random_std_Credit Card_STANDARDUNIFORM;dt_scores_binary_crossentropy_data_random_std_Credit Card_STANDARDUNIFORM;dt_scores_accuracy_data_random_std_Credit Card_STANDARDUNIFORM;dt_scores_f1_score_data_random_std_Credit Card_STANDARDUNIFORM;dt_scores_roc_auc_score_data_random_std_Credit Card_STANDARDUNIFORM;dt_scores_runtime_Credit Card_STANDARDUNIFORM;inet_scores_soft_binary_crossentropy_Credit Card_STANDARDUNIFORM;inet_scores_binary_crossentropy_Credit Card_STANDARDUNIFORM;inet_scores_accuracy_Credit Card_STANDARDUNIFORM;inet_scores_f1_score_Credit Card_STANDARDUNIFORM;inet_scores_roc_auc_score_Credit Card_STANDARDUNIFORM;inet_scores_runtime_Credit Card_STANDARDUNIFORM;model_scores_soft_binary_crossentropy_Credit Card_STANDARDUNIFORM;model_scores_binary_crossentropy_Credit Card_STANDARDUNIFORM;model_scores_accuracy_Credit Card_STANDARDUNIFORM;model_scores_f1_score_Credit Card_STANDARDUNIFORM;model_scores_roc_auc_score_Credit Card_STANDARDUNIFORM;model_scores_runtime_Credit Card_STANDARDUNIFORM;dt_scores_soft_binary_crossentropy_['uniform', 'normal', 'gamma', 'beta', 'poisson']_Haberman_STANDARDUNIFORM;dt_scores_binary_crossentropy_['uniform', 'normal', 'gamma', 'beta', 'poisson']_Haberman_STANDARDUNIFORM;dt_scores_accuracy_['uniform', 'normal', 'gamma', 'beta', 'poisson']_Haberman_STANDARDUNIFORM;dt_scores_f1_score_['uniform', 'normal', 'gamma', 'beta', 'poisson']_Haberman_STANDARDUNIFORM;dt_scores_roc_auc_score_['uniform', 'normal', 'gamma', 'beta', 'poisson']_Haberman_STANDARDUNIFORM;dt_scores_soft_binary_crossentropy_data_random_['uniform', 'normal', 'gamma', 'beta', 'poisson']_Haberman_STANDARDUNIFORM;dt_scores_binary_crossentropy_data_random_['uniform', 'normal', 'gamma', 'beta', 'poisson']_Haberman_STANDARDUNIFORM;dt_scores_accuracy_data_random_['uniform', 'normal', 'gamma', 'beta', 'poisson']_Haberman_STANDARDUNIFORM;dt_scores_f1_score_data_random_['uniform', 'normal', 'gamma', 'beta', 'poisson']_Haberman_STANDARDUNIFORM;dt_scores_roc_auc_score_data_random_['uniform', 'normal', 'gamma', 'beta', 'poisson']_Haberman_STANDARDUNIFORM;dt_scores_runtime_['uniform', 'normal', 'gamma', 'beta', 'poisson']_Haberman_STANDARDUNIFORM;dt_scores_soft_binary_crossentropy_Haberman_STANDARDUNIFORM;dt_scores_binary_crossentropy_Haberman_STANDARDUNIFORM;dt_scores_accuracy_Haberman_STANDARDUNIFORM;dt_scores_f1_score_Haberman_STANDARDUNIFORM;dt_scores_roc_auc_score_Haberman_STANDARDUNIFORM;dt_scores_soft_binary_crossentropy_data_random_Haberman_STANDARDUNIFORM;dt_scores_binary_crossentropy_data_random_Haberman_STANDARDUNIFORM;dt_scores_accuracy_data_random_Haberman_STANDARDUNIFORM;dt_scores_f1_score_data_random_Haberman_STANDARDUNIFORM;dt_scores_roc_auc_score_data_random_Haberman_STANDARDUNIFORM;dt_scores_soft_binary_crossentropy_std_Haberman_STANDARDUNIFORM;dt_scores_binary_crossentropy_std_Haberman_STANDARDUNIFORM;dt_scores_accuracy_std_Haberman_STANDARDUNIFORM;dt_scores_f1_score_std_Haberman_STANDARDUNIFORM;dt_scores_roc_auc_score_std_Haberman_STANDARDUNIFORM;dt_scores_soft_binary_crossentropy_data_random_std_Haberman_STANDARDUNIFORM;dt_scores_binary_crossentropy_data_random_std_Haberman_STANDARDUNIFORM;dt_scores_accuracy_data_random_std_Haberman_STANDARDUNIFORM;dt_scores_f1_score_data_random_std_Haberman_STANDARDUNIFORM;dt_scores_roc_auc_score_data_random_std_Haberman_STANDARDUNIFORM;dt_scores_runtime_Haberman_STANDARDUNIFORM;inet_scores_soft_binary_crossentropy_Haberman_STANDARDUNIFORM;inet_scores_binary_crossentropy_Haberman_STANDARDUNIFORM;inet_scores_accuracy_Haberman_STANDARDUNIFORM;inet_scores_f1_score_Haberman_STANDARDUNIFORM;inet_scores_roc_auc_score_Haberman_STANDARDUNIFORM;inet_scores_runtime_Haberman_STANDARDUNIFORM;model_scores_soft_binary_crossentropy_Haberman_STANDARDUNIFORM;model_scores_binary_crossentropy_Haberman_STANDARDUNIFORM;model_scores_accuracy_Haberman_STANDARDUNIFORM;model_scores_f1_score_Haberman_STANDARDUNIFORM;model_scores_roc_auc_score_Haberman_STANDARDUNIFORM;model_scores_runtime_Haberman_STANDARDUNIFORM;dt_scores_soft_binary_crossentropy_['uniform', 'normal', 'gamma', 'beta', 'poisson']_Adult_STANDARDUNIFORM;dt_scores_binary_crossentropy_['uniform', 'normal', 'gamma', 'beta', 'poisson']_Adult_STANDARDUNIFORM;dt_scores_accuracy_['uniform', 'normal', 'gamma', 'beta', 'poisson']_Adult_STANDARDUNIFORM;dt_scores_f1_score_['uniform', 'normal', 'gamma', 'beta', 'poisson']_Adult_STANDARDUNIFORM;dt_scores_roc_auc_score_['uniform', 'normal', 'gamma', 'beta', 'poisson']_Adult_STANDARDUNIFORM;dt_scores_soft_binary_crossentropy_data_random_['uniform', 'normal', 'gamma', 'beta', 'poisson']_Adult_STANDARDUNIFORM;dt_scores_binary_crossentropy_data_random_['uniform', 'normal', 'gamma', 'beta', 'poisson']_Adult_STANDARDUNIFORM;dt_scores_accuracy_data_random_['uniform', 'normal', 'gamma', 'beta', 'poisson']_Adult_STANDARDUNIFORM;dt_scores_f1_score_data_random_['uniform', 'normal', 'gamma', 'beta', 'poisson']_Adult_STANDARDUNIFORM;dt_scores_roc_auc_score_data_random_['uniform', 'normal', 'gamma', 'beta', 'poisson']_Adult_STANDARDUNIFORM;dt_scores_runtime_['uniform', 'normal', 'gamma', 'beta', 'poisson']_Adult_STANDARDUNIFORM;dt_scores_soft_binary_crossentropy_Adult_STANDARDUNIFORM;dt_scores_binary_crossentropy_Adult_STANDARDUNIFORM;dt_scores_accuracy_Adult_STANDARDUNIFORM;dt_scores_f1_score_Adult_STANDARDUNIFORM;dt_scores_roc_auc_score_Adult_STANDARDUNIFORM;dt_scores_soft_binary_crossentropy_data_random_Adult_STANDARDUNIFORM;dt_scores_binary_crossentropy_data_random_Adult_STANDARDUNIFORM;dt_scores_accuracy_data_random_Adult_STANDARDUNIFORM;dt_scores_f1_score_data_random_Adult_STANDARDUNIFORM;dt_scores_roc_auc_score_data_random_Adult_STANDARDUNIFORM;dt_scores_soft_binary_crossentropy_std_Adult_STANDARDUNIFORM;dt_scores_binary_crossentropy_std_Adult_STANDARDUNIFORM;dt_scores_accuracy_std_Adult_STANDARDUNIFORM;dt_scores_f1_score_std_Adult_STANDARDUNIFORM;dt_scores_roc_auc_score_std_Adult_STANDARDUNIFORM;dt_scores_soft_binary_crossentropy_data_random_std_Adult_STANDARDUNIFORM;dt_scores_binary_crossentropy_data_random_std_Adult_STANDARDUNIFORM;dt_scores_accuracy_data_random_std_Adult_STANDARDUNIFORM;dt_scores_f1_score_data_random_std_Adult_STANDARDUNIFORM;dt_scores_roc_auc_score_data_random_std_Adult_STANDARDUNIFORM;dt_scores_runtime_Adult_STANDARDUNIFORM;inet_scores_soft_binary_crossentropy_Adult_STANDARDUNIFORM;inet_scores_binary_crossentropy_Adult_STANDARDUNIFORM;inet_scores_accuracy_Adult_STANDARDUNIFORM;inet_scores_f1_score_Adult_STANDARDUNIFORM;inet_scores_roc_auc_score_Adult_STANDARDUNIFORM;inet_scores_runtime_Adult_STANDARDUNIFORM;model_scores_soft_binary_crossentropy_Adult_STANDARDUNIFORM;model_scores_binary_crossentropy_Adult_STANDARDUNIFORM;model_scores_accuracy_Adult_STANDARDUNIFORM;model_scores_f1_score_Adult_STANDARDUNIFORM;model_scores_roc_auc_score_Adult_STANDARDUNIFORM;model_scores_runtime_Adult_STANDARDUNIFORM;dt_scores_soft_binary_crossentropy_['uniform', 'normal', 'gamma', 'beta', 'poisson']_Titanic_STANDARDUNIFORM;dt_scores_binary_crossentropy_['uniform', 'normal', 'gamma', 'beta', 'poisson']_Titanic_STANDARDUNIFORM;dt_scores_accuracy_['uniform', 'normal', 'gamma', 'beta', 'poisson']_Titanic_STANDARDUNIFORM;dt_scores_f1_score_['uniform', 'normal', 'gamma', 'beta', 'poisson']_Titanic_STANDARDUNIFORM;dt_scores_roc_auc_score_['uniform', 'normal', 'gamma', 'beta', 'poisson']_Titanic_STANDARDUNIFORM;dt_scores_soft_binary_crossentropy_data_random_['uniform', 'normal', 'gamma', 'beta', 'poisson']_Titanic_STANDARDUNIFORM;dt_scores_binary_crossentropy_data_random_['uniform', 'normal', 'gamma', 'beta', 'poisson']_Titanic_STANDARDUNIFORM;dt_scores_accuracy_data_random_['uniform', 'normal', 'gamma', 'beta', 'poisson']_Titanic_STANDARDUNIFORM;dt_scores_f1_score_data_random_['uniform', 'normal', 'gamma', 'beta', 'poisson']_Titanic_STANDARDUNIFORM;dt_scores_roc_auc_score_data_random_['uniform', 'normal', 'gamma', 'beta', 'poisson']_Titanic_STANDARDUNIFORM;dt_scores_runtime_['uniform', 'normal', 'gamma', 'beta', 'poisson']_Titanic_STANDARDUNIFORM;dt_scores_soft_binary_crossentropy_Titanic_STANDARDUNIFORM;dt_scores_binary_crossentropy_Titanic_STANDARDUNIFORM;dt_scores_accuracy_Titanic_STANDARDUNIFORM;dt_scores_f1_score_Titanic_STANDARDUNIFORM;dt_scores_roc_auc_score_Titanic_STANDARDUNIFORM;dt_scores_soft_binary_crossentropy_data_random_Titanic_STANDARDUNIFORM;dt_scores_binary_crossentropy_data_random_Titanic_STANDARDUNIFORM;dt_scores_accuracy_data_random_Titanic_STANDARDUNIFORM;dt_scores_f1_score_data_random_Titanic_STANDARDUNIFORM;dt_scores_roc_auc_score_data_random_Titanic_STANDARDUNIFORM;dt_scores_soft_binary_crossentropy_std_Titanic_STANDARDUNIFORM;dt_scores_binary_crossentropy_std_Titanic_STANDARDUNIFORM;dt_scores_accuracy_std_Titanic_STANDARDUNIFORM;dt_scores_f1_score_std_Titanic_STANDARDUNIFORM;dt_scores_roc_auc_score_std_Titanic_STANDARDUNIFORM;dt_scores_soft_binary_crossentropy_data_random_std_Titanic_STANDARDUNIFORM;dt_scores_binary_crossentropy_data_random_std_Titanic_STANDARDUNIFORM;dt_scores_accuracy_data_random_std_Titanic_STANDARDUNIFORM;dt_scores_f1_score_data_random_std_Titanic_STANDARDUNIFORM;dt_scores_roc_auc_score_data_random_std_Titanic_STANDARDUNIFORM;dt_scores_runtime_Titanic_STANDARDUNIFORM;inet_scores_soft_binary_crossentropy_Titanic_STANDARDUNIFORM;inet_scores_binary_crossentropy_Titanic_STANDARDUNIFORM;inet_scores_accuracy_Titanic_STANDARDUNIFORM;inet_scores_f1_score_Titanic_STANDARDUNIFORM;inet_scores_roc_auc_score_Titanic_STANDARDUNIFORM;inet_scores_runtime_Titanic_STANDARDUNIFORM;model_scores_soft_binary_crossentropy_Titanic_STANDARDUNIFORM;model_scores_binary_crossentropy_Titanic_STANDARDUNIFORM;model_scores_accuracy_Titanic_STANDARDUNIFORM;model_scores_f1_score_Titanic_STANDARDUNIFORM;model_scores_roc_auc_score_Titanic_STANDARDUNIFORM;model_scores_runtime_Titanic_STANDARDUNIFORM;dt_scores_soft_binary_crossentropy_['uniform', 'normal', 'gamma', 'beta', 'poisson']_Absenteeism_STANDARDUNIFORM;dt_scores_binary_crossentropy_['uniform', 'normal', 'gamma', 'beta', 'poisson']_Absenteeism_STANDARDUNIFORM;dt_scores_accuracy_['uniform', 'normal', 'gamma', 'beta', 'poisson']_Absenteeism_STANDARDUNIFORM;dt_scores_f1_score_['uniform', 'normal', 'gamma', 'beta', 'poisson']_Absenteeism_STANDARDUNIFORM;dt_scores_roc_auc_score_['uniform', 'normal', 'gamma', 'beta', 'poisson']_Absenteeism_STANDARDUNIFORM;dt_scores_soft_binary_crossentropy_data_random_['uniform', 'normal', 'gamma', 'beta', 'poisson']_Absenteeism_STANDARDUNIFORM;dt_scores_binary_crossentropy_data_random_['uniform', 'normal', 'gamma', 'beta', 'poisson']_Absenteeism_STANDARDUNIFORM;dt_scores_accuracy_data_random_['uniform', 'normal', 'gamma', 'beta', 'poisson']_Absenteeism_STANDARDUNIFORM;dt_scores_f1_score_data_random_['uniform', 'normal', 'gamma', 'beta', 'poisson']_Absenteeism_STANDARDUNIFORM;dt_scores_roc_auc_score_data_random_['uniform', 'normal', 'gamma', 'beta', 'poisson']_Absenteeism_STANDARDUNIFORM;dt_scores_runtime_['uniform', 'normal', 'gamma', 'beta', 'poisson']_Absenteeism_STANDARDUNIFORM;dt_scores_soft_binary_crossentropy_Absenteeism_STANDARDUNIFORM;dt_scores_binary_crossentropy_Absenteeism_STANDARDUNIFORM;dt_scores_accuracy_Absenteeism_STANDARDUNIFORM;dt_scores_f1_score_Absenteeism_STANDARDUNIFORM;dt_scores_roc_auc_score_Absenteeism_STANDARDUNIFORM;dt_scores_soft_binary_crossentropy_data_random_Absenteeism_STANDARDUNIFORM;dt_scores_binary_crossentropy_data_random_Absenteeism_STANDARDUNIFORM;dt_scores_accuracy_data_random_Absenteeism_STANDARDUNIFORM;dt_scores_f1_score_data_random_Absenteeism_STANDARDUNIFORM;dt_scores_roc_auc_score_data_random_Absenteeism_STANDARDUNIFORM;dt_scores_soft_binary_crossentropy_std_Absenteeism_STANDARDUNIFORM;dt_scores_binary_crossentropy_std_Absenteeism_STANDARDUNIFORM;dt_scores_accuracy_std_Absenteeism_STANDARDUNIFORM;dt_scores_f1_score_std_Absenteeism_STANDARDUNIFORM;dt_scores_roc_auc_score_std_Absenteeism_STANDARDUNIFORM;dt_scores_soft_binary_crossentropy_data_random_std_Absenteeism_STANDARDUNIFORM;dt_scores_binary_crossentropy_data_random_std_Absenteeism_STANDARDUNIFORM;dt_scores_accuracy_data_random_std_Absenteeism_STANDARDUNIFORM;dt_scores_f1_score_data_random_std_Absenteeism_STANDARDUNIFORM;dt_scores_roc_auc_score_data_random_std_Absenteeism_STANDARDUNIFORM;dt_scores_runtime_Absenteeism_STANDARDUNIFORM;inet_scores_soft_binary_crossentropy_Absenteeism_STANDARDUNIFORM;inet_scores_binary_crossentropy_Absenteeism_STANDARDUNIFORM;inet_scores_accuracy_Absenteeism_STANDARDUNIFORM;inet_scores_f1_score_Absenteeism_STANDARDUNIFORM;inet_scores_roc_auc_score_Absenteeism_STANDARDUNIFORM;inet_scores_runtime_Absenteeism_STANDARDUNIFORM;model_scores_soft_binary_crossentropy_Absenteeism_STANDARDUNIFORM;model_scores_binary_crossentropy_Absenteeism_STANDARDUNIFORM;model_scores_accuracy_Absenteeism_STANDARDUNIFORM;model_scores_f1_score_Absenteeism_STANDARDUNIFORM;model_scores_roc_auc_score_Absenteeism_STANDARDUNIFORM;model_scores_runtime_Absenteeism_STANDARDUNIFORM;dt_scores_soft_binary_crossentropy_['uniform', 'normal', 'gamma', 'beta', 'poisson']_Loan House_STANDARDUNIFORM;dt_scores_binary_crossentropy_['uniform', 'normal', 'gamma', 'beta', 'poisson']_Loan House_STANDARDUNIFORM;dt_scores_accuracy_['uniform', 'normal', 'gamma', 'beta', 'poisson']_Loan House_STANDARDUNIFORM;dt_scores_f1_score_['uniform', 'normal', 'gamma', 'beta', 'poisson']_Loan House_STANDARDUNIFORM;dt_scores_roc_auc_score_['uniform', 'normal', 'gamma', 'beta', 'poisson']_Loan House_STANDARDUNIFORM;dt_scores_soft_binary_crossentropy_data_random_['uniform', 'normal', 'gamma', 'beta', 'poisson']_Loan House_STANDARDUNIFORM;dt_scores_binary_crossentropy_data_random_['uniform', 'normal', 'gamma', 'beta', 'poisson']_Loan House_STANDARDUNIFORM;dt_scores_accuracy_data_random_['uniform', 'normal', 'gamma', 'beta', 'poisson']_Loan House_STANDARDUNIFORM;dt_scores_f1_score_data_random_['uniform', 'normal', 'gamma', 'beta', 'poisson']_Loan House_STANDARDUNIFORM;dt_scores_roc_auc_score_data_random_['uniform', 'normal', 'gamma', 'beta', 'poisson']_Loan House_STANDARDUNIFORM;dt_scores_runtime_['uniform', 'normal', 'gamma', 'beta', 'poisson']_Loan House_STANDARDUNIFORM;dt_scores_soft_binary_crossentropy_Loan House_STANDARDUNIFORM;dt_scores_binary_crossentropy_Loan House_STANDARDUNIFORM;dt_scores_accuracy_Loan House_STANDARDUNIFORM;dt_scores_f1_score_Loan House_STANDARDUNIFORM;dt_scores_roc_auc_score_Loan House_STANDARDUNIFORM;dt_scores_soft_binary_crossentropy_data_random_Loan House_STANDARDUNIFORM;dt_scores_binary_crossentropy_data_random_Loan House_STANDARDUNIFORM;dt_scores_accuracy_data_random_Loan House_STANDARDUNIFORM;dt_scores_f1_score_data_random_Loan House_STANDARDUNIFORM;dt_scores_roc_auc_score_data_random_Loan House_STANDARDUNIFORM;dt_scores_soft_binary_crossentropy_std_Loan House_STANDARDUNIFORM;dt_scores_binary_crossentropy_std_Loan House_STANDARDUNIFORM;dt_scores_accuracy_std_Loan House_STANDARDUNIFORM;dt_scores_f1_score_std_Loan House_STANDARDUNIFORM;dt_scores_roc_auc_score_std_Loan House_STANDARDUNIFORM;dt_scores_soft_binary_crossentropy_data_random_std_Loan House_STANDARDUNIFORM;dt_scores_binary_crossentropy_data_random_std_Loan House_STANDARDUNIFORM;dt_scores_accuracy_data_random_std_Loan House_STANDARDUNIFORM;dt_scores_f1_score_data_random_std_Loan House_STANDARDUNIFORM;dt_scores_roc_auc_score_data_random_std_Loan House_STANDARDUNIFORM;dt_scores_runtime_Loan House_STANDARDUNIFORM;inet_scores_soft_binary_crossentropy_Loan House_STANDARDUNIFORM;inet_scores_binary_crossentropy_Loan House_STANDARDUNIFORM;inet_scores_accuracy_Loan House_STANDARDUNIFORM;inet_scores_f1_score_Loan House_STANDARDUNIFORM;inet_scores_roc_auc_score_Loan House_STANDARDUNIFORM;inet_scores_runtime_Loan House_STANDARDUNIFORM;model_scores_soft_binary_crossentropy_Loan House_STANDARDUNIFORM;model_scores_binary_crossentropy_Loan House_STANDARDUNIFORM;model_scores_accuracy_Loan House_STANDARDUNIFORM;model_scores_f1_score_Loan House_STANDARDUNIFORM;model_scores_roc_auc_score_Loan House_STANDARDUNIFORM;model_scores_runtime_Loan House_STANDARDUNIFORM;dt_scores_soft_binary_crossentropy_['uniform', 'normal', 'gamma', 'beta', 'poisson']_Loan Credit_STANDARDUNIFORM;dt_scores_binary_crossentropy_['uniform', 'normal', 'gamma', 'beta', 'poisson']_Loan Credit_STANDARDUNIFORM;dt_scores_accuracy_['uniform', 'normal', 'gamma', 'beta', 'poisson']_Loan Credit_STANDARDUNIFORM;dt_scores_f1_score_['uniform', 'normal', 'gamma', 'beta', 'poisson']_Loan Credit_STANDARDUNIFORM;dt_scores_roc_auc_score_['uniform', 'normal', 'gamma', 'beta', 'poisson']_Loan Credit_STANDARDUNIFORM;dt_scores_soft_binary_crossentropy_data_random_['uniform', 'normal', 'gamma', 'beta', 'poisson']_Loan Credit_STANDARDUNIFORM;dt_scores_binary_crossentropy_data_random_['uniform', 'normal', 'gamma', 'beta', 'poisson']_Loan Credit_STANDARDUNIFORM;dt_scores_accuracy_data_random_['uniform', 'normal', 'gamma', 'beta', 'poisson']_Loan Credit_STANDARDUNIFORM;dt_scores_f1_score_data_random_['uniform', 'normal', 'gamma', 'beta', 'poisson']_Loan Credit_STANDARDUNIFORM;dt_scores_roc_auc_score_data_random_['uniform', 'normal', 'gamma', 'beta', 'poisson']_Loan Credit_STANDARDUNIFORM;dt_scores_runtime_['uniform', 'normal', 'gamma', 'beta', 'poisson']_Loan Credit_STANDARDUNIFORM;dt_scores_soft_binary_crossentropy_Loan Credit_STANDARDUNIFORM;dt_scores_binary_crossentropy_Loan Credit_STANDARDUNIFORM;dt_scores_accuracy_Loan Credit_STANDARDUNIFORM;dt_scores_f1_score_Loan Credit_STANDARDUNIFORM;dt_scores_roc_auc_score_Loan Credit_STANDARDUNIFORM;dt_scores_soft_binary_crossentropy_data_random_Loan Credit_STANDARDUNIFORM;dt_scores_binary_crossentropy_data_random_Loan Credit_STANDARDUNIFORM;dt_scores_accuracy_data_random_Loan Credit_STANDARDUNIFORM;dt_scores_f1_score_data_random_Loan Credit_STANDARDUNIFORM;dt_scores_roc_auc_score_data_random_Loan Credit_STANDARDUNIFORM;dt_scores_soft_binary_crossentropy_std_Loan Credit_STANDARDUNIFORM;dt_scores_binary_crossentropy_std_Loan Credit_STANDARDUNIFORM;dt_scores_accuracy_std_Loan Credit_STANDARDUNIFORM;dt_scores_f1_score_std_Loan Credit_STANDARDUNIFORM;dt_scores_roc_auc_score_std_Loan Credit_STANDARDUNIFORM;dt_scores_soft_binary_crossentropy_data_random_std_Loan Credit_STANDARDUNIFORM;dt_scores_binary_crossentropy_data_random_std_Loan Credit_STANDARDUNIFORM;dt_scores_accuracy_data_random_std_Loan Credit_STANDARDUNIFORM;dt_scores_f1_score_data_random_std_Loan Credit_STANDARDUNIFORM;dt_scores_roc_auc_score_data_random_std_Loan Credit_STANDARDUNIFORM;dt_scores_runtime_Loan Credit_STANDARDUNIFORM;inet_scores_soft_binary_crossentropy_Loan Credit_STANDARDUNIFORM;inet_scores_binary_crossentropy_Loan Credit_STANDARDUNIFORM;inet_scores_accuracy_Loan Credit_STANDARDUNIFORM;inet_scores_f1_score_Loan Credit_STANDARDUNIFORM;inet_scores_roc_auc_score_Loan Credit_STANDARDUNIFORM;inet_scores_runtime_Loan Credit_STANDARDUNIFORM;model_scores_soft_binary_crossentropy_Loan Credit_STANDARDUNIFORM;model_scores_binary_crossentropy_Loan Credit_STANDARDUNIFORM;model_scores_accuracy_Loan Credit_STANDARDUNIFORM;model_scores_f1_score_Loan Credit_STANDARDUNIFORM;model_scores_roc_auc_score_Loan Credit_STANDARDUNIFORM;model_scores_runtime_Loan Credit_STANDARDUNIFORM;dt_scores_soft_binary_crossentropy_['uniform', 'normal', 'gamma', 'beta', 'poisson']_Medical Insurance_STANDARDUNIFORM;dt_scores_binary_crossentropy_['uniform', 'normal', 'gamma', 'beta', 'poisson']_Medical Insurance_STANDARDUNIFORM;dt_scores_accuracy_['uniform', 'normal', 'gamma', 'beta', 'poisson']_Medical Insurance_STANDARDUNIFORM;dt_scores_f1_score_['uniform', 'normal', 'gamma', 'beta', 'poisson']_Medical Insurance_STANDARDUNIFORM;dt_scores_roc_auc_score_['uniform', 'normal', 'gamma', 'beta', 'poisson']_Medical Insurance_STANDARDUNIFORM;dt_scores_soft_binary_crossentropy_data_random_['uniform', 'normal', 'gamma', 'beta', 'poisson']_Medical Insurance_STANDARDUNIFORM;dt_scores_binary_crossentropy_data_random_['uniform', 'normal', 'gamma', 'beta', 'poisson']_Medical Insurance_STANDARDUNIFORM;dt_scores_accuracy_data_random_['uniform', 'normal', 'gamma', 'beta', 'poisson']_Medical Insurance_STANDARDUNIFORM;dt_scores_f1_score_data_random_['uniform', 'normal', 'gamma', 'beta', 'poisson']_Medical Insurance_STANDARDUNIFORM;dt_scores_roc_auc_score_data_random_['uniform', 'normal', 'gamma', 'beta', 'poisson']_Medical Insurance_STANDARDUNIFORM;dt_scores_runtime_['uniform', 'normal', 'gamma', 'beta', 'poisson']_Medical Insurance_STANDARDUNIFORM;dt_scores_soft_binary_crossentropy_Medical Insurance_STANDARDUNIFORM;dt_scores_binary_crossentropy_Medical Insurance_STANDARDUNIFORM;dt_scores_accuracy_Medical Insurance_STANDARDUNIFORM;dt_scores_f1_score_Medical Insurance_STANDARDUNIFORM;dt_scores_roc_auc_score_Medical Insurance_STANDARDUNIFORM;dt_scores_soft_binary_crossentropy_data_random_Medical Insurance_STANDARDUNIFORM;dt_scores_binary_crossentropy_data_random_Medical Insurance_STANDARDUNIFORM;dt_scores_accuracy_data_random_Medical Insurance_STANDARDUNIFORM;dt_scores_f1_score_data_random_Medical Insurance_STANDARDUNIFORM;dt_scores_roc_auc_score_data_random_Medical Insurance_STANDARDUNIFORM;dt_scores_soft_binary_crossentropy_std_Medical Insurance_STANDARDUNIFORM;dt_scores_binary_crossentropy_std_Medical Insurance_STANDARDUNIFORM;dt_scores_accuracy_std_Medical Insurance_STANDARDUNIFORM;dt_scores_f1_score_std_Medical Insurance_STANDARDUNIFORM;dt_scores_roc_auc_score_std_Medical Insurance_STANDARDUNIFORM;dt_scores_soft_binary_crossentropy_data_random_std_Medical Insurance_STANDARDUNIFORM;dt_scores_binary_crossentropy_data_random_std_Medical Insurance_STANDARDUNIFORM;dt_scores_accuracy_data_random_std_Medical Insurance_STANDARDUNIFORM;dt_scores_f1_score_data_random_std_Medical Insurance_STANDARDUNIFORM;dt_scores_roc_auc_score_data_random_std_Medical Insurance_STANDARDUNIFORM;dt_scores_runtime_Medical Insurance_STANDARDUNIFORM;inet_scores_soft_binary_crossentropy_Medical Insurance_STANDARDUNIFORM;inet_scores_binary_crossentropy_Medical Insurance_STANDARDUNIFORM;inet_scores_accuracy_Medical Insurance_STANDARDUNIFORM;inet_scores_f1_score_Medical Insurance_STANDARDUNIFORM;inet_scores_roc_auc_score_Medical Insurance_STANDARDUNIFORM;inet_scores_runtime_Medical Insurance_STANDARDUNIFORM;model_scores_soft_binary_crossentropy_Medical Insurance_STANDARDUNIFORM;model_scores_binary_crossentropy_Medical Insurance_STANDARDUNIFORM;model_scores_accuracy_Medical Insurance_STANDARDUNIFORM;model_scores_f1_score_Medical Insurance_STANDARDUNIFORM;model_scores_roc_auc_score_Medical Insurance_STANDARDUNIFORM;model_scores_runtime_Medical Insurance_STANDARDUNIFORM;dt_scores_soft_binary_crossentropy_['uniform', 'normal', 'gamma', 'beta', 'poisson']_Bank Marketing_STANDARDUNIFORM;dt_scores_binary_crossentropy_['uniform', 'normal', 'gamma', 'beta', 'poisson']_Bank Marketing_STANDARDUNIFORM;dt_scores_accuracy_['uniform', 'normal', 'gamma', 'beta', 'poisson']_Bank Marketing_STANDARDUNIFORM;dt_scores_f1_score_['uniform', 'normal', 'gamma', 'beta', 'poisson']_Bank Marketing_STANDARDUNIFORM;dt_scores_roc_auc_score_['uniform', 'normal', 'gamma', 'beta', 'poisson']_Bank Marketing_STANDARDUNIFORM;dt_scores_soft_binary_crossentropy_data_random_['uniform', 'normal', 'gamma', 'beta', 'poisson']_Bank Marketing_STANDARDUNIFORM;dt_scores_binary_crossentropy_data_random_['uniform', 'normal', 'gamma', 'beta', 'poisson']_Bank Marketing_STANDARDUNIFORM;dt_scores_accuracy_data_random_['uniform', 'normal', 'gamma', 'beta', 'poisson']_Bank Marketing_STANDARDUNIFORM;dt_scores_f1_score_data_random_['uniform', 'normal', 'gamma', 'beta', 'poisson']_Bank Marketing_STANDARDUNIFORM;dt_scores_roc_auc_score_data_random_['uniform', 'normal', 'gamma', 'beta', 'poisson']_Bank Marketing_STANDARDUNIFORM;dt_scores_runtime_['uniform', 'normal', 'gamma', 'beta', 'poisson']_Bank Marketing_STANDARDUNIFORM;dt_scores_soft_binary_crossentropy_Bank Marketing_STANDARDUNIFORM;dt_scores_binary_crossentropy_Bank Marketing_STANDARDUNIFORM;dt_scores_accuracy_Bank Marketing_STANDARDUNIFORM;dt_scores_f1_score_Bank Marketing_STANDARDUNIFORM;dt_scores_roc_auc_score_Bank Marketing_STANDARDUNIFORM;dt_scores_soft_binary_crossentropy_data_random_Bank Marketing_STANDARDUNIFORM;dt_scores_binary_crossentropy_data_random_Bank Marketing_STANDARDUNIFORM;dt_scores_accuracy_data_random_Bank Marketing_STANDARDUNIFORM;dt_scores_f1_score_data_random_Bank Marketing_STANDARDUNIFORM;dt_scores_roc_auc_score_data_random_Bank Marketing_STANDARDUNIFORM;dt_scores_soft_binary_crossentropy_std_Bank Marketing_STANDARDUNIFORM;dt_scores_binary_crossentropy_std_Bank Marketing_STANDARDUNIFORM;dt_scores_accuracy_std_Bank Marketing_STANDARDUNIFORM;dt_scores_f1_score_std_Bank Marketing_STANDARDUNIFORM;dt_scores_roc_auc_score_std_Bank Marketing_STANDARDUNIFORM;dt_scores_soft_binary_crossentropy_data_random_std_Bank Marketing_STANDARDUNIFORM;dt_scores_binary_crossentropy_data_random_std_Bank Marketing_STANDARDUNIFORM;dt_scores_accuracy_data_random_std_Bank Marketing_STANDARDUNIFORM;dt_scores_f1_score_data_random_std_Bank Marketing_STANDARDUNIFORM;dt_scores_roc_auc_score_data_random_std_Bank Marketing_STANDARDUNIFORM;dt_scores_runtime_Bank Marketing_STANDARDUNIFORM;inet_scores_soft_binary_crossentropy_Bank Marketing_STANDARDUNIFORM;inet_scores_binary_crossentropy_Bank Marketing_STANDARDUNIFORM;inet_scores_accuracy_Bank Marketing_STANDARDUNIFORM;inet_scores_f1_score_Bank Marketing_STANDARDUNIFORM;inet_scores_roc_auc_score_Bank Marketing_STANDARDUNIFORM;inet_scores_runtime_Bank Marketing_STANDARDUNIFORM;model_scores_soft_binary_crossentropy_Bank Marketing_STANDARDUNIFORM;model_scores_binary_crossentropy_Bank Marketing_STANDARDUNIFORM;model_scores_accuracy_Bank Marketing_STANDARDUNIFORM;model_scores_f1_score_Bank Marketing_STANDARDUNIFORM;model_scores_roc_auc_score_Bank Marketing_STANDARDUNIFORM;model_scores_runtime_Bank Marketing_STANDARDUNIFORM;dt_scores_soft_binary_crossentropy_['uniform', 'normal', 'gamma', 'beta', 'poisson']_Cervical Cancer_STANDARDUNIFORM;dt_scores_binary_crossentropy_['uniform', 'normal', 'gamma', 'beta', 'poisson']_Cervical Cancer_STANDARDUNIFORM;dt_scores_accuracy_['uniform', 'normal', 'gamma', 'beta', 'poisson']_Cervical Cancer_STANDARDUNIFORM;dt_scores_f1_score_['uniform', 'normal', 'gamma', 'beta', 'poisson']_Cervical Cancer_STANDARDUNIFORM;dt_scores_roc_auc_score_['uniform', 'normal', 'gamma', 'beta', 'poisson']_Cervical Cancer_STANDARDUNIFORM;dt_scores_soft_binary_crossentropy_data_random_['uniform', 'normal', 'gamma', 'beta', 'poisson']_Cervical Cancer_STANDARDUNIFORM;dt_scores_binary_crossentropy_data_random_['uniform', 'normal', 'gamma', 'beta', 'poisson']_Cervical Cancer_STANDARDUNIFORM;dt_scores_accuracy_data_random_['uniform', 'normal', 'gamma', 'beta', 'poisson']_Cervical Cancer_STANDARDUNIFORM;dt_scores_f1_score_data_random_['uniform', 'normal', 'gamma', 'beta', 'poisson']_Cervical Cancer_STANDARDUNIFORM;dt_scores_roc_auc_score_data_random_['uniform', 'normal', 'gamma', 'beta', 'poisson']_Cervical Cancer_STANDARDUNIFORM;dt_scores_runtime_['uniform', 'normal', 'gamma', 'beta', 'poisson']_Cervical Cancer_STANDARDUNIFORM;dt_scores_soft_binary_crossentropy_Cervical Cancer_STANDARDUNIFORM;dt_scores_binary_crossentropy_Cervical Cancer_STANDARDUNIFORM;dt_scores_accuracy_Cervical Cancer_STANDARDUNIFORM;dt_scores_f1_score_Cervical Cancer_STANDARDUNIFORM;dt_scores_roc_auc_score_Cervical Cancer_STANDARDUNIFORM;dt_scores_soft_binary_crossentropy_data_random_Cervical Cancer_STANDARDUNIFORM;dt_scores_binary_crossentropy_data_random_Cervical Cancer_STANDARDUNIFORM;dt_scores_accuracy_data_random_Cervical Cancer_STANDARDUNIFORM;dt_scores_f1_score_data_random_Cervical Cancer_STANDARDUNIFORM;dt_scores_roc_auc_score_data_random_Cervical Cancer_STANDARDUNIFORM;dt_scores_soft_binary_crossentropy_std_Cervical Cancer_STANDARDUNIFORM;dt_scores_binary_crossentropy_std_Cervical Cancer_STANDARDUNIFORM;dt_scores_accuracy_std_Cervical Cancer_STANDARDUNIFORM;dt_scores_f1_score_std_Cervical Cancer_STANDARDUNIFORM;dt_scores_roc_auc_score_std_Cervical Cancer_STANDARDUNIFORM;dt_scores_soft_binary_crossentropy_data_random_std_Cervical Cancer_STANDARDUNIFORM;dt_scores_binary_crossentropy_data_random_std_Cervical Cancer_STANDARDUNIFORM;dt_scores_accuracy_data_random_std_Cervical Cancer_STANDARDUNIFORM;dt_scores_f1_score_data_random_std_Cervical Cancer_STANDARDUNIFORM;dt_scores_roc_auc_score_data_random_std_Cervical Cancer_STANDARDUNIFORM;dt_scores_runtime_Cervical Cancer_STANDARDUNIFORM;inet_scores_soft_binary_crossentropy_Cervical Cancer_STANDARDUNIFORM;inet_scores_binary_crossentropy_Cervical Cancer_STANDARDUNIFORM;inet_scores_accuracy_Cervical Cancer_STANDARDUNIFORM;inet_scores_f1_score_Cervical Cancer_STANDARDUNIFORM;inet_scores_roc_auc_score_Cervical Cancer_STANDARDUNIFORM;inet_scores_runtime_Cervical Cancer_STANDARDUNIFORM;model_scores_soft_binary_crossentropy_Cervical Cancer_STANDARDUNIFORM;model_scores_binary_crossentropy_Cervical Cancer_STANDARDUNIFORM;model_scores_accuracy_Cervical Cancer_STANDARDUNIFORM;model_scores_f1_score_Cervical Cancer_STANDARDUNIFORM;model_scores_roc_auc_score_Cervical Cancer_STANDARDUNIFORM;model_scores_runtime_Cervical Cancer_STANDARDUNIFORM;dt_scores_soft_binary_crossentropy_['uniform', 'normal', 'gamma', 'beta', 'poisson']_Brest Cancer Wisconsin_STANDARDUNIFORM;dt_scores_binary_crossentropy_['uniform', 'normal', 'gamma', 'beta', 'poisson']_Brest Cancer Wisconsin_STANDARDUNIFORM;dt_scores_accuracy_['uniform', 'normal', 'gamma', 'beta', 'poisson']_Brest Cancer Wisconsin_STANDARDUNIFORM;dt_scores_f1_score_['uniform', 'normal', 'gamma', 'beta', 'poisson']_Brest Cancer Wisconsin_STANDARDUNIFORM;dt_scores_roc_auc_score_['uniform', 'normal', 'gamma', 'beta', 'poisson']_Brest Cancer Wisconsin_STANDARDUNIFORM;dt_scores_soft_binary_crossentropy_data_random_['uniform', 'normal', 'gamma', 'beta', 'poisson']_Brest Cancer Wisconsin_STANDARDUNIFORM;dt_scores_binary_crossentropy_data_random_['uniform', 'normal', 'gamma', 'beta', 'poisson']_Brest Cancer Wisconsin_STANDARDUNIFORM;dt_scores_accuracy_data_random_['uniform', 'normal', 'gamma', 'beta', 'poisson']_Brest Cancer Wisconsin_STANDARDUNIFORM;dt_scores_f1_score_data_random_['uniform', 'normal', 'gamma', 'beta', 'poisson']_Brest Cancer Wisconsin_STANDARDUNIFORM;dt_scores_roc_auc_score_data_random_['uniform', 'normal', 'gamma', 'beta', 'poisson']_Brest Cancer Wisconsin_STANDARDUNIFORM;dt_scores_runtime_['uniform', 'normal', 'gamma', 'beta', 'poisson']_Brest Cancer Wisconsin_STANDARDUNIFORM;dt_scores_soft_binary_crossentropy_Brest Cancer Wisconsin_STANDARDUNIFORM;dt_scores_binary_crossentropy_Brest Cancer Wisconsin_STANDARDUNIFORM;dt_scores_accuracy_Brest Cancer Wisconsin_STANDARDUNIFORM;dt_scores_f1_score_Brest Cancer Wisconsin_STANDARDUNIFORM;dt_scores_roc_auc_score_Brest Cancer Wisconsin_STANDARDUNIFORM;dt_scores_soft_binary_crossentropy_data_random_Brest Cancer Wisconsin_STANDARDUNIFORM;dt_scores_binary_crossentropy_data_random_Brest Cancer Wisconsin_STANDARDUNIFORM;dt_scores_accuracy_data_random_Brest Cancer Wisconsin_STANDARDUNIFORM;dt_scores_f1_score_data_random_Brest Cancer Wisconsin_STANDARDUNIFORM;dt_scores_roc_auc_score_data_random_Brest Cancer Wisconsin_STANDARDUNIFORM;dt_scores_soft_binary_crossentropy_std_Brest Cancer Wisconsin_STANDARDUNIFORM;dt_scores_binary_crossentropy_std_Brest Cancer Wisconsin_STANDARDUNIFORM;dt_scores_accuracy_std_Brest Cancer Wisconsin_STANDARDUNIFORM;dt_scores_f1_score_std_Brest Cancer Wisconsin_STANDARDUNIFORM;dt_scores_roc_auc_score_std_Brest Cancer Wisconsin_STANDARDUNIFORM;dt_scores_soft_binary_crossentropy_data_random_std_Brest Cancer Wisconsin_STANDARDUNIFORM;dt_scores_binary_crossentropy_data_random_std_Brest Cancer Wisconsin_STANDARDUNIFORM;dt_scores_accuracy_data_random_std_Brest Cancer Wisconsin_STANDARDUNIFORM;dt_scores_f1_score_data_random_std_Brest Cancer Wisconsin_STANDARDUNIFORM;dt_scores_roc_auc_score_data_random_std_Brest Cancer Wisconsin_STANDARDUNIFORM;dt_scores_runtime_Brest Cancer Wisconsin_STANDARDUNIFORM;inet_scores_soft_binary_crossentropy_Brest Cancer Wisconsin_STANDARDUNIFORM;inet_scores_binary_crossentropy_Brest Cancer Wisconsin_STANDARDUNIFORM;inet_scores_accuracy_Brest Cancer Wisconsin_STANDARDUNIFORM;inet_scores_f1_score_Brest Cancer Wisconsin_STANDARDUNIFORM;inet_scores_roc_auc_score_Brest Cancer Wisconsin_STANDARDUNIFORM;inet_scores_runtime_Brest Cancer Wisconsin_STANDARDUNIFORM;model_scores_soft_binary_crossentropy_Brest Cancer Wisconsin_STANDARDUNIFORM;model_scores_binary_crossentropy_Brest Cancer Wisconsin_STANDARDUNIFORM;model_scores_accuracy_Brest Cancer Wisconsin_STANDARDUNIFORM;model_scores_f1_score_Brest Cancer Wisconsin_STANDARDUNIFORM;model_scores_roc_auc_score_Brest Cancer Wisconsin_STANDARDUNIFORM;model_scores_runtime_Brest Cancer Wisconsin_STANDARDUNIFORM;dt_scores_soft_binary_crossentropy_['uniform', 'normal', 'gamma', 'beta', 'poisson']_Wisconsin Diagnostic Breast Cancer_STANDARDUNIFORM;dt_scores_binary_crossentropy_['uniform', 'normal', 'gamma', 'beta', 'poisson']_Wisconsin Diagnostic Breast Cancer_STANDARDUNIFORM;dt_scores_accuracy_['uniform', 'normal', 'gamma', 'beta', 'poisson']_Wisconsin Diagnostic Breast Cancer_STANDARDUNIFORM;dt_scores_f1_score_['uniform', 'normal', 'gamma', 'beta', 'poisson']_Wisconsin Diagnostic Breast Cancer_STANDARDUNIFORM;dt_scores_roc_auc_score_['uniform', 'normal', 'gamma', 'beta', 'poisson']_Wisconsin Diagnostic Breast Cancer_STANDARDUNIFORM;dt_scores_soft_binary_crossentropy_data_random_['uniform', 'normal', 'gamma', 'beta', 'poisson']_Wisconsin Diagnostic Breast Cancer_STANDARDUNIFORM;dt_scores_binary_crossentropy_data_random_['uniform', 'normal', 'gamma', 'beta', 'poisson']_Wisconsin Diagnostic Breast Cancer_STANDARDUNIFORM;dt_scores_accuracy_data_random_['uniform', 'normal', 'gamma', 'beta', 'poisson']_Wisconsin Diagnostic Breast Cancer_STANDARDUNIFORM;dt_scores_f1_score_data_random_['uniform', 'normal', 'gamma', 'beta', 'poisson']_Wisconsin Diagnostic Breast Cancer_STANDARDUNIFORM;dt_scores_roc_auc_score_data_random_['uniform', 'normal', 'gamma', 'beta', 'poisson']_Wisconsin Diagnostic Breast Cancer_STANDARDUNIFORM;dt_scores_runtime_['uniform', 'normal', 'gamma', 'beta', 'poisson']_Wisconsin Diagnostic Breast Cancer_STANDARDUNIFORM;dt_scores_soft_binary_crossentropy_Wisconsin Diagnostic Breast Cancer_STANDARDUNIFORM;dt_scores_binary_crossentropy_Wisconsin Diagnostic Breast Cancer_STANDARDUNIFORM;dt_scores_accuracy_Wisconsin Diagnostic Breast Cancer_STANDARDUNIFORM;dt_scores_f1_score_Wisconsin Diagnostic Breast Cancer_STANDARDUNIFORM;dt_scores_roc_auc_score_Wisconsin Diagnostic Breast Cancer_STANDARDUNIFORM;dt_scores_soft_binary_crossentropy_data_random_Wisconsin Diagnostic Breast Cancer_STANDARDUNIFORM;dt_scores_binary_crossentropy_data_random_Wisconsin Diagnostic Breast Cancer_STANDARDUNIFORM;dt_scores_accuracy_data_random_Wisconsin Diagnostic Breast Cancer_STANDARDUNIFORM;dt_scores_f1_score_data_random_Wisconsin Diagnostic Breast Cancer_STANDARDUNIFORM;dt_scores_roc_auc_score_data_random_Wisconsin Diagnostic Breast Cancer_STANDARDUNIFORM;dt_scores_soft_binary_crossentropy_std_Wisconsin Diagnostic Breast Cancer_STANDARDUNIFORM;dt_scores_binary_crossentropy_std_Wisconsin Diagnostic Breast Cancer_STANDARDUNIFORM;dt_scores_accuracy_std_Wisconsin Diagnostic Breast Cancer_STANDARDUNIFORM;dt_scores_f1_score_std_Wisconsin Diagnostic Breast Cancer_STANDARDUNIFORM;dt_scores_roc_auc_score_std_Wisconsin Diagnostic Breast Cancer_STANDARDUNIFORM;dt_scores_soft_binary_crossentropy_data_random_std_Wisconsin Diagnostic Breast Cancer_STANDARDUNIFORM;dt_scores_binary_crossentropy_data_random_std_Wisconsin Diagnostic Breast Cancer_STANDARDUNIFORM;dt_scores_accuracy_data_random_std_Wisconsin Diagnostic Breast Cancer_STANDARDUNIFORM;dt_scores_f1_score_data_random_std_Wisconsin Diagnostic Breast Cancer_STANDARDUNIFORM;dt_scores_roc_auc_score_data_random_std_Wisconsin Diagnostic Breast Cancer_STANDARDUNIFORM;dt_scores_runtime_Wisconsin Diagnostic Breast Cancer_STANDARDUNIFORM;inet_scores_soft_binary_crossentropy_Wisconsin Diagnostic Breast Cancer_STANDARDUNIFORM;inet_scores_binary_crossentropy_Wisconsin Diagnostic Breast Cancer_STANDARDUNIFORM;inet_scores_accuracy_Wisconsin Diagnostic Breast Cancer_STANDARDUNIFORM;inet_scores_f1_score_Wisconsin Diagnostic Breast Cancer_STANDARDUNIFORM;inet_scores_roc_auc_score_Wisconsin Diagnostic Breast Cancer_STANDARDUNIFORM;inet_scores_runtime_Wisconsin Diagnostic Breast Cancer_STANDARDUNIFORM;model_scores_soft_binary_crossentropy_Wisconsin Diagnostic Breast Cancer_STANDARDUNIFORM;model_scores_binary_crossentropy_Wisconsin Diagnostic Breast Cancer_STANDARDUNIFORM;model_scores_accuracy_Wisconsin Diagnostic Breast Cancer_STANDARDUNIFORM;model_scores_f1_score_Wisconsin Diagnostic Breast Cancer_STANDARDUNIFORM;model_scores_roc_auc_score_Wisconsin Diagnostic Breast Cancer_STANDARDUNIFORM;model_scores_runtime_Wisconsin Diagnostic Breast Cancer_STANDARDUNIFORM;dt_scores_soft_binary_crossentropy_['uniform', 'normal', 'gamma', 'beta', 'poisson']_Wisconsin Prognostic Breast Cancer_STANDARDUNIFORM;dt_scores_binary_crossentropy_['uniform', 'normal', 'gamma', 'beta', 'poisson']_Wisconsin Prognostic Breast Cancer_STANDARDUNIFORM;dt_scores_accuracy_['uniform', 'normal', 'gamma', 'beta', 'poisson']_Wisconsin Prognostic Breast Cancer_STANDARDUNIFORM;dt_scores_f1_score_['uniform', 'normal', 'gamma', 'beta', 'poisson']_Wisconsin Prognostic Breast Cancer_STANDARDUNIFORM;dt_scores_roc_auc_score_['uniform', 'normal', 'gamma', 'beta', 'poisson']_Wisconsin Prognostic Breast Cancer_STANDARDUNIFORM;dt_scores_soft_binary_crossentropy_data_random_['uniform', 'normal', 'gamma', 'beta', 'poisson']_Wisconsin Prognostic Breast Cancer_STANDARDUNIFORM;dt_scores_binary_crossentropy_data_random_['uniform', 'normal', 'gamma', 'beta', 'poisson']_Wisconsin Prognostic Breast Cancer_STANDARDUNIFORM;dt_scores_accuracy_data_random_['uniform', 'normal', 'gamma', 'beta', 'poisson']_Wisconsin Prognostic Breast Cancer_STANDARDUNIFORM;dt_scores_f1_score_data_random_['uniform', 'normal', 'gamma', 'beta', 'poisson']_Wisconsin Prognostic Breast Cancer_STANDARDUNIFORM;dt_scores_roc_auc_score_data_random_['uniform', 'normal', 'gamma', 'beta', 'poisson']_Wisconsin Prognostic Breast Cancer_STANDARDUNIFORM;dt_scores_runtime_['uniform', 'normal', 'gamma', 'beta', 'poisson']_Wisconsin Prognostic Breast Cancer_STANDARDUNIFORM;dt_scores_soft_binary_crossentropy_Wisconsin Prognostic Breast Cancer_STANDARDUNIFORM;dt_scores_binary_crossentropy_Wisconsin Prognostic Breast Cancer_STANDARDUNIFORM;dt_scores_accuracy_Wisconsin Prognostic Breast Cancer_STANDARDUNIFORM;dt_scores_f1_score_Wisconsin Prognostic Breast Cancer_STANDARDUNIFORM;dt_scores_roc_auc_score_Wisconsin Prognostic Breast Cancer_STANDARDUNIFORM;dt_scores_soft_binary_crossentropy_data_random_Wisconsin Prognostic Breast Cancer_STANDARDUNIFORM;dt_scores_binary_crossentropy_data_random_Wisconsin Prognostic Breast Cancer_STANDARDUNIFORM;dt_scores_accuracy_data_random_Wisconsin Prognostic Breast Cancer_STANDARDUNIFORM;dt_scores_f1_score_data_random_Wisconsin Prognostic Breast Cancer_STANDARDUNIFORM;dt_scores_roc_auc_score_data_random_Wisconsin Prognostic Breast Cancer_STANDARDUNIFORM;dt_scores_soft_binary_crossentropy_std_Wisconsin Prognostic Breast Cancer_STANDARDUNIFORM;dt_scores_binary_crossentropy_std_Wisconsin Prognostic Breast Cancer_STANDARDUNIFORM;dt_scores_accuracy_std_Wisconsin Prognostic Breast Cancer_STANDARDUNIFORM;dt_scores_f1_score_std_Wisconsin Prognostic Breast Cancer_STANDARDUNIFORM;dt_scores_roc_auc_score_std_Wisconsin Prognostic Breast Cancer_STANDARDUNIFORM;dt_scores_soft_binary_crossentropy_data_random_std_Wisconsin Prognostic Breast Cancer_STANDARDUNIFORM;dt_scores_binary_crossentropy_data_random_std_Wisconsin Prognostic Breast Cancer_STANDARDUNIFORM;dt_scores_accuracy_data_random_std_Wisconsin Prognostic Breast Cancer_STANDARDUNIFORM;dt_scores_f1_score_data_random_std_Wisconsin Prognostic Breast Cancer_STANDARDUNIFORM;dt_scores_roc_auc_score_data_random_std_Wisconsin Prognostic Breast Cancer_STANDARDUNIFORM;dt_scores_runtime_Wisconsin Prognostic Breast Cancer_STANDARDUNIFORM;inet_scores_soft_binary_crossentropy_Wisconsin Prognostic Breast Cancer_STANDARDUNIFORM;inet_scores_binary_crossentropy_Wisconsin Prognostic Breast Cancer_STANDARDUNIFORM;inet_scores_accuracy_Wisconsin Prognostic Breast Cancer_STANDARDUNIFORM;inet_scores_f1_score_Wisconsin Prognostic Breast Cancer_STANDARDUNIFORM;inet_scores_roc_auc_score_Wisconsin Prognostic Breast Cancer_STANDARDUNIFORM;inet_scores_runtime_Wisconsin Prognostic Breast Cancer_STANDARDUNIFORM;model_scores_soft_binary_crossentropy_Wisconsin Prognostic Breast Cancer_STANDARDUNIFORM;model_scores_binary_crossentropy_Wisconsin Prognostic Breast Cancer_STANDARDUNIFORM;model_scores_accuracy_Wisconsin Prognostic Breast Cancer_STANDARDUNIFORM;model_scores_f1_score_Wisconsin Prognostic Breast Cancer_STANDARDUNIFORM;model_scores_roc_auc_score_Wisconsin Prognostic Breast Cancer_STANDARDUNIFORM;model_scores_runtime_Wisconsin Prognostic Breast Cancer_STANDARDUNIFORM;dt_scores_soft_binary_crossentropy_['uniform', 'normal', 'gamma', 'beta', 'poisson']_Abalone_STANDARDUNIFORM;dt_scores_binary_crossentropy_['uniform', 'normal', 'gamma', 'beta', 'poisson']_Abalone_STANDARDUNIFORM;dt_scores_accuracy_['uniform', 'normal', 'gamma', 'beta', 'poisson']_Abalone_STANDARDUNIFORM;dt_scores_f1_score_['uniform', 'normal', 'gamma', 'beta', 'poisson']_Abalone_STANDARDUNIFORM;dt_scores_roc_auc_score_['uniform', 'normal', 'gamma', 'beta', 'poisson']_Abalone_STANDARDUNIFORM;dt_scores_soft_binary_crossentropy_data_random_['uniform', 'normal', 'gamma', 'beta', 'poisson']_Abalone_STANDARDUNIFORM;dt_scores_binary_crossentropy_data_random_['uniform', 'normal', 'gamma', 'beta', 'poisson']_Abalone_STANDARDUNIFORM;dt_scores_accuracy_data_random_['uniform', 'normal', 'gamma', 'beta', 'poisson']_Abalone_STANDARDUNIFORM;dt_scores_f1_score_data_random_['uniform', 'normal', 'gamma', 'beta', 'poisson']_Abalone_STANDARDUNIFORM;dt_scores_roc_auc_score_data_random_['uniform', 'normal', 'gamma', 'beta', 'poisson']_Abalone_STANDARDUNIFORM;dt_scores_runtime_['uniform', 'normal', 'gamma', 'beta', 'poisson']_Abalone_STANDARDUNIFORM;dt_scores_soft_binary_crossentropy_Abalone_STANDARDUNIFORM;dt_scores_binary_crossentropy_Abalone_STANDARDUNIFORM;dt_scores_accuracy_Abalone_STANDARDUNIFORM;dt_scores_f1_score_Abalone_STANDARDUNIFORM;dt_scores_roc_auc_score_Abalone_STANDARDUNIFORM;dt_scores_soft_binary_crossentropy_data_random_Abalone_STANDARDUNIFORM;dt_scores_binary_crossentropy_data_random_Abalone_STANDARDUNIFORM;dt_scores_accuracy_data_random_Abalone_STANDARDUNIFORM;dt_scores_f1_score_data_random_Abalone_STANDARDUNIFORM;dt_scores_roc_auc_score_data_random_Abalone_STANDARDUNIFORM;dt_scores_soft_binary_crossentropy_std_Abalone_STANDARDUNIFORM;dt_scores_binary_crossentropy_std_Abalone_STANDARDUNIFORM;dt_scores_accuracy_std_Abalone_STANDARDUNIFORM;dt_scores_f1_score_std_Abalone_STANDARDUNIFORM;dt_scores_roc_auc_score_std_Abalone_STANDARDUNIFORM;dt_scores_soft_binary_crossentropy_data_random_std_Abalone_STANDARDUNIFORM;dt_scores_binary_crossentropy_data_random_std_Abalone_STANDARDUNIFORM;dt_scores_accuracy_data_random_std_Abalone_STANDARDUNIFORM;dt_scores_f1_score_data_random_std_Abalone_STANDARDUNIFORM;dt_scores_roc_auc_score_data_random_std_Abalone_STANDARDUNIFORM;dt_scores_runtime_Abalone_STANDARDUNIFORM;inet_scores_soft_binary_crossentropy_Abalone_STANDARDUNIFORM;inet_scores_binary_crossentropy_Abalone_STANDARDUNIFORM;inet_scores_accuracy_Abalone_STANDARDUNIFORM;inet_scores_f1_score_Abalone_STANDARDUNIFORM;inet_scores_roc_auc_score_Abalone_STANDARDUNIFORM;inet_scores_runtime_Abalone_STANDARDUNIFORM;model_scores_soft_binary_crossentropy_Abalone_STANDARDUNIFORM;model_scores_binary_crossentropy_Abalone_STANDARDUNIFORM;model_scores_accuracy_Abalone_STANDARDUNIFORM;model_scores_f1_score_Abalone_STANDARDUNIFORM;model_scores_roc_auc_score_Abalone_STANDARDUNIFORM;model_scores_runtime_Abalone_STANDARDUNIFORM;dt_scores_soft_binary_crossentropy_['uniform', 'normal', 'gamma', 'beta', 'poisson']_Car_STANDARDUNIFORM;dt_scores_binary_crossentropy_['uniform', 'normal', 'gamma', 'beta', 'poisson']_Car_STANDARDUNIFORM;dt_scores_accuracy_['uniform', 'normal', 'gamma', 'beta', 'poisson']_Car_STANDARDUNIFORM;dt_scores_f1_score_['uniform', 'normal', 'gamma', 'beta', 'poisson']_Car_STANDARDUNIFORM;dt_scores_roc_auc_score_['uniform', 'normal', 'gamma', 'beta', 'poisson']_Car_STANDARDUNIFORM;dt_scores_soft_binary_crossentropy_data_random_['uniform', 'normal', 'gamma', 'beta', 'poisson']_Car_STANDARDUNIFORM;dt_scores_binary_crossentropy_data_random_['uniform', 'normal', 'gamma', 'beta', 'poisson']_Car_STANDARDUNIFORM;dt_scores_accuracy_data_random_['uniform', 'normal', 'gamma', 'beta', 'poisson']_Car_STANDARDUNIFORM;dt_scores_f1_score_data_random_['uniform', 'normal', 'gamma', 'beta', 'poisson']_Car_STANDARDUNIFORM;dt_scores_roc_auc_score_data_random_['uniform', 'normal', 'gamma', 'beta', 'poisson']_Car_STANDARDUNIFORM;dt_scores_runtime_['uniform', 'normal', 'gamma', 'beta', 'poisson']_Car_STANDARDUNIFORM;dt_scores_soft_binary_crossentropy_Car_STANDARDUNIFORM;dt_scores_binary_crossentropy_Car_STANDARDUNIFORM;dt_scores_accuracy_Car_STANDARDUNIFORM;dt_scores_f1_score_Car_STANDARDUNIFORM;dt_scores_roc_auc_score_Car_STANDARDUNIFORM;dt_scores_soft_binary_crossentropy_data_random_Car_STANDARDUNIFORM;dt_scores_binary_crossentropy_data_random_Car_STANDARDUNIFORM;dt_scores_accuracy_data_random_Car_STANDARDUNIFORM;dt_scores_f1_score_data_random_Car_STANDARDUNIFORM;dt_scores_roc_auc_score_data_random_Car_STANDARDUNIFORM;dt_scores_soft_binary_crossentropy_std_Car_STANDARDUNIFORM;dt_scores_binary_crossentropy_std_Car_STANDARDUNIFORM;dt_scores_accuracy_std_Car_STANDARDUNIFORM;dt_scores_f1_score_std_Car_STANDARDUNIFORM;dt_scores_roc_auc_score_std_Car_STANDARDUNIFORM;dt_scores_soft_binary_crossentropy_data_random_std_Car_STANDARDUNIFORM;dt_scores_binary_crossentropy_data_random_std_Car_STANDARDUNIFORM;dt_scores_accuracy_data_random_std_Car_STANDARDUNIFORM;dt_scores_f1_score_data_random_std_Car_STANDARDUNIFORM;dt_scores_roc_auc_score_data_random_std_Car_STANDARDUNIFORM;dt_scores_runtime_Car_STANDARDUNIFORM;inet_scores_soft_binary_crossentropy_Car_STANDARDUNIFORM;inet_scores_binary_crossentropy_Car_STANDARDUNIFORM;inet_scores_accuracy_Car_STANDARDUNIFORM;inet_scores_f1_score_Car_STANDARDUNIFORM;inet_scores_roc_auc_score_Car_STANDARDUNIFORM;inet_scores_runtime_Car_STANDARDUNIFORM;model_scores_soft_binary_crossentropy_Car_STANDARDUNIFORM;model_scores_binary_crossentropy_Car_STANDARDUNIFORM;model_scores_accuracy_Car_STANDARDUNIFORM;model_scores_f1_score_Car_STANDARDUNIFORM;model_scores_roc_auc_score_Car_STANDARDUNIFORM;model_scores_runtime_Car_STANDARDUNIFORM;dt_scores_soft_binary_crossentropy_['uniform', 'normal', 'gamma', 'beta', 'poisson']_Heart Disease_STANDARDUNIFORM;dt_scores_binary_crossentropy_['uniform', 'normal', 'gamma', 'beta', 'poisson']_Heart Disease_STANDARDUNIFORM;dt_scores_accuracy_['uniform', 'normal', 'gamma', 'beta', 'poisson']_Heart Disease_STANDARDUNIFORM;dt_scores_f1_score_['uniform', 'normal', 'gamma', 'beta', 'poisson']_Heart Disease_STANDARDUNIFORM;dt_scores_roc_auc_score_['uniform', 'normal', 'gamma', 'beta', 'poisson']_Heart Disease_STANDARDUNIFORM;dt_scores_soft_binary_crossentropy_data_random_['uniform', 'normal', 'gamma', 'beta', 'poisson']_Heart Disease_STANDARDUNIFORM;dt_scores_binary_crossentropy_data_random_['uniform', 'normal', 'gamma', 'beta', 'poisson']_Heart Disease_STANDARDUNIFORM;dt_scores_accuracy_data_random_['uniform', 'normal', 'gamma', 'beta', 'poisson']_Heart Disease_STANDARDUNIFORM;dt_scores_f1_score_data_random_['uniform', 'normal', 'gamma', 'beta', 'poisson']_Heart Disease_STANDARDUNIFORM;dt_scores_roc_auc_score_data_random_['uniform', 'normal', 'gamma', 'beta', 'poisson']_Heart Disease_STANDARDUNIFORM;dt_scores_runtime_['uniform', 'normal', 'gamma', 'beta', 'poisson']_Heart Disease_STANDARDUNIFORM;dt_scores_soft_binary_crossentropy_Heart Disease_STANDARDUNIFORM;dt_scores_binary_crossentropy_Heart Disease_STANDARDUNIFORM;dt_scores_accuracy_Heart Disease_STANDARDUNIFORM;dt_scores_f1_score_Heart Disease_STANDARDUNIFORM;dt_scores_roc_auc_score_Heart Disease_STANDARDUNIFORM;dt_scores_soft_binary_crossentropy_data_random_Heart Disease_STANDARDUNIFORM;dt_scores_binary_crossentropy_data_random_Heart Disease_STANDARDUNIFORM;dt_scores_accuracy_data_random_Heart Disease_STANDARDUNIFORM;dt_scores_f1_score_data_random_Heart Disease_STANDARDUNIFORM;dt_scores_roc_auc_score_data_random_Heart Disease_STANDARDUNIFORM;dt_scores_soft_binary_crossentropy_std_Heart Disease_STANDARDUNIFORM;dt_scores_binary_crossentropy_std_Heart Disease_STANDARDUNIFORM;dt_scores_accuracy_std_Heart Disease_STANDARDUNIFORM;dt_scores_f1_score_std_Heart Disease_STANDARDUNIFORM;dt_scores_roc_auc_score_std_Heart Disease_STANDARDUNIFORM;dt_scores_soft_binary_crossentropy_data_random_std_Heart Disease_STANDARDUNIFORM;dt_scores_binary_crossentropy_data_random_std_Heart Disease_STANDARDUNIFORM;dt_scores_accuracy_data_random_std_Heart Disease_STANDARDUNIFORM;dt_scores_f1_score_data_random_std_Heart Disease_STANDARDUNIFORM;dt_scores_roc_auc_score_data_random_std_Heart Disease_STANDARDUNIFORM;dt_scores_runtime_Heart Disease_STANDARDUNIFORM;inet_scores_soft_binary_crossentropy_Heart Disease_STANDARDUNIFORM;inet_scores_binary_crossentropy_Heart Disease_STANDARDUNIFORM;inet_scores_accuracy_Heart Disease_STANDARDUNIFORM;inet_scores_f1_score_Heart Disease_STANDARDUNIFORM;inet_scores_roc_auc_score_Heart Disease_STANDARDUNIFORM;inet_scores_runtime_Heart Disease_STANDARDUNIFORM;model_scores_soft_binary_crossentropy_Heart Disease_STANDARDUNIFORM;model_scores_binary_crossentropy_Heart Disease_STANDARDUNIFORM;model_scores_accuracy_Heart Disease_STANDARDUNIFORM;model_scores_f1_score_Heart Disease_STANDARDUNIFORM;model_scores_roc_auc_score_Heart Disease_STANDARDUNIFORM;model_scores_runtime_Heart Disease_STANDARDUNIFORM;dt_scores_soft_binary_crossentropy_['uniform', 'normal', 'gamma', 'beta', 'poisson']_Credit Card_STANDARDUNIFORM;dt_scores_binary_crossentropy_['uniform', 'normal', 'gamma', 'beta', 'poisson']_Credit Card_STANDARDUNIFORM;dt_scores_accuracy_['uniform', 'normal', 'gamma', 'beta', 'poisson']_Credit Card_STANDARDUNIFORM;dt_scores_f1_score_['uniform', 'normal', 'gamma', 'beta', 'poisson']_Credit Card_STANDARDUNIFORM;dt_scores_roc_auc_score_['uniform', 'normal', 'gamma', 'beta', 'poisson']_Credit Card_STANDARDUNIFORM;dt_scores_soft_binary_crossentropy_data_random_['uniform', 'normal', 'gamma', 'beta', 'poisson']_Credit Card_STANDARDUNIFORM;dt_scores_binary_crossentropy_data_random_['uniform', 'normal', 'gamma', 'beta', 'poisson']_Credit Card_STANDARDUNIFORM;dt_scores_accuracy_data_random_['uniform', 'normal', 'gamma', 'beta', 'poisson']_Credit Card_STANDARDUNIFORM;dt_scores_f1_score_data_random_['uniform', 'normal', 'gamma', 'beta', 'poisson']_Credit Card_STANDARDUNIFORM;dt_scores_roc_auc_score_data_random_['uniform', 'normal', 'gamma', 'beta', 'poisson']_Credit Card_STANDARDUNIFORM;dt_scores_runtime_['uniform', 'normal', 'gamma', 'beta', 'poisson']_Credit Card_STANDARDUNIFORM;dt_scores_soft_binary_crossentropy_Credit Card_STANDARDUNIFORM;dt_scores_binary_crossentropy_Credit Card_STANDARDUNIFORM;dt_scores_accuracy_Credit Card_STANDARDUNIFORM;dt_scores_f1_score_Credit Card_STANDARDUNIFORM;dt_scores_roc_auc_score_Credit Card_STANDARDUNIFORM;dt_scores_soft_binary_crossentropy_data_random_Credit Card_STANDARDUNIFORM;dt_scores_binary_crossentropy_data_random_Credit Card_STANDARDUNIFORM;dt_scores_accuracy_data_random_Credit Card_STANDARDUNIFORM;dt_scores_f1_score_data_random_Credit Card_STANDARDUNIFORM;dt_scores_roc_auc_score_data_random_Credit Card_STANDARDUNIFORM;dt_scores_soft_binary_crossentropy_std_Credit Card_STANDARDUNIFORM;dt_scores_binary_crossentropy_std_Credit Card_STANDARDUNIFORM;dt_scores_accuracy_std_Credit Card_STANDARDUNIFORM;dt_scores_f1_score_std_Credit Card_STANDARDUNIFORM;dt_scores_roc_auc_score_std_Credit Card_STANDARDUNIFORM;dt_scores_soft_binary_crossentropy_data_random_std_Credit Card_STANDARDUNIFORM;dt_scores_binary_crossentropy_data_random_std_Credit Card_STANDARDUNIFORM;dt_scores_accuracy_data_random_std_Credit Card_STANDARDUNIFORM;dt_scores_f1_score_data_random_std_Credit Card_STANDARDUNIFORM;dt_scores_roc_auc_score_data_random_std_Credit Card_STANDARDUNIFORM;dt_scores_runtime_Credit Card_STANDARDUNIFORM;inet_scores_soft_binary_crossentropy_Credit Card_STANDARDUNIFORM;inet_scores_binary_crossentropy_Credit Card_STANDARDUNIFORM;inet_scores_accuracy_Credit Card_STANDARDUNIFORM;inet_scores_f1_score_Credit Card_STANDARDUNIFORM;inet_scores_roc_auc_score_Credit Card_STANDARDUNIFORM;inet_scores_runtime_Credit Card_STANDARDUNIFORM;model_scores_soft_binary_crossentropy_Credit Card_STANDARDUNIFORM;model_scores_binary_crossentropy_Credit Card_STANDARDUNIFORM;model_scores_accuracy_Credit Card_STANDARDUNIFORM;model_scores_f1_score_Credit Card_STANDARDUNIFORM;model_scores_roc_auc_score_Credit Card_STANDARDUNIFORM;model_scores_runtime_Credit Card_STANDARDUNIFORM;dt_scores_soft_binary_crossentropy_['uniform', 'normal', 'gamma', 'beta', 'poisson']_Haberman_STANDARDUNIFORM;dt_scores_binary_crossentropy_['uniform', 'normal', 'gamma', 'beta', 'poisson']_Haberman_STANDARDUNIFORM;dt_scores_accuracy_['uniform', 'normal', 'gamma', 'beta', 'poisson']_Haberman_STANDARDUNIFORM;dt_scores_f1_score_['uniform', 'normal', 'gamma', 'beta', 'poisson']_Haberman_STANDARDUNIFORM;dt_scores_roc_auc_score_['uniform', 'normal', 'gamma', 'beta', 'poisson']_Haberman_STANDARDUNIFORM;dt_scores_soft_binary_crossentropy_data_random_['uniform', 'normal', 'gamma', 'beta', 'poisson']_Haberman_STANDARDUNIFORM;dt_scores_binary_crossentropy_data_random_['uniform', 'normal', 'gamma', 'beta', 'poisson']_Haberman_STANDARDUNIFORM;dt_scores_accuracy_data_random_['uniform', 'normal', 'gamma', 'beta', 'poisson']_Haberman_STANDARDUNIFORM;dt_scores_f1_score_data_random_['uniform', 'normal', 'gamma', 'beta', 'poisson']_Haberman_STANDARDUNIFORM;dt_scores_roc_auc_score_data_random_['uniform', 'normal', 'gamma', 'beta', 'poisson']_Haberman_STANDARDUNIFORM;dt_scores_runtime_['uniform', 'normal', 'gamma', 'beta', 'poisson']_Haberman_STANDARDUNIFORM;dt_scores_soft_binary_crossentropy_Haberman_STANDARDUNIFORM;dt_scores_binary_crossentropy_Haberman_STANDARDUNIFORM;dt_scores_accuracy_Haberman_STANDARDUNIFORM;dt_scores_f1_score_Haberman_STANDARDUNIFORM;dt_scores_roc_auc_score_Haberman_STANDARDUNIFORM;dt_scores_soft_binary_crossentropy_data_random_Haberman_STANDARDUNIFORM;dt_scores_binary_crossentropy_data_random_Haberman_STANDARDUNIFORM;dt_scores_accuracy_data_random_Haberman_STANDARDUNIFORM;dt_scores_f1_score_data_random_Haberman_STANDARDUNIFORM;dt_scores_roc_auc_score_data_random_Haberman_STANDARDUNIFORM;dt_scores_soft_binary_crossentropy_std_Haberman_STANDARDUNIFORM;dt_scores_binary_crossentropy_std_Haberman_STANDARDUNIFORM;dt_scores_accuracy_std_Haberman_STANDARDUNIFORM;dt_scores_f1_score_std_Haberman_STANDARDUNIFORM;dt_scores_roc_auc_score_std_Haberman_STANDARDUNIFORM;dt_scores_soft_binary_crossentropy_data_random_std_Haberman_STANDARDUNIFORM;dt_scores_binary_crossentropy_data_random_std_Haberman_STANDARDUNIFORM;dt_scores_accuracy_data_random_std_Haberman_STANDARDUNIFORM;dt_scores_f1_score_data_random_std_Haberman_STANDARDUNIFORM;dt_scores_roc_auc_score_data_random_std_Haberman_STANDARDUNIFORM;dt_scores_runtime_Haberman_STANDARDUNIFORM;inet_scores_soft_binary_crossentropy_Haberman_STANDARDUNIFORM;inet_scores_binary_crossentropy_Haberman_STANDARDUNIFORM;inet_scores_accuracy_Haberman_STANDARDUNIFORM;inet_scores_f1_score_Haberman_STANDARDUNIFORM;inet_scores_roc_auc_score_Haberman_STANDARDUNIFORM;inet_scores_runtime_Haberman_STANDARDUNIFORM;model_scores_soft_binary_crossentropy_Haberman_STANDARDUNIFORM;model_scores_binary_crossentropy_Haberman_STANDARDUNIFORM;model_scores_accuracy_Haberman_STANDARDUNIFORM;model_scores_f1_score_Haberman_STANDARDUNIFORM;model_scores_roc_auc_score_Haberman_STANDARDUNIFORM;model_scores_runtime_Haberman_STANDARDUNIFORM;dt_scores_soft_binary_crossentropy_['uniform', 'normal', 'gamma', 'beta', 'poisson']_Adult_STANDARDUNIFORM;dt_scores_binary_crossentropy_['uniform', 'normal', 'gamma', 'beta', 'poisson']_Adult_STANDARDUNIFORM;dt_scores_accuracy_['uniform', 'normal', 'gamma', 'beta', 'poisson']_Adult_STANDARDUNIFORM;dt_scores_f1_score_['uniform', 'normal', 'gamma', 'beta', 'poisson']_Adult_STANDARDUNIFORM;dt_scores_roc_auc_score_['uniform', 'normal', 'gamma', 'beta', 'poisson']_Adult_STANDARDUNIFORM;dt_scores_soft_binary_crossentropy_data_random_['uniform', 'normal', 'gamma', 'beta', 'poisson']_Adult_STANDARDUNIFORM;dt_scores_binary_crossentropy_data_random_['uniform', 'normal', 'gamma', 'beta', 'poisson']_Adult_STANDARDUNIFORM;dt_scores_accuracy_data_random_['uniform', 'normal', 'gamma', 'beta', 'poisson']_Adult_STANDARDUNIFORM;dt_scores_f1_score_data_random_['uniform', 'normal', 'gamma', 'beta', 'poisson']_Adult_STANDARDUNIFORM;dt_scores_roc_auc_score_data_random_['uniform', 'normal', 'gamma', 'beta', 'poisson']_Adult_STANDARDUNIFORM;dt_scores_runtime_['uniform', 'normal', 'gamma', 'beta', 'poisson']_Adult_STANDARDUNIFORM;dt_scores_soft_binary_crossentropy_Adult_STANDARDUNIFORM;dt_scores_binary_crossentropy_Adult_STANDARDUNIFORM;dt_scores_accuracy_Adult_STANDARDUNIFORM;dt_scores_f1_score_Adult_STANDARDUNIFORM;dt_scores_roc_auc_score_Adult_STANDARDUNIFORM;dt_scores_soft_binary_crossentropy_data_random_Adult_STANDARDUNIFORM;dt_scores_binary_crossentropy_data_random_Adult_STANDARDUNIFORM;dt_scores_accuracy_data_random_Adult_STANDARDUNIFORM;dt_scores_f1_score_data_random_Adult_STANDARDUNIFORM;dt_scores_roc_auc_score_data_random_Adult_STANDARDUNIFORM;dt_scores_soft_binary_crossentropy_std_Adult_STANDARDUNIFORM;dt_scores_binary_crossentropy_std_Adult_STANDARDUNIFORM;dt_scores_accuracy_std_Adult_STANDARDUNIFORM;dt_scores_f1_score_std_Adult_STANDARDUNIFORM;dt_scores_roc_auc_score_std_Adult_STANDARDUNIFORM;dt_scores_soft_binary_crossentropy_data_random_std_Adult_STANDARDUNIFORM;dt_scores_binary_crossentropy_data_random_std_Adult_STANDARDUNIFORM;dt_scores_accuracy_data_random_std_Adult_STANDARDUNIFORM;dt_scores_f1_score_data_random_std_Adult_STANDARDUNIFORM;dt_scores_roc_auc_score_data_random_std_Adult_STANDARDUNIFORM;dt_scores_runtime_Adult_STANDARDUNIFORM;inet_scores_soft_binary_crossentropy_Adult_STANDARDUNIFORM;inet_scores_binary_crossentropy_Adult_STANDARDUNIFORM;inet_scores_accuracy_Adult_STANDARDUNIFORM;inet_scores_f1_score_Adult_STANDARDUNIFORM;inet_scores_roc_auc_score_Adult_STANDARDUNIFORM;inet_scores_runtime_Adult_STANDARDUNIFORM;model_scores_soft_binary_crossentropy_Adult_STANDARDUNIFORM;model_scores_binary_crossentropy_Adult_STANDARDUNIFORM;model_scores_accuracy_Adult_STANDARDUNIFORM;model_scores_f1_score_Adult_STANDARDUNIFORM;model_scores_roc_auc_score_Adult_STANDARDUNIFORM;model_scores_runtime_Adult_STANDARDUNIFORM;dt_scores_soft_binary_crossentropy_['uniform', 'normal', 'gamma', 'beta', 'poisson']_Titanic_STANDARDUNIFORM;dt_scores_binary_crossentropy_['uniform', 'normal', 'gamma', 'beta', 'poisson']_Titanic_STANDARDUNIFORM;dt_scores_accuracy_['uniform', 'normal', 'gamma', 'beta', 'poisson']_Titanic_STANDARDUNIFORM;dt_scores_f1_score_['uniform', 'normal', 'gamma', 'beta', 'poisson']_Titanic_STANDARDUNIFORM;dt_scores_roc_auc_score_['uniform', 'normal', 'gamma', 'beta', 'poisson']_Titanic_STANDARDUNIFORM;dt_scores_soft_binary_crossentropy_data_random_['uniform', 'normal', 'gamma', 'beta', 'poisson']_Titanic_STANDARDUNIFORM;dt_scores_binary_crossentropy_data_random_['uniform', 'normal', 'gamma', 'beta', 'poisson']_Titanic_STANDARDUNIFORM;dt_scores_accuracy_data_random_['uniform', 'normal', 'gamma', 'beta', 'poisson']_Titanic_STANDARDUNIFORM;dt_scores_f1_score_data_random_['uniform', 'normal', 'gamma', 'beta', 'poisson']_Titanic_STANDARDUNIFORM;dt_scores_roc_auc_score_data_random_['uniform', 'normal', 'gamma', 'beta', 'poisson']_Titanic_STANDARDUNIFORM;dt_scores_runtime_['uniform', 'normal', 'gamma', 'beta', 'poisson']_Titanic_STANDARDUNIFORM;dt_scores_soft_binary_crossentropy_Titanic_STANDARDUNIFORM;dt_scores_binary_crossentropy_Titanic_STANDARDUNIFORM;dt_scores_accuracy_Titanic_STANDARDUNIFORM;dt_scores_f1_score_Titanic_STANDARDUNIFORM;dt_scores_roc_auc_score_Titanic_STANDARDUNIFORM;dt_scores_soft_binary_crossentropy_data_random_Titanic_STANDARDUNIFORM;dt_scores_binary_crossentropy_data_random_Titanic_STANDARDUNIFORM;dt_scores_accuracy_data_random_Titanic_STANDARDUNIFORM;dt_scores_f1_score_data_random_Titanic_STANDARDUNIFORM;dt_scores_roc_auc_score_data_random_Titanic_STANDARDUNIFORM;dt_scores_soft_binary_crossentropy_std_Titanic_STANDARDUNIFORM;dt_scores_binary_crossentropy_std_Titanic_STANDARDUNIFORM;dt_scores_accuracy_std_Titanic_STANDARDUNIFORM;dt_scores_f1_score_std_Titanic_STANDARDUNIFORM;dt_scores_roc_auc_score_std_Titanic_STANDARDUNIFORM;dt_scores_soft_binary_crossentropy_data_random_std_Titanic_STANDARDUNIFORM;dt_scores_binary_crossentropy_data_random_std_Titanic_STANDARDUNIFORM;dt_scores_accuracy_data_random_std_Titanic_STANDARDUNIFORM;dt_scores_f1_score_data_random_std_Titanic_STANDARDUNIFORM;dt_scores_roc_auc_score_data_random_std_Titanic_STANDARDUNIFORM;dt_scores_runtime_Titanic_STANDARDUNIFORM;inet_scores_soft_binary_crossentropy_Titanic_STANDARDUNIFORM;inet_scores_binary_crossentropy_Titanic_STANDARDUNIFORM;inet_scores_accuracy_Titanic_STANDARDUNIFORM;inet_scores_f1_score_Titanic_STANDARDUNIFORM;inet_scores_roc_auc_score_Titanic_STANDARDUNIFORM;inet_scores_runtime_Titanic_STANDARDUNIFORM;model_scores_soft_binary_crossentropy_Titanic_STANDARDUNIFORM;model_scores_binary_crossentropy_Titanic_STANDARDUNIFORM;model_scores_accuracy_Titanic_STANDARDUNIFORM;model_scores_f1_score_Titanic_STANDARDUNIFORM;model_scores_roc_auc_score_Titanic_STANDARDUNIFORM;model_scores_runtime_Titanic_STANDARDUNIFORM;dt_scores_soft_binary_crossentropy_['uniform', 'normal', 'gamma', 'beta', 'poisson']_Absenteeism_STANDARDUNIFORM;dt_scores_binary_crossentropy_['uniform', 'normal', 'gamma', 'beta', 'poisson']_Absenteeism_STANDARDUNIFORM;dt_scores_accuracy_['uniform', 'normal', 'gamma', 'beta', 'poisson']_Absenteeism_STANDARDUNIFORM;dt_scores_f1_score_['uniform', 'normal', 'gamma', 'beta', 'poisson']_Absenteeism_STANDARDUNIFORM;dt_scores_roc_auc_score_['uniform', 'normal', 'gamma', 'beta', 'poisson']_Absenteeism_STANDARDUNIFORM;dt_scores_soft_binary_crossentropy_data_random_['uniform', 'normal', 'gamma', 'beta', 'poisson']_Absenteeism_STANDARDUNIFORM;dt_scores_binary_crossentropy_data_random_['uniform', 'normal', 'gamma', 'beta', 'poisson']_Absenteeism_STANDARDUNIFORM;dt_scores_accuracy_data_random_['uniform', 'normal', 'gamma', 'beta', 'poisson']_Absenteeism_STANDARDUNIFORM;dt_scores_f1_score_data_random_['uniform', 'normal', 'gamma', 'beta', 'poisson']_Absenteeism_STANDARDUNIFORM;dt_scores_roc_auc_score_data_random_['uniform', 'normal', 'gamma', 'beta', 'poisson']_Absenteeism_STANDARDUNIFORM;dt_scores_runtime_['uniform', 'normal', 'gamma', 'beta', 'poisson']_Absenteeism_STANDARDUNIFORM;dt_scores_soft_binary_crossentropy_Absenteeism_STANDARDUNIFORM;dt_scores_binary_crossentropy_Absenteeism_STANDARDUNIFORM;dt_scores_accuracy_Absenteeism_STANDARDUNIFORM;dt_scores_f1_score_Absenteeism_STANDARDUNIFORM;dt_scores_roc_auc_score_Absenteeism_STANDARDUNIFORM;dt_scores_soft_binary_crossentropy_data_random_Absenteeism_STANDARDUNIFORM;dt_scores_binary_crossentropy_data_random_Absenteeism_STANDARDUNIFORM;dt_scores_accuracy_data_random_Absenteeism_STANDARDUNIFORM;dt_scores_f1_score_data_random_Absenteeism_STANDARDUNIFORM;dt_scores_roc_auc_score_data_random_Absenteeism_STANDARDUNIFORM;dt_scores_soft_binary_crossentropy_std_Absenteeism_STANDARDUNIFORM;dt_scores_binary_crossentropy_std_Absenteeism_STANDARDUNIFORM;dt_scores_accuracy_std_Absenteeism_STANDARDUNIFORM;dt_scores_f1_score_std_Absenteeism_STANDARDUNIFORM;dt_scores_roc_auc_score_std_Absenteeism_STANDARDUNIFORM;dt_scores_soft_binary_crossentropy_data_random_std_Absenteeism_STANDARDUNIFORM;dt_scores_binary_crossentropy_data_random_std_Absenteeism_STANDARDUNIFORM;dt_scores_accuracy_data_random_std_Absenteeism_STANDARDUNIFORM;dt_scores_f1_score_data_random_std_Absenteeism_STANDARDUNIFORM;dt_scores_roc_auc_score_data_random_std_Absenteeism_STANDARDUNIFORM;dt_scores_runtime_Absenteeism_STANDARDUNIFORM;inet_scores_soft_binary_crossentropy_Absenteeism_STANDARDUNIFORM;inet_scores_binary_crossentropy_Absenteeism_STANDARDUNIFORM;inet_scores_accuracy_Absenteeism_STANDARDUNIFORM;inet_scores_f1_score_Absenteeism_STANDARDUNIFORM;inet_scores_roc_auc_score_Absenteeism_STANDARDUNIFORM;inet_scores_runtime_Absenteeism_STANDARDUNIFORM;model_scores_soft_binary_crossentropy_Absenteeism_STANDARDUNIFORM;model_scores_binary_crossentropy_Absenteeism_STANDARDUNIFORM;model_scores_accuracy_Absenteeism_STANDARDUNIFORM;model_scores_f1_score_Absenteeism_STANDARDUNIFORM;model_scores_roc_auc_score_Absenteeism_STANDARDUNIFORM;model_scores_runtime_Absenteeism_STANDARDUNIFORM;dt_scores_soft_binary_crossentropy_['uniform', 'normal', 'gamma', 'beta', 'poisson']_Loan House_STANDARDUNIFORM;dt_scores_binary_crossentropy_['uniform', 'normal', 'gamma', 'beta', 'poisson']_Loan House_STANDARDUNIFORM;dt_scores_accuracy_['uniform', 'normal', 'gamma', 'beta', 'poisson']_Loan House_STANDARDUNIFORM;dt_scores_f1_score_['uniform', 'normal', 'gamma', 'beta', 'poisson']_Loan House_STANDARDUNIFORM;dt_scores_roc_auc_score_['uniform', 'normal', 'gamma', 'beta', 'poisson']_Loan House_STANDARDUNIFORM;dt_scores_soft_binary_crossentropy_data_random_['uniform', 'normal', 'gamma', 'beta', 'poisson']_Loan House_STANDARDUNIFORM;dt_scores_binary_crossentropy_data_random_['uniform', 'normal', 'gamma', 'beta', 'poisson']_Loan House_STANDARDUNIFORM;dt_scores_accuracy_data_random_['uniform', 'normal', 'gamma', 'beta', 'poisson']_Loan House_STANDARDUNIFORM;dt_scores_f1_score_data_random_['uniform', 'normal', 'gamma', 'beta', 'poisson']_Loan House_STANDARDUNIFORM;dt_scores_roc_auc_score_data_random_['uniform', 'normal', 'gamma', 'beta', 'poisson']_Loan House_STANDARDUNIFORM;dt_scores_runtime_['uniform', 'normal', 'gamma', 'beta', 'poisson']_Loan House_STANDARDUNIFORM;dt_scores_soft_binary_crossentropy_Loan House_STANDARDUNIFORM;dt_scores_binary_crossentropy_Loan House_STANDARDUNIFORM;dt_scores_accuracy_Loan House_STANDARDUNIFORM;dt_scores_f1_score_Loan House_STANDARDUNIFORM;dt_scores_roc_auc_score_Loan House_STANDARDUNIFORM;dt_scores_soft_binary_crossentropy_data_random_Loan House_STANDARDUNIFORM;dt_scores_binary_crossentropy_data_random_Loan House_STANDARDUNIFORM;dt_scores_accuracy_data_random_Loan House_STANDARDUNIFORM;dt_scores_f1_score_data_random_Loan House_STANDARDUNIFORM;dt_scores_roc_auc_score_data_random_Loan House_STANDARDUNIFORM;dt_scores_soft_binary_crossentropy_std_Loan House_STANDARDUNIFORM;dt_scores_binary_crossentropy_std_Loan House_STANDARDUNIFORM;dt_scores_accuracy_std_Loan House_STANDARDUNIFORM;dt_scores_f1_score_std_Loan House_STANDARDUNIFORM;dt_scores_roc_auc_score_std_Loan House_STANDARDUNIFORM;dt_scores_soft_binary_crossentropy_data_random_std_Loan House_STANDARDUNIFORM;dt_scores_binary_crossentropy_data_random_std_Loan House_STANDARDUNIFORM;dt_scores_accuracy_data_random_std_Loan House_STANDARDUNIFORM;dt_scores_f1_score_data_random_std_Loan House_STANDARDUNIFORM;dt_scores_roc_auc_score_data_random_std_Loan House_STANDARDUNIFORM;dt_scores_runtime_Loan House_STANDARDUNIFORM;inet_scores_soft_binary_crossentropy_Loan House_STANDARDUNIFORM;inet_scores_binary_crossentropy_Loan House_STANDARDUNIFORM;inet_scores_accuracy_Loan House_STANDARDUNIFORM;inet_scores_f1_score_Loan House_STANDARDUNIFORM;inet_scores_roc_auc_score_Loan House_STANDARDUNIFORM;inet_scores_runtime_Loan House_STANDARDUNIFORM;model_scores_soft_binary_crossentropy_Loan House_STANDARDUNIFORM;model_scores_binary_crossentropy_Loan House_STANDARDUNIFORM;model_scores_accuracy_Loan House_STANDARDUNIFORM;model_scores_f1_score_Loan House_STANDARDUNIFORM;model_scores_roc_auc_score_Loan House_STANDARDUNIFORM;model_scores_runtime_Loan House_STANDARDUNIFORM;dt_scores_soft_binary_crossentropy_['uniform', 'normal', 'gamma', 'beta', 'poisson']_Loan Credit_STANDARDUNIFORM;dt_scores_binary_crossentropy_['uniform', 'normal', 'gamma', 'beta', 'poisson']_Loan Credit_STANDARDUNIFORM;dt_scores_accuracy_['uniform', 'normal', 'gamma', 'beta', 'poisson']_Loan Credit_STANDARDUNIFORM;dt_scores_f1_score_['uniform', 'normal', 'gamma', 'beta', 'poisson']_Loan Credit_STANDARDUNIFORM;dt_scores_roc_auc_score_['uniform', 'normal', 'gamma', 'beta', 'poisson']_Loan Credit_STANDARDUNIFORM;dt_scores_soft_binary_crossentropy_data_random_['uniform', 'normal', 'gamma', 'beta', 'poisson']_Loan Credit_STANDARDUNIFORM;dt_scores_binary_crossentropy_data_random_['uniform', 'normal', 'gamma', 'beta', 'poisson']_Loan Credit_STANDARDUNIFORM;dt_scores_accuracy_data_random_['uniform', 'normal', 'gamma', 'beta', 'poisson']_Loan Credit_STANDARDUNIFORM;dt_scores_f1_score_data_random_['uniform', 'normal', 'gamma', 'beta', 'poisson']_Loan Credit_STANDARDUNIFORM;dt_scores_roc_auc_score_data_random_['uniform', 'normal', 'gamma', 'beta', 'poisson']_Loan Credit_STANDARDUNIFORM;dt_scores_runtime_['uniform', 'normal', 'gamma', 'beta', 'poisson']_Loan Credit_STANDARDUNIFORM;dt_scores_soft_binary_crossentropy_Loan Credit_STANDARDUNIFORM;dt_scores_binary_crossentropy_Loan Credit_STANDARDUNIFORM;dt_scores_accuracy_Loan Credit_STANDARDUNIFORM;dt_scores_f1_score_Loan Credit_STANDARDUNIFORM;dt_scores_roc_auc_score_Loan Credit_STANDARDUNIFORM;dt_scores_soft_binary_crossentropy_data_random_Loan Credit_STANDARDUNIFORM;dt_scores_binary_crossentropy_data_random_Loan Credit_STANDARDUNIFORM;dt_scores_accuracy_data_random_Loan Credit_STANDARDUNIFORM;dt_scores_f1_score_data_random_Loan Credit_STANDARDUNIFORM;dt_scores_roc_auc_score_data_random_Loan Credit_STANDARDUNIFORM;dt_scores_soft_binary_crossentropy_std_Loan Credit_STANDARDUNIFORM;dt_scores_binary_crossentropy_std_Loan Credit_STANDARDUNIFORM;dt_scores_accuracy_std_Loan Credit_STANDARDUNIFORM;dt_scores_f1_score_std_Loan Credit_STANDARDUNIFORM;dt_scores_roc_auc_score_std_Loan Credit_STANDARDUNIFORM;dt_scores_soft_binary_crossentropy_data_random_std_Loan Credit_STANDARDUNIFORM;dt_scores_binary_crossentropy_data_random_std_Loan Credit_STANDARDUNIFORM;dt_scores_accuracy_data_random_std_Loan Credit_STANDARDUNIFORM;dt_scores_f1_score_data_random_std_Loan Credit_STANDARDUNIFORM;dt_scores_roc_auc_score_data_random_std_Loan Credit_STANDARDUNIFORM;dt_scores_runtime_Loan Credit_STANDARDUNIFORM;inet_scores_soft_binary_crossentropy_Loan Credit_STANDARDUNIFORM;inet_scores_binary_crossentropy_Loan Credit_STANDARDUNIFORM;inet_scores_accuracy_Loan Credit_STANDARDUNIFORM;inet_scores_f1_score_Loan Credit_STANDARDUNIFORM;inet_scores_roc_auc_score_Loan Credit_STANDARDUNIFORM;inet_scores_runtime_Loan Credit_STANDARDUNIFORM;model_scores_soft_binary_crossentropy_Loan Credit_STANDARDUNIFORM;model_scores_binary_crossentropy_Loan Credit_STANDARDUNIFORM;model_scores_accuracy_Loan Credit_STANDARDUNIFORM;model_scores_f1_score_Loan Credit_STANDARDUNIFORM;model_scores_roc_auc_score_Loan Credit_STANDARDUNIFORM;model_scores_runtime_Loan Credit_STANDARDUNIFORM;dt_scores_soft_binary_crossentropy_['uniform', 'normal', 'gamma', 'beta', 'poisson']_Medical Insurance_STANDARDUNIFORM;dt_scores_binary_crossentropy_['uniform', 'normal', 'gamma', 'beta', 'poisson']_Medical Insurance_STANDARDUNIFORM;dt_scores_accuracy_['uniform', 'normal', 'gamma', 'beta', 'poisson']_Medical Insurance_STANDARDUNIFORM;dt_scores_f1_score_['uniform', 'normal', 'gamma', 'beta', 'poisson']_Medical Insurance_STANDARDUNIFORM;dt_scores_roc_auc_score_['uniform', 'normal', 'gamma', 'beta', 'poisson']_Medical Insurance_STANDARDUNIFORM;dt_scores_soft_binary_crossentropy_data_random_['uniform', 'normal', 'gamma', 'beta', 'poisson']_Medical Insurance_STANDARDUNIFORM;dt_scores_binary_crossentropy_data_random_['uniform', 'normal', 'gamma', 'beta', 'poisson']_Medical Insurance_STANDARDUNIFORM;dt_scores_accuracy_data_random_['uniform', 'normal', 'gamma', 'beta', 'poisson']_Medical Insurance_STANDARDUNIFORM;dt_scores_f1_score_data_random_['uniform', 'normal', 'gamma', 'beta', 'poisson']_Medical Insurance_STANDARDUNIFORM;dt_scores_roc_auc_score_data_random_['uniform', 'normal', 'gamma', 'beta', 'poisson']_Medical Insurance_STANDARDUNIFORM;dt_scores_runtime_['uniform', 'normal', 'gamma', 'beta', 'poisson']_Medical Insurance_STANDARDUNIFORM;dt_scores_soft_binary_crossentropy_Medical Insurance_STANDARDUNIFORM;dt_scores_binary_crossentropy_Medical Insurance_STANDARDUNIFORM;dt_scores_accuracy_Medical Insurance_STANDARDUNIFORM;dt_scores_f1_score_Medical Insurance_STANDARDUNIFORM;dt_scores_roc_auc_score_Medical Insurance_STANDARDUNIFORM;dt_scores_soft_binary_crossentropy_data_random_Medical Insurance_STANDARDUNIFORM;dt_scores_binary_crossentropy_data_random_Medical Insurance_STANDARDUNIFORM;dt_scores_accuracy_data_random_Medical Insurance_STANDARDUNIFORM;dt_scores_f1_score_data_random_Medical Insurance_STANDARDUNIFORM;dt_scores_roc_auc_score_data_random_Medical Insurance_STANDARDUNIFORM;dt_scores_soft_binary_crossentropy_std_Medical Insurance_STANDARDUNIFORM;dt_scores_binary_crossentropy_std_Medical Insurance_STANDARDUNIFORM;dt_scores_accuracy_std_Medical Insurance_STANDARDUNIFORM;dt_scores_f1_score_std_Medical Insurance_STANDARDUNIFORM;dt_scores_roc_auc_score_std_Medical Insurance_STANDARDUNIFORM;dt_scores_soft_binary_crossentropy_data_random_std_Medical Insurance_STANDARDUNIFORM;dt_scores_binary_crossentropy_data_random_std_Medical Insurance_STANDARDUNIFORM;dt_scores_accuracy_data_random_std_Medical Insurance_STANDARDUNIFORM;dt_scores_f1_score_data_random_std_Medical Insurance_STANDARDUNIFORM;dt_scores_roc_auc_score_data_random_std_Medical Insurance_STANDARDUNIFORM;dt_scores_runtime_Medical Insurance_STANDARDUNIFORM;inet_scores_soft_binary_crossentropy_Medical Insurance_STANDARDUNIFORM;inet_scores_binary_crossentropy_Medical Insurance_STANDARDUNIFORM;inet_scores_accuracy_Medical Insurance_STANDARDUNIFORM;inet_scores_f1_score_Medical Insurance_STANDARDUNIFORM;inet_scores_roc_auc_score_Medical Insurance_STANDARDUNIFORM;inet_scores_runtime_Medical Insurance_STANDARDUNIFORM;model_scores_soft_binary_crossentropy_Medical Insurance_STANDARDUNIFORM;model_scores_binary_crossentropy_Medical Insurance_STANDARDUNIFORM;model_scores_accuracy_Medical Insurance_STANDARDUNIFORM;model_scores_f1_score_Medical Insurance_STANDARDUNIFORM;model_scores_roc_auc_score_Medical Insurance_STANDARDUNIFORM;model_scores_runtime_Medical Insurance_STANDARDUNIFORM;dt_scores_soft_binary_crossentropy_['uniform', 'normal', 'gamma', 'beta', 'poisson']_Bank Marketing_STANDARDUNIFORM;dt_scores_binary_crossentropy_['uniform', 'normal', 'gamma', 'beta', 'poisson']_Bank Marketing_STANDARDUNIFORM;dt_scores_accuracy_['uniform', 'normal', 'gamma', 'beta', 'poisson']_Bank Marketing_STANDARDUNIFORM;dt_scores_f1_score_['uniform', 'normal', 'gamma', 'beta', 'poisson']_Bank Marketing_STANDARDUNIFORM;dt_scores_roc_auc_score_['uniform', 'normal', 'gamma', 'beta', 'poisson']_Bank Marketing_STANDARDUNIFORM;dt_scores_soft_binary_crossentropy_data_random_['uniform', 'normal', 'gamma', 'beta', 'poisson']_Bank Marketing_STANDARDUNIFORM;dt_scores_binary_crossentropy_data_random_['uniform', 'normal', 'gamma', 'beta', 'poisson']_Bank Marketing_STANDARDUNIFORM;dt_scores_accuracy_data_random_['uniform', 'normal', 'gamma', 'beta', 'poisson']_Bank Marketing_STANDARDUNIFORM;dt_scores_f1_score_data_random_['uniform', 'normal', 'gamma', 'beta', 'poisson']_Bank Marketing_STANDARDUNIFORM;dt_scores_roc_auc_score_data_random_['uniform', 'normal', 'gamma', 'beta', 'poisson']_Bank Marketing_STANDARDUNIFORM;dt_scores_runtime_['uniform', 'normal', 'gamma', 'beta', 'poisson']_Bank Marketing_STANDARDUNIFORM;dt_scores_soft_binary_crossentropy_Bank Marketing_STANDARDUNIFORM;dt_scores_binary_crossentropy_Bank Marketing_STANDARDUNIFORM;dt_scores_accuracy_Bank Marketing_STANDARDUNIFORM;dt_scores_f1_score_Bank Marketing_STANDARDUNIFORM;dt_scores_roc_auc_score_Bank Marketing_STANDARDUNIFORM;dt_scores_soft_binary_crossentropy_data_random_Bank Marketing_STANDARDUNIFORM;dt_scores_binary_crossentropy_data_random_Bank Marketing_STANDARDUNIFORM;dt_scores_accuracy_data_random_Bank Marketing_STANDARDUNIFORM;dt_scores_f1_score_data_random_Bank Marketing_STANDARDUNIFORM;dt_scores_roc_auc_score_data_random_Bank Marketing_STANDARDUNIFORM;dt_scores_soft_binary_crossentropy_std_Bank Marketing_STANDARDUNIFORM;dt_scores_binary_crossentropy_std_Bank Marketing_STANDARDUNIFORM;dt_scores_accuracy_std_Bank Marketing_STANDARDUNIFORM;dt_scores_f1_score_std_Bank Marketing_STANDARDUNIFORM;dt_scores_roc_auc_score_std_Bank Marketing_STANDARDUNIFORM;dt_scores_soft_binary_crossentropy_data_random_std_Bank Marketing_STANDARDUNIFORM;dt_scores_binary_crossentropy_data_random_std_Bank Marketing_STANDARDUNIFORM;dt_scores_accuracy_data_random_std_Bank Marketing_STANDARDUNIFORM;dt_scores_f1_score_data_random_std_Bank Marketing_STANDARDUNIFORM;dt_scores_roc_auc_score_data_random_std_Bank Marketing_STANDARDUNIFORM;dt_scores_runtime_Bank Marketing_STANDARDUNIFORM;inet_scores_soft_binary_crossentropy_Bank Marketing_STANDARDUNIFORM;inet_scores_binary_crossentropy_Bank Marketing_STANDARDUNIFORM;inet_scores_accuracy_Bank Marketing_STANDARDUNIFORM;inet_scores_f1_score_Bank Marketing_STANDARDUNIFORM;inet_scores_roc_auc_score_Bank Marketing_STANDARDUNIFORM;inet_scores_runtime_Bank Marketing_STANDARDUNIFORM;model_scores_soft_binary_crossentropy_Bank Marketing_STANDARDUNIFORM;model_scores_binary_crossentropy_Bank Marketing_STANDARDUNIFORM;model_scores_accuracy_Bank Marketing_STANDARDUNIFORM;model_scores_f1_score_Bank Marketing_STANDARDUNIFORM;model_scores_roc_auc_score_Bank Marketing_STANDARDUNIFORM;model_scores_runtime_Bank Marketing_STANDARDUNIFORM;dt_scores_soft_binary_crossentropy_['uniform', 'normal', 'gamma', 'beta', 'poisson']_Cervical Cancer_STANDARDUNIFORM;dt_scores_binary_crossentropy_['uniform', 'normal', 'gamma', 'beta', 'poisson']_Cervical Cancer_STANDARDUNIFORM;dt_scores_accuracy_['uniform', 'normal', 'gamma', 'beta', 'poisson']_Cervical Cancer_STANDARDUNIFORM;dt_scores_f1_score_['uniform', 'normal', 'gamma', 'beta', 'poisson']_Cervical Cancer_STANDARDUNIFORM;dt_scores_roc_auc_score_['uniform', 'normal', 'gamma', 'beta', 'poisson']_Cervical Cancer_STANDARDUNIFORM;dt_scores_soft_binary_crossentropy_data_random_['uniform', 'normal', 'gamma', 'beta', 'poisson']_Cervical Cancer_STANDARDUNIFORM;dt_scores_binary_crossentropy_data_random_['uniform', 'normal', 'gamma', 'beta', 'poisson']_Cervical Cancer_STANDARDUNIFORM;dt_scores_accuracy_data_random_['uniform', 'normal', 'gamma', 'beta', 'poisson']_Cervical Cancer_STANDARDUNIFORM;dt_scores_f1_score_data_random_['uniform', 'normal', 'gamma', 'beta', 'poisson']_Cervical Cancer_STANDARDUNIFORM;dt_scores_roc_auc_score_data_random_['uniform', 'normal', 'gamma', 'beta', 'poisson']_Cervical Cancer_STANDARDUNIFORM;dt_scores_runtime_['uniform', 'normal', 'gamma', 'beta', 'poisson']_Cervical Cancer_STANDARDUNIFORM;dt_scores_soft_binary_crossentropy_Cervical Cancer_STANDARDUNIFORM;dt_scores_binary_crossentropy_Cervical Cancer_STANDARDUNIFORM;dt_scores_accuracy_Cervical Cancer_STANDARDUNIFORM;dt_scores_f1_score_Cervical Cancer_STANDARDUNIFORM;dt_scores_roc_auc_score_Cervical Cancer_STANDARDUNIFORM;dt_scores_soft_binary_crossentropy_data_random_Cervical Cancer_STANDARDUNIFORM;dt_scores_binary_crossentropy_data_random_Cervical Cancer_STANDARDUNIFORM;dt_scores_accuracy_data_random_Cervical Cancer_STANDARDUNIFORM;dt_scores_f1_score_data_random_Cervical Cancer_STANDARDUNIFORM;dt_scores_roc_auc_score_data_random_Cervical Cancer_STANDARDUNIFORM;dt_scores_soft_binary_crossentropy_std_Cervical Cancer_STANDARDUNIFORM;dt_scores_binary_crossentropy_std_Cervical Cancer_STANDARDUNIFORM;dt_scores_accuracy_std_Cervical Cancer_STANDARDUNIFORM;dt_scores_f1_score_std_Cervical Cancer_STANDARDUNIFORM;dt_scores_roc_auc_score_std_Cervical Cancer_STANDARDUNIFORM;dt_scores_soft_binary_crossentropy_data_random_std_Cervical Cancer_STANDARDUNIFORM;dt_scores_binary_crossentropy_data_random_std_Cervical Cancer_STANDARDUNIFORM;dt_scores_accuracy_data_random_std_Cervical Cancer_STANDARDUNIFORM;dt_scores_f1_score_data_random_std_Cervical Cancer_STANDARDUNIFORM;dt_scores_roc_auc_score_data_random_std_Cervical Cancer_STANDARDUNIFORM;dt_scores_runtime_Cervical Cancer_STANDARDUNIFORM;inet_scores_soft_binary_crossentropy_Cervical Cancer_STANDARDUNIFORM;inet_scores_binary_crossentropy_Cervical Cancer_STANDARDUNIFORM;inet_scores_accuracy_Cervical Cancer_STANDARDUNIFORM;inet_scores_f1_score_Cervical Cancer_STANDARDUNIFORM;inet_scores_roc_auc_score_Cervical Cancer_STANDARDUNIFORM;inet_scores_runtime_Cervical Cancer_STANDARDUNIFORM;model_scores_soft_binary_crossentropy_Cervical Cancer_STANDARDUNIFORM;model_scores_binary_crossentropy_Cervical Cancer_STANDARDUNIFORM;model_scores_accuracy_Cervical Cancer_STANDARDUNIFORM;model_scores_f1_score_Cervical Cancer_STANDARDUNIFORM;model_scores_roc_auc_score_Cervical Cancer_STANDARDUNIFORM;model_scores_runtime_Cervical Cancer_STANDARDUNIFORM;dt_scores_soft_binary_crossentropy_['uniform', 'normal', 'gamma', 'beta', 'poisson']_Brest Cancer Wisconsin_STANDARDUNIFORM;dt_scores_binary_crossentropy_['uniform', 'normal', 'gamma', 'beta', 'poisson']_Brest Cancer Wisconsin_STANDARDUNIFORM;dt_scores_accuracy_['uniform', 'normal', 'gamma', 'beta', 'poisson']_Brest Cancer Wisconsin_STANDARDUNIFORM;dt_scores_f1_score_['uniform', 'normal', 'gamma', 'beta', 'poisson']_Brest Cancer Wisconsin_STANDARDUNIFORM;dt_scores_roc_auc_score_['uniform', 'normal', 'gamma', 'beta', 'poisson']_Brest Cancer Wisconsin_STANDARDUNIFORM;dt_scores_soft_binary_crossentropy_data_random_['uniform', 'normal', 'gamma', 'beta', 'poisson']_Brest Cancer Wisconsin_STANDARDUNIFORM;dt_scores_binary_crossentropy_data_random_['uniform', 'normal', 'gamma', 'beta', 'poisson']_Brest Cancer Wisconsin_STANDARDUNIFORM;dt_scores_accuracy_data_random_['uniform', 'normal', 'gamma', 'beta', 'poisson']_Brest Cancer Wisconsin_STANDARDUNIFORM;dt_scores_f1_score_data_random_['uniform', 'normal', 'gamma', 'beta', 'poisson']_Brest Cancer Wisconsin_STANDARDUNIFORM;dt_scores_roc_auc_score_data_random_['uniform', 'normal', 'gamma', 'beta', 'poisson']_Brest Cancer Wisconsin_STANDARDUNIFORM;dt_scores_runtime_['uniform', 'normal', 'gamma', 'beta', 'poisson']_Brest Cancer Wisconsin_STANDARDUNIFORM;dt_scores_soft_binary_crossentropy_Brest Cancer Wisconsin_STANDARDUNIFORM;dt_scores_binary_crossentropy_Brest Cancer Wisconsin_STANDARDUNIFORM;dt_scores_accuracy_Brest Cancer Wisconsin_STANDARDUNIFORM;dt_scores_f1_score_Brest Cancer Wisconsin_STANDARDUNIFORM;dt_scores_roc_auc_score_Brest Cancer Wisconsin_STANDARDUNIFORM;dt_scores_soft_binary_crossentropy_data_random_Brest Cancer Wisconsin_STANDARDUNIFORM;dt_scores_binary_crossentropy_data_random_Brest Cancer Wisconsin_STANDARDUNIFORM;dt_scores_accuracy_data_random_Brest Cancer Wisconsin_STANDARDUNIFORM;dt_scores_f1_score_data_random_Brest Cancer Wisconsin_STANDARDUNIFORM;dt_scores_roc_auc_score_data_random_Brest Cancer Wisconsin_STANDARDUNIFORM;dt_scores_soft_binary_crossentropy_std_Brest Cancer Wisconsin_STANDARDUNIFORM;dt_scores_binary_crossentropy_std_Brest Cancer Wisconsin_STANDARDUNIFORM;dt_scores_accuracy_std_Brest Cancer Wisconsin_STANDARDUNIFORM;dt_scores_f1_score_std_Brest Cancer Wisconsin_STANDARDUNIFORM;dt_scores_roc_auc_score_std_Brest Cancer Wisconsin_STANDARDUNIFORM;dt_scores_soft_binary_crossentropy_data_random_std_Brest Cancer Wisconsin_STANDARDUNIFORM;dt_scores_binary_crossentropy_data_random_std_Brest Cancer Wisconsin_STANDARDUNIFORM;dt_scores_accuracy_data_random_std_Brest Cancer Wisconsin_STANDARDUNIFORM;dt_scores_f1_score_data_random_std_Brest Cancer Wisconsin_STANDARDUNIFORM;dt_scores_roc_auc_score_data_random_std_Brest Cancer Wisconsin_STANDARDUNIFORM;dt_scores_runtime_Brest Cancer Wisconsin_STANDARDUNIFORM;inet_scores_soft_binary_crossentropy_Brest Cancer Wisconsin_STANDARDUNIFORM;inet_scores_binary_crossentropy_Brest Cancer Wisconsin_STANDARDUNIFORM;inet_scores_accuracy_Brest Cancer Wisconsin_STANDARDUNIFORM;inet_scores_f1_score_Brest Cancer Wisconsin_STANDARDUNIFORM;inet_scores_roc_auc_score_Brest Cancer Wisconsin_STANDARDUNIFORM;inet_scores_runtime_Brest Cancer Wisconsin_STANDARDUNIFORM;model_scores_soft_binary_crossentropy_Brest Cancer Wisconsin_STANDARDUNIFORM;model_scores_binary_crossentropy_Brest Cancer Wisconsin_STANDARDUNIFORM;model_scores_accuracy_Brest Cancer Wisconsin_STANDARDUNIFORM;model_scores_f1_score_Brest Cancer Wisconsin_STANDARDUNIFORM;model_scores_roc_auc_score_Brest Cancer Wisconsin_STANDARDUNIFORM;model_scores_runtime_Brest Cancer Wisconsin_STANDARDUNIFORM;dt_scores_soft_binary_crossentropy_['uniform', 'normal', 'gamma', 'beta', 'poisson']_Wisconsin Diagnostic Breast Cancer_STANDARDUNIFORM;dt_scores_binary_crossentropy_['uniform', 'normal', 'gamma', 'beta', 'poisson']_Wisconsin Diagnostic Breast Cancer_STANDARDUNIFORM;dt_scores_accuracy_['uniform', 'normal', 'gamma', 'beta', 'poisson']_Wisconsin Diagnostic Breast Cancer_STANDARDUNIFORM;dt_scores_f1_score_['uniform', 'normal', 'gamma', 'beta', 'poisson']_Wisconsin Diagnostic Breast Cancer_STANDARDUNIFORM;dt_scores_roc_auc_score_['uniform', 'normal', 'gamma', 'beta', 'poisson']_Wisconsin Diagnostic Breast Cancer_STANDARDUNIFORM;dt_scores_soft_binary_crossentropy_data_random_['uniform', 'normal', 'gamma', 'beta', 'poisson']_Wisconsin Diagnostic Breast Cancer_STANDARDUNIFORM;dt_scores_binary_crossentropy_data_random_['uniform', 'normal', 'gamma', 'beta', 'poisson']_Wisconsin Diagnostic Breast Cancer_STANDARDUNIFORM;dt_scores_accuracy_data_random_['uniform', 'normal', 'gamma', 'beta', 'poisson']_Wisconsin Diagnostic Breast Cancer_STANDARDUNIFORM;dt_scores_f1_score_data_random_['uniform', 'normal', 'gamma', 'beta', 'poisson']_Wisconsin Diagnostic Breast Cancer_STANDARDUNIFORM;dt_scores_roc_auc_score_data_random_['uniform', 'normal', 'gamma', 'beta', 'poisson']_Wisconsin Diagnostic Breast Cancer_STANDARDUNIFORM;dt_scores_runtime_['uniform', 'normal', 'gamma', 'beta', 'poisson']_Wisconsin Diagnostic Breast Cancer_STANDARDUNIFORM;dt_scores_soft_binary_crossentropy_Wisconsin Diagnostic Breast Cancer_STANDARDUNIFORM;dt_scores_binary_crossentropy_Wisconsin Diagnostic Breast Cancer_STANDARDUNIFORM;dt_scores_accuracy_Wisconsin Diagnostic Breast Cancer_STANDARDUNIFORM;dt_scores_f1_score_Wisconsin Diagnostic Breast Cancer_STANDARDUNIFORM;dt_scores_roc_auc_score_Wisconsin Diagnostic Breast Cancer_STANDARDUNIFORM;dt_scores_soft_binary_crossentropy_data_random_Wisconsin Diagnostic Breast Cancer_STANDARDUNIFORM;dt_scores_binary_crossentropy_data_random_Wisconsin Diagnostic Breast Cancer_STANDARDUNIFORM;dt_scores_accuracy_data_random_Wisconsin Diagnostic Breast Cancer_STANDARDUNIFORM;dt_scores_f1_score_data_random_Wisconsin Diagnostic Breast Cancer_STANDARDUNIFORM;dt_scores_roc_auc_score_data_random_Wisconsin Diagnostic Breast Cancer_STANDARDUNIFORM;dt_scores_soft_binary_crossentropy_std_Wisconsin Diagnostic Breast Cancer_STANDARDUNIFORM;dt_scores_binary_crossentropy_std_Wisconsin Diagnostic Breast Cancer_STANDARDUNIFORM;dt_scores_accuracy_std_Wisconsin Diagnostic Breast Cancer_STANDARDUNIFORM;dt_scores_f1_score_std_Wisconsin Diagnostic Breast Cancer_STANDARDUNIFORM;dt_scores_roc_auc_score_std_Wisconsin Diagnostic Breast Cancer_STANDARDUNIFORM;dt_scores_soft_binary_crossentropy_data_random_std_Wisconsin Diagnostic Breast Cancer_STANDARDUNIFORM;dt_scores_binary_crossentropy_data_random_std_Wisconsin Diagnostic Breast Cancer_STANDARDUNIFORM;dt_scores_accuracy_data_random_std_Wisconsin Diagnostic Breast Cancer_STANDARDUNIFORM;dt_scores_f1_score_data_random_std_Wisconsin Diagnostic Breast Cancer_STANDARDUNIFORM;dt_scores_roc_auc_score_data_random_std_Wisconsin Diagnostic Breast Cancer_STANDARDUNIFORM;dt_scores_runtime_Wisconsin Diagnostic Breast Cancer_STANDARDUNIFORM;inet_scores_soft_binary_crossentropy_Wisconsin Diagnostic Breast Cancer_STANDARDUNIFORM;inet_scores_binary_crossentropy_Wisconsin Diagnostic Breast Cancer_STANDARDUNIFORM;inet_scores_accuracy_Wisconsin Diagnostic Breast Cancer_STANDARDUNIFORM;inet_scores_f1_score_Wisconsin Diagnostic Breast Cancer_STANDARDUNIFORM;inet_scores_roc_auc_score_Wisconsin Diagnostic Breast Cancer_STANDARDUNIFORM;inet_scores_runtime_Wisconsin Diagnostic Breast Cancer_STANDARDUNIFORM;model_scores_soft_binary_crossentropy_Wisconsin Diagnostic Breast Cancer_STANDARDUNIFORM;model_scores_binary_crossentropy_Wisconsin Diagnostic Breast Cancer_STANDARDUNIFORM;model_scores_accuracy_Wisconsin Diagnostic Breast Cancer_STANDARDUNIFORM;model_scores_f1_score_Wisconsin Diagnostic Breast Cancer_STANDARDUNIFORM;model_scores_roc_auc_score_Wisconsin Diagnostic Breast Cancer_STANDARDUNIFORM;model_scores_runtime_Wisconsin Diagnostic Breast Cancer_STANDARDUNIFORM;dt_scores_soft_binary_crossentropy_['uniform', 'normal', 'gamma', 'beta', 'poisson']_Wisconsin Prognostic Breast Cancer_STANDARDUNIFORM;dt_scores_binary_crossentropy_['uniform', 'normal', 'gamma', 'beta', 'poisson']_Wisconsin Prognostic Breast Cancer_STANDARDUNIFORM;dt_scores_accuracy_['uniform', 'normal', 'gamma', 'beta', 'poisson']_Wisconsin Prognostic Breast Cancer_STANDARDUNIFORM;dt_scores_f1_score_['uniform', 'normal', 'gamma', 'beta', 'poisson']_Wisconsin Prognostic Breast Cancer_STANDARDUNIFORM;dt_scores_roc_auc_score_['uniform', 'normal', 'gamma', 'beta', 'poisson']_Wisconsin Prognostic Breast Cancer_STANDARDUNIFORM;dt_scores_soft_binary_crossentropy_data_random_['uniform', 'normal', 'gamma', 'beta', 'poisson']_Wisconsin Prognostic Breast Cancer_STANDARDUNIFORM;dt_scores_binary_crossentropy_data_random_['uniform', 'normal', 'gamma', 'beta', 'poisson']_Wisconsin Prognostic Breast Cancer_STANDARDUNIFORM;dt_scores_accuracy_data_random_['uniform', 'normal', 'gamma', 'beta', 'poisson']_Wisconsin Prognostic Breast Cancer_STANDARDUNIFORM;dt_scores_f1_score_data_random_['uniform', 'normal', 'gamma', 'beta', 'poisson']_Wisconsin Prognostic Breast Cancer_STANDARDUNIFORM;dt_scores_roc_auc_score_data_random_['uniform', 'normal', 'gamma', 'beta', 'poisson']_Wisconsin Prognostic Breast Cancer_STANDARDUNIFORM;dt_scores_runtime_['uniform', 'normal', 'gamma', 'beta', 'poisson']_Wisconsin Prognostic Breast Cancer_STANDARDUNIFORM;dt_scores_soft_binary_crossentropy_Wisconsin Prognostic Breast Cancer_STANDARDUNIFORM;dt_scores_binary_crossentropy_Wisconsin Prognostic Breast Cancer_STANDARDUNIFORM;dt_scores_accuracy_Wisconsin Prognostic Breast Cancer_STANDARDUNIFORM;dt_scores_f1_score_Wisconsin Prognostic Breast Cancer_STANDARDUNIFORM;dt_scores_roc_auc_score_Wisconsin Prognostic Breast Cancer_STANDARDUNIFORM;dt_scores_soft_binary_crossentropy_data_random_Wisconsin Prognostic Breast Cancer_STANDARDUNIFORM;dt_scores_binary_crossentropy_data_random_Wisconsin Prognostic Breast Cancer_STANDARDUNIFORM;dt_scores_accuracy_data_random_Wisconsin Prognostic Breast Cancer_STANDARDUNIFORM;dt_scores_f1_score_data_random_Wisconsin Prognostic Breast Cancer_STANDARDUNIFORM;dt_scores_roc_auc_score_data_random_Wisconsin Prognostic Breast Cancer_STANDARDUNIFORM;dt_scores_soft_binary_crossentropy_std_Wisconsin Prognostic Breast Cancer_STANDARDUNIFORM;dt_scores_binary_crossentropy_std_Wisconsin Prognostic Breast Cancer_STANDARDUNIFORM;dt_scores_accuracy_std_Wisconsin Prognostic Breast Cancer_STANDARDUNIFORM;dt_scores_f1_score_std_Wisconsin Prognostic Breast Cancer_STANDARDUNIFORM;dt_scores_roc_auc_score_std_Wisconsin Prognostic Breast Cancer_STANDARDUNIFORM;dt_scores_soft_binary_crossentropy_data_random_std_Wisconsin Prognostic Breast Cancer_STANDARDUNIFORM;dt_scores_binary_crossentropy_data_random_std_Wisconsin Prognostic Breast Cancer_STANDARDUNIFORM;dt_scores_accuracy_data_random_std_Wisconsin Prognostic Breast Cancer_STANDARDUNIFORM;dt_scores_f1_score_data_random_std_Wisconsin Prognostic Breast Cancer_STANDARDUNIFORM;dt_scores_roc_auc_score_data_random_std_Wisconsin Prognostic Breast Cancer_STANDARDUNIFORM;dt_scores_runtime_Wisconsin Prognostic Breast Cancer_STANDARDUNIFORM;inet_scores_soft_binary_crossentropy_Wisconsin Prognostic Breast Cancer_STANDARDUNIFORM;inet_scores_binary_crossentropy_Wisconsin Prognostic Breast Cancer_STANDARDUNIFORM;inet_scores_accuracy_Wisconsin Prognostic Breast Cancer_STANDARDUNIFORM;inet_scores_f1_score_Wisconsin Prognostic Breast Cancer_STANDARDUNIFORM;inet_scores_roc_auc_score_Wisconsin Prognostic Breast Cancer_STANDARDUNIFORM;inet_scores_runtime_Wisconsin Prognostic Breast Cancer_STANDARDUNIFORM;model_scores_soft_binary_crossentropy_Wisconsin Prognostic Breast Cancer_STANDARDUNIFORM;model_scores_binary_crossentropy_Wisconsin Prognostic Breast Cancer_STANDARDUNIFORM;model_scores_accuracy_Wisconsin Prognostic Breast Cancer_STANDARDUNIFORM;model_scores_f1_score_Wisconsin Prognostic Breast Cancer_STANDARDUNIFORM;model_scores_roc_auc_score_Wisconsin Prognostic Breast Cancer_STANDARDUNIFORM;model_scores_runtime_Wisconsin Prognostic Breast Cancer_STANDARDUNIFORM;dt_scores_soft_binary_crossentropy_['uniform', 'normal', 'gamma', 'beta', 'poisson']_Abalone_STANDARDUNIFORM;dt_scores_binary_crossentropy_['uniform', 'normal', 'gamma', 'beta', 'poisson']_Abalone_STANDARDUNIFORM;dt_scores_accuracy_['uniform', 'normal', 'gamma', 'beta', 'poisson']_Abalone_STANDARDUNIFORM;dt_scores_f1_score_['uniform', 'normal', 'gamma', 'beta', 'poisson']_Abalone_STANDARDUNIFORM;dt_scores_roc_auc_score_['uniform', 'normal', 'gamma', 'beta', 'poisson']_Abalone_STANDARDUNIFORM;dt_scores_soft_binary_crossentropy_data_random_['uniform', 'normal', 'gamma', 'beta', 'poisson']_Abalone_STANDARDUNIFORM;dt_scores_binary_crossentropy_data_random_['uniform', 'normal', 'gamma', 'beta', 'poisson']_Abalone_STANDARDUNIFORM;dt_scores_accuracy_data_random_['uniform', 'normal', 'gamma', 'beta', 'poisson']_Abalone_STANDARDUNIFORM;dt_scores_f1_score_data_random_['uniform', 'normal', 'gamma', 'beta', 'poisson']_Abalone_STANDARDUNIFORM;dt_scores_roc_auc_score_data_random_['uniform', 'normal', 'gamma', 'beta', 'poisson']_Abalone_STANDARDUNIFORM;dt_scores_runtime_['uniform', 'normal', 'gamma', 'beta', 'poisson']_Abalone_STANDARDUNIFORM;dt_scores_soft_binary_crossentropy_Abalone_STANDARDUNIFORM;dt_scores_binary_crossentropy_Abalone_STANDARDUNIFORM;dt_scores_accuracy_Abalone_STANDARDUNIFORM;dt_scores_f1_score_Abalone_STANDARDUNIFORM;dt_scores_roc_auc_score_Abalone_STANDARDUNIFORM;dt_scores_soft_binary_crossentropy_data_random_Abalone_STANDARDUNIFORM;dt_scores_binary_crossentropy_data_random_Abalone_STANDARDUNIFORM;dt_scores_accuracy_data_random_Abalone_STANDARDUNIFORM;dt_scores_f1_score_data_random_Abalone_STANDARDUNIFORM;dt_scores_roc_auc_score_data_random_Abalone_STANDARDUNIFORM;dt_scores_soft_binary_crossentropy_std_Abalone_STANDARDUNIFORM;dt_scores_binary_crossentropy_std_Abalone_STANDARDUNIFORM;dt_scores_accuracy_std_Abalone_STANDARDUNIFORM;dt_scores_f1_score_std_Abalone_STANDARDUNIFORM;dt_scores_roc_auc_score_std_Abalone_STANDARDUNIFORM;dt_scores_soft_binary_crossentropy_data_random_std_Abalone_STANDARDUNIFORM;dt_scores_binary_crossentropy_data_random_std_Abalone_STANDARDUNIFORM;dt_scores_accuracy_data_random_std_Abalone_STANDARDUNIFORM;dt_scores_f1_score_data_random_std_Abalone_STANDARDUNIFORM;dt_scores_roc_auc_score_data_random_std_Abalone_STANDARDUNIFORM;dt_scores_runtime_Abalone_STANDARDUNIFORM;inet_scores_soft_binary_crossentropy_Abalone_STANDARDUNIFORM;inet_scores_binary_crossentropy_Abalone_STANDARDUNIFORM;inet_scores_accuracy_Abalone_STANDARDUNIFORM;inet_scores_f1_score_Abalone_STANDARDUNIFORM;inet_scores_roc_auc_score_Abalone_STANDARDUNIFORM;inet_scores_runtime_Abalone_STANDARDUNIFORM;model_scores_soft_binary_crossentropy_Abalone_STANDARDUNIFORM;model_scores_binary_crossentropy_Abalone_STANDARDUNIFORM;model_scores_accuracy_Abalone_STANDARDUNIFORM;model_scores_f1_score_Abalone_STANDARDUNIFORM;model_scores_roc_auc_score_Abalone_STANDARDUNIFORM;model_scores_runtime_Abalone_STANDARDUNIFORM;dt_scores_soft_binary_crossentropy_['uniform', 'normal', 'gamma', 'beta', 'poisson']_Car_STANDARDUNIFORM;dt_scores_binary_crossentropy_['uniform', 'normal', 'gamma', 'beta', 'poisson']_Car_STANDARDUNIFORM;dt_scores_accuracy_['uniform', 'normal', 'gamma', 'beta', 'poisson']_Car_STANDARDUNIFORM;dt_scores_f1_score_['uniform', 'normal', 'gamma', 'beta', 'poisson']_Car_STANDARDUNIFORM;dt_scores_roc_auc_score_['uniform', 'normal', 'gamma', 'beta', 'poisson']_Car_STANDARDUNIFORM;dt_scores_soft_binary_crossentropy_data_random_['uniform', 'normal', 'gamma', 'beta', 'poisson']_Car_STANDARDUNIFORM;dt_scores_binary_crossentropy_data_random_['uniform', 'normal', 'gamma', 'beta', 'poisson']_Car_STANDARDUNIFORM;dt_scores_accuracy_data_random_['uniform', 'normal', 'gamma', 'beta', 'poisson']_Car_STANDARDUNIFORM;dt_scores_f1_score_data_random_['uniform', 'normal', 'gamma', 'beta', 'poisson']_Car_STANDARDUNIFORM;dt_scores_roc_auc_score_data_random_['uniform', 'normal', 'gamma', 'beta', 'poisson']_Car_STANDARDUNIFORM;dt_scores_runtime_['uniform', 'normal', 'gamma', 'beta', 'poisson']_Car_STANDARDUNIFORM;dt_scores_soft_binary_crossentropy_Car_STANDARDUNIFORM;dt_scores_binary_crossentropy_Car_STANDARDUNIFORM;dt_scores_accuracy_Car_STANDARDUNIFORM;dt_scores_f1_score_Car_STANDARDUNIFORM;dt_scores_roc_auc_score_Car_STANDARDUNIFORM;dt_scores_soft_binary_crossentropy_data_random_Car_STANDARDUNIFORM;dt_scores_binary_crossentropy_data_random_Car_STANDARDUNIFORM;dt_scores_accuracy_data_random_Car_STANDARDUNIFORM;dt_scores_f1_score_data_random_Car_STANDARDUNIFORM;dt_scores_roc_auc_score_data_random_Car_STANDARDUNIFORM;dt_scores_soft_binary_crossentropy_std_Car_STANDARDUNIFORM;dt_scores_binary_crossentropy_std_Car_STANDARDUNIFORM;dt_scores_accuracy_std_Car_STANDARDUNIFORM;dt_scores_f1_score_std_Car_STANDARDUNIFORM;dt_scores_roc_auc_score_std_Car_STANDARDUNIFORM;dt_scores_soft_binary_crossentropy_data_random_std_Car_STANDARDUNIFORM;dt_scores_binary_crossentropy_data_random_std_Car_STANDARDUNIFORM;dt_scores_accuracy_data_random_std_Car_STANDARDUNIFORM;dt_scores_f1_score_data_random_std_Car_STANDARDUNIFORM;dt_scores_roc_auc_score_data_random_std_Car_STANDARDUNIFORM;dt_scores_runtime_Car_STANDARDUNIFORM;inet_scores_soft_binary_crossentropy_Car_STANDARDUNIFORM;inet_scores_binary_crossentropy_Car_STANDARDUNIFORM;inet_scores_accuracy_Car_STANDARDUNIFORM;inet_scores_f1_score_Car_STANDARDUNIFORM;inet_scores_roc_auc_score_Car_STANDARDUNIFORM;inet_scores_runtime_Car_STANDARDUNIFORM;model_scores_soft_binary_crossentropy_Car_STANDARDUNIFORM;model_scores_binary_crossentropy_Car_STANDARDUNIFORM;model_scores_accuracy_Car_STANDARDUNIFORM;model_scores_f1_score_Car_STANDARDUNIFORM;model_scores_roc_auc_score_Car_STANDARDUNIFORM;model_scores_runtime_Car_STANDARDUNIFORM;dt_scores_soft_binary_crossentropy_['uniform', 'normal', 'gamma', 'beta', 'poisson']_Heart Disease_STANDARDUNIFORM;dt_scores_binary_crossentropy_['uniform', 'normal', 'gamma', 'beta', 'poisson']_Heart Disease_STANDARDUNIFORM;dt_scores_accuracy_['uniform', 'normal', 'gamma', 'beta', 'poisson']_Heart Disease_STANDARDUNIFORM;dt_scores_f1_score_['uniform', 'normal', 'gamma', 'beta', 'poisson']_Heart Disease_STANDARDUNIFORM;dt_scores_roc_auc_score_['uniform', 'normal', 'gamma', 'beta', 'poisson']_Heart Disease_STANDARDUNIFORM;dt_scores_soft_binary_crossentropy_data_random_['uniform', 'normal', 'gamma', 'beta', 'poisson']_Heart Disease_STANDARDUNIFORM;dt_scores_binary_crossentropy_data_random_['uniform', 'normal', 'gamma', 'beta', 'poisson']_Heart Disease_STANDARDUNIFORM;dt_scores_accuracy_data_random_['uniform', 'normal', 'gamma', 'beta', 'poisson']_Heart Disease_STANDARDUNIFORM;dt_scores_f1_score_data_random_['uniform', 'normal', 'gamma', 'beta', 'poisson']_Heart Disease_STANDARDUNIFORM;dt_scores_roc_auc_score_data_random_['uniform', 'normal', 'gamma', 'beta', 'poisson']_Heart Disease_STANDARDUNIFORM;dt_scores_runtime_['uniform', 'normal', 'gamma', 'beta', 'poisson']_Heart Disease_STANDARDUNIFORM;dt_scores_soft_binary_crossentropy_Heart Disease_STANDARDUNIFORM;dt_scores_binary_crossentropy_Heart Disease_STANDARDUNIFORM;dt_scores_accuracy_Heart Disease_STANDARDUNIFORM;dt_scores_f1_score_Heart Disease_STANDARDUNIFORM;dt_scores_roc_auc_score_Heart Disease_STANDARDUNIFORM;dt_scores_soft_binary_crossentropy_data_random_Heart Disease_STANDARDUNIFORM;dt_scores_binary_crossentropy_data_random_Heart Disease_STANDARDUNIFORM;dt_scores_accuracy_data_random_Heart Disease_STANDARDUNIFORM;dt_scores_f1_score_data_random_Heart Disease_STANDARDUNIFORM;dt_scores_roc_auc_score_data_random_Heart Disease_STANDARDUNIFORM;dt_scores_soft_binary_crossentropy_std_Heart Disease_STANDARDUNIFORM;dt_scores_binary_crossentropy_std_Heart Disease_STANDARDUNIFORM;dt_scores_accuracy_std_Heart Disease_STANDARDUNIFORM;dt_scores_f1_score_std_Heart Disease_STANDARDUNIFORM;dt_scores_roc_auc_score_std_Heart Disease_STANDARDUNIFORM;dt_scores_soft_binary_crossentropy_data_random_std_Heart Disease_STANDARDUNIFORM;dt_scores_binary_crossentropy_data_random_std_Heart Disease_STANDARDUNIFORM;dt_scores_accuracy_data_random_std_Heart Disease_STANDARDUNIFORM;dt_scores_f1_score_data_random_std_Heart Disease_STANDARDUNIFORM;dt_scores_roc_auc_score_data_random_std_Heart Disease_STANDARDUNIFORM;dt_scores_runtime_Heart Disease_STANDARDUNIFORM;inet_scores_soft_binary_crossentropy_Heart Disease_STANDARDUNIFORM;inet_scores_binary_crossentropy_Heart Disease_STANDARDUNIFORM;inet_scores_accuracy_Heart Disease_STANDARDUNIFORM;inet_scores_f1_score_Heart Disease_STANDARDUNIFORM;inet_scores_roc_auc_score_Heart Disease_STANDARDUNIFORM;inet_scores_runtime_Heart Disease_STANDARDUNIFORM;model_scores_soft_binary_crossentropy_Heart Disease_STANDARDUNIFORM;model_scores_binary_crossentropy_Heart Disease_STANDARDUNIFORM;model_scores_accuracy_Heart Disease_STANDARDUNIFORM;model_scores_f1_score_Heart Disease_STANDARDUNIFORM;model_scores_roc_auc_score_Heart Disease_STANDARDUNIFORM;model_scores_runtime_Heart Disease_STANDARDUNIFORM;dt_scores_soft_binary_crossentropy_['uniform', 'normal', 'gamma', 'beta', 'poisson']_Credit Card_STANDARDUNIFORM;dt_scores_binary_crossentropy_['uniform', 'normal', 'gamma', 'beta', 'poisson']_Credit Card_STANDARDUNIFORM;dt_scores_accuracy_['uniform', 'normal', 'gamma', 'beta', 'poisson']_Credit Card_STANDARDUNIFORM;dt_scores_f1_score_['uniform', 'normal', 'gamma', 'beta', 'poisson']_Credit Card_STANDARDUNIFORM;dt_scores_roc_auc_score_['uniform', 'normal', 'gamma', 'beta', 'poisson']_Credit Card_STANDARDUNIFORM;dt_scores_soft_binary_crossentropy_data_random_['uniform', 'normal', 'gamma', 'beta', 'poisson']_Credit Card_STANDARDUNIFORM;dt_scores_binary_crossentropy_data_random_['uniform', 'normal', 'gamma', 'beta', 'poisson']_Credit Card_STANDARDUNIFORM;dt_scores_accuracy_data_random_['uniform', 'normal', 'gamma', 'beta', 'poisson']_Credit Card_STANDARDUNIFORM;dt_scores_f1_score_data_random_['uniform', 'normal', 'gamma', 'beta', 'poisson']_Credit Card_STANDARDUNIFORM;dt_scores_roc_auc_score_data_random_['uniform', 'normal', 'gamma', 'beta', 'poisson']_Credit Card_STANDARDUNIFORM;dt_scores_runtime_['uniform', 'normal', 'gamma', 'beta', 'poisson']_Credit Card_STANDARDUNIFORM;dt_scores_soft_binary_crossentropy_Credit Card_STANDARDUNIFORM;dt_scores_binary_crossentropy_Credit Card_STANDARDUNIFORM;dt_scores_accuracy_Credit Card_STANDARDUNIFORM;dt_scores_f1_score_Credit Card_STANDARDUNIFORM;dt_scores_roc_auc_score_Credit Card_STANDARDUNIFORM;dt_scores_soft_binary_crossentropy_data_random_Credit Card_STANDARDUNIFORM;dt_scores_binary_crossentropy_data_random_Credit Card_STANDARDUNIFORM;dt_scores_accuracy_data_random_Credit Card_STANDARDUNIFORM;dt_scores_f1_score_data_random_Credit Card_STANDARDUNIFORM;dt_scores_roc_auc_score_data_random_Credit Card_STANDARDUNIFORM;dt_scores_soft_binary_crossentropy_std_Credit Card_STANDARDUNIFORM;dt_scores_binary_crossentropy_std_Credit Card_STANDARDUNIFORM;dt_scores_accuracy_std_Credit Card_STANDARDUNIFORM;dt_scores_f1_score_std_Credit Card_STANDARDUNIFORM;dt_scores_roc_auc_score_std_Credit Card_STANDARDUNIFORM;dt_scores_soft_binary_crossentropy_data_random_std_Credit Card_STANDARDUNIFORM;dt_scores_binary_crossentropy_data_random_std_Credit Card_STANDARDUNIFORM;dt_scores_accuracy_data_random_std_Credit Card_STANDARDUNIFORM;dt_scores_f1_score_data_random_std_Credit Card_STANDARDUNIFORM;dt_scores_roc_auc_score_data_random_std_Credit Card_STANDARDUNIFORM;dt_scores_runtime_Credit Card_STANDARDUNIFORM;inet_scores_soft_binary_crossentropy_Credit Card_STANDARDUNIFORM;inet_scores_binary_crossentropy_Credit Card_STANDARDUNIFORM;inet_scores_accuracy_Credit Card_STANDARDUNIFORM;inet_scores_f1_score_Credit Card_STANDARDUNIFORM;inet_scores_roc_auc_score_Credit Card_STANDARDUNIFORM;inet_scores_runtime_Credit Card_STANDARDUNIFORM;model_scores_soft_binary_crossentropy_Credit Card_STANDARDUNIFORM;model_scores_binary_crossentropy_Credit Card_STANDARDUNIFORM;model_scores_accuracy_Credit Card_STANDARDUNIFORM;model_scores_f1_score_Credit Card_STANDARDUNIFORM;model_scores_roc_auc_score_Credit Card_STANDARDUNIFORM;model_scores_runtime_Credit Card_STANDARDUNIFORM;dt_scores_soft_binary_crossentropy_['uniform', 'normal', 'gamma', 'beta', 'poisson']_Haberman_STANDARDUNIFORM;dt_scores_binary_crossentropy_['uniform', 'normal', 'gamma', 'beta', 'poisson']_Haberman_STANDARDUNIFORM;dt_scores_accuracy_['uniform', 'normal', 'gamma', 'beta', 'poisson']_Haberman_STANDARDUNIFORM;dt_scores_f1_score_['uniform', 'normal', 'gamma', 'beta', 'poisson']_Haberman_STANDARDUNIFORM;dt_scores_roc_auc_score_['uniform', 'normal', 'gamma', 'beta', 'poisson']_Haberman_STANDARDUNIFORM;dt_scores_soft_binary_crossentropy_data_random_['uniform', 'normal', 'gamma', 'beta', 'poisson']_Haberman_STANDARDUNIFORM;dt_scores_binary_crossentropy_data_random_['uniform', 'normal', 'gamma', 'beta', 'poisson']_Haberman_STANDARDUNIFORM;dt_scores_accuracy_data_random_['uniform', 'normal', 'gamma', 'beta', 'poisson']_Haberman_STANDARDUNIFORM;dt_scores_f1_score_data_random_['uniform', 'normal', 'gamma', 'beta', 'poisson']_Haberman_STANDARDUNIFORM;dt_scores_roc_auc_score_data_random_['uniform', 'normal', 'gamma', 'beta', 'poisson']_Haberman_STANDARDUNIFORM;dt_scores_runtime_['uniform', 'normal', 'gamma', 'beta', 'poisson']_Haberman_STANDARDUNIFORM;dt_scores_soft_binary_crossentropy_Haberman_STANDARDUNIFORM;dt_scores_binary_crossentropy_Haberman_STANDARDUNIFORM;dt_scores_accuracy_Haberman_STANDARDUNIFORM;dt_scores_f1_score_Haberman_STANDARDUNIFORM;dt_scores_roc_auc_score_Haberman_STANDARDUNIFORM;dt_scores_soft_binary_crossentropy_data_random_Haberman_STANDARDUNIFORM;dt_scores_binary_crossentropy_data_random_Haberman_STANDARDUNIFORM;dt_scores_accuracy_data_random_Haberman_STANDARDUNIFORM;dt_scores_f1_score_data_random_Haberman_STANDARDUNIFORM;dt_scores_roc_auc_score_data_random_Haberman_STANDARDUNIFORM;dt_scores_soft_binary_crossentropy_std_Haberman_STANDARDUNIFORM;dt_scores_binary_crossentropy_std_Haberman_STANDARDUNIFORM;dt_scores_accuracy_std_Haberman_STANDARDUNIFORM;dt_scores_f1_score_std_Haberman_STANDARDUNIFORM;dt_scores_roc_auc_score_std_Haberman_STANDARDUNIFORM;dt_scores_soft_binary_crossentropy_data_random_std_Haberman_STANDARDUNIFORM;dt_scores_binary_crossentropy_data_random_std_Haberman_STANDARDUNIFORM;dt_scores_accuracy_data_random_std_Haberman_STANDARDUNIFORM;dt_scores_f1_score_data_random_std_Haberman_STANDARDUNIFORM;dt_scores_roc_auc_score_data_random_std_Haberman_STANDARDUNIFORM;dt_scores_runtime_Haberman_STANDARDUNIFORM;inet_scores_soft_binary_crossentropy_Haberman_STANDARDUNIFORM;inet_scores_binary_crossentropy_Haberman_STANDARDUNIFORM;inet_scores_accuracy_Haberman_STANDARDUNIFORM;inet_scores_f1_score_Haberman_STANDARDUNIFORM;inet_scores_roc_auc_score_Haberman_STANDARDUNIFORM;inet_scores_runtime_Haberman_STANDARDUNIFORM;model_scores_soft_binary_crossentropy_Haberman_STANDARDUNIFORM;model_scores_binary_crossentropy_Haberman_STANDARDUNIFORM;model_scores_accuracy_Haberman_STANDARDUNIFORM;model_scores_f1_score_Haberman_STANDARDUNIFORM;model_scores_roc_auc_score_Haberman_STANDARDUNIFORM;model_scores_runtime_Haberman_STANDARDUNIFORM;dt_scores_soft_binary_crossentropy_['uniform', 'normal', 'gamma', 'beta', 'poisson']_Adult_STANDARDUNIFORM;dt_scores_binary_crossentropy_['uniform', 'normal', 'gamma', 'beta', 'poisson']_Adult_STANDARDUNIFORM;dt_scores_accuracy_['uniform', 'normal', 'gamma', 'beta', 'poisson']_Adult_STANDARDUNIFORM;dt_scores_f1_score_['uniform', 'normal', 'gamma', 'beta', 'poisson']_Adult_STANDARDUNIFORM;dt_scores_roc_auc_score_['uniform', 'normal', 'gamma', 'beta', 'poisson']_Adult_STANDARDUNIFORM;dt_scores_soft_binary_crossentropy_data_random_['uniform', 'normal', 'gamma', 'beta', 'poisson']_Adult_STANDARDUNIFORM;dt_scores_binary_crossentropy_data_random_['uniform', 'normal', 'gamma', 'beta', 'poisson']_Adult_STANDARDUNIFORM;dt_scores_accuracy_data_random_['uniform', 'normal', 'gamma', 'beta', 'poisson']_Adult_STANDARDUNIFORM;dt_scores_f1_score_data_random_['uniform', 'normal', 'gamma', 'beta', 'poisson']_Adult_STANDARDUNIFORM;dt_scores_roc_auc_score_data_random_['uniform', 'normal', 'gamma', 'beta', 'poisson']_Adult_STANDARDUNIFORM;dt_scores_runtime_['uniform', 'normal', 'gamma', 'beta', 'poisson']_Adult_STANDARDUNIFORM;dt_scores_soft_binary_crossentropy_Adult_STANDARDUNIFORM;dt_scores_binary_crossentropy_Adult_STANDARDUNIFORM;dt_scores_accuracy_Adult_STANDARDUNIFORM;dt_scores_f1_score_Adult_STANDARDUNIFORM;dt_scores_roc_auc_score_Adult_STANDARDUNIFORM;dt_scores_soft_binary_crossentropy_data_random_Adult_STANDARDUNIFORM;dt_scores_binary_crossentropy_data_random_Adult_STANDARDUNIFORM;dt_scores_accuracy_data_random_Adult_STANDARDUNIFORM;dt_scores_f1_score_data_random_Adult_STANDARDUNIFORM;dt_scores_roc_auc_score_data_random_Adult_STANDARDUNIFORM;dt_scores_soft_binary_crossentropy_std_Adult_STANDARDUNIFORM;dt_scores_binary_crossentropy_std_Adult_STANDARDUNIFORM;dt_scores_accuracy_std_Adult_STANDARDUNIFORM;dt_scores_f1_score_std_Adult_STANDARDUNIFORM;dt_scores_roc_auc_score_std_Adult_STANDARDUNIFORM;dt_scores_soft_binary_crossentropy_data_random_std_Adult_STANDARDUNIFORM;dt_scores_binary_crossentropy_data_random_std_Adult_STANDARDUNIFORM;dt_scores_accuracy_data_random_std_Adult_STANDARDUNIFORM;dt_scores_f1_score_data_random_std_Adult_STANDARDUNIFORM;dt_scores_roc_auc_score_data_random_std_Adult_STANDARDUNIFORM;dt_scores_runtime_Adult_STANDARDUNIFORM;inet_scores_soft_binary_crossentropy_Adult_STANDARDUNIFORM;inet_scores_binary_crossentropy_Adult_STANDARDUNIFORM;inet_scores_accuracy_Adult_STANDARDUNIFORM;inet_scores_f1_score_Adult_STANDARDUNIFORM;inet_scores_roc_auc_score_Adult_STANDARDUNIFORM;inet_scores_runtime_Adult_STANDARDUNIFORM;model_scores_soft_binary_crossentropy_Adult_STANDARDUNIFORM;model_scores_binary_crossentropy_Adult_STANDARDUNIFORM;model_scores_accuracy_Adult_STANDARDUNIFORM;model_scores_f1_score_Adult_STANDARDUNIFORM;model_scores_roc_auc_score_Adult_STANDARDUNIFORM;model_scores_runtime_Adult_STANDARDUNIFORM;dt_scores_soft_binary_crossentropy_['uniform', 'normal', 'gamma', 'beta', 'poisson']_Titanic_STANDARDUNIFORM;dt_scores_binary_crossentropy_['uniform', 'normal', 'gamma', 'beta', 'poisson']_Titanic_STANDARDUNIFORM;dt_scores_accuracy_['uniform', 'normal', 'gamma', 'beta', 'poisson']_Titanic_STANDARDUNIFORM;dt_scores_f1_score_['uniform', 'normal', 'gamma', 'beta', 'poisson']_Titanic_STANDARDUNIFORM;dt_scores_roc_auc_score_['uniform', 'normal', 'gamma', 'beta', 'poisson']_Titanic_STANDARDUNIFORM;dt_scores_soft_binary_crossentropy_data_random_['uniform', 'normal', 'gamma', 'beta', 'poisson']_Titanic_STANDARDUNIFORM;dt_scores_binary_crossentropy_data_random_['uniform', 'normal', 'gamma', 'beta', 'poisson']_Titanic_STANDARDUNIFORM;dt_scores_accuracy_data_random_['uniform', 'normal', 'gamma', 'beta', 'poisson']_Titanic_STANDARDUNIFORM;dt_scores_f1_score_data_random_['uniform', 'normal', 'gamma', 'beta', 'poisson']_Titanic_STANDARDUNIFORM;dt_scores_roc_auc_score_data_random_['uniform', 'normal', 'gamma', 'beta', 'poisson']_Titanic_STANDARDUNIFORM;dt_scores_runtime_['uniform', 'normal', 'gamma', 'beta', 'poisson']_Titanic_STANDARDUNIFORM;dt_scores_soft_binary_crossentropy_Titanic_STANDARDUNIFORM;dt_scores_binary_crossentropy_Titanic_STANDARDUNIFORM;dt_scores_accuracy_Titanic_STANDARDUNIFORM;dt_scores_f1_score_Titanic_STANDARDUNIFORM;dt_scores_roc_auc_score_Titanic_STANDARDUNIFORM;dt_scores_soft_binary_crossentropy_data_random_Titanic_STANDARDUNIFORM;dt_scores_binary_crossentropy_data_random_Titanic_STANDARDUNIFORM;dt_scores_accuracy_data_random_Titanic_STANDARDUNIFORM;dt_scores_f1_score_data_random_Titanic_STANDARDUNIFORM;dt_scores_roc_auc_score_data_random_Titanic_STANDARDUNIFORM;dt_scores_soft_binary_crossentropy_std_Titanic_STANDARDUNIFORM;dt_scores_binary_crossentropy_std_Titanic_STANDARDUNIFORM;dt_scores_accuracy_std_Titanic_STANDARDUNIFORM;dt_scores_f1_score_std_Titanic_STANDARDUNIFORM;dt_scores_roc_auc_score_std_Titanic_STANDARDUNIFORM;dt_scores_soft_binary_crossentropy_data_random_std_Titanic_STANDARDUNIFORM;dt_scores_binary_crossentropy_data_random_std_Titanic_STANDARDUNIFORM;dt_scores_accuracy_data_random_std_Titanic_STANDARDUNIFORM;dt_scores_f1_score_data_random_std_Titanic_STANDARDUNIFORM;dt_scores_roc_auc_score_data_random_std_Titanic_STANDARDUNIFORM;dt_scores_runtime_Titanic_STANDARDUNIFORM;inet_scores_soft_binary_crossentropy_Titanic_STANDARDUNIFORM;inet_scores_binary_crossentropy_Titanic_STANDARDUNIFORM;inet_scores_accuracy_Titanic_STANDARDUNIFORM;inet_scores_f1_score_Titanic_STANDARDUNIFORM;inet_scores_roc_auc_score_Titanic_STANDARDUNIFORM;inet_scores_runtime_Titanic_STANDARDUNIFORM;model_scores_soft_binary_crossentropy_Titanic_STANDARDUNIFORM;model_scores_binary_crossentropy_Titanic_STANDARDUNIFORM;model_scores_accuracy_Titanic_STANDARDUNIFORM;model_scores_f1_score_Titanic_STANDARDUNIFORM;model_scores_roc_auc_score_Titanic_STANDARDUNIFORM;model_scores_runtime_Titanic_STANDARDUNIFORM;dt_scores_soft_binary_crossentropy_['uniform', 'normal', 'gamma', 'beta', 'poisson']_Absenteeism_STANDARDUNIFORM;dt_scores_binary_crossentropy_['uniform', 'normal', 'gamma', 'beta', 'poisson']_Absenteeism_STANDARDUNIFORM;dt_scores_accuracy_['uniform', 'normal', 'gamma', 'beta', 'poisson']_Absenteeism_STANDARDUNIFORM;dt_scores_f1_score_['uniform', 'normal', 'gamma', 'beta', 'poisson']_Absenteeism_STANDARDUNIFORM;dt_scores_roc_auc_score_['uniform', 'normal', 'gamma', 'beta', 'poisson']_Absenteeism_STANDARDUNIFORM;dt_scores_soft_binary_crossentropy_data_random_['uniform', 'normal', 'gamma', 'beta', 'poisson']_Absenteeism_STANDARDUNIFORM;dt_scores_binary_crossentropy_data_random_['uniform', 'normal', 'gamma', 'beta', 'poisson']_Absenteeism_STANDARDUNIFORM;dt_scores_accuracy_data_random_['uniform', 'normal', 'gamma', 'beta', 'poisson']_Absenteeism_STANDARDUNIFORM;dt_scores_f1_score_data_random_['uniform', 'normal', 'gamma', 'beta', 'poisson']_Absenteeism_STANDARDUNIFORM;dt_scores_roc_auc_score_data_random_['uniform', 'normal', 'gamma', 'beta', 'poisson']_Absenteeism_STANDARDUNIFORM;dt_scores_runtime_['uniform', 'normal', 'gamma', 'beta', 'poisson']_Absenteeism_STANDARDUNIFORM;dt_scores_soft_binary_crossentropy_Absenteeism_STANDARDUNIFORM;dt_scores_binary_crossentropy_Absenteeism_STANDARDUNIFORM;dt_scores_accuracy_Absenteeism_STANDARDUNIFORM;dt_scores_f1_score_Absenteeism_STANDARDUNIFORM;dt_scores_roc_auc_score_Absenteeism_STANDARDUNIFORM;dt_scores_soft_binary_crossentropy_data_random_Absenteeism_STANDARDUNIFORM;dt_scores_binary_crossentropy_data_random_Absenteeism_STANDARDUNIFORM;dt_scores_accuracy_data_random_Absenteeism_STANDARDUNIFORM;dt_scores_f1_score_data_random_Absenteeism_STANDARDUNIFORM;dt_scores_roc_auc_score_data_random_Absenteeism_STANDARDUNIFORM;dt_scores_soft_binary_crossentropy_std_Absenteeism_STANDARDUNIFORM;dt_scores_binary_crossentropy_std_Absenteeism_STANDARDUNIFORM;dt_scores_accuracy_std_Absenteeism_STANDARDUNIFORM;dt_scores_f1_score_std_Absenteeism_STANDARDUNIFORM;dt_scores_roc_auc_score_std_Absenteeism_STANDARDUNIFORM;dt_scores_soft_binary_crossentropy_data_random_std_Absenteeism_STANDARDUNIFORM;dt_scores_binary_crossentropy_data_random_std_Absenteeism_STANDARDUNIFORM;dt_scores_accuracy_data_random_std_Absenteeism_STANDARDUNIFORM;dt_scores_f1_score_data_random_std_Absenteeism_STANDARDUNIFORM;dt_scores_roc_auc_score_data_random_std_Absenteeism_STANDARDUNIFORM;dt_scores_runtime_Absenteeism_STANDARDUNIFORM;inet_scores_soft_binary_crossentropy_Absenteeism_STANDARDUNIFORM;inet_scores_binary_crossentropy_Absenteeism_STANDARDUNIFORM;inet_scores_accuracy_Absenteeism_STANDARDUNIFORM;inet_scores_f1_score_Absenteeism_STANDARDUNIFORM;inet_scores_roc_auc_score_Absenteeism_STANDARDUNIFORM;inet_scores_runtime_Absenteeism_STANDARDUNIFORM;model_scores_soft_binary_crossentropy_Absenteeism_STANDARDUNIFORM;model_scores_binary_crossentropy_Absenteeism_STANDARDUNIFORM;model_scores_accuracy_Absenteeism_STANDARDUNIFORM;model_scores_f1_score_Absenteeism_STANDARDUNIFORM;model_scores_roc_auc_score_Absenteeism_STANDARDUNIFORM;model_scores_runtime_Absenteeism_STANDARDUNIFORM;dt_scores_soft_binary_crossentropy_['uniform', 'normal', 'gamma', 'beta', 'poisson']_Loan House_STANDARDUNIFORM;dt_scores_binary_crossentropy_['uniform', 'normal', 'gamma', 'beta', 'poisson']_Loan House_STANDARDUNIFORM;dt_scores_accuracy_['uniform', 'normal', 'gamma', 'beta', 'poisson']_Loan House_STANDARDUNIFORM;dt_scores_f1_score_['uniform', 'normal', 'gamma', 'beta', 'poisson']_Loan House_STANDARDUNIFORM;dt_scores_roc_auc_score_['uniform', 'normal', 'gamma', 'beta', 'poisson']_Loan House_STANDARDUNIFORM;dt_scores_soft_binary_crossentropy_data_random_['uniform', 'normal', 'gamma', 'beta', 'poisson']_Loan House_STANDARDUNIFORM;dt_scores_binary_crossentropy_data_random_['uniform', 'normal', 'gamma', 'beta', 'poisson']_Loan House_STANDARDUNIFORM;dt_scores_accuracy_data_random_['uniform', 'normal', 'gamma', 'beta', 'poisson']_Loan House_STANDARDUNIFORM;dt_scores_f1_score_data_random_['uniform', 'normal', 'gamma', 'beta', 'poisson']_Loan House_STANDARDUNIFORM;dt_scores_roc_auc_score_data_random_['uniform', 'normal', 'gamma', 'beta', 'poisson']_Loan House_STANDARDUNIFORM;dt_scores_runtime_['uniform', 'normal', 'gamma', 'beta', 'poisson']_Loan House_STANDARDUNIFORM;dt_scores_soft_binary_crossentropy_Loan House_STANDARDUNIFORM;dt_scores_binary_crossentropy_Loan House_STANDARDUNIFORM;dt_scores_accuracy_Loan House_STANDARDUNIFORM;dt_scores_f1_score_Loan House_STANDARDUNIFORM;dt_scores_roc_auc_score_Loan House_STANDARDUNIFORM;dt_scores_soft_binary_crossentropy_data_random_Loan House_STANDARDUNIFORM;dt_scores_binary_crossentropy_data_random_Loan House_STANDARDUNIFORM;dt_scores_accuracy_data_random_Loan House_STANDARDUNIFORM;dt_scores_f1_score_data_random_Loan House_STANDARDUNIFORM;dt_scores_roc_auc_score_data_random_Loan House_STANDARDUNIFORM;dt_scores_soft_binary_crossentropy_std_Loan House_STANDARDUNIFORM;dt_scores_binary_crossentropy_std_Loan House_STANDARDUNIFORM;dt_scores_accuracy_std_Loan House_STANDARDUNIFORM;dt_scores_f1_score_std_Loan House_STANDARDUNIFORM;dt_scores_roc_auc_score_std_Loan House_STANDARDUNIFORM;dt_scores_soft_binary_crossentropy_data_random_std_Loan House_STANDARDUNIFORM;dt_scores_binary_crossentropy_data_random_std_Loan House_STANDARDUNIFORM;dt_scores_accuracy_data_random_std_Loan House_STANDARDUNIFORM;dt_scores_f1_score_data_random_std_Loan House_STANDARDUNIFORM;dt_scores_roc_auc_score_data_random_std_Loan House_STANDARDUNIFORM;dt_scores_runtime_Loan House_STANDARDUNIFORM;inet_scores_soft_binary_crossentropy_Loan House_STANDARDUNIFORM;inet_scores_binary_crossentropy_Loan House_STANDARDUNIFORM;inet_scores_accuracy_Loan House_STANDARDUNIFORM;inet_scores_f1_score_Loan House_STANDARDUNIFORM;inet_scores_roc_auc_score_Loan House_STANDARDUNIFORM;inet_scores_runtime_Loan House_STANDARDUNIFORM;model_scores_soft_binary_crossentropy_Loan House_STANDARDUNIFORM;model_scores_binary_crossentropy_Loan House_STANDARDUNIFORM;model_scores_accuracy_Loan House_STANDARDUNIFORM;model_scores_f1_score_Loan House_STANDARDUNIFORM;model_scores_roc_auc_score_Loan House_STANDARDUNIFORM;model_scores_runtime_Loan House_STANDARDUNIFORM;dt_scores_soft_binary_crossentropy_['uniform', 'normal', 'gamma', 'beta', 'poisson']_Loan Credit_STANDARDUNIFORM;dt_scores_binary_crossentropy_['uniform', 'normal', 'gamma', 'beta', 'poisson']_Loan Credit_STANDARDUNIFORM;dt_scores_accuracy_['uniform', 'normal', 'gamma', 'beta', 'poisson']_Loan Credit_STANDARDUNIFORM;dt_scores_f1_score_['uniform', 'normal', 'gamma', 'beta', 'poisson']_Loan Credit_STANDARDUNIFORM;dt_scores_roc_auc_score_['uniform', 'normal', 'gamma', 'beta', 'poisson']_Loan Credit_STANDARDUNIFORM;dt_scores_soft_binary_crossentropy_data_random_['uniform', 'normal', 'gamma', 'beta', 'poisson']_Loan Credit_STANDARDUNIFORM;dt_scores_binary_crossentropy_data_random_['uniform', 'normal', 'gamma', 'beta', 'poisson']_Loan Credit_STANDARDUNIFORM;dt_scores_accuracy_data_random_['uniform', 'normal', 'gamma', 'beta', 'poisson']_Loan Credit_STANDARDUNIFORM;dt_scores_f1_score_data_random_['uniform', 'normal', 'gamma', 'beta', 'poisson']_Loan Credit_STANDARDUNIFORM;dt_scores_roc_auc_score_data_random_['uniform', 'normal', 'gamma', 'beta', 'poisson']_Loan Credit_STANDARDUNIFORM;dt_scores_runtime_['uniform', 'normal', 'gamma', 'beta', 'poisson']_Loan Credit_STANDARDUNIFORM;dt_scores_soft_binary_crossentropy_Loan Credit_STANDARDUNIFORM;dt_scores_binary_crossentropy_Loan Credit_STANDARDUNIFORM;dt_scores_accuracy_Loan Credit_STANDARDUNIFORM;dt_scores_f1_score_Loan Credit_STANDARDUNIFORM;dt_scores_roc_auc_score_Loan Credit_STANDARDUNIFORM;dt_scores_soft_binary_crossentropy_data_random_Loan Credit_STANDARDUNIFORM;dt_scores_binary_crossentropy_data_random_Loan Credit_STANDARDUNIFORM;dt_scores_accuracy_data_random_Loan Credit_STANDARDUNIFORM;dt_scores_f1_score_data_random_Loan Credit_STANDARDUNIFORM;dt_scores_roc_auc_score_data_random_Loan Credit_STANDARDUNIFORM;dt_scores_soft_binary_crossentropy_std_Loan Credit_STANDARDUNIFORM;dt_scores_binary_crossentropy_std_Loan Credit_STANDARDUNIFORM;dt_scores_accuracy_std_Loan Credit_STANDARDUNIFORM;dt_scores_f1_score_std_Loan Credit_STANDARDUNIFORM;dt_scores_roc_auc_score_std_Loan Credit_STANDARDUNIFORM;dt_scores_soft_binary_crossentropy_data_random_std_Loan Credit_STANDARDUNIFORM;dt_scores_binary_crossentropy_data_random_std_Loan Credit_STANDARDUNIFORM;dt_scores_accuracy_data_random_std_Loan Credit_STANDARDUNIFORM;dt_scores_f1_score_data_random_std_Loan Credit_STANDARDUNIFORM;dt_scores_roc_auc_score_data_random_std_Loan Credit_STANDARDUNIFORM;dt_scores_runtime_Loan Credit_STANDARDUNIFORM;inet_scores_soft_binary_crossentropy_Loan Credit_STANDARDUNIFORM;inet_scores_binary_crossentropy_Loan Credit_STANDARDUNIFORM;inet_scores_accuracy_Loan Credit_STANDARDUNIFORM;inet_scores_f1_score_Loan Credit_STANDARDUNIFORM;inet_scores_roc_auc_score_Loan Credit_STANDARDUNIFORM;inet_scores_runtime_Loan Credit_STANDARDUNIFORM;model_scores_soft_binary_crossentropy_Loan Credit_STANDARDUNIFORM;model_scores_binary_crossentropy_Loan Credit_STANDARDUNIFORM;model_scores_accuracy_Loan Credit_STANDARDUNIFORM;model_scores_f1_score_Loan Credit_STANDARDUNIFORM;model_scores_roc_auc_score_Loan Credit_STANDARDUNIFORM;model_scores_runtime_Loan Credit_STANDARDUNIFORM;dt_scores_soft_binary_crossentropy_['uniform', 'normal', 'gamma', 'beta', 'poisson']_Medical Insurance_STANDARDUNIFORM;dt_scores_binary_crossentropy_['uniform', 'normal', 'gamma', 'beta', 'poisson']_Medical Insurance_STANDARDUNIFORM;dt_scores_accuracy_['uniform', 'normal', 'gamma', 'beta', 'poisson']_Medical Insurance_STANDARDUNIFORM;dt_scores_f1_score_['uniform', 'normal', 'gamma', 'beta', 'poisson']_Medical Insurance_STANDARDUNIFORM;dt_scores_roc_auc_score_['uniform', 'normal', 'gamma', 'beta', 'poisson']_Medical Insurance_STANDARDUNIFORM;dt_scores_soft_binary_crossentropy_data_random_['uniform', 'normal', 'gamma', 'beta', 'poisson']_Medical Insurance_STANDARDUNIFORM;dt_scores_binary_crossentropy_data_random_['uniform', 'normal', 'gamma', 'beta', 'poisson']_Medical Insurance_STANDARDUNIFORM;dt_scores_accuracy_data_random_['uniform', 'normal', 'gamma', 'beta', 'poisson']_Medical Insurance_STANDARDUNIFORM;dt_scores_f1_score_data_random_['uniform', 'normal', 'gamma', 'beta', 'poisson']_Medical Insurance_STANDARDUNIFORM;dt_scores_roc_auc_score_data_random_['uniform', 'normal', 'gamma', 'beta', 'poisson']_Medical Insurance_STANDARDUNIFORM;dt_scores_runtime_['uniform', 'normal', 'gamma', 'beta', 'poisson']_Medical Insurance_STANDARDUNIFORM;dt_scores_soft_binary_crossentropy_Medical Insurance_STANDARDUNIFORM;dt_scores_binary_crossentropy_Medical Insurance_STANDARDUNIFORM;dt_scores_accuracy_Medical Insurance_STANDARDUNIFORM;dt_scores_f1_score_Medical Insurance_STANDARDUNIFORM;dt_scores_roc_auc_score_Medical Insurance_STANDARDUNIFORM;dt_scores_soft_binary_crossentropy_data_random_Medical Insurance_STANDARDUNIFORM;dt_scores_binary_crossentropy_data_random_Medical Insurance_STANDARDUNIFORM;dt_scores_accuracy_data_random_Medical Insurance_STANDARDUNIFORM;dt_scores_f1_score_data_random_Medical Insurance_STANDARDUNIFORM;dt_scores_roc_auc_score_data_random_Medical Insurance_STANDARDUNIFORM;dt_scores_soft_binary_crossentropy_std_Medical Insurance_STANDARDUNIFORM;dt_scores_binary_crossentropy_std_Medical Insurance_STANDARDUNIFORM;dt_scores_accuracy_std_Medical Insurance_STANDARDUNIFORM;dt_scores_f1_score_std_Medical Insurance_STANDARDUNIFORM;dt_scores_roc_auc_score_std_Medical Insurance_STANDARDUNIFORM;dt_scores_soft_binary_crossentropy_data_random_std_Medical Insurance_STANDARDUNIFORM;dt_scores_binary_crossentropy_data_random_std_Medical Insurance_STANDARDUNIFORM;dt_scores_accuracy_data_random_std_Medical Insurance_STANDARDUNIFORM;dt_scores_f1_score_data_random_std_Medical Insurance_STANDARDUNIFORM;dt_scores_roc_auc_score_data_random_std_Medical Insurance_STANDARDUNIFORM;dt_scores_runtime_Medical Insurance_STANDARDUNIFORM;inet_scores_soft_binary_crossentropy_Medical Insurance_STANDARDUNIFORM;inet_scores_binary_crossentropy_Medical Insurance_STANDARDUNIFORM;inet_scores_accuracy_Medical Insurance_STANDARDUNIFORM;inet_scores_f1_score_Medical Insurance_STANDARDUNIFORM;inet_scores_roc_auc_score_Medical Insurance_STANDARDUNIFORM;inet_scores_runtime_Medical Insurance_STANDARDUNIFORM;model_scores_soft_binary_crossentropy_Medical Insurance_STANDARDUNIFORM;model_scores_binary_crossentropy_Medical Insurance_STANDARDUNIFORM;model_scores_accuracy_Medical Insurance_STANDARDUNIFORM;model_scores_f1_score_Medical Insurance_STANDARDUNIFORM;model_scores_roc_auc_score_Medical Insurance_STANDARDUNIFORM;model_scores_runtime_Medical Insurance_STANDARDUNIFORM;dt_scores_soft_binary_crossentropy_['uniform', 'normal', 'gamma', 'beta', 'poisson']_Bank Marketing_STANDARDUNIFORM;dt_scores_binary_crossentropy_['uniform', 'normal', 'gamma', 'beta', 'poisson']_Bank Marketing_STANDARDUNIFORM;dt_scores_accuracy_['uniform', 'normal', 'gamma', 'beta', 'poisson']_Bank Marketing_STANDARDUNIFORM;dt_scores_f1_score_['uniform', 'normal', 'gamma', 'beta', 'poisson']_Bank Marketing_STANDARDUNIFORM;dt_scores_roc_auc_score_['uniform', 'normal', 'gamma', 'beta', 'poisson']_Bank Marketing_STANDARDUNIFORM;dt_scores_soft_binary_crossentropy_data_random_['uniform', 'normal', 'gamma', 'beta', 'poisson']_Bank Marketing_STANDARDUNIFORM;dt_scores_binary_crossentropy_data_random_['uniform', 'normal', 'gamma', 'beta', 'poisson']_Bank Marketing_STANDARDUNIFORM;dt_scores_accuracy_data_random_['uniform', 'normal', 'gamma', 'beta', 'poisson']_Bank Marketing_STANDARDUNIFORM;dt_scores_f1_score_data_random_['uniform', 'normal', 'gamma', 'beta', 'poisson']_Bank Marketing_STANDARDUNIFORM;dt_scores_roc_auc_score_data_random_['uniform', 'normal', 'gamma', 'beta', 'poisson']_Bank Marketing_STANDARDUNIFORM;dt_scores_runtime_['uniform', 'normal', 'gamma', 'beta', 'poisson']_Bank Marketing_STANDARDUNIFORM;dt_scores_soft_binary_crossentropy_Bank Marketing_STANDARDUNIFORM;dt_scores_binary_crossentropy_Bank Marketing_STANDARDUNIFORM;dt_scores_accuracy_Bank Marketing_STANDARDUNIFORM;dt_scores_f1_score_Bank Marketing_STANDARDUNIFORM;dt_scores_roc_auc_score_Bank Marketing_STANDARDUNIFORM;dt_scores_soft_binary_crossentropy_data_random_Bank Marketing_STANDARDUNIFORM;dt_scores_binary_crossentropy_data_random_Bank Marketing_STANDARDUNIFORM;dt_scores_accuracy_data_random_Bank Marketing_STANDARDUNIFORM;dt_scores_f1_score_data_random_Bank Marketing_STANDARDUNIFORM;dt_scores_roc_auc_score_data_random_Bank Marketing_STANDARDUNIFORM;dt_scores_soft_binary_crossentropy_std_Bank Marketing_STANDARDUNIFORM;dt_scores_binary_crossentropy_std_Bank Marketing_STANDARDUNIFORM;dt_scores_accuracy_std_Bank Marketing_STANDARDUNIFORM;dt_scores_f1_score_std_Bank Marketing_STANDARDUNIFORM;dt_scores_roc_auc_score_std_Bank Marketing_STANDARDUNIFORM;dt_scores_soft_binary_crossentropy_data_random_std_Bank Marketing_STANDARDUNIFORM;dt_scores_binary_crossentropy_data_random_std_Bank Marketing_STANDARDUNIFORM;dt_scores_accuracy_data_random_std_Bank Marketing_STANDARDUNIFORM;dt_scores_f1_score_data_random_std_Bank Marketing_STANDARDUNIFORM;dt_scores_roc_auc_score_data_random_std_Bank Marketing_STANDARDUNIFORM;dt_scores_runtime_Bank Marketing_STANDARDUNIFORM;inet_scores_soft_binary_crossentropy_Bank Marketing_STANDARDUNIFORM;inet_scores_binary_crossentropy_Bank Marketing_STANDARDUNIFORM;inet_scores_accuracy_Bank Marketing_STANDARDUNIFORM;inet_scores_f1_score_Bank Marketing_STANDARDUNIFORM;inet_scores_roc_auc_score_Bank Marketing_STANDARDUNIFORM;inet_scores_runtime_Bank Marketing_STANDARDUNIFORM;model_scores_soft_binary_crossentropy_Bank Marketing_STANDARDUNIFORM;model_scores_binary_crossentropy_Bank Marketing_STANDARDUNIFORM;model_scores_accuracy_Bank Marketing_STANDARDUNIFORM;model_scores_f1_score_Bank Marketing_STANDARDUNIFORM;model_scores_roc_auc_score_Bank Marketing_STANDARDUNIFORM;model_scores_runtime_Bank Marketing_STANDARDUNIFORM;dt_scores_soft_binary_crossentropy_['uniform', 'normal', 'gamma', 'beta', 'poisson']_Cervical Cancer_STANDARDUNIFORM;dt_scores_binary_crossentropy_['uniform', 'normal', 'gamma', 'beta', 'poisson']_Cervical Cancer_STANDARDUNIFORM;dt_scores_accuracy_['uniform', 'normal', 'gamma', 'beta', 'poisson']_Cervical Cancer_STANDARDUNIFORM;dt_scores_f1_score_['uniform', 'normal', 'gamma', 'beta', 'poisson']_Cervical Cancer_STANDARDUNIFORM;dt_scores_roc_auc_score_['uniform', 'normal', 'gamma', 'beta', 'poisson']_Cervical Cancer_STANDARDUNIFORM;dt_scores_soft_binary_crossentropy_data_random_['uniform', 'normal', 'gamma', 'beta', 'poisson']_Cervical Cancer_STANDARDUNIFORM;dt_scores_binary_crossentropy_data_random_['uniform', 'normal', 'gamma', 'beta', 'poisson']_Cervical Cancer_STANDARDUNIFORM;dt_scores_accuracy_data_random_['uniform', 'normal', 'gamma', 'beta', 'poisson']_Cervical Cancer_STANDARDUNIFORM;dt_scores_f1_score_data_random_['uniform', 'normal', 'gamma', 'beta', 'poisson']_Cervical Cancer_STANDARDUNIFORM;dt_scores_roc_auc_score_data_random_['uniform', 'normal', 'gamma', 'beta', 'poisson']_Cervical Cancer_STANDARDUNIFORM;dt_scores_runtime_['uniform', 'normal', 'gamma', 'beta', 'poisson']_Cervical Cancer_STANDARDUNIFORM;dt_scores_soft_binary_crossentropy_Cervical Cancer_STANDARDUNIFORM;dt_scores_binary_crossentropy_Cervical Cancer_STANDARDUNIFORM;dt_scores_accuracy_Cervical Cancer_STANDARDUNIFORM;dt_scores_f1_score_Cervical Cancer_STANDARDUNIFORM;dt_scores_roc_auc_score_Cervical Cancer_STANDARDUNIFORM;dt_scores_soft_binary_crossentropy_data_random_Cervical Cancer_STANDARDUNIFORM;dt_scores_binary_crossentropy_data_random_Cervical Cancer_STANDARDUNIFORM;dt_scores_accuracy_data_random_Cervical Cancer_STANDARDUNIFORM;dt_scores_f1_score_data_random_Cervical Cancer_STANDARDUNIFORM;dt_scores_roc_auc_score_data_random_Cervical Cancer_STANDARDUNIFORM;dt_scores_soft_binary_crossentropy_std_Cervical Cancer_STANDARDUNIFORM;dt_scores_binary_crossentropy_std_Cervical Cancer_STANDARDUNIFORM;dt_scores_accuracy_std_Cervical Cancer_STANDARDUNIFORM;dt_scores_f1_score_std_Cervical Cancer_STANDARDUNIFORM;dt_scores_roc_auc_score_std_Cervical Cancer_STANDARDUNIFORM;dt_scores_soft_binary_crossentropy_data_random_std_Cervical Cancer_STANDARDUNIFORM;dt_scores_binary_crossentropy_data_random_std_Cervical Cancer_STANDARDUNIFORM;dt_scores_accuracy_data_random_std_Cervical Cancer_STANDARDUNIFORM;dt_scores_f1_score_data_random_std_Cervical Cancer_STANDARDUNIFORM;dt_scores_roc_auc_score_data_random_std_Cervical Cancer_STANDARDUNIFORM;dt_scores_runtime_Cervical Cancer_STANDARDUNIFORM;inet_scores_soft_binary_crossentropy_Cervical Cancer_STANDARDUNIFORM;inet_scores_binary_crossentropy_Cervical Cancer_STANDARDUNIFORM;inet_scores_accuracy_Cervical Cancer_STANDARDUNIFORM;inet_scores_f1_score_Cervical Cancer_STANDARDUNIFORM;inet_scores_roc_auc_score_Cervical Cancer_STANDARDUNIFORM;inet_scores_runtime_Cervical Cancer_STANDARDUNIFORM;model_scores_soft_binary_crossentropy_Cervical Cancer_STANDARDUNIFORM;model_scores_binary_crossentropy_Cervical Cancer_STANDARDUNIFORM;model_scores_accuracy_Cervical Cancer_STANDARDUNIFORM;model_scores_f1_score_Cervical Cancer_STANDARDUNIFORM;model_scores_roc_auc_score_Cervical Cancer_STANDARDUNIFORM;model_scores_runtime_Cervical Cancer_STANDARDUNIFORM;dt_scores_soft_binary_crossentropy_['uniform', 'normal', 'gamma', 'beta', 'poisson']_Brest Cancer Wisconsin_STANDARDUNIFORM;dt_scores_binary_crossentropy_['uniform', 'normal', 'gamma', 'beta', 'poisson']_Brest Cancer Wisconsin_STANDARDUNIFORM;dt_scores_accuracy_['uniform', 'normal', 'gamma', 'beta', 'poisson']_Brest Cancer Wisconsin_STANDARDUNIFORM;dt_scores_f1_score_['uniform', 'normal', 'gamma', 'beta', 'poisson']_Brest Cancer Wisconsin_STANDARDUNIFORM;dt_scores_roc_auc_score_['uniform', 'normal', 'gamma', 'beta', 'poisson']_Brest Cancer Wisconsin_STANDARDUNIFORM;dt_scores_soft_binary_crossentropy_data_random_['uniform', 'normal', 'gamma', 'beta', 'poisson']_Brest Cancer Wisconsin_STANDARDUNIFORM;dt_scores_binary_crossentropy_data_random_['uniform', 'normal', 'gamma', 'beta', 'poisson']_Brest Cancer Wisconsin_STANDARDUNIFORM;dt_scores_accuracy_data_random_['uniform', 'normal', 'gamma', 'beta', 'poisson']_Brest Cancer Wisconsin_STANDARDUNIFORM;dt_scores_f1_score_data_random_['uniform', 'normal', 'gamma', 'beta', 'poisson']_Brest Cancer Wisconsin_STANDARDUNIFORM;dt_scores_roc_auc_score_data_random_['uniform', 'normal', 'gamma', 'beta', 'poisson']_Brest Cancer Wisconsin_STANDARDUNIFORM;dt_scores_runtime_['uniform', 'normal', 'gamma', 'beta', 'poisson']_Brest Cancer Wisconsin_STANDARDUNIFORM;dt_scores_soft_binary_crossentropy_Brest Cancer Wisconsin_STANDARDUNIFORM;dt_scores_binary_crossentropy_Brest Cancer Wisconsin_STANDARDUNIFORM;dt_scores_accuracy_Brest Cancer Wisconsin_STANDARDUNIFORM;dt_scores_f1_score_Brest Cancer Wisconsin_STANDARDUNIFORM;dt_scores_roc_auc_score_Brest Cancer Wisconsin_STANDARDUNIFORM;dt_scores_soft_binary_crossentropy_data_random_Brest Cancer Wisconsin_STANDARDUNIFORM;dt_scores_binary_crossentropy_data_random_Brest Cancer Wisconsin_STANDARDUNIFORM;dt_scores_accuracy_data_random_Brest Cancer Wisconsin_STANDARDUNIFORM;dt_scores_f1_score_data_random_Brest Cancer Wisconsin_STANDARDUNIFORM;dt_scores_roc_auc_score_data_random_Brest Cancer Wisconsin_STANDARDUNIFORM;dt_scores_soft_binary_crossentropy_std_Brest Cancer Wisconsin_STANDARDUNIFORM;dt_scores_binary_crossentropy_std_Brest Cancer Wisconsin_STANDARDUNIFORM;dt_scores_accuracy_std_Brest Cancer Wisconsin_STANDARDUNIFORM;dt_scores_f1_score_std_Brest Cancer Wisconsin_STANDARDUNIFORM;dt_scores_roc_auc_score_std_Brest Cancer Wisconsin_STANDARDUNIFORM;dt_scores_soft_binary_crossentropy_data_random_std_Brest Cancer Wisconsin_STANDARDUNIFORM;dt_scores_binary_crossentropy_data_random_std_Brest Cancer Wisconsin_STANDARDUNIFORM;dt_scores_accuracy_data_random_std_Brest Cancer Wisconsin_STANDARDUNIFORM;dt_scores_f1_score_data_random_std_Brest Cancer Wisconsin_STANDARDUNIFORM;dt_scores_roc_auc_score_data_random_std_Brest Cancer Wisconsin_STANDARDUNIFORM;dt_scores_runtime_Brest Cancer Wisconsin_STANDARDUNIFORM;inet_scores_soft_binary_crossentropy_Brest Cancer Wisconsin_STANDARDUNIFORM;inet_scores_binary_crossentropy_Brest Cancer Wisconsin_STANDARDUNIFORM;inet_scores_accuracy_Brest Cancer Wisconsin_STANDARDUNIFORM;inet_scores_f1_score_Brest Cancer Wisconsin_STANDARDUNIFORM;inet_scores_roc_auc_score_Brest Cancer Wisconsin_STANDARDUNIFORM;inet_scores_runtime_Brest Cancer Wisconsin_STANDARDUNIFORM;model_scores_soft_binary_crossentropy_Brest Cancer Wisconsin_STANDARDUNIFORM;model_scores_binary_crossentropy_Brest Cancer Wisconsin_STANDARDUNIFORM;model_scores_accuracy_Brest Cancer Wisconsin_STANDARDUNIFORM;model_scores_f1_score_Brest Cancer Wisconsin_STANDARDUNIFORM;model_scores_roc_auc_score_Brest Cancer Wisconsin_STANDARDUNIFORM;model_scores_runtime_Brest Cancer Wisconsin_STANDARDUNIFORM;dt_scores_soft_binary_crossentropy_['uniform', 'normal', 'gamma', 'beta', 'poisson']_Wisconsin Diagnostic Breast Cancer_STANDARDUNIFORM;dt_scores_binary_crossentropy_['uniform', 'normal', 'gamma', 'beta', 'poisson']_Wisconsin Diagnostic Breast Cancer_STANDARDUNIFORM;dt_scores_accuracy_['uniform', 'normal', 'gamma', 'beta', 'poisson']_Wisconsin Diagnostic Breast Cancer_STANDARDUNIFORM;dt_scores_f1_score_['uniform', 'normal', 'gamma', 'beta', 'poisson']_Wisconsin Diagnostic Breast Cancer_STANDARDUNIFORM;dt_scores_roc_auc_score_['uniform', 'normal', 'gamma', 'beta', 'poisson']_Wisconsin Diagnostic Breast Cancer_STANDARDUNIFORM;dt_scores_soft_binary_crossentropy_data_random_['uniform', 'normal', 'gamma', 'beta', 'poisson']_Wisconsin Diagnostic Breast Cancer_STANDARDUNIFORM;dt_scores_binary_crossentropy_data_random_['uniform', 'normal', 'gamma', 'beta', 'poisson']_Wisconsin Diagnostic Breast Cancer_STANDARDUNIFORM;dt_scores_accuracy_data_random_['uniform', 'normal', 'gamma', 'beta', 'poisson']_Wisconsin Diagnostic Breast Cancer_STANDARDUNIFORM;dt_scores_f1_score_data_random_['uniform', 'normal', 'gamma', 'beta', 'poisson']_Wisconsin Diagnostic Breast Cancer_STANDARDUNIFORM;dt_scores_roc_auc_score_data_random_['uniform', 'normal', 'gamma', 'beta', 'poisson']_Wisconsin Diagnostic Breast Cancer_STANDARDUNIFORM;dt_scores_runtime_['uniform', 'normal', 'gamma', 'beta', 'poisson']_Wisconsin Diagnostic Breast Cancer_STANDARDUNIFORM;dt_scores_soft_binary_crossentropy_Wisconsin Diagnostic Breast Cancer_STANDARDUNIFORM;dt_scores_binary_crossentropy_Wisconsin Diagnostic Breast Cancer_STANDARDUNIFORM;dt_scores_accuracy_Wisconsin Diagnostic Breast Cancer_STANDARDUNIFORM;dt_scores_f1_score_Wisconsin Diagnostic Breast Cancer_STANDARDUNIFORM;dt_scores_roc_auc_score_Wisconsin Diagnostic Breast Cancer_STANDARDUNIFORM;dt_scores_soft_binary_crossentropy_data_random_Wisconsin Diagnostic Breast Cancer_STANDARDUNIFORM;dt_scores_binary_crossentropy_data_random_Wisconsin Diagnostic Breast Cancer_STANDARDUNIFORM;dt_scores_accuracy_data_random_Wisconsin Diagnostic Breast Cancer_STANDARDUNIFORM;dt_scores_f1_score_data_random_Wisconsin Diagnostic Breast Cancer_STANDARDUNIFORM;dt_scores_roc_auc_score_data_random_Wisconsin Diagnostic Breast Cancer_STANDARDUNIFORM;dt_scores_soft_binary_crossentropy_std_Wisconsin Diagnostic Breast Cancer_STANDARDUNIFORM;dt_scores_binary_crossentropy_std_Wisconsin Diagnostic Breast Cancer_STANDARDUNIFORM;dt_scores_accuracy_std_Wisconsin Diagnostic Breast Cancer_STANDARDUNIFORM;dt_scores_f1_score_std_Wisconsin Diagnostic Breast Cancer_STANDARDUNIFORM;dt_scores_roc_auc_score_std_Wisconsin Diagnostic Breast Cancer_STANDARDUNIFORM;dt_scores_soft_binary_crossentropy_data_random_std_Wisconsin Diagnostic Breast Cancer_STANDARDUNIFORM;dt_scores_binary_crossentropy_data_random_std_Wisconsin Diagnostic Breast Cancer_STANDARDUNIFORM;dt_scores_accuracy_data_random_std_Wisconsin Diagnostic Breast Cancer_STANDARDUNIFORM;dt_scores_f1_score_data_random_std_Wisconsin Diagnostic Breast Cancer_STANDARDUNIFORM;dt_scores_roc_auc_score_data_random_std_Wisconsin Diagnostic Breast Cancer_STANDARDUNIFORM;dt_scores_runtime_Wisconsin Diagnostic Breast Cancer_STANDARDUNIFORM;inet_scores_soft_binary_crossentropy_Wisconsin Diagnostic Breast Cancer_STANDARDUNIFORM;inet_scores_binary_crossentropy_Wisconsin Diagnostic Breast Cancer_STANDARDUNIFORM;inet_scores_accuracy_Wisconsin Diagnostic Breast Cancer_STANDARDUNIFORM;inet_scores_f1_score_Wisconsin Diagnostic Breast Cancer_STANDARDUNIFORM;inet_scores_roc_auc_score_Wisconsin Diagnostic Breast Cancer_STANDARDUNIFORM;inet_scores_runtime_Wisconsin Diagnostic Breast Cancer_STANDARDUNIFORM;model_scores_soft_binary_crossentropy_Wisconsin Diagnostic Breast Cancer_STANDARDUNIFORM;model_scores_binary_crossentropy_Wisconsin Diagnostic Breast Cancer_STANDARDUNIFORM;model_scores_accuracy_Wisconsin Diagnostic Breast Cancer_STANDARDUNIFORM;model_scores_f1_score_Wisconsin Diagnostic Breast Cancer_STANDARDUNIFORM;model_scores_roc_auc_score_Wisconsin Diagnostic Breast Cancer_STANDARDUNIFORM;model_scores_runtime_Wisconsin Diagnostic Breast Cancer_STANDARDUNIFORM;dt_scores_soft_binary_crossentropy_['uniform', 'normal', 'gamma', 'beta', 'poisson']_Wisconsin Prognostic Breast Cancer_STANDARDUNIFORM;dt_scores_binary_crossentropy_['uniform', 'normal', 'gamma', 'beta', 'poisson']_Wisconsin Prognostic Breast Cancer_STANDARDUNIFORM;dt_scores_accuracy_['uniform', 'normal', 'gamma', 'beta', 'poisson']_Wisconsin Prognostic Breast Cancer_STANDARDUNIFORM;dt_scores_f1_score_['uniform', 'normal', 'gamma', 'beta', 'poisson']_Wisconsin Prognostic Breast Cancer_STANDARDUNIFORM;dt_scores_roc_auc_score_['uniform', 'normal', 'gamma', 'beta', 'poisson']_Wisconsin Prognostic Breast Cancer_STANDARDUNIFORM;dt_scores_soft_binary_crossentropy_data_random_['uniform', 'normal', 'gamma', 'beta', 'poisson']_Wisconsin Prognostic Breast Cancer_STANDARDUNIFORM;dt_scores_binary_crossentropy_data_random_['uniform', 'normal', 'gamma', 'beta', 'poisson']_Wisconsin Prognostic Breast Cancer_STANDARDUNIFORM;dt_scores_accuracy_data_random_['uniform', 'normal', 'gamma', 'beta', 'poisson']_Wisconsin Prognostic Breast Cancer_STANDARDUNIFORM;dt_scores_f1_score_data_random_['uniform', 'normal', 'gamma', 'beta', 'poisson']_Wisconsin Prognostic Breast Cancer_STANDARDUNIFORM;dt_scores_roc_auc_score_data_random_['uniform', 'normal', 'gamma', 'beta', 'poisson']_Wisconsin Prognostic Breast Cancer_STANDARDUNIFORM;dt_scores_runtime_['uniform', 'normal', 'gamma', 'beta', 'poisson']_Wisconsin Prognostic Breast Cancer_STANDARDUNIFORM;dt_scores_soft_binary_crossentropy_Wisconsin Prognostic Breast Cancer_STANDARDUNIFORM;dt_scores_binary_crossentropy_Wisconsin Prognostic Breast Cancer_STANDARDUNIFORM;dt_scores_accuracy_Wisconsin Prognostic Breast Cancer_STANDARDUNIFORM;dt_scores_f1_score_Wisconsin Prognostic Breast Cancer_STANDARDUNIFORM;dt_scores_roc_auc_score_Wisconsin Prognostic Breast Cancer_STANDARDUNIFORM;dt_scores_soft_binary_crossentropy_data_random_Wisconsin Prognostic Breast Cancer_STANDARDUNIFORM;dt_scores_binary_crossentropy_data_random_Wisconsin Prognostic Breast Cancer_STANDARDUNIFORM;dt_scores_accuracy_data_random_Wisconsin Prognostic Breast Cancer_STANDARDUNIFORM;dt_scores_f1_score_data_random_Wisconsin Prognostic Breast Cancer_STANDARDUNIFORM;dt_scores_roc_auc_score_data_random_Wisconsin Prognostic Breast Cancer_STANDARDUNIFORM;dt_scores_soft_binary_crossentropy_std_Wisconsin Prognostic Breast Cancer_STANDARDUNIFORM;dt_scores_binary_crossentropy_std_Wisconsin Prognostic Breast Cancer_STANDARDUNIFORM;dt_scores_accuracy_std_Wisconsin Prognostic Breast Cancer_STANDARDUNIFORM;dt_scores_f1_score_std_Wisconsin Prognostic Breast Cancer_STANDARDUNIFORM;dt_scores_roc_auc_score_std_Wisconsin Prognostic Breast Cancer_STANDARDUNIFORM;dt_scores_soft_binary_crossentropy_data_random_std_Wisconsin Prognostic Breast Cancer_STANDARDUNIFORM;dt_scores_binary_crossentropy_data_random_std_Wisconsin Prognostic Breast Cancer_STANDARDUNIFORM;dt_scores_accuracy_data_random_std_Wisconsin Prognostic Breast Cancer_STANDARDUNIFORM;dt_scores_f1_score_data_random_std_Wisconsin Prognostic Breast Cancer_STANDARDUNIFORM;dt_scores_roc_auc_score_data_random_std_Wisconsin Prognostic Breast Cancer_STANDARDUNIFORM;dt_scores_runtime_Wisconsin Prognostic Breast Cancer_STANDARDUNIFORM;inet_scores_soft_binary_crossentropy_Wisconsin Prognostic Breast Cancer_STANDARDUNIFORM;inet_scores_binary_crossentropy_Wisconsin Prognostic Breast Cancer_STANDARDUNIFORM;inet_scores_accuracy_Wisconsin Prognostic Breast Cancer_STANDARDUNIFORM;inet_scores_f1_score_Wisconsin Prognostic Breast Cancer_STANDARDUNIFORM;inet_scores_roc_auc_score_Wisconsin Prognostic Breast Cancer_STANDARDUNIFORM;inet_scores_runtime_Wisconsin Prognostic Breast Cancer_STANDARDUNIFORM;model_scores_soft_binary_crossentropy_Wisconsin Prognostic Breast Cancer_STANDARDUNIFORM;model_scores_binary_crossentropy_Wisconsin Prognostic Breast Cancer_STANDARDUNIFORM;model_scores_accuracy_Wisconsin Prognostic Breast Cancer_STANDARDUNIFORM;model_scores_f1_score_Wisconsin Prognostic Breast Cancer_STANDARDUNIFORM;model_scores_roc_auc_score_Wisconsin Prognostic Breast Cancer_STANDARDUNIFORM;model_scores_runtime_Wisconsin Prognostic Breast Cancer_STANDARDUNIFORM;dt_scores_soft_binary_crossentropy_['uniform', 'normal', 'gamma', 'beta', 'poisson']_Abalone_STANDARDUNIFORM;dt_scores_binary_crossentropy_['uniform', 'normal', 'gamma', 'beta', 'poisson']_Abalone_STANDARDUNIFORM;dt_scores_accuracy_['uniform', 'normal', 'gamma', 'beta', 'poisson']_Abalone_STANDARDUNIFORM;dt_scores_f1_score_['uniform', 'normal', 'gamma', 'beta', 'poisson']_Abalone_STANDARDUNIFORM;dt_scores_roc_auc_score_['uniform', 'normal', 'gamma', 'beta', 'poisson']_Abalone_STANDARDUNIFORM;dt_scores_soft_binary_crossentropy_data_random_['uniform', 'normal', 'gamma', 'beta', 'poisson']_Abalone_STANDARDUNIFORM;dt_scores_binary_crossentropy_data_random_['uniform', 'normal', 'gamma', 'beta', 'poisson']_Abalone_STANDARDUNIFORM;dt_scores_accuracy_data_random_['uniform', 'normal', 'gamma', 'beta', 'poisson']_Abalone_STANDARDUNIFORM;dt_scores_f1_score_data_random_['uniform', 'normal', 'gamma', 'beta', 'poisson']_Abalone_STANDARDUNIFORM;dt_scores_roc_auc_score_data_random_['uniform', 'normal', 'gamma', 'beta', 'poisson']_Abalone_STANDARDUNIFORM;dt_scores_runtime_['uniform', 'normal', 'gamma', 'beta', 'poisson']_Abalone_STANDARDUNIFORM;dt_scores_soft_binary_crossentropy_Abalone_STANDARDUNIFORM;dt_scores_binary_crossentropy_Abalone_STANDARDUNIFORM;dt_scores_accuracy_Abalone_STANDARDUNIFORM;dt_scores_f1_score_Abalone_STANDARDUNIFORM;dt_scores_roc_auc_score_Abalone_STANDARDUNIFORM;dt_scores_soft_binary_crossentropy_data_random_Abalone_STANDARDUNIFORM;dt_scores_binary_crossentropy_data_random_Abalone_STANDARDUNIFORM;dt_scores_accuracy_data_random_Abalone_STANDARDUNIFORM;dt_scores_f1_score_data_random_Abalone_STANDARDUNIFORM;dt_scores_roc_auc_score_data_random_Abalone_STANDARDUNIFORM;dt_scores_soft_binary_crossentropy_std_Abalone_STANDARDUNIFORM;dt_scores_binary_crossentropy_std_Abalone_STANDARDUNIFORM;dt_scores_accuracy_std_Abalone_STANDARDUNIFORM;dt_scores_f1_score_std_Abalone_STANDARDUNIFORM;dt_scores_roc_auc_score_std_Abalone_STANDARDUNIFORM;dt_scores_soft_binary_crossentropy_data_random_std_Abalone_STANDARDUNIFORM;dt_scores_binary_crossentropy_data_random_std_Abalone_STANDARDUNIFORM;dt_scores_accuracy_data_random_std_Abalone_STANDARDUNIFORM;dt_scores_f1_score_data_random_std_Abalone_STANDARDUNIFORM;dt_scores_roc_auc_score_data_random_std_Abalone_STANDARDUNIFORM;dt_scores_runtime_Abalone_STANDARDUNIFORM;inet_scores_soft_binary_crossentropy_Abalone_STANDARDUNIFORM;inet_scores_binary_crossentropy_Abalone_STANDARDUNIFORM;inet_scores_accuracy_Abalone_STANDARDUNIFORM;inet_scores_f1_score_Abalone_STANDARDUNIFORM;inet_scores_roc_auc_score_Abalone_STANDARDUNIFORM;inet_scores_runtime_Abalone_STANDARDUNIFORM;model_scores_soft_binary_crossentropy_Abalone_STANDARDUNIFORM;model_scores_binary_crossentropy_Abalone_STANDARDUNIFORM;model_scores_accuracy_Abalone_STANDARDUNIFORM;model_scores_f1_score_Abalone_STANDARDUNIFORM;model_scores_roc_auc_score_Abalone_STANDARDUNIFORM;model_scores_runtime_Abalone_STANDARDUNIFORM;dt_scores_soft_binary_crossentropy_['uniform', 'normal', 'gamma', 'beta', 'poisson']_Car_STANDARDUNIFORM;dt_scores_binary_crossentropy_['uniform', 'normal', 'gamma', 'beta', 'poisson']_Car_STANDARDUNIFORM;dt_scores_accuracy_['uniform', 'normal', 'gamma', 'beta', 'poisson']_Car_STANDARDUNIFORM;dt_scores_f1_score_['uniform', 'normal', 'gamma', 'beta', 'poisson']_Car_STANDARDUNIFORM;dt_scores_roc_auc_score_['uniform', 'normal', 'gamma', 'beta', 'poisson']_Car_STANDARDUNIFORM;dt_scores_soft_binary_crossentropy_data_random_['uniform', 'normal', 'gamma', 'beta', 'poisson']_Car_STANDARDUNIFORM;dt_scores_binary_crossentropy_data_random_['uniform', 'normal', 'gamma', 'beta', 'poisson']_Car_STANDARDUNIFORM;dt_scores_accuracy_data_random_['uniform', 'normal', 'gamma', 'beta', 'poisson']_Car_STANDARDUNIFORM;dt_scores_f1_score_data_random_['uniform', 'normal', 'gamma', 'beta', 'poisson']_Car_STANDARDUNIFORM;dt_scores_roc_auc_score_data_random_['uniform', 'normal', 'gamma', 'beta', 'poisson']_Car_STANDARDUNIFORM;dt_scores_runtime_['uniform', 'normal', 'gamma', 'beta', 'poisson']_Car_STANDARDUNIFORM;dt_scores_soft_binary_crossentropy_Car_STANDARDUNIFORM;dt_scores_binary_crossentropy_Car_STANDARDUNIFORM;dt_scores_accuracy_Car_STANDARDUNIFORM;dt_scores_f1_score_Car_STANDARDUNIFORM;dt_scores_roc_auc_score_Car_STANDARDUNIFORM;dt_scores_soft_binary_crossentropy_data_random_Car_STANDARDUNIFORM;dt_scores_binary_crossentropy_data_random_Car_STANDARDUNIFORM;dt_scores_accuracy_data_random_Car_STANDARDUNIFORM;dt_scores_f1_score_data_random_Car_STANDARDUNIFORM;dt_scores_roc_auc_score_data_random_Car_STANDARDUNIFORM;dt_scores_soft_binary_crossentropy_std_Car_STANDARDUNIFORM;dt_scores_binary_crossentropy_std_Car_STANDARDUNIFORM;dt_scores_accuracy_std_Car_STANDARDUNIFORM;dt_scores_f1_score_std_Car_STANDARDUNIFORM;dt_scores_roc_auc_score_std_Car_STANDARDUNIFORM;dt_scores_soft_binary_crossentropy_data_random_std_Car_STANDARDUNIFORM;dt_scores_binary_crossentropy_data_random_std_Car_STANDARDUNIFORM;dt_scores_accuracy_data_random_std_Car_STANDARDUNIFORM;dt_scores_f1_score_data_random_std_Car_STANDARDUNIFORM;dt_scores_roc_auc_score_data_random_std_Car_STANDARDUNIFORM;dt_scores_runtime_Car_STANDARDUNIFORM;inet_scores_soft_binary_crossentropy_Car_STANDARDUNIFORM;inet_scores_binary_crossentropy_Car_STANDARDUNIFORM;inet_scores_accuracy_Car_STANDARDUNIFORM;inet_scores_f1_score_Car_STANDARDUNIFORM;inet_scores_roc_auc_score_Car_STANDARDUNIFORM;inet_scores_runtime_Car_STANDARDUNIFORM;model_scores_soft_binary_crossentropy_Car_STANDARDUNIFORM;model_scores_binary_crossentropy_Car_STANDARDUNIFORM;model_scores_accuracy_Car_STANDARDUNIFORM;model_scores_f1_score_Car_STANDARDUNIFORM;model_scores_roc_auc_score_Car_STANDARDUNIFORM;model_scores_runtime_Car_STANDARDUNIFORM;dt_scores_soft_binary_crossentropy_['uniform', 'normal', 'gamma', 'beta', 'poisson']_Heart Disease_STANDARDUNIFORM;dt_scores_binary_crossentropy_['uniform', 'normal', 'gamma', 'beta', 'poisson']_Heart Disease_STANDARDUNIFORM;dt_scores_accuracy_['uniform', 'normal', 'gamma', 'beta', 'poisson']_Heart Disease_STANDARDUNIFORM;dt_scores_f1_score_['uniform', 'normal', 'gamma', 'beta', 'poisson']_Heart Disease_STANDARDUNIFORM;dt_scores_roc_auc_score_['uniform', 'normal', 'gamma', 'beta', 'poisson']_Heart Disease_STANDARDUNIFORM;dt_scores_soft_binary_crossentropy_data_random_['uniform', 'normal', 'gamma', 'beta', 'poisson']_Heart Disease_STANDARDUNIFORM;dt_scores_binary_crossentropy_data_random_['uniform', 'normal', 'gamma', 'beta', 'poisson']_Heart Disease_STANDARDUNIFORM;dt_scores_accuracy_data_random_['uniform', 'normal', 'gamma', 'beta', 'poisson']_Heart Disease_STANDARDUNIFORM;dt_scores_f1_score_data_random_['uniform', 'normal', 'gamma', 'beta', 'poisson']_Heart Disease_STANDARDUNIFORM;dt_scores_roc_auc_score_data_random_['uniform', 'normal', 'gamma', 'beta', 'poisson']_Heart Disease_STANDARDUNIFORM;dt_scores_runtime_['uniform', 'normal', 'gamma', 'beta', 'poisson']_Heart Disease_STANDARDUNIFORM;dt_scores_soft_binary_crossentropy_Heart Disease_STANDARDUNIFORM;dt_scores_binary_crossentropy_Heart Disease_STANDARDUNIFORM;dt_scores_accuracy_Heart Disease_STANDARDUNIFORM;dt_scores_f1_score_Heart Disease_STANDARDUNIFORM;dt_scores_roc_auc_score_Heart Disease_STANDARDUNIFORM;dt_scores_soft_binary_crossentropy_data_random_Heart Disease_STANDARDUNIFORM;dt_scores_binary_crossentropy_data_random_Heart Disease_STANDARDUNIFORM;dt_scores_accuracy_data_random_Heart Disease_STANDARDUNIFORM;dt_scores_f1_score_data_random_Heart Disease_STANDARDUNIFORM;dt_scores_roc_auc_score_data_random_Heart Disease_STANDARDUNIFORM;dt_scores_soft_binary_crossentropy_std_Heart Disease_STANDARDUNIFORM;dt_scores_binary_crossentropy_std_Heart Disease_STANDARDUNIFORM;dt_scores_accuracy_std_Heart Disease_STANDARDUNIFORM;dt_scores_f1_score_std_Heart Disease_STANDARDUNIFORM;dt_scores_roc_auc_score_std_Heart Disease_STANDARDUNIFORM;dt_scores_soft_binary_crossentropy_data_random_std_Heart Disease_STANDARDUNIFORM;dt_scores_binary_crossentropy_data_random_std_Heart Disease_STANDARDUNIFORM;dt_scores_accuracy_data_random_std_Heart Disease_STANDARDUNIFORM;dt_scores_f1_score_data_random_std_Heart Disease_STANDARDUNIFORM;dt_scores_roc_auc_score_data_random_std_Heart Disease_STANDARDUNIFORM;dt_scores_runtime_Heart Disease_STANDARDUNIFORM;inet_scores_soft_binary_crossentropy_Heart Disease_STANDARDUNIFORM;inet_scores_binary_crossentropy_Heart Disease_STANDARDUNIFORM;inet_scores_accuracy_Heart Disease_STANDARDUNIFORM;inet_scores_f1_score_Heart Disease_STANDARDUNIFORM;inet_scores_roc_auc_score_Heart Disease_STANDARDUNIFORM;inet_scores_runtime_Heart Disease_STANDARDUNIFORM;model_scores_soft_binary_crossentropy_Heart Disease_STANDARDUNIFORM;model_scores_binary_crossentropy_Heart Disease_STANDARDUNIFORM;model_scores_accuracy_Heart Disease_STANDARDUNIFORM;model_scores_f1_score_Heart Disease_STANDARDUNIFORM;model_scores_roc_auc_score_Heart Disease_STANDARDUNIFORM;model_scores_runtime_Heart Disease_STANDARDUNIFORM;dt_scores_soft_binary_crossentropy_['uniform', 'normal', 'gamma', 'beta', 'poisson']_Credit Card_STANDARDUNIFORM;dt_scores_binary_crossentropy_['uniform', 'normal', 'gamma', 'beta', 'poisson']_Credit Card_STANDARDUNIFORM;dt_scores_accuracy_['uniform', 'normal', 'gamma', 'beta', 'poisson']_Credit Card_STANDARDUNIFORM;dt_scores_f1_score_['uniform', 'normal', 'gamma', 'beta', 'poisson']_Credit Card_STANDARDUNIFORM;dt_scores_roc_auc_score_['uniform', 'normal', 'gamma', 'beta', 'poisson']_Credit Card_STANDARDUNIFORM;dt_scores_soft_binary_crossentropy_data_random_['uniform', 'normal', 'gamma', 'beta', 'poisson']_Credit Card_STANDARDUNIFORM;dt_scores_binary_crossentropy_data_random_['uniform', 'normal', 'gamma', 'beta', 'poisson']_Credit Card_STANDARDUNIFORM;dt_scores_accuracy_data_random_['uniform', 'normal', 'gamma', 'beta', 'poisson']_Credit Card_STANDARDUNIFORM;dt_scores_f1_score_data_random_['uniform', 'normal', 'gamma', 'beta', 'poisson']_Credit Card_STANDARDUNIFORM;dt_scores_roc_auc_score_data_random_['uniform', 'normal', 'gamma', 'beta', 'poisson']_Credit Card_STANDARDUNIFORM;dt_scores_runtime_['uniform', 'normal', 'gamma', 'beta', 'poisson']_Credit Card_STANDARDUNIFORM;dt_scores_soft_binary_crossentropy_Credit Card_STANDARDUNIFORM;dt_scores_binary_crossentropy_Credit Card_STANDARDUNIFORM;dt_scores_accuracy_Credit Card_STANDARDUNIFORM;dt_scores_f1_score_Credit Card_STANDARDUNIFORM;dt_scores_roc_auc_score_Credit Card_STANDARDUNIFORM;dt_scores_soft_binary_crossentropy_data_random_Credit Card_STANDARDUNIFORM;dt_scores_binary_crossentropy_data_random_Credit Card_STANDARDUNIFORM;dt_scores_accuracy_data_random_Credit Card_STANDARDUNIFORM;dt_scores_f1_score_data_random_Credit Card_STANDARDUNIFORM;dt_scores_roc_auc_score_data_random_Credit Card_STANDARDUNIFORM;dt_scores_soft_binary_crossentropy_std_Credit Card_STANDARDUNIFORM;dt_scores_binary_crossentropy_std_Credit Card_STANDARDUNIFORM;dt_scores_accuracy_std_Credit Card_STANDARDUNIFORM;dt_scores_f1_score_std_Credit Card_STANDARDUNIFORM;dt_scores_roc_auc_score_std_Credit Card_STANDARDUNIFORM;dt_scores_soft_binary_crossentropy_data_random_std_Credit Card_STANDARDUNIFORM;dt_scores_binary_crossentropy_data_random_std_Credit Card_STANDARDUNIFORM;dt_scores_accuracy_data_random_std_Credit Card_STANDARDUNIFORM;dt_scores_f1_score_data_random_std_Credit Card_STANDARDUNIFORM;dt_scores_roc_auc_score_data_random_std_Credit Card_STANDARDUNIFORM;dt_scores_runtime_Credit Card_STANDARDUNIFORM;inet_scores_soft_binary_crossentropy_Credit Card_STANDARDUNIFORM;inet_scores_binary_crossentropy_Credit Card_STANDARDUNIFORM;inet_scores_accuracy_Credit Card_STANDARDUNIFORM;inet_scores_f1_score_Credit Card_STANDARDUNIFORM;inet_scores_roc_auc_score_Credit Card_STANDARDUNIFORM;inet_scores_runtime_Credit Card_STANDARDUNIFORM;model_scores_soft_binary_crossentropy_Credit Card_STANDARDUNIFORM;model_scores_binary_crossentropy_Credit Card_STANDARDUNIFORM;model_scores_accuracy_Credit Card_STANDARDUNIFORM;model_scores_f1_score_Credit Card_STANDARDUNIFORM;model_scores_roc_auc_score_Credit Card_STANDARDUNIFORM;model_scores_runtime_Credit Card_STANDARDUNIFORM;dt_scores_soft_binary_crossentropy_['uniform', 'normal', 'gamma', 'beta', 'poisson']_Haberman_STANDARDUNIFORM;dt_scores_binary_crossentropy_['uniform', 'normal', 'gamma', 'beta', 'poisson']_Haberman_STANDARDUNIFORM;dt_scores_accuracy_['uniform', 'normal', 'gamma', 'beta', 'poisson']_Haberman_STANDARDUNIFORM;dt_scores_f1_score_['uniform', 'normal', 'gamma', 'beta', 'poisson']_Haberman_STANDARDUNIFORM;dt_scores_roc_auc_score_['uniform', 'normal', 'gamma', 'beta', 'poisson']_Haberman_STANDARDUNIFORM;dt_scores_soft_binary_crossentropy_data_random_['uniform', 'normal', 'gamma', 'beta', 'poisson']_Haberman_STANDARDUNIFORM;dt_scores_binary_crossentropy_data_random_['uniform', 'normal', 'gamma', 'beta', 'poisson']_Haberman_STANDARDUNIFORM;dt_scores_accuracy_data_random_['uniform', 'normal', 'gamma', 'beta', 'poisson']_Haberman_STANDARDUNIFORM;dt_scores_f1_score_data_random_['uniform', 'normal', 'gamma', 'beta', 'poisson']_Haberman_STANDARDUNIFORM;dt_scores_roc_auc_score_data_random_['uniform', 'normal', 'gamma', 'beta', 'poisson']_Haberman_STANDARDUNIFORM;dt_scores_runtime_['uniform', 'normal', 'gamma', 'beta', 'poisson']_Haberman_STANDARDUNIFORM;dt_scores_soft_binary_crossentropy_Haberman_STANDARDUNIFORM;dt_scores_binary_crossentropy_Haberman_STANDARDUNIFORM;dt_scores_accuracy_Haberman_STANDARDUNIFORM;dt_scores_f1_score_Haberman_STANDARDUNIFORM;dt_scores_roc_auc_score_Haberman_STANDARDUNIFORM;dt_scores_soft_binary_crossentropy_data_random_Haberman_STANDARDUNIFORM;dt_scores_binary_crossentropy_data_random_Haberman_STANDARDUNIFORM;dt_scores_accuracy_data_random_Haberman_STANDARDUNIFORM;dt_scores_f1_score_data_random_Haberman_STANDARDUNIFORM;dt_scores_roc_auc_score_data_random_Haberman_STANDARDUNIFORM;dt_scores_soft_binary_crossentropy_std_Haberman_STANDARDUNIFORM;dt_scores_binary_crossentropy_std_Haberman_STANDARDUNIFORM;dt_scores_accuracy_std_Haberman_STANDARDUNIFORM;dt_scores_f1_score_std_Haberman_STANDARDUNIFORM;dt_scores_roc_auc_score_std_Haberman_STANDARDUNIFORM;dt_scores_soft_binary_crossentropy_data_random_std_Haberman_STANDARDUNIFORM;dt_scores_binary_crossentropy_data_random_std_Haberman_STANDARDUNIFORM;dt_scores_accuracy_data_random_std_Haberman_STANDARDUNIFORM;dt_scores_f1_score_data_random_std_Haberman_STANDARDUNIFORM;dt_scores_roc_auc_score_data_random_std_Haberman_STANDARDUNIFORM;dt_scores_runtime_Haberman_STANDARDUNIFORM;inet_scores_soft_binary_crossentropy_Haberman_STANDARDUNIFORM;inet_scores_binary_crossentropy_Haberman_STANDARDUNIFORM;inet_scores_accuracy_Haberman_STANDARDUNIFORM;inet_scores_f1_score_Haberman_STANDARDUNIFORM;inet_scores_roc_auc_score_Haberman_STANDARDUNIFORM;inet_scores_runtime_Haberman_STANDARDUNIFORM;model_scores_soft_binary_crossentropy_Haberman_STANDARDUNIFORM;model_scores_binary_crossentropy_Haberman_STANDARDUNIFORM;model_scores_accuracy_Haberman_STANDARDUNIFORM;model_scores_f1_score_Haberman_STANDARDUNIFORM;model_scores_roc_auc_score_Haberman_STANDARDUNIFORM;model_scores_runtime_Haberman_STANDARDUNIFORM;dt_scores_soft_binary_crossentropy_['uniform', 'normal', 'gamma', 'beta', 'poisson']_Adult_STANDARDNORMAL;dt_scores_binary_crossentropy_['uniform', 'normal', 'gamma', 'beta', 'poisson']_Adult_STANDARDNORMAL;dt_scores_accuracy_['uniform', 'normal', 'gamma', 'beta', 'poisson']_Adult_STANDARDNORMAL;dt_scores_f1_score_['uniform', 'normal', 'gamma', 'beta', 'poisson']_Adult_STANDARDNORMAL;dt_scores_roc_auc_score_['uniform', 'normal', 'gamma', 'beta', 'poisson']_Adult_STANDARDNORMAL;dt_scores_soft_binary_crossentropy_data_random_['uniform', 'normal', 'gamma', 'beta', 'poisson']_Adult_STANDARDNORMAL;dt_scores_binary_crossentropy_data_random_['uniform', 'normal', 'gamma', 'beta', 'poisson']_Adult_STANDARDNORMAL;dt_scores_accuracy_data_random_['uniform', 'normal', 'gamma', 'beta', 'poisson']_Adult_STANDARDNORMAL;dt_scores_f1_score_data_random_['uniform', 'normal', 'gamma', 'beta', 'poisson']_Adult_STANDARDNORMAL;dt_scores_roc_auc_score_data_random_['uniform', 'normal', 'gamma', 'beta', 'poisson']_Adult_STANDARDNORMAL;dt_scores_runtime_['uniform', 'normal', 'gamma', 'beta', 'poisson']_Adult_STANDARDNORMAL;dt_scores_soft_binary_crossentropy_Adult_STANDARDNORMAL;dt_scores_binary_crossentropy_Adult_STANDARDNORMAL;dt_scores_accuracy_Adult_STANDARDNORMAL;dt_scores_f1_score_Adult_STANDARDNORMAL;dt_scores_roc_auc_score_Adult_STANDARDNORMAL;dt_scores_soft_binary_crossentropy_data_random_Adult_STANDARDNORMAL;dt_scores_binary_crossentropy_data_random_Adult_STANDARDNORMAL;dt_scores_accuracy_data_random_Adult_STANDARDNORMAL;dt_scores_f1_score_data_random_Adult_STANDARDNORMAL;dt_scores_roc_auc_score_data_random_Adult_STANDARDNORMAL;dt_scores_soft_binary_crossentropy_std_Adult_STANDARDNORMAL;dt_scores_binary_crossentropy_std_Adult_STANDARDNORMAL;dt_scores_accuracy_std_Adult_STANDARDNORMAL;dt_scores_f1_score_std_Adult_STANDARDNORMAL;dt_scores_roc_auc_score_std_Adult_STANDARDNORMAL;dt_scores_soft_binary_crossentropy_data_random_std_Adult_STANDARDNORMAL;dt_scores_binary_crossentropy_data_random_std_Adult_STANDARDNORMAL;dt_scores_accuracy_data_random_std_Adult_STANDARDNORMAL;dt_scores_f1_score_data_random_std_Adult_STANDARDNORMAL;dt_scores_roc_auc_score_data_random_std_Adult_STANDARDNORMAL;dt_scores_runtime_Adult_STANDARDNORMAL;inet_scores_soft_binary_crossentropy_Adult_STANDARDNORMAL;inet_scores_binary_crossentropy_Adult_STANDARDNORMAL;inet_scores_accuracy_Adult_STANDARDNORMAL;inet_scores_f1_score_Adult_STANDARDNORMAL;inet_scores_roc_auc_score_Adult_STANDARDNORMAL;inet_scores_runtime_Adult_STANDARDNORMAL;model_scores_soft_binary_crossentropy_Adult_STANDARDNORMAL;model_scores_binary_crossentropy_Adult_STANDARDNORMAL;model_scores_accuracy_Adult_STANDARDNORMAL;model_scores_f1_score_Adult_STANDARDNORMAL;model_scores_roc_auc_score_Adult_STANDARDNORMAL;model_scores_runtime_Adult_STANDARDNORMAL;dt_scores_soft_binary_crossentropy_['uniform', 'normal', 'gamma', 'beta', 'poisson']_Titanic_STANDARDNORMAL;dt_scores_binary_crossentropy_['uniform', 'normal', 'gamma', 'beta', 'poisson']_Titanic_STANDARDNORMAL;dt_scores_accuracy_['uniform', 'normal', 'gamma', 'beta', 'poisson']_Titanic_STANDARDNORMAL;dt_scores_f1_score_['uniform', 'normal', 'gamma', 'beta', 'poisson']_Titanic_STANDARDNORMAL;dt_scores_roc_auc_score_['uniform', 'normal', 'gamma', 'beta', 'poisson']_Titanic_STANDARDNORMAL;dt_scores_soft_binary_crossentropy_data_random_['uniform', 'normal', 'gamma', 'beta', 'poisson']_Titanic_STANDARDNORMAL;dt_scores_binary_crossentropy_data_random_['uniform', 'normal', 'gamma', 'beta', 'poisson']_Titanic_STANDARDNORMAL;dt_scores_accuracy_data_random_['uniform', 'normal', 'gamma', 'beta', 'poisson']_Titanic_STANDARDNORMAL;dt_scores_f1_score_data_random_['uniform', 'normal', 'gamma', 'beta', 'poisson']_Titanic_STANDARDNORMAL;dt_scores_roc_auc_score_data_random_['uniform', 'normal', 'gamma', 'beta', 'poisson']_Titanic_STANDARDNORMAL;dt_scores_runtime_['uniform', 'normal', 'gamma', 'beta', 'poisson']_Titanic_STANDARDNORMAL;dt_scores_soft_binary_crossentropy_Titanic_STANDARDNORMAL;dt_scores_binary_crossentropy_Titanic_STANDARDNORMAL;dt_scores_accuracy_Titanic_STANDARDNORMAL;dt_scores_f1_score_Titanic_STANDARDNORMAL;dt_scores_roc_auc_score_Titanic_STANDARDNORMAL;dt_scores_soft_binary_crossentropy_data_random_Titanic_STANDARDNORMAL;dt_scores_binary_crossentropy_data_random_Titanic_STANDARDNORMAL;dt_scores_accuracy_data_random_Titanic_STANDARDNORMAL;dt_scores_f1_score_data_random_Titanic_STANDARDNORMAL;dt_scores_roc_auc_score_data_random_Titanic_STANDARDNORMAL;dt_scores_soft_binary_crossentropy_std_Titanic_STANDARDNORMAL;dt_scores_binary_crossentropy_std_Titanic_STANDARDNORMAL;dt_scores_accuracy_std_Titanic_STANDARDNORMAL;dt_scores_f1_score_std_Titanic_STANDARDNORMAL;dt_scores_roc_auc_score_std_Titanic_STANDARDNORMAL;dt_scores_soft_binary_crossentropy_data_random_std_Titanic_STANDARDNORMAL;dt_scores_binary_crossentropy_data_random_std_Titanic_STANDARDNORMAL;dt_scores_accuracy_data_random_std_Titanic_STANDARDNORMAL;dt_scores_f1_score_data_random_std_Titanic_STANDARDNORMAL;dt_scores_roc_auc_score_data_random_std_Titanic_STANDARDNORMAL;dt_scores_runtime_Titanic_STANDARDNORMAL;inet_scores_soft_binary_crossentropy_Titanic_STANDARDNORMAL;inet_scores_binary_crossentropy_Titanic_STANDARDNORMAL;inet_scores_accuracy_Titanic_STANDARDNORMAL;inet_scores_f1_score_Titanic_STANDARDNORMAL;inet_scores_roc_auc_score_Titanic_STANDARDNORMAL;inet_scores_runtime_Titanic_STANDARDNORMAL;model_scores_soft_binary_crossentropy_Titanic_STANDARDNORMAL;model_scores_binary_crossentropy_Titanic_STANDARDNORMAL;model_scores_accuracy_Titanic_STANDARDNORMAL;model_scores_f1_score_Titanic_STANDARDNORMAL;model_scores_roc_auc_score_Titanic_STANDARDNORMAL;model_scores_runtime_Titanic_STANDARDNORMAL;dt_scores_soft_binary_crossentropy_['uniform', 'normal', 'gamma', 'beta', 'poisson']_Absenteeism_STANDARDNORMAL;dt_scores_binary_crossentropy_['uniform', 'normal', 'gamma', 'beta', 'poisson']_Absenteeism_STANDARDNORMAL;dt_scores_accuracy_['uniform', 'normal', 'gamma', 'beta', 'poisson']_Absenteeism_STANDARDNORMAL;dt_scores_f1_score_['uniform', 'normal', 'gamma', 'beta', 'poisson']_Absenteeism_STANDARDNORMAL;dt_scores_roc_auc_score_['uniform', 'normal', 'gamma', 'beta', 'poisson']_Absenteeism_STANDARDNORMAL;dt_scores_soft_binary_crossentropy_data_random_['uniform', 'normal', 'gamma', 'beta', 'poisson']_Absenteeism_STANDARDNORMAL;dt_scores_binary_crossentropy_data_random_['uniform', 'normal', 'gamma', 'beta', 'poisson']_Absenteeism_STANDARDNORMAL;dt_scores_accuracy_data_random_['uniform', 'normal', 'gamma', 'beta', 'poisson']_Absenteeism_STANDARDNORMAL;dt_scores_f1_score_data_random_['uniform', 'normal', 'gamma', 'beta', 'poisson']_Absenteeism_STANDARDNORMAL;dt_scores_roc_auc_score_data_random_['uniform', 'normal', 'gamma', 'beta', 'poisson']_Absenteeism_STANDARDNORMAL;dt_scores_runtime_['uniform', 'normal', 'gamma', 'beta', 'poisson']_Absenteeism_STANDARDNORMAL;dt_scores_soft_binary_crossentropy_Absenteeism_STANDARDNORMAL;dt_scores_binary_crossentropy_Absenteeism_STANDARDNORMAL;dt_scores_accuracy_Absenteeism_STANDARDNORMAL;dt_scores_f1_score_Absenteeism_STANDARDNORMAL;dt_scores_roc_auc_score_Absenteeism_STANDARDNORMAL;dt_scores_soft_binary_crossentropy_data_random_Absenteeism_STANDARDNORMAL;dt_scores_binary_crossentropy_data_random_Absenteeism_STANDARDNORMAL;dt_scores_accuracy_data_random_Absenteeism_STANDARDNORMAL;dt_scores_f1_score_data_random_Absenteeism_STANDARDNORMAL;dt_scores_roc_auc_score_data_random_Absenteeism_STANDARDNORMAL;dt_scores_soft_binary_crossentropy_std_Absenteeism_STANDARDNORMAL;dt_scores_binary_crossentropy_std_Absenteeism_STANDARDNORMAL;dt_scores_accuracy_std_Absenteeism_STANDARDNORMAL;dt_scores_f1_score_std_Absenteeism_STANDARDNORMAL;dt_scores_roc_auc_score_std_Absenteeism_STANDARDNORMAL;dt_scores_soft_binary_crossentropy_data_random_std_Absenteeism_STANDARDNORMAL;dt_scores_binary_crossentropy_data_random_std_Absenteeism_STANDARDNORMAL;dt_scores_accuracy_data_random_std_Absenteeism_STANDARDNORMAL;dt_scores_f1_score_data_random_std_Absenteeism_STANDARDNORMAL;dt_scores_roc_auc_score_data_random_std_Absenteeism_STANDARDNORMAL;dt_scores_runtime_Absenteeism_STANDARDNORMAL;inet_scores_soft_binary_crossentropy_Absenteeism_STANDARDNORMAL;inet_scores_binary_crossentropy_Absenteeism_STANDARDNORMAL;inet_scores_accuracy_Absenteeism_STANDARDNORMAL;inet_scores_f1_score_Absenteeism_STANDARDNORMAL;inet_scores_roc_auc_score_Absenteeism_STANDARDNORMAL;inet_scores_runtime_Absenteeism_STANDARDNORMAL;model_scores_soft_binary_crossentropy_Absenteeism_STANDARDNORMAL;model_scores_binary_crossentropy_Absenteeism_STANDARDNORMAL;model_scores_accuracy_Absenteeism_STANDARDNORMAL;model_scores_f1_score_Absenteeism_STANDARDNORMAL;model_scores_roc_auc_score_Absenteeism_STANDARDNORMAL;model_scores_runtime_Absenteeism_STANDARDNORMAL;dt_scores_soft_binary_crossentropy_['uniform', 'normal', 'gamma', 'beta', 'poisson']_Loan House_STANDARDNORMAL;dt_scores_binary_crossentropy_['uniform', 'normal', 'gamma', 'beta', 'poisson']_Loan House_STANDARDNORMAL;dt_scores_accuracy_['uniform', 'normal', 'gamma', 'beta', 'poisson']_Loan House_STANDARDNORMAL;dt_scores_f1_score_['uniform', 'normal', 'gamma', 'beta', 'poisson']_Loan House_STANDARDNORMAL;dt_scores_roc_auc_score_['uniform', 'normal', 'gamma', 'beta', 'poisson']_Loan House_STANDARDNORMAL;dt_scores_soft_binary_crossentropy_data_random_['uniform', 'normal', 'gamma', 'beta', 'poisson']_Loan House_STANDARDNORMAL;dt_scores_binary_crossentropy_data_random_['uniform', 'normal', 'gamma', 'beta', 'poisson']_Loan House_STANDARDNORMAL;dt_scores_accuracy_data_random_['uniform', 'normal', 'gamma', 'beta', 'poisson']_Loan House_STANDARDNORMAL;dt_scores_f1_score_data_random_['uniform', 'normal', 'gamma', 'beta', 'poisson']_Loan House_STANDARDNORMAL;dt_scores_roc_auc_score_data_random_['uniform', 'normal', 'gamma', 'beta', 'poisson']_Loan House_STANDARDNORMAL;dt_scores_runtime_['uniform', 'normal', 'gamma', 'beta', 'poisson']_Loan House_STANDARDNORMAL;dt_scores_soft_binary_crossentropy_Loan House_STANDARDNORMAL;dt_scores_binary_crossentropy_Loan House_STANDARDNORMAL;dt_scores_accuracy_Loan House_STANDARDNORMAL;dt_scores_f1_score_Loan House_STANDARDNORMAL;dt_scores_roc_auc_score_Loan House_STANDARDNORMAL;dt_scores_soft_binary_crossentropy_data_random_Loan House_STANDARDNORMAL;dt_scores_binary_crossentropy_data_random_Loan House_STANDARDNORMAL;dt_scores_accuracy_data_random_Loan House_STANDARDNORMAL;dt_scores_f1_score_data_random_Loan House_STANDARDNORMAL;dt_scores_roc_auc_score_data_random_Loan House_STANDARDNORMAL;dt_scores_soft_binary_crossentropy_std_Loan House_STANDARDNORMAL;dt_scores_binary_crossentropy_std_Loan House_STANDARDNORMAL;dt_scores_accuracy_std_Loan House_STANDARDNORMAL;dt_scores_f1_score_std_Loan House_STANDARDNORMAL;dt_scores_roc_auc_score_std_Loan House_STANDARDNORMAL;dt_scores_soft_binary_crossentropy_data_random_std_Loan House_STANDARDNORMAL;dt_scores_binary_crossentropy_data_random_std_Loan House_STANDARDNORMAL;dt_scores_accuracy_data_random_std_Loan House_STANDARDNORMAL;dt_scores_f1_score_data_random_std_Loan House_STANDARDNORMAL;dt_scores_roc_auc_score_data_random_std_Loan House_STANDARDNORMAL;dt_scores_runtime_Loan House_STANDARDNORMAL;inet_scores_soft_binary_crossentropy_Loan House_STANDARDNORMAL;inet_scores_binary_crossentropy_Loan House_STANDARDNORMAL;inet_scores_accuracy_Loan House_STANDARDNORMAL;inet_scores_f1_score_Loan House_STANDARDNORMAL;inet_scores_roc_auc_score_Loan House_STANDARDNORMAL;inet_scores_runtime_Loan House_STANDARDNORMAL;model_scores_soft_binary_crossentropy_Loan House_STANDARDNORMAL;model_scores_binary_crossentropy_Loan House_STANDARDNORMAL;model_scores_accuracy_Loan House_STANDARDNORMAL;model_scores_f1_score_Loan House_STANDARDNORMAL;model_scores_roc_auc_score_Loan House_STANDARDNORMAL;model_scores_runtime_Loan House_STANDARDNORMAL;dt_scores_soft_binary_crossentropy_['uniform', 'normal', 'gamma', 'beta', 'poisson']_Loan Credit_STANDARDNORMAL;dt_scores_binary_crossentropy_['uniform', 'normal', 'gamma', 'beta', 'poisson']_Loan Credit_STANDARDNORMAL;dt_scores_accuracy_['uniform', 'normal', 'gamma', 'beta', 'poisson']_Loan Credit_STANDARDNORMAL;dt_scores_f1_score_['uniform', 'normal', 'gamma', 'beta', 'poisson']_Loan Credit_STANDARDNORMAL;dt_scores_roc_auc_score_['uniform', 'normal', 'gamma', 'beta', 'poisson']_Loan Credit_STANDARDNORMAL;dt_scores_soft_binary_crossentropy_data_random_['uniform', 'normal', 'gamma', 'beta', 'poisson']_Loan Credit_STANDARDNORMAL;dt_scores_binary_crossentropy_data_random_['uniform', 'normal', 'gamma', 'beta', 'poisson']_Loan Credit_STANDARDNORMAL;dt_scores_accuracy_data_random_['uniform', 'normal', 'gamma', 'beta', 'poisson']_Loan Credit_STANDARDNORMAL;dt_scores_f1_score_data_random_['uniform', 'normal', 'gamma', 'beta', 'poisson']_Loan Credit_STANDARDNORMAL;dt_scores_roc_auc_score_data_random_['uniform', 'normal', 'gamma', 'beta', 'poisson']_Loan Credit_STANDARDNORMAL;dt_scores_runtime_['uniform', 'normal', 'gamma', 'beta', 'poisson']_Loan Credit_STANDARDNORMAL;dt_scores_soft_binary_crossentropy_Loan Credit_STANDARDNORMAL;dt_scores_binary_crossentropy_Loan Credit_STANDARDNORMAL;dt_scores_accuracy_Loan Credit_STANDARDNORMAL;dt_scores_f1_score_Loan Credit_STANDARDNORMAL;dt_scores_roc_auc_score_Loan Credit_STANDARDNORMAL;dt_scores_soft_binary_crossentropy_data_random_Loan Credit_STANDARDNORMAL;dt_scores_binary_crossentropy_data_random_Loan Credit_STANDARDNORMAL;dt_scores_accuracy_data_random_Loan Credit_STANDARDNORMAL;dt_scores_f1_score_data_random_Loan Credit_STANDARDNORMAL;dt_scores_roc_auc_score_data_random_Loan Credit_STANDARDNORMAL;dt_scores_soft_binary_crossentropy_std_Loan Credit_STANDARDNORMAL;dt_scores_binary_crossentropy_std_Loan Credit_STANDARDNORMAL;dt_scores_accuracy_std_Loan Credit_STANDARDNORMAL;dt_scores_f1_score_std_Loan Credit_STANDARDNORMAL;dt_scores_roc_auc_score_std_Loan Credit_STANDARDNORMAL;dt_scores_soft_binary_crossentropy_data_random_std_Loan Credit_STANDARDNORMAL;dt_scores_binary_crossentropy_data_random_std_Loan Credit_STANDARDNORMAL;dt_scores_accuracy_data_random_std_Loan Credit_STANDARDNORMAL;dt_scores_f1_score_data_random_std_Loan Credit_STANDARDNORMAL;dt_scores_roc_auc_score_data_random_std_Loan Credit_STANDARDNORMAL;dt_scores_runtime_Loan Credit_STANDARDNORMAL;inet_scores_soft_binary_crossentropy_Loan Credit_STANDARDNORMAL;inet_scores_binary_crossentropy_Loan Credit_STANDARDNORMAL;inet_scores_accuracy_Loan Credit_STANDARDNORMAL;inet_scores_f1_score_Loan Credit_STANDARDNORMAL;inet_scores_roc_auc_score_Loan Credit_STANDARDNORMAL;inet_scores_runtime_Loan Credit_STANDARDNORMAL;model_scores_soft_binary_crossentropy_Loan Credit_STANDARDNORMAL;model_scores_binary_crossentropy_Loan Credit_STANDARDNORMAL;model_scores_accuracy_Loan Credit_STANDARDNORMAL;model_scores_f1_score_Loan Credit_STANDARDNORMAL;model_scores_roc_auc_score_Loan Credit_STANDARDNORMAL;model_scores_runtime_Loan Credit_STANDARDNORMAL;dt_scores_soft_binary_crossentropy_['uniform', 'normal', 'gamma', 'beta', 'poisson']_Medical Insurance_STANDARDNORMAL;dt_scores_binary_crossentropy_['uniform', 'normal', 'gamma', 'beta', 'poisson']_Medical Insurance_STANDARDNORMAL;dt_scores_accuracy_['uniform', 'normal', 'gamma', 'beta', 'poisson']_Medical Insurance_STANDARDNORMAL;dt_scores_f1_score_['uniform', 'normal', 'gamma', 'beta', 'poisson']_Medical Insurance_STANDARDNORMAL;dt_scores_roc_auc_score_['uniform', 'normal', 'gamma', 'beta', 'poisson']_Medical Insurance_STANDARDNORMAL;dt_scores_soft_binary_crossentropy_data_random_['uniform', 'normal', 'gamma', 'beta', 'poisson']_Medical Insurance_STANDARDNORMAL;dt_scores_binary_crossentropy_data_random_['uniform', 'normal', 'gamma', 'beta', 'poisson']_Medical Insurance_STANDARDNORMAL;dt_scores_accuracy_data_random_['uniform', 'normal', 'gamma', 'beta', 'poisson']_Medical Insurance_STANDARDNORMAL;dt_scores_f1_score_data_random_['uniform', 'normal', 'gamma', 'beta', 'poisson']_Medical Insurance_STANDARDNORMAL;dt_scores_roc_auc_score_data_random_['uniform', 'normal', 'gamma', 'beta', 'poisson']_Medical Insurance_STANDARDNORMAL;dt_scores_runtime_['uniform', 'normal', 'gamma', 'beta', 'poisson']_Medical Insurance_STANDARDNORMAL;dt_scores_soft_binary_crossentropy_Medical Insurance_STANDARDNORMAL;dt_scores_binary_crossentropy_Medical Insurance_STANDARDNORMAL;dt_scores_accuracy_Medical Insurance_STANDARDNORMAL;dt_scores_f1_score_Medical Insurance_STANDARDNORMAL;dt_scores_roc_auc_score_Medical Insurance_STANDARDNORMAL;dt_scores_soft_binary_crossentropy_data_random_Medical Insurance_STANDARDNORMAL;dt_scores_binary_crossentropy_data_random_Medical Insurance_STANDARDNORMAL;dt_scores_accuracy_data_random_Medical Insurance_STANDARDNORMAL;dt_scores_f1_score_data_random_Medical Insurance_STANDARDNORMAL;dt_scores_roc_auc_score_data_random_Medical Insurance_STANDARDNORMAL;dt_scores_soft_binary_crossentropy_std_Medical Insurance_STANDARDNORMAL;dt_scores_binary_crossentropy_std_Medical Insurance_STANDARDNORMAL;dt_scores_accuracy_std_Medical Insurance_STANDARDNORMAL;dt_scores_f1_score_std_Medical Insurance_STANDARDNORMAL;dt_scores_roc_auc_score_std_Medical Insurance_STANDARDNORMAL;dt_scores_soft_binary_crossentropy_data_random_std_Medical Insurance_STANDARDNORMAL;dt_scores_binary_crossentropy_data_random_std_Medical Insurance_STANDARDNORMAL;dt_scores_accuracy_data_random_std_Medical Insurance_STANDARDNORMAL;dt_scores_f1_score_data_random_std_Medical Insurance_STANDARDNORMAL;dt_scores_roc_auc_score_data_random_std_Medical Insurance_STANDARDNORMAL;dt_scores_runtime_Medical Insurance_STANDARDNORMAL;inet_scores_soft_binary_crossentropy_Medical Insurance_STANDARDNORMAL;inet_scores_binary_crossentropy_Medical Insurance_STANDARDNORMAL;inet_scores_accuracy_Medical Insurance_STANDARDNORMAL;inet_scores_f1_score_Medical Insurance_STANDARDNORMAL;inet_scores_roc_auc_score_Medical Insurance_STANDARDNORMAL;inet_scores_runtime_Medical Insurance_STANDARDNORMAL;model_scores_soft_binary_crossentropy_Medical Insurance_STANDARDNORMAL;model_scores_binary_crossentropy_Medical Insurance_STANDARDNORMAL;model_scores_accuracy_Medical Insurance_STANDARDNORMAL;model_scores_f1_score_Medical Insurance_STANDARDNORMAL;model_scores_roc_auc_score_Medical Insurance_STANDARDNORMAL;model_scores_runtime_Medical Insurance_STANDARDNORMAL;dt_scores_soft_binary_crossentropy_['uniform', 'normal', 'gamma', 'beta', 'poisson']_Bank Marketing_STANDARDNORMAL;dt_scores_binary_crossentropy_['uniform', 'normal', 'gamma', 'beta', 'poisson']_Bank Marketing_STANDARDNORMAL;dt_scores_accuracy_['uniform', 'normal', 'gamma', 'beta', 'poisson']_Bank Marketing_STANDARDNORMAL;dt_scores_f1_score_['uniform', 'normal', 'gamma', 'beta', 'poisson']_Bank Marketing_STANDARDNORMAL;dt_scores_roc_auc_score_['uniform', 'normal', 'gamma', 'beta', 'poisson']_Bank Marketing_STANDARDNORMAL;dt_scores_soft_binary_crossentropy_data_random_['uniform', 'normal', 'gamma', 'beta', 'poisson']_Bank Marketing_STANDARDNORMAL;dt_scores_binary_crossentropy_data_random_['uniform', 'normal', 'gamma', 'beta', 'poisson']_Bank Marketing_STANDARDNORMAL;dt_scores_accuracy_data_random_['uniform', 'normal', 'gamma', 'beta', 'poisson']_Bank Marketing_STANDARDNORMAL;dt_scores_f1_score_data_random_['uniform', 'normal', 'gamma', 'beta', 'poisson']_Bank Marketing_STANDARDNORMAL;dt_scores_roc_auc_score_data_random_['uniform', 'normal', 'gamma', 'beta', 'poisson']_Bank Marketing_STANDARDNORMAL;dt_scores_runtime_['uniform', 'normal', 'gamma', 'beta', 'poisson']_Bank Marketing_STANDARDNORMAL;dt_scores_soft_binary_crossentropy_Bank Marketing_STANDARDNORMAL;dt_scores_binary_crossentropy_Bank Marketing_STANDARDNORMAL;dt_scores_accuracy_Bank Marketing_STANDARDNORMAL;dt_scores_f1_score_Bank Marketing_STANDARDNORMAL;dt_scores_roc_auc_score_Bank Marketing_STANDARDNORMAL;dt_scores_soft_binary_crossentropy_data_random_Bank Marketing_STANDARDNORMAL;dt_scores_binary_crossentropy_data_random_Bank Marketing_STANDARDNORMAL;dt_scores_accuracy_data_random_Bank Marketing_STANDARDNORMAL;dt_scores_f1_score_data_random_Bank Marketing_STANDARDNORMAL;dt_scores_roc_auc_score_data_random_Bank Marketing_STANDARDNORMAL;dt_scores_soft_binary_crossentropy_std_Bank Marketing_STANDARDNORMAL;dt_scores_binary_crossentropy_std_Bank Marketing_STANDARDNORMAL;dt_scores_accuracy_std_Bank Marketing_STANDARDNORMAL;dt_scores_f1_score_std_Bank Marketing_STANDARDNORMAL;dt_scores_roc_auc_score_std_Bank Marketing_STANDARDNORMAL;dt_scores_soft_binary_crossentropy_data_random_std_Bank Marketing_STANDARDNORMAL;dt_scores_binary_crossentropy_data_random_std_Bank Marketing_STANDARDNORMAL;dt_scores_accuracy_data_random_std_Bank Marketing_STANDARDNORMAL;dt_scores_f1_score_data_random_std_Bank Marketing_STANDARDNORMAL;dt_scores_roc_auc_score_data_random_std_Bank Marketing_STANDARDNORMAL;dt_scores_runtime_Bank Marketing_STANDARDNORMAL;inet_scores_soft_binary_crossentropy_Bank Marketing_STANDARDNORMAL;inet_scores_binary_crossentropy_Bank Marketing_STANDARDNORMAL;inet_scores_accuracy_Bank Marketing_STANDARDNORMAL;inet_scores_f1_score_Bank Marketing_STANDARDNORMAL;inet_scores_roc_auc_score_Bank Marketing_STANDARDNORMAL;inet_scores_runtime_Bank Marketing_STANDARDNORMAL;model_scores_soft_binary_crossentropy_Bank Marketing_STANDARDNORMAL;model_scores_binary_crossentropy_Bank Marketing_STANDARDNORMAL;model_scores_accuracy_Bank Marketing_STANDARDNORMAL;model_scores_f1_score_Bank Marketing_STANDARDNORMAL;model_scores_roc_auc_score_Bank Marketing_STANDARDNORMAL;model_scores_runtime_Bank Marketing_STANDARDNORMAL;dt_scores_soft_binary_crossentropy_['uniform', 'normal', 'gamma', 'beta', 'poisson']_Cervical Cancer_STANDARDNORMAL;dt_scores_binary_crossentropy_['uniform', 'normal', 'gamma', 'beta', 'poisson']_Cervical Cancer_STANDARDNORMAL;dt_scores_accuracy_['uniform', 'normal', 'gamma', 'beta', 'poisson']_Cervical Cancer_STANDARDNORMAL;dt_scores_f1_score_['uniform', 'normal', 'gamma', 'beta', 'poisson']_Cervical Cancer_STANDARDNORMAL;dt_scores_roc_auc_score_['uniform', 'normal', 'gamma', 'beta', 'poisson']_Cervical Cancer_STANDARDNORMAL;dt_scores_soft_binary_crossentropy_data_random_['uniform', 'normal', 'gamma', 'beta', 'poisson']_Cervical Cancer_STANDARDNORMAL;dt_scores_binary_crossentropy_data_random_['uniform', 'normal', 'gamma', 'beta', 'poisson']_Cervical Cancer_STANDARDNORMAL;dt_scores_accuracy_data_random_['uniform', 'normal', 'gamma', 'beta', 'poisson']_Cervical Cancer_STANDARDNORMAL;dt_scores_f1_score_data_random_['uniform', 'normal', 'gamma', 'beta', 'poisson']_Cervical Cancer_STANDARDNORMAL;dt_scores_roc_auc_score_data_random_['uniform', 'normal', 'gamma', 'beta', 'poisson']_Cervical Cancer_STANDARDNORMAL;dt_scores_runtime_['uniform', 'normal', 'gamma', 'beta', 'poisson']_Cervical Cancer_STANDARDNORMAL;dt_scores_soft_binary_crossentropy_Cervical Cancer_STANDARDNORMAL;dt_scores_binary_crossentropy_Cervical Cancer_STANDARDNORMAL;dt_scores_accuracy_Cervical Cancer_STANDARDNORMAL;dt_scores_f1_score_Cervical Cancer_STANDARDNORMAL;dt_scores_roc_auc_score_Cervical Cancer_STANDARDNORMAL;dt_scores_soft_binary_crossentropy_data_random_Cervical Cancer_STANDARDNORMAL;dt_scores_binary_crossentropy_data_random_Cervical Cancer_STANDARDNORMAL;dt_scores_accuracy_data_random_Cervical Cancer_STANDARDNORMAL;dt_scores_f1_score_data_random_Cervical Cancer_STANDARDNORMAL;dt_scores_roc_auc_score_data_random_Cervical Cancer_STANDARDNORMAL;dt_scores_soft_binary_crossentropy_std_Cervical Cancer_STANDARDNORMAL;dt_scores_binary_crossentropy_std_Cervical Cancer_STANDARDNORMAL;dt_scores_accuracy_std_Cervical Cancer_STANDARDNORMAL;dt_scores_f1_score_std_Cervical Cancer_STANDARDNORMAL;dt_scores_roc_auc_score_std_Cervical Cancer_STANDARDNORMAL;dt_scores_soft_binary_crossentropy_data_random_std_Cervical Cancer_STANDARDNORMAL;dt_scores_binary_crossentropy_data_random_std_Cervical Cancer_STANDARDNORMAL;dt_scores_accuracy_data_random_std_Cervical Cancer_STANDARDNORMAL;dt_scores_f1_score_data_random_std_Cervical Cancer_STANDARDNORMAL;dt_scores_roc_auc_score_data_random_std_Cervical Cancer_STANDARDNORMAL;dt_scores_runtime_Cervical Cancer_STANDARDNORMAL;inet_scores_soft_binary_crossentropy_Cervical Cancer_STANDARDNORMAL;inet_scores_binary_crossentropy_Cervical Cancer_STANDARDNORMAL;inet_scores_accuracy_Cervical Cancer_STANDARDNORMAL;inet_scores_f1_score_Cervical Cancer_STANDARDNORMAL;inet_scores_roc_auc_score_Cervical Cancer_STANDARDNORMAL;inet_scores_runtime_Cervical Cancer_STANDARDNORMAL;model_scores_soft_binary_crossentropy_Cervical Cancer_STANDARDNORMAL;model_scores_binary_crossentropy_Cervical Cancer_STANDARDNORMAL;model_scores_accuracy_Cervical Cancer_STANDARDNORMAL;model_scores_f1_score_Cervical Cancer_STANDARDNORMAL;model_scores_roc_auc_score_Cervical Cancer_STANDARDNORMAL;model_scores_runtime_Cervical Cancer_STANDARDNORMAL;dt_scores_soft_binary_crossentropy_['uniform', 'normal', 'gamma', 'beta', 'poisson']_Brest Cancer Wisconsin_STANDARDNORMAL;dt_scores_binary_crossentropy_['uniform', 'normal', 'gamma', 'beta', 'poisson']_Brest Cancer Wisconsin_STANDARDNORMAL;dt_scores_accuracy_['uniform', 'normal', 'gamma', 'beta', 'poisson']_Brest Cancer Wisconsin_STANDARDNORMAL;dt_scores_f1_score_['uniform', 'normal', 'gamma', 'beta', 'poisson']_Brest Cancer Wisconsin_STANDARDNORMAL;dt_scores_roc_auc_score_['uniform', 'normal', 'gamma', 'beta', 'poisson']_Brest Cancer Wisconsin_STANDARDNORMAL;dt_scores_soft_binary_crossentropy_data_random_['uniform', 'normal', 'gamma', 'beta', 'poisson']_Brest Cancer Wisconsin_STANDARDNORMAL;dt_scores_binary_crossentropy_data_random_['uniform', 'normal', 'gamma', 'beta', 'poisson']_Brest Cancer Wisconsin_STANDARDNORMAL;dt_scores_accuracy_data_random_['uniform', 'normal', 'gamma', 'beta', 'poisson']_Brest Cancer Wisconsin_STANDARDNORMAL;dt_scores_f1_score_data_random_['uniform', 'normal', 'gamma', 'beta', 'poisson']_Brest Cancer Wisconsin_STANDARDNORMAL;dt_scores_roc_auc_score_data_random_['uniform', 'normal', 'gamma', 'beta', 'poisson']_Brest Cancer Wisconsin_STANDARDNORMAL;dt_scores_runtime_['uniform', 'normal', 'gamma', 'beta', 'poisson']_Brest Cancer Wisconsin_STANDARDNORMAL;dt_scores_soft_binary_crossentropy_Brest Cancer Wisconsin_STANDARDNORMAL;dt_scores_binary_crossentropy_Brest Cancer Wisconsin_STANDARDNORMAL;dt_scores_accuracy_Brest Cancer Wisconsin_STANDARDNORMAL;dt_scores_f1_score_Brest Cancer Wisconsin_STANDARDNORMAL;dt_scores_roc_auc_score_Brest Cancer Wisconsin_STANDARDNORMAL;dt_scores_soft_binary_crossentropy_data_random_Brest Cancer Wisconsin_STANDARDNORMAL;dt_scores_binary_crossentropy_data_random_Brest Cancer Wisconsin_STANDARDNORMAL;dt_scores_accuracy_data_random_Brest Cancer Wisconsin_STANDARDNORMAL;dt_scores_f1_score_data_random_Brest Cancer Wisconsin_STANDARDNORMAL;dt_scores_roc_auc_score_data_random_Brest Cancer Wisconsin_STANDARDNORMAL;dt_scores_soft_binary_crossentropy_std_Brest Cancer Wisconsin_STANDARDNORMAL;dt_scores_binary_crossentropy_std_Brest Cancer Wisconsin_STANDARDNORMAL;dt_scores_accuracy_std_Brest Cancer Wisconsin_STANDARDNORMAL;dt_scores_f1_score_std_Brest Cancer Wisconsin_STANDARDNORMAL;dt_scores_roc_auc_score_std_Brest Cancer Wisconsin_STANDARDNORMAL;dt_scores_soft_binary_crossentropy_data_random_std_Brest Cancer Wisconsin_STANDARDNORMAL;dt_scores_binary_crossentropy_data_random_std_Brest Cancer Wisconsin_STANDARDNORMAL;dt_scores_accuracy_data_random_std_Brest Cancer Wisconsin_STANDARDNORMAL;dt_scores_f1_score_data_random_std_Brest Cancer Wisconsin_STANDARDNORMAL;dt_scores_roc_auc_score_data_random_std_Brest Cancer Wisconsin_STANDARDNORMAL;dt_scores_runtime_Brest Cancer Wisconsin_STANDARDNORMAL;inet_scores_soft_binary_crossentropy_Brest Cancer Wisconsin_STANDARDNORMAL;inet_scores_binary_crossentropy_Brest Cancer Wisconsin_STANDARDNORMAL;inet_scores_accuracy_Brest Cancer Wisconsin_STANDARDNORMAL;inet_scores_f1_score_Brest Cancer Wisconsin_STANDARDNORMAL;inet_scores_roc_auc_score_Brest Cancer Wisconsin_STANDARDNORMAL;inet_scores_runtime_Brest Cancer Wisconsin_STANDARDNORMAL;model_scores_soft_binary_crossentropy_Brest Cancer Wisconsin_STANDARDNORMAL;model_scores_binary_crossentropy_Brest Cancer Wisconsin_STANDARDNORMAL;model_scores_accuracy_Brest Cancer Wisconsin_STANDARDNORMAL;model_scores_f1_score_Brest Cancer Wisconsin_STANDARDNORMAL;model_scores_roc_auc_score_Brest Cancer Wisconsin_STANDARDNORMAL;model_scores_runtime_Brest Cancer Wisconsin_STANDARDNORMAL;dt_scores_soft_binary_crossentropy_['uniform', 'normal', 'gamma', 'beta', 'poisson']_Wisconsin Diagnostic Breast Cancer_STANDARDNORMAL;dt_scores_binary_crossentropy_['uniform', 'normal', 'gamma', 'beta', 'poisson']_Wisconsin Diagnostic Breast Cancer_STANDARDNORMAL;dt_scores_accuracy_['uniform', 'normal', 'gamma', 'beta', 'poisson']_Wisconsin Diagnostic Breast Cancer_STANDARDNORMAL;dt_scores_f1_score_['uniform', 'normal', 'gamma', 'beta', 'poisson']_Wisconsin Diagnostic Breast Cancer_STANDARDNORMAL;dt_scores_roc_auc_score_['uniform', 'normal', 'gamma', 'beta', 'poisson']_Wisconsin Diagnostic Breast Cancer_STANDARDNORMAL;dt_scores_soft_binary_crossentropy_data_random_['uniform', 'normal', 'gamma', 'beta', 'poisson']_Wisconsin Diagnostic Breast Cancer_STANDARDNORMAL;dt_scores_binary_crossentropy_data_random_['uniform', 'normal', 'gamma', 'beta', 'poisson']_Wisconsin Diagnostic Breast Cancer_STANDARDNORMAL;dt_scores_accuracy_data_random_['uniform', 'normal', 'gamma', 'beta', 'poisson']_Wisconsin Diagnostic Breast Cancer_STANDARDNORMAL;dt_scores_f1_score_data_random_['uniform', 'normal', 'gamma', 'beta', 'poisson']_Wisconsin Diagnostic Breast Cancer_STANDARDNORMAL;dt_scores_roc_auc_score_data_random_['uniform', 'normal', 'gamma', 'beta', 'poisson']_Wisconsin Diagnostic Breast Cancer_STANDARDNORMAL;dt_scores_runtime_['uniform', 'normal', 'gamma', 'beta', 'poisson']_Wisconsin Diagnostic Breast Cancer_STANDARDNORMAL;dt_scores_soft_binary_crossentropy_Wisconsin Diagnostic Breast Cancer_STANDARDNORMAL;dt_scores_binary_crossentropy_Wisconsin Diagnostic Breast Cancer_STANDARDNORMAL;dt_scores_accuracy_Wisconsin Diagnostic Breast Cancer_STANDARDNORMAL;dt_scores_f1_score_Wisconsin Diagnostic Breast Cancer_STANDARDNORMAL;dt_scores_roc_auc_score_Wisconsin Diagnostic Breast Cancer_STANDARDNORMAL;dt_scores_soft_binary_crossentropy_data_random_Wisconsin Diagnostic Breast Cancer_STANDARDNORMAL;dt_scores_binary_crossentropy_data_random_Wisconsin Diagnostic Breast Cancer_STANDARDNORMAL;dt_scores_accuracy_data_random_Wisconsin Diagnostic Breast Cancer_STANDARDNORMAL;dt_scores_f1_score_data_random_Wisconsin Diagnostic Breast Cancer_STANDARDNORMAL;dt_scores_roc_auc_score_data_random_Wisconsin Diagnostic Breast Cancer_STANDARDNORMAL;dt_scores_soft_binary_crossentropy_std_Wisconsin Diagnostic Breast Cancer_STANDARDNORMAL;dt_scores_binary_crossentropy_std_Wisconsin Diagnostic Breast Cancer_STANDARDNORMAL;dt_scores_accuracy_std_Wisconsin Diagnostic Breast Cancer_STANDARDNORMAL;dt_scores_f1_score_std_Wisconsin Diagnostic Breast Cancer_STANDARDNORMAL;dt_scores_roc_auc_score_std_Wisconsin Diagnostic Breast Cancer_STANDARDNORMAL;dt_scores_soft_binary_crossentropy_data_random_std_Wisconsin Diagnostic Breast Cancer_STANDARDNORMAL;dt_scores_binary_crossentropy_data_random_std_Wisconsin Diagnostic Breast Cancer_STANDARDNORMAL;dt_scores_accuracy_data_random_std_Wisconsin Diagnostic Breast Cancer_STANDARDNORMAL;dt_scores_f1_score_data_random_std_Wisconsin Diagnostic Breast Cancer_STANDARDNORMAL;dt_scores_roc_auc_score_data_random_std_Wisconsin Diagnostic Breast Cancer_STANDARDNORMAL;dt_scores_runtime_Wisconsin Diagnostic Breast Cancer_STANDARDNORMAL;inet_scores_soft_binary_crossentropy_Wisconsin Diagnostic Breast Cancer_STANDARDNORMAL;inet_scores_binary_crossentropy_Wisconsin Diagnostic Breast Cancer_STANDARDNORMAL;inet_scores_accuracy_Wisconsin Diagnostic Breast Cancer_STANDARDNORMAL;inet_scores_f1_score_Wisconsin Diagnostic Breast Cancer_STANDARDNORMAL;inet_scores_roc_auc_score_Wisconsin Diagnostic Breast Cancer_STANDARDNORMAL;inet_scores_runtime_Wisconsin Diagnostic Breast Cancer_STANDARDNORMAL;model_scores_soft_binary_crossentropy_Wisconsin Diagnostic Breast Cancer_STANDARDNORMAL;model_scores_binary_crossentropy_Wisconsin Diagnostic Breast Cancer_STANDARDNORMAL;model_scores_accuracy_Wisconsin Diagnostic Breast Cancer_STANDARDNORMAL;model_scores_f1_score_Wisconsin Diagnostic Breast Cancer_STANDARDNORMAL;model_scores_roc_auc_score_Wisconsin Diagnostic Breast Cancer_STANDARDNORMAL;model_scores_runtime_Wisconsin Diagnostic Breast Cancer_STANDARDNORMAL;dt_scores_soft_binary_crossentropy_['uniform', 'normal', 'gamma', 'beta', 'poisson']_Wisconsin Prognostic Breast Cancer_STANDARDNORMAL;dt_scores_binary_crossentropy_['uniform', 'normal', 'gamma', 'beta', 'poisson']_Wisconsin Prognostic Breast Cancer_STANDARDNORMAL;dt_scores_accuracy_['uniform', 'normal', 'gamma', 'beta', 'poisson']_Wisconsin Prognostic Breast Cancer_STANDARDNORMAL;dt_scores_f1_score_['uniform', 'normal', 'gamma', 'beta', 'poisson']_Wisconsin Prognostic Breast Cancer_STANDARDNORMAL;dt_scores_roc_auc_score_['uniform', 'normal', 'gamma', 'beta', 'poisson']_Wisconsin Prognostic Breast Cancer_STANDARDNORMAL;dt_scores_soft_binary_crossentropy_data_random_['uniform', 'normal', 'gamma', 'beta', 'poisson']_Wisconsin Prognostic Breast Cancer_STANDARDNORMAL;dt_scores_binary_crossentropy_data_random_['uniform', 'normal', 'gamma', 'beta', 'poisson']_Wisconsin Prognostic Breast Cancer_STANDARDNORMAL;dt_scores_accuracy_data_random_['uniform', 'normal', 'gamma', 'beta', 'poisson']_Wisconsin Prognostic Breast Cancer_STANDARDNORMAL;dt_scores_f1_score_data_random_['uniform', 'normal', 'gamma', 'beta', 'poisson']_Wisconsin Prognostic Breast Cancer_STANDARDNORMAL;dt_scores_roc_auc_score_data_random_['uniform', 'normal', 'gamma', 'beta', 'poisson']_Wisconsin Prognostic Breast Cancer_STANDARDNORMAL;dt_scores_runtime_['uniform', 'normal', 'gamma', 'beta', 'poisson']_Wisconsin Prognostic Breast Cancer_STANDARDNORMAL;dt_scores_soft_binary_crossentropy_Wisconsin Prognostic Breast Cancer_STANDARDNORMAL;dt_scores_binary_crossentropy_Wisconsin Prognostic Breast Cancer_STANDARDNORMAL;dt_scores_accuracy_Wisconsin Prognostic Breast Cancer_STANDARDNORMAL;dt_scores_f1_score_Wisconsin Prognostic Breast Cancer_STANDARDNORMAL;dt_scores_roc_auc_score_Wisconsin Prognostic Breast Cancer_STANDARDNORMAL;dt_scores_soft_binary_crossentropy_data_random_Wisconsin Prognostic Breast Cancer_STANDARDNORMAL;dt_scores_binary_crossentropy_data_random_Wisconsin Prognostic Breast Cancer_STANDARDNORMAL;dt_scores_accuracy_data_random_Wisconsin Prognostic Breast Cancer_STANDARDNORMAL;dt_scores_f1_score_data_random_Wisconsin Prognostic Breast Cancer_STANDARDNORMAL;dt_scores_roc_auc_score_data_random_Wisconsin Prognostic Breast Cancer_STANDARDNORMAL;dt_scores_soft_binary_crossentropy_std_Wisconsin Prognostic Breast Cancer_STANDARDNORMAL;dt_scores_binary_crossentropy_std_Wisconsin Prognostic Breast Cancer_STANDARDNORMAL;dt_scores_accuracy_std_Wisconsin Prognostic Breast Cancer_STANDARDNORMAL;dt_scores_f1_score_std_Wisconsin Prognostic Breast Cancer_STANDARDNORMAL;dt_scores_roc_auc_score_std_Wisconsin Prognostic Breast Cancer_STANDARDNORMAL;dt_scores_soft_binary_crossentropy_data_random_std_Wisconsin Prognostic Breast Cancer_STANDARDNORMAL;dt_scores_binary_crossentropy_data_random_std_Wisconsin Prognostic Breast Cancer_STANDARDNORMAL;dt_scores_accuracy_data_random_std_Wisconsin Prognostic Breast Cancer_STANDARDNORMAL;dt_scores_f1_score_data_random_std_Wisconsin Prognostic Breast Cancer_STANDARDNORMAL;dt_scores_roc_auc_score_data_random_std_Wisconsin Prognostic Breast Cancer_STANDARDNORMAL;dt_scores_runtime_Wisconsin Prognostic Breast Cancer_STANDARDNORMAL;inet_scores_soft_binary_crossentropy_Wisconsin Prognostic Breast Cancer_STANDARDNORMAL;inet_scores_binary_crossentropy_Wisconsin Prognostic Breast Cancer_STANDARDNORMAL;inet_scores_accuracy_Wisconsin Prognostic Breast Cancer_STANDARDNORMAL;inet_scores_f1_score_Wisconsin Prognostic Breast Cancer_STANDARDNORMAL;inet_scores_roc_auc_score_Wisconsin Prognostic Breast Cancer_STANDARDNORMAL;inet_scores_runtime_Wisconsin Prognostic Breast Cancer_STANDARDNORMAL;model_scores_soft_binary_crossentropy_Wisconsin Prognostic Breast Cancer_STANDARDNORMAL;model_scores_binary_crossentropy_Wisconsin Prognostic Breast Cancer_STANDARDNORMAL;model_scores_accuracy_Wisconsin Prognostic Breast Cancer_STANDARDNORMAL;model_scores_f1_score_Wisconsin Prognostic Breast Cancer_STANDARDNORMAL;model_scores_roc_auc_score_Wisconsin Prognostic Breast Cancer_STANDARDNORMAL;model_scores_runtime_Wisconsin Prognostic Breast Cancer_STANDARDNORMAL;dt_scores_soft_binary_crossentropy_['uniform', 'normal', 'gamma', 'beta', 'poisson']_Abalone_STANDARDNORMAL;dt_scores_binary_crossentropy_['uniform', 'normal', 'gamma', 'beta', 'poisson']_Abalone_STANDARDNORMAL;dt_scores_accuracy_['uniform', 'normal', 'gamma', 'beta', 'poisson']_Abalone_STANDARDNORMAL;dt_scores_f1_score_['uniform', 'normal', 'gamma', 'beta', 'poisson']_Abalone_STANDARDNORMAL;dt_scores_roc_auc_score_['uniform', 'normal', 'gamma', 'beta', 'poisson']_Abalone_STANDARDNORMAL;dt_scores_soft_binary_crossentropy_data_random_['uniform', 'normal', 'gamma', 'beta', 'poisson']_Abalone_STANDARDNORMAL;dt_scores_binary_crossentropy_data_random_['uniform', 'normal', 'gamma', 'beta', 'poisson']_Abalone_STANDARDNORMAL;dt_scores_accuracy_data_random_['uniform', 'normal', 'gamma', 'beta', 'poisson']_Abalone_STANDARDNORMAL;dt_scores_f1_score_data_random_['uniform', 'normal', 'gamma', 'beta', 'poisson']_Abalone_STANDARDNORMAL;dt_scores_roc_auc_score_data_random_['uniform', 'normal', 'gamma', 'beta', 'poisson']_Abalone_STANDARDNORMAL;dt_scores_runtime_['uniform', 'normal', 'gamma', 'beta', 'poisson']_Abalone_STANDARDNORMAL;dt_scores_soft_binary_crossentropy_Abalone_STANDARDNORMAL;dt_scores_binary_crossentropy_Abalone_STANDARDNORMAL;dt_scores_accuracy_Abalone_STANDARDNORMAL;dt_scores_f1_score_Abalone_STANDARDNORMAL;dt_scores_roc_auc_score_Abalone_STANDARDNORMAL;dt_scores_soft_binary_crossentropy_data_random_Abalone_STANDARDNORMAL;dt_scores_binary_crossentropy_data_random_Abalone_STANDARDNORMAL;dt_scores_accuracy_data_random_Abalone_STANDARDNORMAL;dt_scores_f1_score_data_random_Abalone_STANDARDNORMAL;dt_scores_roc_auc_score_data_random_Abalone_STANDARDNORMAL;dt_scores_soft_binary_crossentropy_std_Abalone_STANDARDNORMAL;dt_scores_binary_crossentropy_std_Abalone_STANDARDNORMAL;dt_scores_accuracy_std_Abalone_STANDARDNORMAL;dt_scores_f1_score_std_Abalone_STANDARDNORMAL;dt_scores_roc_auc_score_std_Abalone_STANDARDNORMAL;dt_scores_soft_binary_crossentropy_data_random_std_Abalone_STANDARDNORMAL;dt_scores_binary_crossentropy_data_random_std_Abalone_STANDARDNORMAL;dt_scores_accuracy_data_random_std_Abalone_STANDARDNORMAL;dt_scores_f1_score_data_random_std_Abalone_STANDARDNORMAL;dt_scores_roc_auc_score_data_random_std_Abalone_STANDARDNORMAL;dt_scores_runtime_Abalone_STANDARDNORMAL;inet_scores_soft_binary_crossentropy_Abalone_STANDARDNORMAL;inet_scores_binary_crossentropy_Abalone_STANDARDNORMAL;inet_scores_accuracy_Abalone_STANDARDNORMAL;inet_scores_f1_score_Abalone_STANDARDNORMAL;inet_scores_roc_auc_score_Abalone_STANDARDNORMAL;inet_scores_runtime_Abalone_STANDARDNORMAL;model_scores_soft_binary_crossentropy_Abalone_STANDARDNORMAL;model_scores_binary_crossentropy_Abalone_STANDARDNORMAL;model_scores_accuracy_Abalone_STANDARDNORMAL;model_scores_f1_score_Abalone_STANDARDNORMAL;model_scores_roc_auc_score_Abalone_STANDARDNORMAL;model_scores_runtime_Abalone_STANDARDNORMAL;dt_scores_soft_binary_crossentropy_['uniform', 'normal', 'gamma', 'beta', 'poisson']_Car_STANDARDNORMAL;dt_scores_binary_crossentropy_['uniform', 'normal', 'gamma', 'beta', 'poisson']_Car_STANDARDNORMAL;dt_scores_accuracy_['uniform', 'normal', 'gamma', 'beta', 'poisson']_Car_STANDARDNORMAL;dt_scores_f1_score_['uniform', 'normal', 'gamma', 'beta', 'poisson']_Car_STANDARDNORMAL;dt_scores_roc_auc_score_['uniform', 'normal', 'gamma', 'beta', 'poisson']_Car_STANDARDNORMAL;dt_scores_soft_binary_crossentropy_data_random_['uniform', 'normal', 'gamma', 'beta', 'poisson']_Car_STANDARDNORMAL;dt_scores_binary_crossentropy_data_random_['uniform', 'normal', 'gamma', 'beta', 'poisson']_Car_STANDARDNORMAL;dt_scores_accuracy_data_random_['uniform', 'normal', 'gamma', 'beta', 'poisson']_Car_STANDARDNORMAL;dt_scores_f1_score_data_random_['uniform', 'normal', 'gamma', 'beta', 'poisson']_Car_STANDARDNORMAL;dt_scores_roc_auc_score_data_random_['uniform', 'normal', 'gamma', 'beta', 'poisson']_Car_STANDARDNORMAL;dt_scores_runtime_['uniform', 'normal', 'gamma', 'beta', 'poisson']_Car_STANDARDNORMAL;dt_scores_soft_binary_crossentropy_Car_STANDARDNORMAL;dt_scores_binary_crossentropy_Car_STANDARDNORMAL;dt_scores_accuracy_Car_STANDARDNORMAL;dt_scores_f1_score_Car_STANDARDNORMAL;dt_scores_roc_auc_score_Car_STANDARDNORMAL;dt_scores_soft_binary_crossentropy_data_random_Car_STANDARDNORMAL;dt_scores_binary_crossentropy_data_random_Car_STANDARDNORMAL;dt_scores_accuracy_data_random_Car_STANDARDNORMAL;dt_scores_f1_score_data_random_Car_STANDARDNORMAL;dt_scores_roc_auc_score_data_random_Car_STANDARDNORMAL;dt_scores_soft_binary_crossentropy_std_Car_STANDARDNORMAL;dt_scores_binary_crossentropy_std_Car_STANDARDNORMAL;dt_scores_accuracy_std_Car_STANDARDNORMAL;dt_scores_f1_score_std_Car_STANDARDNORMAL;dt_scores_roc_auc_score_std_Car_STANDARDNORMAL;dt_scores_soft_binary_crossentropy_data_random_std_Car_STANDARDNORMAL;dt_scores_binary_crossentropy_data_random_std_Car_STANDARDNORMAL;dt_scores_accuracy_data_random_std_Car_STANDARDNORMAL;dt_scores_f1_score_data_random_std_Car_STANDARDNORMAL;dt_scores_roc_auc_score_data_random_std_Car_STANDARDNORMAL;dt_scores_runtime_Car_STANDARDNORMAL;inet_scores_soft_binary_crossentropy_Car_STANDARDNORMAL;inet_scores_binary_crossentropy_Car_STANDARDNORMAL;inet_scores_accuracy_Car_STANDARDNORMAL;inet_scores_f1_score_Car_STANDARDNORMAL;inet_scores_roc_auc_score_Car_STANDARDNORMAL;inet_scores_runtime_Car_STANDARDNORMAL;model_scores_soft_binary_crossentropy_Car_STANDARDNORMAL;model_scores_binary_crossentropy_Car_STANDARDNORMAL;model_scores_accuracy_Car_STANDARDNORMAL;model_scores_f1_score_Car_STANDARDNORMAL;model_scores_roc_auc_score_Car_STANDARDNORMAL;model_scores_runtime_Car_STANDARDNORMAL;dt_scores_soft_binary_crossentropy_['uniform', 'normal', 'gamma', 'beta', 'poisson']_Heart Disease_STANDARDNORMAL;dt_scores_binary_crossentropy_['uniform', 'normal', 'gamma', 'beta', 'poisson']_Heart Disease_STANDARDNORMAL;dt_scores_accuracy_['uniform', 'normal', 'gamma', 'beta', 'poisson']_Heart Disease_STANDARDNORMAL;dt_scores_f1_score_['uniform', 'normal', 'gamma', 'beta', 'poisson']_Heart Disease_STANDARDNORMAL;dt_scores_roc_auc_score_['uniform', 'normal', 'gamma', 'beta', 'poisson']_Heart Disease_STANDARDNORMAL;dt_scores_soft_binary_crossentropy_data_random_['uniform', 'normal', 'gamma', 'beta', 'poisson']_Heart Disease_STANDARDNORMAL;dt_scores_binary_crossentropy_data_random_['uniform', 'normal', 'gamma', 'beta', 'poisson']_Heart Disease_STANDARDNORMAL;dt_scores_accuracy_data_random_['uniform', 'normal', 'gamma', 'beta', 'poisson']_Heart Disease_STANDARDNORMAL;dt_scores_f1_score_data_random_['uniform', 'normal', 'gamma', 'beta', 'poisson']_Heart Disease_STANDARDNORMAL;dt_scores_roc_auc_score_data_random_['uniform', 'normal', 'gamma', 'beta', 'poisson']_Heart Disease_STANDARDNORMAL;dt_scores_runtime_['uniform', 'normal', 'gamma', 'beta', 'poisson']_Heart Disease_STANDARDNORMAL;dt_scores_soft_binary_crossentropy_Heart Disease_STANDARDNORMAL;dt_scores_binary_crossentropy_Heart Disease_STANDARDNORMAL;dt_scores_accuracy_Heart Disease_STANDARDNORMAL;dt_scores_f1_score_Heart Disease_STANDARDNORMAL;dt_scores_roc_auc_score_Heart Disease_STANDARDNORMAL;dt_scores_soft_binary_crossentropy_data_random_Heart Disease_STANDARDNORMAL;dt_scores_binary_crossentropy_data_random_Heart Disease_STANDARDNORMAL;dt_scores_accuracy_data_random_Heart Disease_STANDARDNORMAL;dt_scores_f1_score_data_random_Heart Disease_STANDARDNORMAL;dt_scores_roc_auc_score_data_random_Heart Disease_STANDARDNORMAL;dt_scores_soft_binary_crossentropy_std_Heart Disease_STANDARDNORMAL;dt_scores_binary_crossentropy_std_Heart Disease_STANDARDNORMAL;dt_scores_accuracy_std_Heart Disease_STANDARDNORMAL;dt_scores_f1_score_std_Heart Disease_STANDARDNORMAL;dt_scores_roc_auc_score_std_Heart Disease_STANDARDNORMAL;dt_scores_soft_binary_crossentropy_data_random_std_Heart Disease_STANDARDNORMAL;dt_scores_binary_crossentropy_data_random_std_Heart Disease_STANDARDNORMAL;dt_scores_accuracy_data_random_std_Heart Disease_STANDARDNORMAL;dt_scores_f1_score_data_random_std_Heart Disease_STANDARDNORMAL;dt_scores_roc_auc_score_data_random_std_Heart Disease_STANDARDNORMAL;dt_scores_runtime_Heart Disease_STANDARDNORMAL;inet_scores_soft_binary_crossentropy_Heart Disease_STANDARDNORMAL;inet_scores_binary_crossentropy_Heart Disease_STANDARDNORMAL;inet_scores_accuracy_Heart Disease_STANDARDNORMAL;inet_scores_f1_score_Heart Disease_STANDARDNORMAL;inet_scores_roc_auc_score_Heart Disease_STANDARDNORMAL;inet_scores_runtime_Heart Disease_STANDARDNORMAL;model_scores_soft_binary_crossentropy_Heart Disease_STANDARDNORMAL;model_scores_binary_crossentropy_Heart Disease_STANDARDNORMAL;model_scores_accuracy_Heart Disease_STANDARDNORMAL;model_scores_f1_score_Heart Disease_STANDARDNORMAL;model_scores_roc_auc_score_Heart Disease_STANDARDNORMAL;model_scores_runtime_Heart Disease_STANDARDNORMAL;dt_scores_soft_binary_crossentropy_['uniform', 'normal', 'gamma', 'beta', 'poisson']_Credit Card_STANDARDNORMAL;dt_scores_binary_crossentropy_['uniform', 'normal', 'gamma', 'beta', 'poisson']_Credit Card_STANDARDNORMAL;dt_scores_accuracy_['uniform', 'normal', 'gamma', 'beta', 'poisson']_Credit Card_STANDARDNORMAL;dt_scores_f1_score_['uniform', 'normal', 'gamma', 'beta', 'poisson']_Credit Card_STANDARDNORMAL;dt_scores_roc_auc_score_['uniform', 'normal', 'gamma', 'beta', 'poisson']_Credit Card_STANDARDNORMAL;dt_scores_soft_binary_crossentropy_data_random_['uniform', 'normal', 'gamma', 'beta', 'poisson']_Credit Card_STANDARDNORMAL;dt_scores_binary_crossentropy_data_random_['uniform', 'normal', 'gamma', 'beta', 'poisson']_Credit Card_STANDARDNORMAL;dt_scores_accuracy_data_random_['uniform', 'normal', 'gamma', 'beta', 'poisson']_Credit Card_STANDARDNORMAL;dt_scores_f1_score_data_random_['uniform', 'normal', 'gamma', 'beta', 'poisson']_Credit Card_STANDARDNORMAL;dt_scores_roc_auc_score_data_random_['uniform', 'normal', 'gamma', 'beta', 'poisson']_Credit Card_STANDARDNORMAL;dt_scores_runtime_['uniform', 'normal', 'gamma', 'beta', 'poisson']_Credit Card_STANDARDNORMAL;dt_scores_soft_binary_crossentropy_Credit Card_STANDARDNORMAL;dt_scores_binary_crossentropy_Credit Card_STANDARDNORMAL;dt_scores_accuracy_Credit Card_STANDARDNORMAL;dt_scores_f1_score_Credit Card_STANDARDNORMAL;dt_scores_roc_auc_score_Credit Card_STANDARDNORMAL;dt_scores_soft_binary_crossentropy_data_random_Credit Card_STANDARDNORMAL;dt_scores_binary_crossentropy_data_random_Credit Card_STANDARDNORMAL;dt_scores_accuracy_data_random_Credit Card_STANDARDNORMAL;dt_scores_f1_score_data_random_Credit Card_STANDARDNORMAL;dt_scores_roc_auc_score_data_random_Credit Card_STANDARDNORMAL;dt_scores_soft_binary_crossentropy_std_Credit Card_STANDARDNORMAL;dt_scores_binary_crossentropy_std_Credit Card_STANDARDNORMAL;dt_scores_accuracy_std_Credit Card_STANDARDNORMAL;dt_scores_f1_score_std_Credit Card_STANDARDNORMAL;dt_scores_roc_auc_score_std_Credit Card_STANDARDNORMAL;dt_scores_soft_binary_crossentropy_data_random_std_Credit Card_STANDARDNORMAL;dt_scores_binary_crossentropy_data_random_std_Credit Card_STANDARDNORMAL;dt_scores_accuracy_data_random_std_Credit Card_STANDARDNORMAL;dt_scores_f1_score_data_random_std_Credit Card_STANDARDNORMAL;dt_scores_roc_auc_score_data_random_std_Credit Card_STANDARDNORMAL;dt_scores_runtime_Credit Card_STANDARDNORMAL;inet_scores_soft_binary_crossentropy_Credit Card_STANDARDNORMAL;inet_scores_binary_crossentropy_Credit Card_STANDARDNORMAL;inet_scores_accuracy_Credit Card_STANDARDNORMAL;inet_scores_f1_score_Credit Card_STANDARDNORMAL;inet_scores_roc_auc_score_Credit Card_STANDARDNORMAL;inet_scores_runtime_Credit Card_STANDARDNORMAL;model_scores_soft_binary_crossentropy_Credit Card_STANDARDNORMAL;model_scores_binary_crossentropy_Credit Card_STANDARDNORMAL;model_scores_accuracy_Credit Card_STANDARDNORMAL;model_scores_f1_score_Credit Card_STANDARDNORMAL;model_scores_roc_auc_score_Credit Card_STANDARDNORMAL;model_scores_runtime_Credit Card_STANDARDNORMAL;dt_scores_soft_binary_crossentropy_['uniform', 'normal', 'gamma', 'beta', 'poisson']_Haberman_STANDARDNORMAL;dt_scores_binary_crossentropy_['uniform', 'normal', 'gamma', 'beta', 'poisson']_Haberman_STANDARDNORMAL;dt_scores_accuracy_['uniform', 'normal', 'gamma', 'beta', 'poisson']_Haberman_STANDARDNORMAL;dt_scores_f1_score_['uniform', 'normal', 'gamma', 'beta', 'poisson']_Haberman_STANDARDNORMAL;dt_scores_roc_auc_score_['uniform', 'normal', 'gamma', 'beta', 'poisson']_Haberman_STANDARDNORMAL;dt_scores_soft_binary_crossentropy_data_random_['uniform', 'normal', 'gamma', 'beta', 'poisson']_Haberman_STANDARDNORMAL;dt_scores_binary_crossentropy_data_random_['uniform', 'normal', 'gamma', 'beta', 'poisson']_Haberman_STANDARDNORMAL;dt_scores_accuracy_data_random_['uniform', 'normal', 'gamma', 'beta', 'poisson']_Haberman_STANDARDNORMAL;dt_scores_f1_score_data_random_['uniform', 'normal', 'gamma', 'beta', 'poisson']_Haberman_STANDARDNORMAL;dt_scores_roc_auc_score_data_random_['uniform', 'normal', 'gamma', 'beta', 'poisson']_Haberman_STANDARDNORMAL;dt_scores_runtime_['uniform', 'normal', 'gamma', 'beta', 'poisson']_Haberman_STANDARDNORMAL;dt_scores_soft_binary_crossentropy_Haberman_STANDARDNORMAL;dt_scores_binary_crossentropy_Haberman_STANDARDNORMAL;dt_scores_accuracy_Haberman_STANDARDNORMAL;dt_scores_f1_score_Haberman_STANDARDNORMAL;dt_scores_roc_auc_score_Haberman_STANDARDNORMAL;dt_scores_soft_binary_crossentropy_data_random_Haberman_STANDARDNORMAL;dt_scores_binary_crossentropy_data_random_Haberman_STANDARDNORMAL;dt_scores_accuracy_data_random_Haberman_STANDARDNORMAL;dt_scores_f1_score_data_random_Haberman_STANDARDNORMAL;dt_scores_roc_auc_score_data_random_Haberman_STANDARDNORMAL;dt_scores_soft_binary_crossentropy_std_Haberman_STANDARDNORMAL;dt_scores_binary_crossentropy_std_Haberman_STANDARDNORMAL;dt_scores_accuracy_std_Haberman_STANDARDNORMAL;dt_scores_f1_score_std_Haberman_STANDARDNORMAL;dt_scores_roc_auc_score_std_Haberman_STANDARDNORMAL;dt_scores_soft_binary_crossentropy_data_random_std_Haberman_STANDARDNORMAL;dt_scores_binary_crossentropy_data_random_std_Haberman_STANDARDNORMAL;dt_scores_accuracy_data_random_std_Haberman_STANDARDNORMAL;dt_scores_f1_score_data_random_std_Haberman_STANDARDNORMAL;dt_scores_roc_auc_score_data_random_std_Haberman_STANDARDNORMAL;dt_scores_runtime_Haberman_STANDARDNORMAL;inet_scores_soft_binary_crossentropy_Haberman_STANDARDNORMAL;inet_scores_binary_crossentropy_Haberman_STANDARDNORMAL;inet_scores_accuracy_Haberman_STANDARDNORMAL;inet_scores_f1_score_Haberman_STANDARDNORMAL;inet_scores_roc_auc_score_Haberman_STANDARDNORMAL;inet_scores_runtime_Haberman_STANDARDNORMAL;model_scores_soft_binary_crossentropy_Haberman_STANDARDNORMAL;model_scores_binary_crossentropy_Haberman_STANDARDNORMAL;model_scores_accuracy_Haberman_STANDARDNORMAL;model_scores_f1_score_Haberman_STANDARDNORMAL;model_scores_roc_auc_score_Haberman_STANDARDNORMAL;model_scores_runtime_Haberman_STANDARDNORMAL;dt_scores_soft_binary_crossentropy_['uniform', 'normal', 'gamma', 'beta', 'poisson']_Adult_STANDARDNORMAL;dt_scores_binary_crossentropy_['uniform', 'normal', 'gamma', 'beta', 'poisson']_Adult_STANDARDNORMAL;dt_scores_accuracy_['uniform', 'normal', 'gamma', 'beta', 'poisson']_Adult_STANDARDNORMAL;dt_scores_f1_score_['uniform', 'normal', 'gamma', 'beta', 'poisson']_Adult_STANDARDNORMAL;dt_scores_roc_auc_score_['uniform', 'normal', 'gamma', 'beta', 'poisson']_Adult_STANDARDNORMAL;dt_scores_soft_binary_crossentropy_data_random_['uniform', 'normal', 'gamma', 'beta', 'poisson']_Adult_STANDARDNORMAL;dt_scores_binary_crossentropy_data_random_['uniform', 'normal', 'gamma', 'beta', 'poisson']_Adult_STANDARDNORMAL;dt_scores_accuracy_data_random_['uniform', 'normal', 'gamma', 'beta', 'poisson']_Adult_STANDARDNORMAL;dt_scores_f1_score_data_random_['uniform', 'normal', 'gamma', 'beta', 'poisson']_Adult_STANDARDNORMAL;dt_scores_roc_auc_score_data_random_['uniform', 'normal', 'gamma', 'beta', 'poisson']_Adult_STANDARDNORMAL;dt_scores_runtime_['uniform', 'normal', 'gamma', 'beta', 'poisson']_Adult_STANDARDNORMAL;dt_scores_soft_binary_crossentropy_Adult_STANDARDNORMAL;dt_scores_binary_crossentropy_Adult_STANDARDNORMAL;dt_scores_accuracy_Adult_STANDARDNORMAL;dt_scores_f1_score_Adult_STANDARDNORMAL;dt_scores_roc_auc_score_Adult_STANDARDNORMAL;dt_scores_soft_binary_crossentropy_data_random_Adult_STANDARDNORMAL;dt_scores_binary_crossentropy_data_random_Adult_STANDARDNORMAL;dt_scores_accuracy_data_random_Adult_STANDARDNORMAL;dt_scores_f1_score_data_random_Adult_STANDARDNORMAL;dt_scores_roc_auc_score_data_random_Adult_STANDARDNORMAL;dt_scores_soft_binary_crossentropy_std_Adult_STANDARDNORMAL;dt_scores_binary_crossentropy_std_Adult_STANDARDNORMAL;dt_scores_accuracy_std_Adult_STANDARDNORMAL;dt_scores_f1_score_std_Adult_STANDARDNORMAL;dt_scores_roc_auc_score_std_Adult_STANDARDNORMAL;dt_scores_soft_binary_crossentropy_data_random_std_Adult_STANDARDNORMAL;dt_scores_binary_crossentropy_data_random_std_Adult_STANDARDNORMAL;dt_scores_accuracy_data_random_std_Adult_STANDARDNORMAL;dt_scores_f1_score_data_random_std_Adult_STANDARDNORMAL;dt_scores_roc_auc_score_data_random_std_Adult_STANDARDNORMAL;dt_scores_runtime_Adult_STANDARDNORMAL;inet_scores_soft_binary_crossentropy_Adult_STANDARDNORMAL;inet_scores_binary_crossentropy_Adult_STANDARDNORMAL;inet_scores_accuracy_Adult_STANDARDNORMAL;inet_scores_f1_score_Adult_STANDARDNORMAL;inet_scores_roc_auc_score_Adult_STANDARDNORMAL;inet_scores_runtime_Adult_STANDARDNORMAL;model_scores_soft_binary_crossentropy_Adult_STANDARDNORMAL;model_scores_binary_crossentropy_Adult_STANDARDNORMAL;model_scores_accuracy_Adult_STANDARDNORMAL;model_scores_f1_score_Adult_STANDARDNORMAL;model_scores_roc_auc_score_Adult_STANDARDNORMAL;model_scores_runtime_Adult_STANDARDNORMAL;dt_scores_soft_binary_crossentropy_['uniform', 'normal', 'gamma', 'beta', 'poisson']_Titanic_STANDARDNORMAL;dt_scores_binary_crossentropy_['uniform', 'normal', 'gamma', 'beta', 'poisson']_Titanic_STANDARDNORMAL;dt_scores_accuracy_['uniform', 'normal', 'gamma', 'beta', 'poisson']_Titanic_STANDARDNORMAL;dt_scores_f1_score_['uniform', 'normal', 'gamma', 'beta', 'poisson']_Titanic_STANDARDNORMAL;dt_scores_roc_auc_score_['uniform', 'normal', 'gamma', 'beta', 'poisson']_Titanic_STANDARDNORMAL;dt_scores_soft_binary_crossentropy_data_random_['uniform', 'normal', 'gamma', 'beta', 'poisson']_Titanic_STANDARDNORMAL;dt_scores_binary_crossentropy_data_random_['uniform', 'normal', 'gamma', 'beta', 'poisson']_Titanic_STANDARDNORMAL;dt_scores_accuracy_data_random_['uniform', 'normal', 'gamma', 'beta', 'poisson']_Titanic_STANDARDNORMAL;dt_scores_f1_score_data_random_['uniform', 'normal', 'gamma', 'beta', 'poisson']_Titanic_STANDARDNORMAL;dt_scores_roc_auc_score_data_random_['uniform', 'normal', 'gamma', 'beta', 'poisson']_Titanic_STANDARDNORMAL;dt_scores_runtime_['uniform', 'normal', 'gamma', 'beta', 'poisson']_Titanic_STANDARDNORMAL;dt_scores_soft_binary_crossentropy_Titanic_STANDARDNORMAL;dt_scores_binary_crossentropy_Titanic_STANDARDNORMAL;dt_scores_accuracy_Titanic_STANDARDNORMAL;dt_scores_f1_score_Titanic_STANDARDNORMAL;dt_scores_roc_auc_score_Titanic_STANDARDNORMAL;dt_scores_soft_binary_crossentropy_data_random_Titanic_STANDARDNORMAL;dt_scores_binary_crossentropy_data_random_Titanic_STANDARDNORMAL;dt_scores_accuracy_data_random_Titanic_STANDARDNORMAL;dt_scores_f1_score_data_random_Titanic_STANDARDNORMAL;dt_scores_roc_auc_score_data_random_Titanic_STANDARDNORMAL;dt_scores_soft_binary_crossentropy_std_Titanic_STANDARDNORMAL;dt_scores_binary_crossentropy_std_Titanic_STANDARDNORMAL;dt_scores_accuracy_std_Titanic_STANDARDNORMAL;dt_scores_f1_score_std_Titanic_STANDARDNORMAL;dt_scores_roc_auc_score_std_Titanic_STANDARDNORMAL;dt_scores_soft_binary_crossentropy_data_random_std_Titanic_STANDARDNORMAL;dt_scores_binary_crossentropy_data_random_std_Titanic_STANDARDNORMAL;dt_scores_accuracy_data_random_std_Titanic_STANDARDNORMAL;dt_scores_f1_score_data_random_std_Titanic_STANDARDNORMAL;dt_scores_roc_auc_score_data_random_std_Titanic_STANDARDNORMAL;dt_scores_runtime_Titanic_STANDARDNORMAL;inet_scores_soft_binary_crossentropy_Titanic_STANDARDNORMAL;inet_scores_binary_crossentropy_Titanic_STANDARDNORMAL;inet_scores_accuracy_Titanic_STANDARDNORMAL;inet_scores_f1_score_Titanic_STANDARDNORMAL;inet_scores_roc_auc_score_Titanic_STANDARDNORMAL;inet_scores_runtime_Titanic_STANDARDNORMAL;model_scores_soft_binary_crossentropy_Titanic_STANDARDNORMAL;model_scores_binary_crossentropy_Titanic_STANDARDNORMAL;model_scores_accuracy_Titanic_STANDARDNORMAL;model_scores_f1_score_Titanic_STANDARDNORMAL;model_scores_roc_auc_score_Titanic_STANDARDNORMAL;model_scores_runtime_Titanic_STANDARDNORMAL;dt_scores_soft_binary_crossentropy_['uniform', 'normal', 'gamma', 'beta', 'poisson']_Absenteeism_STANDARDNORMAL;dt_scores_binary_crossentropy_['uniform', 'normal', 'gamma', 'beta', 'poisson']_Absenteeism_STANDARDNORMAL;dt_scores_accuracy_['uniform', 'normal', 'gamma', 'beta', 'poisson']_Absenteeism_STANDARDNORMAL;dt_scores_f1_score_['uniform', 'normal', 'gamma', 'beta', 'poisson']_Absenteeism_STANDARDNORMAL;dt_scores_roc_auc_score_['uniform', 'normal', 'gamma', 'beta', 'poisson']_Absenteeism_STANDARDNORMAL;dt_scores_soft_binary_crossentropy_data_random_['uniform', 'normal', 'gamma', 'beta', 'poisson']_Absenteeism_STANDARDNORMAL;dt_scores_binary_crossentropy_data_random_['uniform', 'normal', 'gamma', 'beta', 'poisson']_Absenteeism_STANDARDNORMAL;dt_scores_accuracy_data_random_['uniform', 'normal', 'gamma', 'beta', 'poisson']_Absenteeism_STANDARDNORMAL;dt_scores_f1_score_data_random_['uniform', 'normal', 'gamma', 'beta', 'poisson']_Absenteeism_STANDARDNORMAL;dt_scores_roc_auc_score_data_random_['uniform', 'normal', 'gamma', 'beta', 'poisson']_Absenteeism_STANDARDNORMAL;dt_scores_runtime_['uniform', 'normal', 'gamma', 'beta', 'poisson']_Absenteeism_STANDARDNORMAL;dt_scores_soft_binary_crossentropy_Absenteeism_STANDARDNORMAL;dt_scores_binary_crossentropy_Absenteeism_STANDARDNORMAL;dt_scores_accuracy_Absenteeism_STANDARDNORMAL;dt_scores_f1_score_Absenteeism_STANDARDNORMAL;dt_scores_roc_auc_score_Absenteeism_STANDARDNORMAL;dt_scores_soft_binary_crossentropy_data_random_Absenteeism_STANDARDNORMAL;dt_scores_binary_crossentropy_data_random_Absenteeism_STANDARDNORMAL;dt_scores_accuracy_data_random_Absenteeism_STANDARDNORMAL;dt_scores_f1_score_data_random_Absenteeism_STANDARDNORMAL;dt_scores_roc_auc_score_data_random_Absenteeism_STANDARDNORMAL;dt_scores_soft_binary_crossentropy_std_Absenteeism_STANDARDNORMAL;dt_scores_binary_crossentropy_std_Absenteeism_STANDARDNORMAL;dt_scores_accuracy_std_Absenteeism_STANDARDNORMAL;dt_scores_f1_score_std_Absenteeism_STANDARDNORMAL;dt_scores_roc_auc_score_std_Absenteeism_STANDARDNORMAL;dt_scores_soft_binary_crossentropy_data_random_std_Absenteeism_STANDARDNORMAL;dt_scores_binary_crossentropy_data_random_std_Absenteeism_STANDARDNORMAL;dt_scores_accuracy_data_random_std_Absenteeism_STANDARDNORMAL;dt_scores_f1_score_data_random_std_Absenteeism_STANDARDNORMAL;dt_scores_roc_auc_score_data_random_std_Absenteeism_STANDARDNORMAL;dt_scores_runtime_Absenteeism_STANDARDNORMAL;inet_scores_soft_binary_crossentropy_Absenteeism_STANDARDNORMAL;inet_scores_binary_crossentropy_Absenteeism_STANDARDNORMAL;inet_scores_accuracy_Absenteeism_STANDARDNORMAL;inet_scores_f1_score_Absenteeism_STANDARDNORMAL;inet_scores_roc_auc_score_Absenteeism_STANDARDNORMAL;inet_scores_runtime_Absenteeism_STANDARDNORMAL;model_scores_soft_binary_crossentropy_Absenteeism_STANDARDNORMAL;model_scores_binary_crossentropy_Absenteeism_STANDARDNORMAL;model_scores_accuracy_Absenteeism_STANDARDNORMAL;model_scores_f1_score_Absenteeism_STANDARDNORMAL;model_scores_roc_auc_score_Absenteeism_STANDARDNORMAL;model_scores_runtime_Absenteeism_STANDARDNORMAL;dt_scores_soft_binary_crossentropy_['uniform', 'normal', 'gamma', 'beta', 'poisson']_Loan House_STANDARDNORMAL;dt_scores_binary_crossentropy_['uniform', 'normal', 'gamma', 'beta', 'poisson']_Loan House_STANDARDNORMAL;dt_scores_accuracy_['uniform', 'normal', 'gamma', 'beta', 'poisson']_Loan House_STANDARDNORMAL;dt_scores_f1_score_['uniform', 'normal', 'gamma', 'beta', 'poisson']_Loan House_STANDARDNORMAL;dt_scores_roc_auc_score_['uniform', 'normal', 'gamma', 'beta', 'poisson']_Loan House_STANDARDNORMAL;dt_scores_soft_binary_crossentropy_data_random_['uniform', 'normal', 'gamma', 'beta', 'poisson']_Loan House_STANDARDNORMAL;dt_scores_binary_crossentropy_data_random_['uniform', 'normal', 'gamma', 'beta', 'poisson']_Loan House_STANDARDNORMAL;dt_scores_accuracy_data_random_['uniform', 'normal', 'gamma', 'beta', 'poisson']_Loan House_STANDARDNORMAL;dt_scores_f1_score_data_random_['uniform', 'normal', 'gamma', 'beta', 'poisson']_Loan House_STANDARDNORMAL;dt_scores_roc_auc_score_data_random_['uniform', 'normal', 'gamma', 'beta', 'poisson']_Loan House_STANDARDNORMAL;dt_scores_runtime_['uniform', 'normal', 'gamma', 'beta', 'poisson']_Loan House_STANDARDNORMAL;dt_scores_soft_binary_crossentropy_Loan House_STANDARDNORMAL;dt_scores_binary_crossentropy_Loan House_STANDARDNORMAL;dt_scores_accuracy_Loan House_STANDARDNORMAL;dt_scores_f1_score_Loan House_STANDARDNORMAL;dt_scores_roc_auc_score_Loan House_STANDARDNORMAL;dt_scores_soft_binary_crossentropy_data_random_Loan House_STANDARDNORMAL;dt_scores_binary_crossentropy_data_random_Loan House_STANDARDNORMAL;dt_scores_accuracy_data_random_Loan House_STANDARDNORMAL;dt_scores_f1_score_data_random_Loan House_STANDARDNORMAL;dt_scores_roc_auc_score_data_random_Loan House_STANDARDNORMAL;dt_scores_soft_binary_crossentropy_std_Loan House_STANDARDNORMAL;dt_scores_binary_crossentropy_std_Loan House_STANDARDNORMAL;dt_scores_accuracy_std_Loan House_STANDARDNORMAL;dt_scores_f1_score_std_Loan House_STANDARDNORMAL;dt_scores_roc_auc_score_std_Loan House_STANDARDNORMAL;dt_scores_soft_binary_crossentropy_data_random_std_Loan House_STANDARDNORMAL;dt_scores_binary_crossentropy_data_random_std_Loan House_STANDARDNORMAL;dt_scores_accuracy_data_random_std_Loan House_STANDARDNORMAL;dt_scores_f1_score_data_random_std_Loan House_STANDARDNORMAL;dt_scores_roc_auc_score_data_random_std_Loan House_STANDARDNORMAL;dt_scores_runtime_Loan House_STANDARDNORMAL;inet_scores_soft_binary_crossentropy_Loan House_STANDARDNORMAL;inet_scores_binary_crossentropy_Loan House_STANDARDNORMAL;inet_scores_accuracy_Loan House_STANDARDNORMAL;inet_scores_f1_score_Loan House_STANDARDNORMAL;inet_scores_roc_auc_score_Loan House_STANDARDNORMAL;inet_scores_runtime_Loan House_STANDARDNORMAL;model_scores_soft_binary_crossentropy_Loan House_STANDARDNORMAL;model_scores_binary_crossentropy_Loan House_STANDARDNORMAL;model_scores_accuracy_Loan House_STANDARDNORMAL;model_scores_f1_score_Loan House_STANDARDNORMAL;model_scores_roc_auc_score_Loan House_STANDARDNORMAL;model_scores_runtime_Loan House_STANDARDNORMAL;dt_scores_soft_binary_crossentropy_['uniform', 'normal', 'gamma', 'beta', 'poisson']_Loan Credit_STANDARDNORMAL;dt_scores_binary_crossentropy_['uniform', 'normal', 'gamma', 'beta', 'poisson']_Loan Credit_STANDARDNORMAL;dt_scores_accuracy_['uniform', 'normal', 'gamma', 'beta', 'poisson']_Loan Credit_STANDARDNORMAL;dt_scores_f1_score_['uniform', 'normal', 'gamma', 'beta', 'poisson']_Loan Credit_STANDARDNORMAL;dt_scores_roc_auc_score_['uniform', 'normal', 'gamma', 'beta', 'poisson']_Loan Credit_STANDARDNORMAL;dt_scores_soft_binary_crossentropy_data_random_['uniform', 'normal', 'gamma', 'beta', 'poisson']_Loan Credit_STANDARDNORMAL;dt_scores_binary_crossentropy_data_random_['uniform', 'normal', 'gamma', 'beta', 'poisson']_Loan Credit_STANDARDNORMAL;dt_scores_accuracy_data_random_['uniform', 'normal', 'gamma', 'beta', 'poisson']_Loan Credit_STANDARDNORMAL;dt_scores_f1_score_data_random_['uniform', 'normal', 'gamma', 'beta', 'poisson']_Loan Credit_STANDARDNORMAL;dt_scores_roc_auc_score_data_random_['uniform', 'normal', 'gamma', 'beta', 'poisson']_Loan Credit_STANDARDNORMAL;dt_scores_runtime_['uniform', 'normal', 'gamma', 'beta', 'poisson']_Loan Credit_STANDARDNORMAL;dt_scores_soft_binary_crossentropy_Loan Credit_STANDARDNORMAL;dt_scores_binary_crossentropy_Loan Credit_STANDARDNORMAL;dt_scores_accuracy_Loan Credit_STANDARDNORMAL;dt_scores_f1_score_Loan Credit_STANDARDNORMAL;dt_scores_roc_auc_score_Loan Credit_STANDARDNORMAL;dt_scores_soft_binary_crossentropy_data_random_Loan Credit_STANDARDNORMAL;dt_scores_binary_crossentropy_data_random_Loan Credit_STANDARDNORMAL;dt_scores_accuracy_data_random_Loan Credit_STANDARDNORMAL;dt_scores_f1_score_data_random_Loan Credit_STANDARDNORMAL;dt_scores_roc_auc_score_data_random_Loan Credit_STANDARDNORMAL;dt_scores_soft_binary_crossentropy_std_Loan Credit_STANDARDNORMAL;dt_scores_binary_crossentropy_std_Loan Credit_STANDARDNORMAL;dt_scores_accuracy_std_Loan Credit_STANDARDNORMAL;dt_scores_f1_score_std_Loan Credit_STANDARDNORMAL;dt_scores_roc_auc_score_std_Loan Credit_STANDARDNORMAL;dt_scores_soft_binary_crossentropy_data_random_std_Loan Credit_STANDARDNORMAL;dt_scores_binary_crossentropy_data_random_std_Loan Credit_STANDARDNORMAL;dt_scores_accuracy_data_random_std_Loan Credit_STANDARDNORMAL;dt_scores_f1_score_data_random_std_Loan Credit_STANDARDNORMAL;dt_scores_roc_auc_score_data_random_std_Loan Credit_STANDARDNORMAL;dt_scores_runtime_Loan Credit_STANDARDNORMAL;inet_scores_soft_binary_crossentropy_Loan Credit_STANDARDNORMAL;inet_scores_binary_crossentropy_Loan Credit_STANDARDNORMAL;inet_scores_accuracy_Loan Credit_STANDARDNORMAL;inet_scores_f1_score_Loan Credit_STANDARDNORMAL;inet_scores_roc_auc_score_Loan Credit_STANDARDNORMAL;inet_scores_runtime_Loan Credit_STANDARDNORMAL;model_scores_soft_binary_crossentropy_Loan Credit_STANDARDNORMAL;model_scores_binary_crossentropy_Loan Credit_STANDARDNORMAL;model_scores_accuracy_Loan Credit_STANDARDNORMAL;model_scores_f1_score_Loan Credit_STANDARDNORMAL;model_scores_roc_auc_score_Loan Credit_STANDARDNORMAL;model_scores_runtime_Loan Credit_STANDARDNORMAL;dt_scores_soft_binary_crossentropy_['uniform', 'normal', 'gamma', 'beta', 'poisson']_Medical Insurance_STANDARDNORMAL;dt_scores_binary_crossentropy_['uniform', 'normal', 'gamma', 'beta', 'poisson']_Medical Insurance_STANDARDNORMAL;dt_scores_accuracy_['uniform', 'normal', 'gamma', 'beta', 'poisson']_Medical Insurance_STANDARDNORMAL;dt_scores_f1_score_['uniform', 'normal', 'gamma', 'beta', 'poisson']_Medical Insurance_STANDARDNORMAL;dt_scores_roc_auc_score_['uniform', 'normal', 'gamma', 'beta', 'poisson']_Medical Insurance_STANDARDNORMAL;dt_scores_soft_binary_crossentropy_data_random_['uniform', 'normal', 'gamma', 'beta', 'poisson']_Medical Insurance_STANDARDNORMAL;dt_scores_binary_crossentropy_data_random_['uniform', 'normal', 'gamma', 'beta', 'poisson']_Medical Insurance_STANDARDNORMAL;dt_scores_accuracy_data_random_['uniform', 'normal', 'gamma', 'beta', 'poisson']_Medical Insurance_STANDARDNORMAL;dt_scores_f1_score_data_random_['uniform', 'normal', 'gamma', 'beta', 'poisson']_Medical Insurance_STANDARDNORMAL;dt_scores_roc_auc_score_data_random_['uniform', 'normal', 'gamma', 'beta', 'poisson']_Medical Insurance_STANDARDNORMAL;dt_scores_runtime_['uniform', 'normal', 'gamma', 'beta', 'poisson']_Medical Insurance_STANDARDNORMAL;dt_scores_soft_binary_crossentropy_Medical Insurance_STANDARDNORMAL;dt_scores_binary_crossentropy_Medical Insurance_STANDARDNORMAL;dt_scores_accuracy_Medical Insurance_STANDARDNORMAL;dt_scores_f1_score_Medical Insurance_STANDARDNORMAL;dt_scores_roc_auc_score_Medical Insurance_STANDARDNORMAL;dt_scores_soft_binary_crossentropy_data_random_Medical Insurance_STANDARDNORMAL;dt_scores_binary_crossentropy_data_random_Medical Insurance_STANDARDNORMAL;dt_scores_accuracy_data_random_Medical Insurance_STANDARDNORMAL;dt_scores_f1_score_data_random_Medical Insurance_STANDARDNORMAL;dt_scores_roc_auc_score_data_random_Medical Insurance_STANDARDNORMAL;dt_scores_soft_binary_crossentropy_std_Medical Insurance_STANDARDNORMAL;dt_scores_binary_crossentropy_std_Medical Insurance_STANDARDNORMAL;dt_scores_accuracy_std_Medical Insurance_STANDARDNORMAL;dt_scores_f1_score_std_Medical Insurance_STANDARDNORMAL;dt_scores_roc_auc_score_std_Medical Insurance_STANDARDNORMAL;dt_scores_soft_binary_crossentropy_data_random_std_Medical Insurance_STANDARDNORMAL;dt_scores_binary_crossentropy_data_random_std_Medical Insurance_STANDARDNORMAL;dt_scores_accuracy_data_random_std_Medical Insurance_STANDARDNORMAL;dt_scores_f1_score_data_random_std_Medical Insurance_STANDARDNORMAL;dt_scores_roc_auc_score_data_random_std_Medical Insurance_STANDARDNORMAL;dt_scores_runtime_Medical Insurance_STANDARDNORMAL;inet_scores_soft_binary_crossentropy_Medical Insurance_STANDARDNORMAL;inet_scores_binary_crossentropy_Medical Insurance_STANDARDNORMAL;inet_scores_accuracy_Medical Insurance_STANDARDNORMAL;inet_scores_f1_score_Medical Insurance_STANDARDNORMAL;inet_scores_roc_auc_score_Medical Insurance_STANDARDNORMAL;inet_scores_runtime_Medical Insurance_STANDARDNORMAL;model_scores_soft_binary_crossentropy_Medical Insurance_STANDARDNORMAL;model_scores_binary_crossentropy_Medical Insurance_STANDARDNORMAL;model_scores_accuracy_Medical Insurance_STANDARDNORMAL;model_scores_f1_score_Medical Insurance_STANDARDNORMAL;model_scores_roc_auc_score_Medical Insurance_STANDARDNORMAL;model_scores_runtime_Medical Insurance_STANDARDNORMAL;dt_scores_soft_binary_crossentropy_['uniform', 'normal', 'gamma', 'beta', 'poisson']_Bank Marketing_STANDARDNORMAL;dt_scores_binary_crossentropy_['uniform', 'normal', 'gamma', 'beta', 'poisson']_Bank Marketing_STANDARDNORMAL;dt_scores_accuracy_['uniform', 'normal', 'gamma', 'beta', 'poisson']_Bank Marketing_STANDARDNORMAL;dt_scores_f1_score_['uniform', 'normal', 'gamma', 'beta', 'poisson']_Bank Marketing_STANDARDNORMAL;dt_scores_roc_auc_score_['uniform', 'normal', 'gamma', 'beta', 'poisson']_Bank Marketing_STANDARDNORMAL;dt_scores_soft_binary_crossentropy_data_random_['uniform', 'normal', 'gamma', 'beta', 'poisson']_Bank Marketing_STANDARDNORMAL;dt_scores_binary_crossentropy_data_random_['uniform', 'normal', 'gamma', 'beta', 'poisson']_Bank Marketing_STANDARDNORMAL;dt_scores_accuracy_data_random_['uniform', 'normal', 'gamma', 'beta', 'poisson']_Bank Marketing_STANDARDNORMAL;dt_scores_f1_score_data_random_['uniform', 'normal', 'gamma', 'beta', 'poisson']_Bank Marketing_STANDARDNORMAL;dt_scores_roc_auc_score_data_random_['uniform', 'normal', 'gamma', 'beta', 'poisson']_Bank Marketing_STANDARDNORMAL;dt_scores_runtime_['uniform', 'normal', 'gamma', 'beta', 'poisson']_Bank Marketing_STANDARDNORMAL;dt_scores_soft_binary_crossentropy_Bank Marketing_STANDARDNORMAL;dt_scores_binary_crossentropy_Bank Marketing_STANDARDNORMAL;dt_scores_accuracy_Bank Marketing_STANDARDNORMAL;dt_scores_f1_score_Bank Marketing_STANDARDNORMAL;dt_scores_roc_auc_score_Bank Marketing_STANDARDNORMAL;dt_scores_soft_binary_crossentropy_data_random_Bank Marketing_STANDARDNORMAL;dt_scores_binary_crossentropy_data_random_Bank Marketing_STANDARDNORMAL;dt_scores_accuracy_data_random_Bank Marketing_STANDARDNORMAL;dt_scores_f1_score_data_random_Bank Marketing_STANDARDNORMAL;dt_scores_roc_auc_score_data_random_Bank Marketing_STANDARDNORMAL;dt_scores_soft_binary_crossentropy_std_Bank Marketing_STANDARDNORMAL;dt_scores_binary_crossentropy_std_Bank Marketing_STANDARDNORMAL;dt_scores_accuracy_std_Bank Marketing_STANDARDNORMAL;dt_scores_f1_score_std_Bank Marketing_STANDARDNORMAL;dt_scores_roc_auc_score_std_Bank Marketing_STANDARDNORMAL;dt_scores_soft_binary_crossentropy_data_random_std_Bank Marketing_STANDARDNORMAL;dt_scores_binary_crossentropy_data_random_std_Bank Marketing_STANDARDNORMAL;dt_scores_accuracy_data_random_std_Bank Marketing_STANDARDNORMAL;dt_scores_f1_score_data_random_std_Bank Marketing_STANDARDNORMAL;dt_scores_roc_auc_score_data_random_std_Bank Marketing_STANDARDNORMAL;dt_scores_runtime_Bank Marketing_STANDARDNORMAL;inet_scores_soft_binary_crossentropy_Bank Marketing_STANDARDNORMAL;inet_scores_binary_crossentropy_Bank Marketing_STANDARDNORMAL;inet_scores_accuracy_Bank Marketing_STANDARDNORMAL;inet_scores_f1_score_Bank Marketing_STANDARDNORMAL;inet_scores_roc_auc_score_Bank Marketing_STANDARDNORMAL;inet_scores_runtime_Bank Marketing_STANDARDNORMAL;model_scores_soft_binary_crossentropy_Bank Marketing_STANDARDNORMAL;model_scores_binary_crossentropy_Bank Marketing_STANDARDNORMAL;model_scores_accuracy_Bank Marketing_STANDARDNORMAL;model_scores_f1_score_Bank Marketing_STANDARDNORMAL;model_scores_roc_auc_score_Bank Marketing_STANDARDNORMAL;model_scores_runtime_Bank Marketing_STANDARDNORMAL;dt_scores_soft_binary_crossentropy_['uniform', 'normal', 'gamma', 'beta', 'poisson']_Cervical Cancer_STANDARDNORMAL;dt_scores_binary_crossentropy_['uniform', 'normal', 'gamma', 'beta', 'poisson']_Cervical Cancer_STANDARDNORMAL;dt_scores_accuracy_['uniform', 'normal', 'gamma', 'beta', 'poisson']_Cervical Cancer_STANDARDNORMAL;dt_scores_f1_score_['uniform', 'normal', 'gamma', 'beta', 'poisson']_Cervical Cancer_STANDARDNORMAL;dt_scores_roc_auc_score_['uniform', 'normal', 'gamma', 'beta', 'poisson']_Cervical Cancer_STANDARDNORMAL;dt_scores_soft_binary_crossentropy_data_random_['uniform', 'normal', 'gamma', 'beta', 'poisson']_Cervical Cancer_STANDARDNORMAL;dt_scores_binary_crossentropy_data_random_['uniform', 'normal', 'gamma', 'beta', 'poisson']_Cervical Cancer_STANDARDNORMAL;dt_scores_accuracy_data_random_['uniform', 'normal', 'gamma', 'beta', 'poisson']_Cervical Cancer_STANDARDNORMAL;dt_scores_f1_score_data_random_['uniform', 'normal', 'gamma', 'beta', 'poisson']_Cervical Cancer_STANDARDNORMAL;dt_scores_roc_auc_score_data_random_['uniform', 'normal', 'gamma', 'beta', 'poisson']_Cervical Cancer_STANDARDNORMAL;dt_scores_runtime_['uniform', 'normal', 'gamma', 'beta', 'poisson']_Cervical Cancer_STANDARDNORMAL;dt_scores_soft_binary_crossentropy_Cervical Cancer_STANDARDNORMAL;dt_scores_binary_crossentropy_Cervical Cancer_STANDARDNORMAL;dt_scores_accuracy_Cervical Cancer_STANDARDNORMAL;dt_scores_f1_score_Cervical Cancer_STANDARDNORMAL;dt_scores_roc_auc_score_Cervical Cancer_STANDARDNORMAL;dt_scores_soft_binary_crossentropy_data_random_Cervical Cancer_STANDARDNORMAL;dt_scores_binary_crossentropy_data_random_Cervical Cancer_STANDARDNORMAL;dt_scores_accuracy_data_random_Cervical Cancer_STANDARDNORMAL;dt_scores_f1_score_data_random_Cervical Cancer_STANDARDNORMAL;dt_scores_roc_auc_score_data_random_Cervical Cancer_STANDARDNORMAL;dt_scores_soft_binary_crossentropy_std_Cervical Cancer_STANDARDNORMAL;dt_scores_binary_crossentropy_std_Cervical Cancer_STANDARDNORMAL;dt_scores_accuracy_std_Cervical Cancer_STANDARDNORMAL;dt_scores_f1_score_std_Cervical Cancer_STANDARDNORMAL;dt_scores_roc_auc_score_std_Cervical Cancer_STANDARDNORMAL;dt_scores_soft_binary_crossentropy_data_random_std_Cervical Cancer_STANDARDNORMAL;dt_scores_binary_crossentropy_data_random_std_Cervical Cancer_STANDARDNORMAL;dt_scores_accuracy_data_random_std_Cervical Cancer_STANDARDNORMAL;dt_scores_f1_score_data_random_std_Cervical Cancer_STANDARDNORMAL;dt_scores_roc_auc_score_data_random_std_Cervical Cancer_STANDARDNORMAL;dt_scores_runtime_Cervical Cancer_STANDARDNORMAL;inet_scores_soft_binary_crossentropy_Cervical Cancer_STANDARDNORMAL;inet_scores_binary_crossentropy_Cervical Cancer_STANDARDNORMAL;inet_scores_accuracy_Cervical Cancer_STANDARDNORMAL;inet_scores_f1_score_Cervical Cancer_STANDARDNORMAL;inet_scores_roc_auc_score_Cervical Cancer_STANDARDNORMAL;inet_scores_runtime_Cervical Cancer_STANDARDNORMAL;model_scores_soft_binary_crossentropy_Cervical Cancer_STANDARDNORMAL;model_scores_binary_crossentropy_Cervical Cancer_STANDARDNORMAL;model_scores_accuracy_Cervical Cancer_STANDARDNORMAL;model_scores_f1_score_Cervical Cancer_STANDARDNORMAL;model_scores_roc_auc_score_Cervical Cancer_STANDARDNORMAL;model_scores_runtime_Cervical Cancer_STANDARDNORMAL;dt_scores_soft_binary_crossentropy_['uniform', 'normal', 'gamma', 'beta', 'poisson']_Brest Cancer Wisconsin_STANDARDNORMAL;dt_scores_binary_crossentropy_['uniform', 'normal', 'gamma', 'beta', 'poisson']_Brest Cancer Wisconsin_STANDARDNORMAL;dt_scores_accuracy_['uniform', 'normal', 'gamma', 'beta', 'poisson']_Brest Cancer Wisconsin_STANDARDNORMAL;dt_scores_f1_score_['uniform', 'normal', 'gamma', 'beta', 'poisson']_Brest Cancer Wisconsin_STANDARDNORMAL;dt_scores_roc_auc_score_['uniform', 'normal', 'gamma', 'beta', 'poisson']_Brest Cancer Wisconsin_STANDARDNORMAL;dt_scores_soft_binary_crossentropy_data_random_['uniform', 'normal', 'gamma', 'beta', 'poisson']_Brest Cancer Wisconsin_STANDARDNORMAL;dt_scores_binary_crossentropy_data_random_['uniform', 'normal', 'gamma', 'beta', 'poisson']_Brest Cancer Wisconsin_STANDARDNORMAL;dt_scores_accuracy_data_random_['uniform', 'normal', 'gamma', 'beta', 'poisson']_Brest Cancer Wisconsin_STANDARDNORMAL;dt_scores_f1_score_data_random_['uniform', 'normal', 'gamma', 'beta', 'poisson']_Brest Cancer Wisconsin_STANDARDNORMAL;dt_scores_roc_auc_score_data_random_['uniform', 'normal', 'gamma', 'beta', 'poisson']_Brest Cancer Wisconsin_STANDARDNORMAL;dt_scores_runtime_['uniform', 'normal', 'gamma', 'beta', 'poisson']_Brest Cancer Wisconsin_STANDARDNORMAL;dt_scores_soft_binary_crossentropy_Brest Cancer Wisconsin_STANDARDNORMAL;dt_scores_binary_crossentropy_Brest Cancer Wisconsin_STANDARDNORMAL;dt_scores_accuracy_Brest Cancer Wisconsin_STANDARDNORMAL;dt_scores_f1_score_Brest Cancer Wisconsin_STANDARDNORMAL;dt_scores_roc_auc_score_Brest Cancer Wisconsin_STANDARDNORMAL;dt_scores_soft_binary_crossentropy_data_random_Brest Cancer Wisconsin_STANDARDNORMAL;dt_scores_binary_crossentropy_data_random_Brest Cancer Wisconsin_STANDARDNORMAL;dt_scores_accuracy_data_random_Brest Cancer Wisconsin_STANDARDNORMAL;dt_scores_f1_score_data_random_Brest Cancer Wisconsin_STANDARDNORMAL;dt_scores_roc_auc_score_data_random_Brest Cancer Wisconsin_STANDARDNORMAL;dt_scores_soft_binary_crossentropy_std_Brest Cancer Wisconsin_STANDARDNORMAL;dt_scores_binary_crossentropy_std_Brest Cancer Wisconsin_STANDARDNORMAL;dt_scores_accuracy_std_Brest Cancer Wisconsin_STANDARDNORMAL;dt_scores_f1_score_std_Brest Cancer Wisconsin_STANDARDNORMAL;dt_scores_roc_auc_score_std_Brest Cancer Wisconsin_STANDARDNORMAL;dt_scores_soft_binary_crossentropy_data_random_std_Brest Cancer Wisconsin_STANDARDNORMAL;dt_scores_binary_crossentropy_data_random_std_Brest Cancer Wisconsin_STANDARDNORMAL;dt_scores_accuracy_data_random_std_Brest Cancer Wisconsin_STANDARDNORMAL;dt_scores_f1_score_data_random_std_Brest Cancer Wisconsin_STANDARDNORMAL;dt_scores_roc_auc_score_data_random_std_Brest Cancer Wisconsin_STANDARDNORMAL;dt_scores_runtime_Brest Cancer Wisconsin_STANDARDNORMAL;inet_scores_soft_binary_crossentropy_Brest Cancer Wisconsin_STANDARDNORMAL;inet_scores_binary_crossentropy_Brest Cancer Wisconsin_STANDARDNORMAL;inet_scores_accuracy_Brest Cancer Wisconsin_STANDARDNORMAL;inet_scores_f1_score_Brest Cancer Wisconsin_STANDARDNORMAL;inet_scores_roc_auc_score_Brest Cancer Wisconsin_STANDARDNORMAL;inet_scores_runtime_Brest Cancer Wisconsin_STANDARDNORMAL;model_scores_soft_binary_crossentropy_Brest Cancer Wisconsin_STANDARDNORMAL;model_scores_binary_crossentropy_Brest Cancer Wisconsin_STANDARDNORMAL;model_scores_accuracy_Brest Cancer Wisconsin_STANDARDNORMAL;model_scores_f1_score_Brest Cancer Wisconsin_STANDARDNORMAL;model_scores_roc_auc_score_Brest Cancer Wisconsin_STANDARDNORMAL;model_scores_runtime_Brest Cancer Wisconsin_STANDARDNORMAL;dt_scores_soft_binary_crossentropy_['uniform', 'normal', 'gamma', 'beta', 'poisson']_Wisconsin Diagnostic Breast Cancer_STANDARDNORMAL;dt_scores_binary_crossentropy_['uniform', 'normal', 'gamma', 'beta', 'poisson']_Wisconsin Diagnostic Breast Cancer_STANDARDNORMAL;dt_scores_accuracy_['uniform', 'normal', 'gamma', 'beta', 'poisson']_Wisconsin Diagnostic Breast Cancer_STANDARDNORMAL;dt_scores_f1_score_['uniform', 'normal', 'gamma', 'beta', 'poisson']_Wisconsin Diagnostic Breast Cancer_STANDARDNORMAL;dt_scores_roc_auc_score_['uniform', 'normal', 'gamma', 'beta', 'poisson']_Wisconsin Diagnostic Breast Cancer_STANDARDNORMAL;dt_scores_soft_binary_crossentropy_data_random_['uniform', 'normal', 'gamma', 'beta', 'poisson']_Wisconsin Diagnostic Breast Cancer_STANDARDNORMAL;dt_scores_binary_crossentropy_data_random_['uniform', 'normal', 'gamma', 'beta', 'poisson']_Wisconsin Diagnostic Breast Cancer_STANDARDNORMAL;dt_scores_accuracy_data_random_['uniform', 'normal', 'gamma', 'beta', 'poisson']_Wisconsin Diagnostic Breast Cancer_STANDARDNORMAL;dt_scores_f1_score_data_random_['uniform', 'normal', 'gamma', 'beta', 'poisson']_Wisconsin Diagnostic Breast Cancer_STANDARDNORMAL;dt_scores_roc_auc_score_data_random_['uniform', 'normal', 'gamma', 'beta', 'poisson']_Wisconsin Diagnostic Breast Cancer_STANDARDNORMAL;dt_scores_runtime_['uniform', 'normal', 'gamma', 'beta', 'poisson']_Wisconsin Diagnostic Breast Cancer_STANDARDNORMAL;dt_scores_soft_binary_crossentropy_Wisconsin Diagnostic Breast Cancer_STANDARDNORMAL;dt_scores_binary_crossentropy_Wisconsin Diagnostic Breast Cancer_STANDARDNORMAL;dt_scores_accuracy_Wisconsin Diagnostic Breast Cancer_STANDARDNORMAL;dt_scores_f1_score_Wisconsin Diagnostic Breast Cancer_STANDARDNORMAL;dt_scores_roc_auc_score_Wisconsin Diagnostic Breast Cancer_STANDARDNORMAL;dt_scores_soft_binary_crossentropy_data_random_Wisconsin Diagnostic Breast Cancer_STANDARDNORMAL;dt_scores_binary_crossentropy_data_random_Wisconsin Diagnostic Breast Cancer_STANDARDNORMAL;dt_scores_accuracy_data_random_Wisconsin Diagnostic Breast Cancer_STANDARDNORMAL;dt_scores_f1_score_data_random_Wisconsin Diagnostic Breast Cancer_STANDARDNORMAL;dt_scores_roc_auc_score_data_random_Wisconsin Diagnostic Breast Cancer_STANDARDNORMAL;dt_scores_soft_binary_crossentropy_std_Wisconsin Diagnostic Breast Cancer_STANDARDNORMAL;dt_scores_binary_crossentropy_std_Wisconsin Diagnostic Breast Cancer_STANDARDNORMAL;dt_scores_accuracy_std_Wisconsin Diagnostic Breast Cancer_STANDARDNORMAL;dt_scores_f1_score_std_Wisconsin Diagnostic Breast Cancer_STANDARDNORMAL;dt_scores_roc_auc_score_std_Wisconsin Diagnostic Breast Cancer_STANDARDNORMAL;dt_scores_soft_binary_crossentropy_data_random_std_Wisconsin Diagnostic Breast Cancer_STANDARDNORMAL;dt_scores_binary_crossentropy_data_random_std_Wisconsin Diagnostic Breast Cancer_STANDARDNORMAL;dt_scores_accuracy_data_random_std_Wisconsin Diagnostic Breast Cancer_STANDARDNORMAL;dt_scores_f1_score_data_random_std_Wisconsin Diagnostic Breast Cancer_STANDARDNORMAL;dt_scores_roc_auc_score_data_random_std_Wisconsin Diagnostic Breast Cancer_STANDARDNORMAL;dt_scores_runtime_Wisconsin Diagnostic Breast Cancer_STANDARDNORMAL;inet_scores_soft_binary_crossentropy_Wisconsin Diagnostic Breast Cancer_STANDARDNORMAL;inet_scores_binary_crossentropy_Wisconsin Diagnostic Breast Cancer_STANDARDNORMAL;inet_scores_accuracy_Wisconsin Diagnostic Breast Cancer_STANDARDNORMAL;inet_scores_f1_score_Wisconsin Diagnostic Breast Cancer_STANDARDNORMAL;inet_scores_roc_auc_score_Wisconsin Diagnostic Breast Cancer_STANDARDNORMAL;inet_scores_runtime_Wisconsin Diagnostic Breast Cancer_STANDARDNORMAL;model_scores_soft_binary_crossentropy_Wisconsin Diagnostic Breast Cancer_STANDARDNORMAL;model_scores_binary_crossentropy_Wisconsin Diagnostic Breast Cancer_STANDARDNORMAL;model_scores_accuracy_Wisconsin Diagnostic Breast Cancer_STANDARDNORMAL;model_scores_f1_score_Wisconsin Diagnostic Breast Cancer_STANDARDNORMAL;model_scores_roc_auc_score_Wisconsin Diagnostic Breast Cancer_STANDARDNORMAL;model_scores_runtime_Wisconsin Diagnostic Breast Cancer_STANDARDNORMAL;dt_scores_soft_binary_crossentropy_['uniform', 'normal', 'gamma', 'beta', 'poisson']_Wisconsin Prognostic Breast Cancer_STANDARDNORMAL;dt_scores_binary_crossentropy_['uniform', 'normal', 'gamma', 'beta', 'poisson']_Wisconsin Prognostic Breast Cancer_STANDARDNORMAL;dt_scores_accuracy_['uniform', 'normal', 'gamma', 'beta', 'poisson']_Wisconsin Prognostic Breast Cancer_STANDARDNORMAL;dt_scores_f1_score_['uniform', 'normal', 'gamma', 'beta', 'poisson']_Wisconsin Prognostic Breast Cancer_STANDARDNORMAL;dt_scores_roc_auc_score_['uniform', 'normal', 'gamma', 'beta', 'poisson']_Wisconsin Prognostic Breast Cancer_STANDARDNORMAL;dt_scores_soft_binary_crossentropy_data_random_['uniform', 'normal', 'gamma', 'beta', 'poisson']_Wisconsin Prognostic Breast Cancer_STANDARDNORMAL;dt_scores_binary_crossentropy_data_random_['uniform', 'normal', 'gamma', 'beta', 'poisson']_Wisconsin Prognostic Breast Cancer_STANDARDNORMAL;dt_scores_accuracy_data_random_['uniform', 'normal', 'gamma', 'beta', 'poisson']_Wisconsin Prognostic Breast Cancer_STANDARDNORMAL;dt_scores_f1_score_data_random_['uniform', 'normal', 'gamma', 'beta', 'poisson']_Wisconsin Prognostic Breast Cancer_STANDARDNORMAL;dt_scores_roc_auc_score_data_random_['uniform', 'normal', 'gamma', 'beta', 'poisson']_Wisconsin Prognostic Breast Cancer_STANDARDNORMAL;dt_scores_runtime_['uniform', 'normal', 'gamma', 'beta', 'poisson']_Wisconsin Prognostic Breast Cancer_STANDARDNORMAL;dt_scores_soft_binary_crossentropy_Wisconsin Prognostic Breast Cancer_STANDARDNORMAL;dt_scores_binary_crossentropy_Wisconsin Prognostic Breast Cancer_STANDARDNORMAL;dt_scores_accuracy_Wisconsin Prognostic Breast Cancer_STANDARDNORMAL;dt_scores_f1_score_Wisconsin Prognostic Breast Cancer_STANDARDNORMAL;dt_scores_roc_auc_score_Wisconsin Prognostic Breast Cancer_STANDARDNORMAL;dt_scores_soft_binary_crossentropy_data_random_Wisconsin Prognostic Breast Cancer_STANDARDNORMAL;dt_scores_binary_crossentropy_data_random_Wisconsin Prognostic Breast Cancer_STANDARDNORMAL;dt_scores_accuracy_data_random_Wisconsin Prognostic Breast Cancer_STANDARDNORMAL;dt_scores_f1_score_data_random_Wisconsin Prognostic Breast Cancer_STANDARDNORMAL;dt_scores_roc_auc_score_data_random_Wisconsin Prognostic Breast Cancer_STANDARDNORMAL;dt_scores_soft_binary_crossentropy_std_Wisconsin Prognostic Breast Cancer_STANDARDNORMAL;dt_scores_binary_crossentropy_std_Wisconsin Prognostic Breast Cancer_STANDARDNORMAL;dt_scores_accuracy_std_Wisconsin Prognostic Breast Cancer_STANDARDNORMAL;dt_scores_f1_score_std_Wisconsin Prognostic Breast Cancer_STANDARDNORMAL;dt_scores_roc_auc_score_std_Wisconsin Prognostic Breast Cancer_STANDARDNORMAL;dt_scores_soft_binary_crossentropy_data_random_std_Wisconsin Prognostic Breast Cancer_STANDARDNORMAL;dt_scores_binary_crossentropy_data_random_std_Wisconsin Prognostic Breast Cancer_STANDARDNORMAL;dt_scores_accuracy_data_random_std_Wisconsin Prognostic Breast Cancer_STANDARDNORMAL;dt_scores_f1_score_data_random_std_Wisconsin Prognostic Breast Cancer_STANDARDNORMAL;dt_scores_roc_auc_score_data_random_std_Wisconsin Prognostic Breast Cancer_STANDARDNORMAL;dt_scores_runtime_Wisconsin Prognostic Breast Cancer_STANDARDNORMAL;inet_scores_soft_binary_crossentropy_Wisconsin Prognostic Breast Cancer_STANDARDNORMAL;inet_scores_binary_crossentropy_Wisconsin Prognostic Breast Cancer_STANDARDNORMAL;inet_scores_accuracy_Wisconsin Prognostic Breast Cancer_STANDARDNORMAL;inet_scores_f1_score_Wisconsin Prognostic Breast Cancer_STANDARDNORMAL;inet_scores_roc_auc_score_Wisconsin Prognostic Breast Cancer_STANDARDNORMAL;inet_scores_runtime_Wisconsin Prognostic Breast Cancer_STANDARDNORMAL;model_scores_soft_binary_crossentropy_Wisconsin Prognostic Breast Cancer_STANDARDNORMAL;model_scores_binary_crossentropy_Wisconsin Prognostic Breast Cancer_STANDARDNORMAL;model_scores_accuracy_Wisconsin Prognostic Breast Cancer_STANDARDNORMAL;model_scores_f1_score_Wisconsin Prognostic Breast Cancer_STANDARDNORMAL;model_scores_roc_auc_score_Wisconsin Prognostic Breast Cancer_STANDARDNORMAL;model_scores_runtime_Wisconsin Prognostic Breast Cancer_STANDARDNORMAL;dt_scores_soft_binary_crossentropy_['uniform', 'normal', 'gamma', 'beta', 'poisson']_Abalone_STANDARDNORMAL;dt_scores_binary_crossentropy_['uniform', 'normal', 'gamma', 'beta', 'poisson']_Abalone_STANDARDNORMAL;dt_scores_accuracy_['uniform', 'normal', 'gamma', 'beta', 'poisson']_Abalone_STANDARDNORMAL;dt_scores_f1_score_['uniform', 'normal', 'gamma', 'beta', 'poisson']_Abalone_STANDARDNORMAL;dt_scores_roc_auc_score_['uniform', 'normal', 'gamma', 'beta', 'poisson']_Abalone_STANDARDNORMAL;dt_scores_soft_binary_crossentropy_data_random_['uniform', 'normal', 'gamma', 'beta', 'poisson']_Abalone_STANDARDNORMAL;dt_scores_binary_crossentropy_data_random_['uniform', 'normal', 'gamma', 'beta', 'poisson']_Abalone_STANDARDNORMAL;dt_scores_accuracy_data_random_['uniform', 'normal', 'gamma', 'beta', 'poisson']_Abalone_STANDARDNORMAL;dt_scores_f1_score_data_random_['uniform', 'normal', 'gamma', 'beta', 'poisson']_Abalone_STANDARDNORMAL;dt_scores_roc_auc_score_data_random_['uniform', 'normal', 'gamma', 'beta', 'poisson']_Abalone_STANDARDNORMAL;dt_scores_runtime_['uniform', 'normal', 'gamma', 'beta', 'poisson']_Abalone_STANDARDNORMAL;dt_scores_soft_binary_crossentropy_Abalone_STANDARDNORMAL;dt_scores_binary_crossentropy_Abalone_STANDARDNORMAL;dt_scores_accuracy_Abalone_STANDARDNORMAL;dt_scores_f1_score_Abalone_STANDARDNORMAL;dt_scores_roc_auc_score_Abalone_STANDARDNORMAL;dt_scores_soft_binary_crossentropy_data_random_Abalone_STANDARDNORMAL;dt_scores_binary_crossentropy_data_random_Abalone_STANDARDNORMAL;dt_scores_accuracy_data_random_Abalone_STANDARDNORMAL;dt_scores_f1_score_data_random_Abalone_STANDARDNORMAL;dt_scores_roc_auc_score_data_random_Abalone_STANDARDNORMAL;dt_scores_soft_binary_crossentropy_std_Abalone_STANDARDNORMAL;dt_scores_binary_crossentropy_std_Abalone_STANDARDNORMAL;dt_scores_accuracy_std_Abalone_STANDARDNORMAL;dt_scores_f1_score_std_Abalone_STANDARDNORMAL;dt_scores_roc_auc_score_std_Abalone_STANDARDNORMAL;dt_scores_soft_binary_crossentropy_data_random_std_Abalone_STANDARDNORMAL;dt_scores_binary_crossentropy_data_random_std_Abalone_STANDARDNORMAL;dt_scores_accuracy_data_random_std_Abalone_STANDARDNORMAL;dt_scores_f1_score_data_random_std_Abalone_STANDARDNORMAL;dt_scores_roc_auc_score_data_random_std_Abalone_STANDARDNORMAL;dt_scores_runtime_Abalone_STANDARDNORMAL;inet_scores_soft_binary_crossentropy_Abalone_STANDARDNORMAL;inet_scores_binary_crossentropy_Abalone_STANDARDNORMAL;inet_scores_accuracy_Abalone_STANDARDNORMAL;inet_scores_f1_score_Abalone_STANDARDNORMAL;inet_scores_roc_auc_score_Abalone_STANDARDNORMAL;inet_scores_runtime_Abalone_STANDARDNORMAL;model_scores_soft_binary_crossentropy_Abalone_STANDARDNORMAL;model_scores_binary_crossentropy_Abalone_STANDARDNORMAL;model_scores_accuracy_Abalone_STANDARDNORMAL;model_scores_f1_score_Abalone_STANDARDNORMAL;model_scores_roc_auc_score_Abalone_STANDARDNORMAL;model_scores_runtime_Abalone_STANDARDNORMAL;dt_scores_soft_binary_crossentropy_['uniform', 'normal', 'gamma', 'beta', 'poisson']_Car_STANDARDNORMAL;dt_scores_binary_crossentropy_['uniform', 'normal', 'gamma', 'beta', 'poisson']_Car_STANDARDNORMAL;dt_scores_accuracy_['uniform', 'normal', 'gamma', 'beta', 'poisson']_Car_STANDARDNORMAL;dt_scores_f1_score_['uniform', 'normal', 'gamma', 'beta', 'poisson']_Car_STANDARDNORMAL;dt_scores_roc_auc_score_['uniform', 'normal', 'gamma', 'beta', 'poisson']_Car_STANDARDNORMAL;dt_scores_soft_binary_crossentropy_data_random_['uniform', 'normal', 'gamma', 'beta', 'poisson']_Car_STANDARDNORMAL;dt_scores_binary_crossentropy_data_random_['uniform', 'normal', 'gamma', 'beta', 'poisson']_Car_STANDARDNORMAL;dt_scores_accuracy_data_random_['uniform', 'normal', 'gamma', 'beta', 'poisson']_Car_STANDARDNORMAL;dt_scores_f1_score_data_random_['uniform', 'normal', 'gamma', 'beta', 'poisson']_Car_STANDARDNORMAL;dt_scores_roc_auc_score_data_random_['uniform', 'normal', 'gamma', 'beta', 'poisson']_Car_STANDARDNORMAL;dt_scores_runtime_['uniform', 'normal', 'gamma', 'beta', 'poisson']_Car_STANDARDNORMAL;dt_scores_soft_binary_crossentropy_Car_STANDARDNORMAL;dt_scores_binary_crossentropy_Car_STANDARDNORMAL;dt_scores_accuracy_Car_STANDARDNORMAL;dt_scores_f1_score_Car_STANDARDNORMAL;dt_scores_roc_auc_score_Car_STANDARDNORMAL;dt_scores_soft_binary_crossentropy_data_random_Car_STANDARDNORMAL;dt_scores_binary_crossentropy_data_random_Car_STANDARDNORMAL;dt_scores_accuracy_data_random_Car_STANDARDNORMAL;dt_scores_f1_score_data_random_Car_STANDARDNORMAL;dt_scores_roc_auc_score_data_random_Car_STANDARDNORMAL;dt_scores_soft_binary_crossentropy_std_Car_STANDARDNORMAL;dt_scores_binary_crossentropy_std_Car_STANDARDNORMAL;dt_scores_accuracy_std_Car_STANDARDNORMAL;dt_scores_f1_score_std_Car_STANDARDNORMAL;dt_scores_roc_auc_score_std_Car_STANDARDNORMAL;dt_scores_soft_binary_crossentropy_data_random_std_Car_STANDARDNORMAL;dt_scores_binary_crossentropy_data_random_std_Car_STANDARDNORMAL;dt_scores_accuracy_data_random_std_Car_STANDARDNORMAL;dt_scores_f1_score_data_random_std_Car_STANDARDNORMAL;dt_scores_roc_auc_score_data_random_std_Car_STANDARDNORMAL;dt_scores_runtime_Car_STANDARDNORMAL;inet_scores_soft_binary_crossentropy_Car_STANDARDNORMAL;inet_scores_binary_crossentropy_Car_STANDARDNORMAL;inet_scores_accuracy_Car_STANDARDNORMAL;inet_scores_f1_score_Car_STANDARDNORMAL;inet_scores_roc_auc_score_Car_STANDARDNORMAL;inet_scores_runtime_Car_STANDARDNORMAL;model_scores_soft_binary_crossentropy_Car_STANDARDNORMAL;model_scores_binary_crossentropy_Car_STANDARDNORMAL;model_scores_accuracy_Car_STANDARDNORMAL;model_scores_f1_score_Car_STANDARDNORMAL;model_scores_roc_auc_score_Car_STANDARDNORMAL;model_scores_runtime_Car_STANDARDNORMAL;dt_scores_soft_binary_crossentropy_['uniform', 'normal', 'gamma', 'beta', 'poisson']_Heart Disease_STANDARDNORMAL;dt_scores_binary_crossentropy_['uniform', 'normal', 'gamma', 'beta', 'poisson']_Heart Disease_STANDARDNORMAL;dt_scores_accuracy_['uniform', 'normal', 'gamma', 'beta', 'poisson']_Heart Disease_STANDARDNORMAL;dt_scores_f1_score_['uniform', 'normal', 'gamma', 'beta', 'poisson']_Heart Disease_STANDARDNORMAL;dt_scores_roc_auc_score_['uniform', 'normal', 'gamma', 'beta', 'poisson']_Heart Disease_STANDARDNORMAL;dt_scores_soft_binary_crossentropy_data_random_['uniform', 'normal', 'gamma', 'beta', 'poisson']_Heart Disease_STANDARDNORMAL;dt_scores_binary_crossentropy_data_random_['uniform', 'normal', 'gamma', 'beta', 'poisson']_Heart Disease_STANDARDNORMAL;dt_scores_accuracy_data_random_['uniform', 'normal', 'gamma', 'beta', 'poisson']_Heart Disease_STANDARDNORMAL;dt_scores_f1_score_data_random_['uniform', 'normal', 'gamma', 'beta', 'poisson']_Heart Disease_STANDARDNORMAL;dt_scores_roc_auc_score_data_random_['uniform', 'normal', 'gamma', 'beta', 'poisson']_Heart Disease_STANDARDNORMAL;dt_scores_runtime_['uniform', 'normal', 'gamma', 'beta', 'poisson']_Heart Disease_STANDARDNORMAL;dt_scores_soft_binary_crossentropy_Heart Disease_STANDARDNORMAL;dt_scores_binary_crossentropy_Heart Disease_STANDARDNORMAL;dt_scores_accuracy_Heart Disease_STANDARDNORMAL;dt_scores_f1_score_Heart Disease_STANDARDNORMAL;dt_scores_roc_auc_score_Heart Disease_STANDARDNORMAL;dt_scores_soft_binary_crossentropy_data_random_Heart Disease_STANDARDNORMAL;dt_scores_binary_crossentropy_data_random_Heart Disease_STANDARDNORMAL;dt_scores_accuracy_data_random_Heart Disease_STANDARDNORMAL;dt_scores_f1_score_data_random_Heart Disease_STANDARDNORMAL;dt_scores_roc_auc_score_data_random_Heart Disease_STANDARDNORMAL;dt_scores_soft_binary_crossentropy_std_Heart Disease_STANDARDNORMAL;dt_scores_binary_crossentropy_std_Heart Disease_STANDARDNORMAL;dt_scores_accuracy_std_Heart Disease_STANDARDNORMAL;dt_scores_f1_score_std_Heart Disease_STANDARDNORMAL;dt_scores_roc_auc_score_std_Heart Disease_STANDARDNORMAL;dt_scores_soft_binary_crossentropy_data_random_std_Heart Disease_STANDARDNORMAL;dt_scores_binary_crossentropy_data_random_std_Heart Disease_STANDARDNORMAL;dt_scores_accuracy_data_random_std_Heart Disease_STANDARDNORMAL;dt_scores_f1_score_data_random_std_Heart Disease_STANDARDNORMAL;dt_scores_roc_auc_score_data_random_std_Heart Disease_STANDARDNORMAL;dt_scores_runtime_Heart Disease_STANDARDNORMAL;inet_scores_soft_binary_crossentropy_Heart Disease_STANDARDNORMAL;inet_scores_binary_crossentropy_Heart Disease_STANDARDNORMAL;inet_scores_accuracy_Heart Disease_STANDARDNORMAL;inet_scores_f1_score_Heart Disease_STANDARDNORMAL;inet_scores_roc_auc_score_Heart Disease_STANDARDNORMAL;inet_scores_runtime_Heart Disease_STANDARDNORMAL;model_scores_soft_binary_crossentropy_Heart Disease_STANDARDNORMAL;model_scores_binary_crossentropy_Heart Disease_STANDARDNORMAL;model_scores_accuracy_Heart Disease_STANDARDNORMAL;model_scores_f1_score_Heart Disease_STANDARDNORMAL;model_scores_roc_auc_score_Heart Disease_STANDARDNORMAL;model_scores_runtime_Heart Disease_STANDARDNORMAL;dt_scores_soft_binary_crossentropy_['uniform', 'normal', 'gamma', 'beta', 'poisson']_Credit Card_STANDARDNORMAL;dt_scores_binary_crossentropy_['uniform', 'normal', 'gamma', 'beta', 'poisson']_Credit Card_STANDARDNORMAL;dt_scores_accuracy_['uniform', 'normal', 'gamma', 'beta', 'poisson']_Credit Card_STANDARDNORMAL;dt_scores_f1_score_['uniform', 'normal', 'gamma', 'beta', 'poisson']_Credit Card_STANDARDNORMAL;dt_scores_roc_auc_score_['uniform', 'normal', 'gamma', 'beta', 'poisson']_Credit Card_STANDARDNORMAL;dt_scores_soft_binary_crossentropy_data_random_['uniform', 'normal', 'gamma', 'beta', 'poisson']_Credit Card_STANDARDNORMAL;dt_scores_binary_crossentropy_data_random_['uniform', 'normal', 'gamma', 'beta', 'poisson']_Credit Card_STANDARDNORMAL;dt_scores_accuracy_data_random_['uniform', 'normal', 'gamma', 'beta', 'poisson']_Credit Card_STANDARDNORMAL;dt_scores_f1_score_data_random_['uniform', 'normal', 'gamma', 'beta', 'poisson']_Credit Card_STANDARDNORMAL;dt_scores_roc_auc_score_data_random_['uniform', 'normal', 'gamma', 'beta', 'poisson']_Credit Card_STANDARDNORMAL;dt_scores_runtime_['uniform', 'normal', 'gamma', 'beta', 'poisson']_Credit Card_STANDARDNORMAL;dt_scores_soft_binary_crossentropy_Credit Card_STANDARDNORMAL;dt_scores_binary_crossentropy_Credit Card_STANDARDNORMAL;dt_scores_accuracy_Credit Card_STANDARDNORMAL;dt_scores_f1_score_Credit Card_STANDARDNORMAL;dt_scores_roc_auc_score_Credit Card_STANDARDNORMAL;dt_scores_soft_binary_crossentropy_data_random_Credit Card_STANDARDNORMAL;dt_scores_binary_crossentropy_data_random_Credit Card_STANDARDNORMAL;dt_scores_accuracy_data_random_Credit Card_STANDARDNORMAL;dt_scores_f1_score_data_random_Credit Card_STANDARDNORMAL;dt_scores_roc_auc_score_data_random_Credit Card_STANDARDNORMAL;dt_scores_soft_binary_crossentropy_std_Credit Card_STANDARDNORMAL;dt_scores_binary_crossentropy_std_Credit Card_STANDARDNORMAL;dt_scores_accuracy_std_Credit Card_STANDARDNORMAL;dt_scores_f1_score_std_Credit Card_STANDARDNORMAL;dt_scores_roc_auc_score_std_Credit Card_STANDARDNORMAL;dt_scores_soft_binary_crossentropy_data_random_std_Credit Card_STANDARDNORMAL;dt_scores_binary_crossentropy_data_random_std_Credit Card_STANDARDNORMAL;dt_scores_accuracy_data_random_std_Credit Card_STANDARDNORMAL;dt_scores_f1_score_data_random_std_Credit Card_STANDARDNORMAL;dt_scores_roc_auc_score_data_random_std_Credit Card_STANDARDNORMAL;dt_scores_runtime_Credit Card_STANDARDNORMAL;inet_scores_soft_binary_crossentropy_Credit Card_STANDARDNORMAL;inet_scores_binary_crossentropy_Credit Card_STANDARDNORMAL;inet_scores_accuracy_Credit Card_STANDARDNORMAL;inet_scores_f1_score_Credit Card_STANDARDNORMAL;inet_scores_roc_auc_score_Credit Card_STANDARDNORMAL;inet_scores_runtime_Credit Card_STANDARDNORMAL;model_scores_soft_binary_crossentropy_Credit Card_STANDARDNORMAL;model_scores_binary_crossentropy_Credit Card_STANDARDNORMAL;model_scores_accuracy_Credit Card_STANDARDNORMAL;model_scores_f1_score_Credit Card_STANDARDNORMAL;model_scores_roc_auc_score_Credit Card_STANDARDNORMAL;model_scores_runtime_Credit Card_STANDARDNORMAL;dt_scores_soft_binary_crossentropy_['uniform', 'normal', 'gamma', 'beta', 'poisson']_Haberman_STANDARDNORMAL;dt_scores_binary_crossentropy_['uniform', 'normal', 'gamma', 'beta', 'poisson']_Haberman_STANDARDNORMAL;dt_scores_accuracy_['uniform', 'normal', 'gamma', 'beta', 'poisson']_Haberman_STANDARDNORMAL;dt_scores_f1_score_['uniform', 'normal', 'gamma', 'beta', 'poisson']_Haberman_STANDARDNORMAL;dt_scores_roc_auc_score_['uniform', 'normal', 'gamma', 'beta', 'poisson']_Haberman_STANDARDNORMAL;dt_scores_soft_binary_crossentropy_data_random_['uniform', 'normal', 'gamma', 'beta', 'poisson']_Haberman_STANDARDNORMAL;dt_scores_binary_crossentropy_data_random_['uniform', 'normal', 'gamma', 'beta', 'poisson']_Haberman_STANDARDNORMAL;dt_scores_accuracy_data_random_['uniform', 'normal', 'gamma', 'beta', 'poisson']_Haberman_STANDARDNORMAL;dt_scores_f1_score_data_random_['uniform', 'normal', 'gamma', 'beta', 'poisson']_Haberman_STANDARDNORMAL;dt_scores_roc_auc_score_data_random_['uniform', 'normal', 'gamma', 'beta', 'poisson']_Haberman_STANDARDNORMAL;dt_scores_runtime_['uniform', 'normal', 'gamma', 'beta', 'poisson']_Haberman_STANDARDNORMAL;dt_scores_soft_binary_crossentropy_Haberman_STANDARDNORMAL;dt_scores_binary_crossentropy_Haberman_STANDARDNORMAL;dt_scores_accuracy_Haberman_STANDARDNORMAL;dt_scores_f1_score_Haberman_STANDARDNORMAL;dt_scores_roc_auc_score_Haberman_STANDARDNORMAL;dt_scores_soft_binary_crossentropy_data_random_Haberman_STANDARDNORMAL;dt_scores_binary_crossentropy_data_random_Haberman_STANDARDNORMAL;dt_scores_accuracy_data_random_Haberman_STANDARDNORMAL;dt_scores_f1_score_data_random_Haberman_STANDARDNORMAL;dt_scores_roc_auc_score_data_random_Haberman_STANDARDNORMAL;dt_scores_soft_binary_crossentropy_std_Haberman_STANDARDNORMAL;dt_scores_binary_crossentropy_std_Haberman_STANDARDNORMAL;dt_scores_accuracy_std_Haberman_STANDARDNORMAL;dt_scores_f1_score_std_Haberman_STANDARDNORMAL;dt_scores_roc_auc_score_std_Haberman_STANDARDNORMAL;dt_scores_soft_binary_crossentropy_data_random_std_Haberman_STANDARDNORMAL;dt_scores_binary_crossentropy_data_random_std_Haberman_STANDARDNORMAL;dt_scores_accuracy_data_random_std_Haberman_STANDARDNORMAL;dt_scores_f1_score_data_random_std_Haberman_STANDARDNORMAL;dt_scores_roc_auc_score_data_random_std_Haberman_STANDARDNORMAL;dt_scores_runtime_Haberman_STANDARDNORMAL;inet_scores_soft_binary_crossentropy_Haberman_STANDARDNORMAL;inet_scores_binary_crossentropy_Haberman_STANDARDNORMAL;inet_scores_accuracy_Haberman_STANDARDNORMAL;inet_scores_f1_score_Haberman_STANDARDNORMAL;inet_scores_roc_auc_score_Haberman_STANDARDNORMAL;inet_scores_runtime_Haberman_STANDARDNORMAL;model_scores_soft_binary_crossentropy_Haberman_STANDARDNORMAL;model_scores_binary_crossentropy_Haberman_STANDARDNORMAL;model_scores_accuracy_Haberman_STANDARDNORMAL;model_scores_f1_score_Haberman_STANDARDNORMAL;model_scores_roc_auc_score_Haberman_STANDARDNORMAL;model_scores_runtime_Haberman_STANDARDNORMAL;dt_scores_soft_binary_crossentropy_['uniform', 'normal', 'gamma', 'beta', 'poisson']_Adult_STANDARDNORMAL;dt_scores_binary_crossentropy_['uniform', 'normal', 'gamma', 'beta', 'poisson']_Adult_STANDARDNORMAL;dt_scores_accuracy_['uniform', 'normal', 'gamma', 'beta', 'poisson']_Adult_STANDARDNORMAL;dt_scores_f1_score_['uniform', 'normal', 'gamma', 'beta', 'poisson']_Adult_STANDARDNORMAL;dt_scores_roc_auc_score_['uniform', 'normal', 'gamma', 'beta', 'poisson']_Adult_STANDARDNORMAL;dt_scores_soft_binary_crossentropy_data_random_['uniform', 'normal', 'gamma', 'beta', 'poisson']_Adult_STANDARDNORMAL;dt_scores_binary_crossentropy_data_random_['uniform', 'normal', 'gamma', 'beta', 'poisson']_Adult_STANDARDNORMAL;dt_scores_accuracy_data_random_['uniform', 'normal', 'gamma', 'beta', 'poisson']_Adult_STANDARDNORMAL;dt_scores_f1_score_data_random_['uniform', 'normal', 'gamma', 'beta', 'poisson']_Adult_STANDARDNORMAL;dt_scores_roc_auc_score_data_random_['uniform', 'normal', 'gamma', 'beta', 'poisson']_Adult_STANDARDNORMAL;dt_scores_runtime_['uniform', 'normal', 'gamma', 'beta', 'poisson']_Adult_STANDARDNORMAL;dt_scores_soft_binary_crossentropy_Adult_STANDARDNORMAL;dt_scores_binary_crossentropy_Adult_STANDARDNORMAL;dt_scores_accuracy_Adult_STANDARDNORMAL;dt_scores_f1_score_Adult_STANDARDNORMAL;dt_scores_roc_auc_score_Adult_STANDARDNORMAL;dt_scores_soft_binary_crossentropy_data_random_Adult_STANDARDNORMAL;dt_scores_binary_crossentropy_data_random_Adult_STANDARDNORMAL;dt_scores_accuracy_data_random_Adult_STANDARDNORMAL;dt_scores_f1_score_data_random_Adult_STANDARDNORMAL;dt_scores_roc_auc_score_data_random_Adult_STANDARDNORMAL;dt_scores_soft_binary_crossentropy_std_Adult_STANDARDNORMAL;dt_scores_binary_crossentropy_std_Adult_STANDARDNORMAL;dt_scores_accuracy_std_Adult_STANDARDNORMAL;dt_scores_f1_score_std_Adult_STANDARDNORMAL;dt_scores_roc_auc_score_std_Adult_STANDARDNORMAL;dt_scores_soft_binary_crossentropy_data_random_std_Adult_STANDARDNORMAL;dt_scores_binary_crossentropy_data_random_std_Adult_STANDARDNORMAL;dt_scores_accuracy_data_random_std_Adult_STANDARDNORMAL;dt_scores_f1_score_data_random_std_Adult_STANDARDNORMAL;dt_scores_roc_auc_score_data_random_std_Adult_STANDARDNORMAL;dt_scores_runtime_Adult_STANDARDNORMAL;inet_scores_soft_binary_crossentropy_Adult_STANDARDNORMAL;inet_scores_binary_crossentropy_Adult_STANDARDNORMAL;inet_scores_accuracy_Adult_STANDARDNORMAL;inet_scores_f1_score_Adult_STANDARDNORMAL;inet_scores_roc_auc_score_Adult_STANDARDNORMAL;inet_scores_runtime_Adult_STANDARDNORMAL;model_scores_soft_binary_crossentropy_Adult_STANDARDNORMAL;model_scores_binary_crossentropy_Adult_STANDARDNORMAL;model_scores_accuracy_Adult_STANDARDNORMAL;model_scores_f1_score_Adult_STANDARDNORMAL;model_scores_roc_auc_score_Adult_STANDARDNORMAL;model_scores_runtime_Adult_STANDARDNORMAL;dt_scores_soft_binary_crossentropy_['uniform', 'normal', 'gamma', 'beta', 'poisson']_Titanic_STANDARDNORMAL;dt_scores_binary_crossentropy_['uniform', 'normal', 'gamma', 'beta', 'poisson']_Titanic_STANDARDNORMAL;dt_scores_accuracy_['uniform', 'normal', 'gamma', 'beta', 'poisson']_Titanic_STANDARDNORMAL;dt_scores_f1_score_['uniform', 'normal', 'gamma', 'beta', 'poisson']_Titanic_STANDARDNORMAL;dt_scores_roc_auc_score_['uniform', 'normal', 'gamma', 'beta', 'poisson']_Titanic_STANDARDNORMAL;dt_scores_soft_binary_crossentropy_data_random_['uniform', 'normal', 'gamma', 'beta', 'poisson']_Titanic_STANDARDNORMAL;dt_scores_binary_crossentropy_data_random_['uniform', 'normal', 'gamma', 'beta', 'poisson']_Titanic_STANDARDNORMAL;dt_scores_accuracy_data_random_['uniform', 'normal', 'gamma', 'beta', 'poisson']_Titanic_STANDARDNORMAL;dt_scores_f1_score_data_random_['uniform', 'normal', 'gamma', 'beta', 'poisson']_Titanic_STANDARDNORMAL;dt_scores_roc_auc_score_data_random_['uniform', 'normal', 'gamma', 'beta', 'poisson']_Titanic_STANDARDNORMAL;dt_scores_runtime_['uniform', 'normal', 'gamma', 'beta', 'poisson']_Titanic_STANDARDNORMAL;dt_scores_soft_binary_crossentropy_Titanic_STANDARDNORMAL;dt_scores_binary_crossentropy_Titanic_STANDARDNORMAL;dt_scores_accuracy_Titanic_STANDARDNORMAL;dt_scores_f1_score_Titanic_STANDARDNORMAL;dt_scores_roc_auc_score_Titanic_STANDARDNORMAL;dt_scores_soft_binary_crossentropy_data_random_Titanic_STANDARDNORMAL;dt_scores_binary_crossentropy_data_random_Titanic_STANDARDNORMAL;dt_scores_accuracy_data_random_Titanic_STANDARDNORMAL;dt_scores_f1_score_data_random_Titanic_STANDARDNORMAL;dt_scores_roc_auc_score_data_random_Titanic_STANDARDNORMAL;dt_scores_soft_binary_crossentropy_std_Titanic_STANDARDNORMAL;dt_scores_binary_crossentropy_std_Titanic_STANDARDNORMAL;dt_scores_accuracy_std_Titanic_STANDARDNORMAL;dt_scores_f1_score_std_Titanic_STANDARDNORMAL;dt_scores_roc_auc_score_std_Titanic_STANDARDNORMAL;dt_scores_soft_binary_crossentropy_data_random_std_Titanic_STANDARDNORMAL;dt_scores_binary_crossentropy_data_random_std_Titanic_STANDARDNORMAL;dt_scores_accuracy_data_random_std_Titanic_STANDARDNORMAL;dt_scores_f1_score_data_random_std_Titanic_STANDARDNORMAL;dt_scores_roc_auc_score_data_random_std_Titanic_STANDARDNORMAL;dt_scores_runtime_Titanic_STANDARDNORMAL;inet_scores_soft_binary_crossentropy_Titanic_STANDARDNORMAL;inet_scores_binary_crossentropy_Titanic_STANDARDNORMAL;inet_scores_accuracy_Titanic_STANDARDNORMAL;inet_scores_f1_score_Titanic_STANDARDNORMAL;inet_scores_roc_auc_score_Titanic_STANDARDNORMAL;inet_scores_runtime_Titanic_STANDARDNORMAL;model_scores_soft_binary_crossentropy_Titanic_STANDARDNORMAL;model_scores_binary_crossentropy_Titanic_STANDARDNORMAL;model_scores_accuracy_Titanic_STANDARDNORMAL;model_scores_f1_score_Titanic_STANDARDNORMAL;model_scores_roc_auc_score_Titanic_STANDARDNORMAL;model_scores_runtime_Titanic_STANDARDNORMAL;dt_scores_soft_binary_crossentropy_['uniform', 'normal', 'gamma', 'beta', 'poisson']_Absenteeism_STANDARDNORMAL;dt_scores_binary_crossentropy_['uniform', 'normal', 'gamma', 'beta', 'poisson']_Absenteeism_STANDARDNORMAL;dt_scores_accuracy_['uniform', 'normal', 'gamma', 'beta', 'poisson']_Absenteeism_STANDARDNORMAL;dt_scores_f1_score_['uniform', 'normal', 'gamma', 'beta', 'poisson']_Absenteeism_STANDARDNORMAL;dt_scores_roc_auc_score_['uniform', 'normal', 'gamma', 'beta', 'poisson']_Absenteeism_STANDARDNORMAL;dt_scores_soft_binary_crossentropy_data_random_['uniform', 'normal', 'gamma', 'beta', 'poisson']_Absenteeism_STANDARDNORMAL;dt_scores_binary_crossentropy_data_random_['uniform', 'normal', 'gamma', 'beta', 'poisson']_Absenteeism_STANDARDNORMAL;dt_scores_accuracy_data_random_['uniform', 'normal', 'gamma', 'beta', 'poisson']_Absenteeism_STANDARDNORMAL;dt_scores_f1_score_data_random_['uniform', 'normal', 'gamma', 'beta', 'poisson']_Absenteeism_STANDARDNORMAL;dt_scores_roc_auc_score_data_random_['uniform', 'normal', 'gamma', 'beta', 'poisson']_Absenteeism_STANDARDNORMAL;dt_scores_runtime_['uniform', 'normal', 'gamma', 'beta', 'poisson']_Absenteeism_STANDARDNORMAL;dt_scores_soft_binary_crossentropy_Absenteeism_STANDARDNORMAL;dt_scores_binary_crossentropy_Absenteeism_STANDARDNORMAL;dt_scores_accuracy_Absenteeism_STANDARDNORMAL;dt_scores_f1_score_Absenteeism_STANDARDNORMAL;dt_scores_roc_auc_score_Absenteeism_STANDARDNORMAL;dt_scores_soft_binary_crossentropy_data_random_Absenteeism_STANDARDNORMAL;dt_scores_binary_crossentropy_data_random_Absenteeism_STANDARDNORMAL;dt_scores_accuracy_data_random_Absenteeism_STANDARDNORMAL;dt_scores_f1_score_data_random_Absenteeism_STANDARDNORMAL;dt_scores_roc_auc_score_data_random_Absenteeism_STANDARDNORMAL;dt_scores_soft_binary_crossentropy_std_Absenteeism_STANDARDNORMAL;dt_scores_binary_crossentropy_std_Absenteeism_STANDARDNORMAL;dt_scores_accuracy_std_Absenteeism_STANDARDNORMAL;dt_scores_f1_score_std_Absenteeism_STANDARDNORMAL;dt_scores_roc_auc_score_std_Absenteeism_STANDARDNORMAL;dt_scores_soft_binary_crossentropy_data_random_std_Absenteeism_STANDARDNORMAL;dt_scores_binary_crossentropy_data_random_std_Absenteeism_STANDARDNORMAL;dt_scores_accuracy_data_random_std_Absenteeism_STANDARDNORMAL;dt_scores_f1_score_data_random_std_Absenteeism_STANDARDNORMAL;dt_scores_roc_auc_score_data_random_std_Absenteeism_STANDARDNORMAL;dt_scores_runtime_Absenteeism_STANDARDNORMAL;inet_scores_soft_binary_crossentropy_Absenteeism_STANDARDNORMAL;inet_scores_binary_crossentropy_Absenteeism_STANDARDNORMAL;inet_scores_accuracy_Absenteeism_STANDARDNORMAL;inet_scores_f1_score_Absenteeism_STANDARDNORMAL;inet_scores_roc_auc_score_Absenteeism_STANDARDNORMAL;inet_scores_runtime_Absenteeism_STANDARDNORMAL;model_scores_soft_binary_crossentropy_Absenteeism_STANDARDNORMAL;model_scores_binary_crossentropy_Absenteeism_STANDARDNORMAL;model_scores_accuracy_Absenteeism_STANDARDNORMAL;model_scores_f1_score_Absenteeism_STANDARDNORMAL;model_scores_roc_auc_score_Absenteeism_STANDARDNORMAL;model_scores_runtime_Absenteeism_STANDARDNORMAL;dt_scores_soft_binary_crossentropy_['uniform', 'normal', 'gamma', 'beta', 'poisson']_Loan House_STANDARDNORMAL;dt_scores_binary_crossentropy_['uniform', 'normal', 'gamma', 'beta', 'poisson']_Loan House_STANDARDNORMAL;dt_scores_accuracy_['uniform', 'normal', 'gamma', 'beta', 'poisson']_Loan House_STANDARDNORMAL;dt_scores_f1_score_['uniform', 'normal', 'gamma', 'beta', 'poisson']_Loan House_STANDARDNORMAL;dt_scores_roc_auc_score_['uniform', 'normal', 'gamma', 'beta', 'poisson']_Loan House_STANDARDNORMAL;dt_scores_soft_binary_crossentropy_data_random_['uniform', 'normal', 'gamma', 'beta', 'poisson']_Loan House_STANDARDNORMAL;dt_scores_binary_crossentropy_data_random_['uniform', 'normal', 'gamma', 'beta', 'poisson']_Loan House_STANDARDNORMAL;dt_scores_accuracy_data_random_['uniform', 'normal', 'gamma', 'beta', 'poisson']_Loan House_STANDARDNORMAL;dt_scores_f1_score_data_random_['uniform', 'normal', 'gamma', 'beta', 'poisson']_Loan House_STANDARDNORMAL;dt_scores_roc_auc_score_data_random_['uniform', 'normal', 'gamma', 'beta', 'poisson']_Loan House_STANDARDNORMAL;dt_scores_runtime_['uniform', 'normal', 'gamma', 'beta', 'poisson']_Loan House_STANDARDNORMAL;dt_scores_soft_binary_crossentropy_Loan House_STANDARDNORMAL;dt_scores_binary_crossentropy_Loan House_STANDARDNORMAL;dt_scores_accuracy_Loan House_STANDARDNORMAL;dt_scores_f1_score_Loan House_STANDARDNORMAL;dt_scores_roc_auc_score_Loan House_STANDARDNORMAL;dt_scores_soft_binary_crossentropy_data_random_Loan House_STANDARDNORMAL;dt_scores_binary_crossentropy_data_random_Loan House_STANDARDNORMAL;dt_scores_accuracy_data_random_Loan House_STANDARDNORMAL;dt_scores_f1_score_data_random_Loan House_STANDARDNORMAL;dt_scores_roc_auc_score_data_random_Loan House_STANDARDNORMAL;dt_scores_soft_binary_crossentropy_std_Loan House_STANDARDNORMAL;dt_scores_binary_crossentropy_std_Loan House_STANDARDNORMAL;dt_scores_accuracy_std_Loan House_STANDARDNORMAL;dt_scores_f1_score_std_Loan House_STANDARDNORMAL;dt_scores_roc_auc_score_std_Loan House_STANDARDNORMAL;dt_scores_soft_binary_crossentropy_data_random_std_Loan House_STANDARDNORMAL;dt_scores_binary_crossentropy_data_random_std_Loan House_STANDARDNORMAL;dt_scores_accuracy_data_random_std_Loan House_STANDARDNORMAL;dt_scores_f1_score_data_random_std_Loan House_STANDARDNORMAL;dt_scores_roc_auc_score_data_random_std_Loan House_STANDARDNORMAL;dt_scores_runtime_Loan House_STANDARDNORMAL;inet_scores_soft_binary_crossentropy_Loan House_STANDARDNORMAL;inet_scores_binary_crossentropy_Loan House_STANDARDNORMAL;inet_scores_accuracy_Loan House_STANDARDNORMAL;inet_scores_f1_score_Loan House_STANDARDNORMAL;inet_scores_roc_auc_score_Loan House_STANDARDNORMAL;inet_scores_runtime_Loan House_STANDARDNORMAL;model_scores_soft_binary_crossentropy_Loan House_STANDARDNORMAL;model_scores_binary_crossentropy_Loan House_STANDARDNORMAL;model_scores_accuracy_Loan House_STANDARDNORMAL;model_scores_f1_score_Loan House_STANDARDNORMAL;model_scores_roc_auc_score_Loan House_STANDARDNORMAL;model_scores_runtime_Loan House_STANDARDNORMAL;dt_scores_soft_binary_crossentropy_['uniform', 'normal', 'gamma', 'beta', 'poisson']_Loan Credit_STANDARDNORMAL;dt_scores_binary_crossentropy_['uniform', 'normal', 'gamma', 'beta', 'poisson']_Loan Credit_STANDARDNORMAL;dt_scores_accuracy_['uniform', 'normal', 'gamma', 'beta', 'poisson']_Loan Credit_STANDARDNORMAL;dt_scores_f1_score_['uniform', 'normal', 'gamma', 'beta', 'poisson']_Loan Credit_STANDARDNORMAL;dt_scores_roc_auc_score_['uniform', 'normal', 'gamma', 'beta', 'poisson']_Loan Credit_STANDARDNORMAL;dt_scores_soft_binary_crossentropy_data_random_['uniform', 'normal', 'gamma', 'beta', 'poisson']_Loan Credit_STANDARDNORMAL;dt_scores_binary_crossentropy_data_random_['uniform', 'normal', 'gamma', 'beta', 'poisson']_Loan Credit_STANDARDNORMAL;dt_scores_accuracy_data_random_['uniform', 'normal', 'gamma', 'beta', 'poisson']_Loan Credit_STANDARDNORMAL;dt_scores_f1_score_data_random_['uniform', 'normal', 'gamma', 'beta', 'poisson']_Loan Credit_STANDARDNORMAL;dt_scores_roc_auc_score_data_random_['uniform', 'normal', 'gamma', 'beta', 'poisson']_Loan Credit_STANDARDNORMAL;dt_scores_runtime_['uniform', 'normal', 'gamma', 'beta', 'poisson']_Loan Credit_STANDARDNORMAL;dt_scores_soft_binary_crossentropy_Loan Credit_STANDARDNORMAL;dt_scores_binary_crossentropy_Loan Credit_STANDARDNORMAL;dt_scores_accuracy_Loan Credit_STANDARDNORMAL;dt_scores_f1_score_Loan Credit_STANDARDNORMAL;dt_scores_roc_auc_score_Loan Credit_STANDARDNORMAL;dt_scores_soft_binary_crossentropy_data_random_Loan Credit_STANDARDNORMAL;dt_scores_binary_crossentropy_data_random_Loan Credit_STANDARDNORMAL;dt_scores_accuracy_data_random_Loan Credit_STANDARDNORMAL;dt_scores_f1_score_data_random_Loan Credit_STANDARDNORMAL;dt_scores_roc_auc_score_data_random_Loan Credit_STANDARDNORMAL;dt_scores_soft_binary_crossentropy_std_Loan Credit_STANDARDNORMAL;dt_scores_binary_crossentropy_std_Loan Credit_STANDARDNORMAL;dt_scores_accuracy_std_Loan Credit_STANDARDNORMAL;dt_scores_f1_score_std_Loan Credit_STANDARDNORMAL;dt_scores_roc_auc_score_std_Loan Credit_STANDARDNORMAL;dt_scores_soft_binary_crossentropy_data_random_std_Loan Credit_STANDARDNORMAL;dt_scores_binary_crossentropy_data_random_std_Loan Credit_STANDARDNORMAL;dt_scores_accuracy_data_random_std_Loan Credit_STANDARDNORMAL;dt_scores_f1_score_data_random_std_Loan Credit_STANDARDNORMAL;dt_scores_roc_auc_score_data_random_std_Loan Credit_STANDARDNORMAL;dt_scores_runtime_Loan Credit_STANDARDNORMAL;inet_scores_soft_binary_crossentropy_Loan Credit_STANDARDNORMAL;inet_scores_binary_crossentropy_Loan Credit_STANDARDNORMAL;inet_scores_accuracy_Loan Credit_STANDARDNORMAL;inet_scores_f1_score_Loan Credit_STANDARDNORMAL;inet_scores_roc_auc_score_Loan Credit_STANDARDNORMAL;inet_scores_runtime_Loan Credit_STANDARDNORMAL;model_scores_soft_binary_crossentropy_Loan Credit_STANDARDNORMAL;model_scores_binary_crossentropy_Loan Credit_STANDARDNORMAL;model_scores_accuracy_Loan Credit_STANDARDNORMAL;model_scores_f1_score_Loan Credit_STANDARDNORMAL;model_scores_roc_auc_score_Loan Credit_STANDARDNORMAL;model_scores_runtime_Loan Credit_STANDARDNORMAL;dt_scores_soft_binary_crossentropy_['uniform', 'normal', 'gamma', 'beta', 'poisson']_Medical Insurance_STANDARDNORMAL;dt_scores_binary_crossentropy_['uniform', 'normal', 'gamma', 'beta', 'poisson']_Medical Insurance_STANDARDNORMAL;dt_scores_accuracy_['uniform', 'normal', 'gamma', 'beta', 'poisson']_Medical Insurance_STANDARDNORMAL;dt_scores_f1_score_['uniform', 'normal', 'gamma', 'beta', 'poisson']_Medical Insurance_STANDARDNORMAL;dt_scores_roc_auc_score_['uniform', 'normal', 'gamma', 'beta', 'poisson']_Medical Insurance_STANDARDNORMAL;dt_scores_soft_binary_crossentropy_data_random_['uniform', 'normal', 'gamma', 'beta', 'poisson']_Medical Insurance_STANDARDNORMAL;dt_scores_binary_crossentropy_data_random_['uniform', 'normal', 'gamma', 'beta', 'poisson']_Medical Insurance_STANDARDNORMAL;dt_scores_accuracy_data_random_['uniform', 'normal', 'gamma', 'beta', 'poisson']_Medical Insurance_STANDARDNORMAL;dt_scores_f1_score_data_random_['uniform', 'normal', 'gamma', 'beta', 'poisson']_Medical Insurance_STANDARDNORMAL;dt_scores_roc_auc_score_data_random_['uniform', 'normal', 'gamma', 'beta', 'poisson']_Medical Insurance_STANDARDNORMAL;dt_scores_runtime_['uniform', 'normal', 'gamma', 'beta', 'poisson']_Medical Insurance_STANDARDNORMAL;dt_scores_soft_binary_crossentropy_Medical Insurance_STANDARDNORMAL;dt_scores_binary_crossentropy_Medical Insurance_STANDARDNORMAL;dt_scores_accuracy_Medical Insurance_STANDARDNORMAL;dt_scores_f1_score_Medical Insurance_STANDARDNORMAL;dt_scores_roc_auc_score_Medical Insurance_STANDARDNORMAL;dt_scores_soft_binary_crossentropy_data_random_Medical Insurance_STANDARDNORMAL;dt_scores_binary_crossentropy_data_random_Medical Insurance_STANDARDNORMAL;dt_scores_accuracy_data_random_Medical Insurance_STANDARDNORMAL;dt_scores_f1_score_data_random_Medical Insurance_STANDARDNORMAL;dt_scores_roc_auc_score_data_random_Medical Insurance_STANDARDNORMAL;dt_scores_soft_binary_crossentropy_std_Medical Insurance_STANDARDNORMAL;dt_scores_binary_crossentropy_std_Medical Insurance_STANDARDNORMAL;dt_scores_accuracy_std_Medical Insurance_STANDARDNORMAL;dt_scores_f1_score_std_Medical Insurance_STANDARDNORMAL;dt_scores_roc_auc_score_std_Medical Insurance_STANDARDNORMAL;dt_scores_soft_binary_crossentropy_data_random_std_Medical Insurance_STANDARDNORMAL;dt_scores_binary_crossentropy_data_random_std_Medical Insurance_STANDARDNORMAL;dt_scores_accuracy_data_random_std_Medical Insurance_STANDARDNORMAL;dt_scores_f1_score_data_random_std_Medical Insurance_STANDARDNORMAL;dt_scores_roc_auc_score_data_random_std_Medical Insurance_STANDARDNORMAL;dt_scores_runtime_Medical Insurance_STANDARDNORMAL;inet_scores_soft_binary_crossentropy_Medical Insurance_STANDARDNORMAL;inet_scores_binary_crossentropy_Medical Insurance_STANDARDNORMAL;inet_scores_accuracy_Medical Insurance_STANDARDNORMAL;inet_scores_f1_score_Medical Insurance_STANDARDNORMAL;inet_scores_roc_auc_score_Medical Insurance_STANDARDNORMAL;inet_scores_runtime_Medical Insurance_STANDARDNORMAL;model_scores_soft_binary_crossentropy_Medical Insurance_STANDARDNORMAL;model_scores_binary_crossentropy_Medical Insurance_STANDARDNORMAL;model_scores_accuracy_Medical Insurance_STANDARDNORMAL;model_scores_f1_score_Medical Insurance_STANDARDNORMAL;model_scores_roc_auc_score_Medical Insurance_STANDARDNORMAL;model_scores_runtime_Medical Insurance_STANDARDNORMAL;dt_scores_soft_binary_crossentropy_['uniform', 'normal', 'gamma', 'beta', 'poisson']_Bank Marketing_STANDARDNORMAL;dt_scores_binary_crossentropy_['uniform', 'normal', 'gamma', 'beta', 'poisson']_Bank Marketing_STANDARDNORMAL;dt_scores_accuracy_['uniform', 'normal', 'gamma', 'beta', 'poisson']_Bank Marketing_STANDARDNORMAL;dt_scores_f1_score_['uniform', 'normal', 'gamma', 'beta', 'poisson']_Bank Marketing_STANDARDNORMAL;dt_scores_roc_auc_score_['uniform', 'normal', 'gamma', 'beta', 'poisson']_Bank Marketing_STANDARDNORMAL;dt_scores_soft_binary_crossentropy_data_random_['uniform', 'normal', 'gamma', 'beta', 'poisson']_Bank Marketing_STANDARDNORMAL;dt_scores_binary_crossentropy_data_random_['uniform', 'normal', 'gamma', 'beta', 'poisson']_Bank Marketing_STANDARDNORMAL;dt_scores_accuracy_data_random_['uniform', 'normal', 'gamma', 'beta', 'poisson']_Bank Marketing_STANDARDNORMAL;dt_scores_f1_score_data_random_['uniform', 'normal', 'gamma', 'beta', 'poisson']_Bank Marketing_STANDARDNORMAL;dt_scores_roc_auc_score_data_random_['uniform', 'normal', 'gamma', 'beta', 'poisson']_Bank Marketing_STANDARDNORMAL;dt_scores_runtime_['uniform', 'normal', 'gamma', 'beta', 'poisson']_Bank Marketing_STANDARDNORMAL;dt_scores_soft_binary_crossentropy_Bank Marketing_STANDARDNORMAL;dt_scores_binary_crossentropy_Bank Marketing_STANDARDNORMAL;dt_scores_accuracy_Bank Marketing_STANDARDNORMAL;dt_scores_f1_score_Bank Marketing_STANDARDNORMAL;dt_scores_roc_auc_score_Bank Marketing_STANDARDNORMAL;dt_scores_soft_binary_crossentropy_data_random_Bank Marketing_STANDARDNORMAL;dt_scores_binary_crossentropy_data_random_Bank Marketing_STANDARDNORMAL;dt_scores_accuracy_data_random_Bank Marketing_STANDARDNORMAL;dt_scores_f1_score_data_random_Bank Marketing_STANDARDNORMAL;dt_scores_roc_auc_score_data_random_Bank Marketing_STANDARDNORMAL;dt_scores_soft_binary_crossentropy_std_Bank Marketing_STANDARDNORMAL;dt_scores_binary_crossentropy_std_Bank Marketing_STANDARDNORMAL;dt_scores_accuracy_std_Bank Marketing_STANDARDNORMAL;dt_scores_f1_score_std_Bank Marketing_STANDARDNORMAL;dt_scores_roc_auc_score_std_Bank Marketing_STANDARDNORMAL;dt_scores_soft_binary_crossentropy_data_random_std_Bank Marketing_STANDARDNORMAL;dt_scores_binary_crossentropy_data_random_std_Bank Marketing_STANDARDNORMAL;dt_scores_accuracy_data_random_std_Bank Marketing_STANDARDNORMAL;dt_scores_f1_score_data_random_std_Bank Marketing_STANDARDNORMAL;dt_scores_roc_auc_score_data_random_std_Bank Marketing_STANDARDNORMAL;dt_scores_runtime_Bank Marketing_STANDARDNORMAL;inet_scores_soft_binary_crossentropy_Bank Marketing_STANDARDNORMAL;inet_scores_binary_crossentropy_Bank Marketing_STANDARDNORMAL;inet_scores_accuracy_Bank Marketing_STANDARDNORMAL;inet_scores_f1_score_Bank Marketing_STANDARDNORMAL;inet_scores_roc_auc_score_Bank Marketing_STANDARDNORMAL;inet_scores_runtime_Bank Marketing_STANDARDNORMAL;model_scores_soft_binary_crossentropy_Bank Marketing_STANDARDNORMAL;model_scores_binary_crossentropy_Bank Marketing_STANDARDNORMAL;model_scores_accuracy_Bank Marketing_STANDARDNORMAL;model_scores_f1_score_Bank Marketing_STANDARDNORMAL;model_scores_roc_auc_score_Bank Marketing_STANDARDNORMAL;model_scores_runtime_Bank Marketing_STANDARDNORMAL;dt_scores_soft_binary_crossentropy_['uniform', 'normal', 'gamma', 'beta', 'poisson']_Cervical Cancer_STANDARDNORMAL;dt_scores_binary_crossentropy_['uniform', 'normal', 'gamma', 'beta', 'poisson']_Cervical Cancer_STANDARDNORMAL;dt_scores_accuracy_['uniform', 'normal', 'gamma', 'beta', 'poisson']_Cervical Cancer_STANDARDNORMAL;dt_scores_f1_score_['uniform', 'normal', 'gamma', 'beta', 'poisson']_Cervical Cancer_STANDARDNORMAL;dt_scores_roc_auc_score_['uniform', 'normal', 'gamma', 'beta', 'poisson']_Cervical Cancer_STANDARDNORMAL;dt_scores_soft_binary_crossentropy_data_random_['uniform', 'normal', 'gamma', 'beta', 'poisson']_Cervical Cancer_STANDARDNORMAL;dt_scores_binary_crossentropy_data_random_['uniform', 'normal', 'gamma', 'beta', 'poisson']_Cervical Cancer_STANDARDNORMAL;dt_scores_accuracy_data_random_['uniform', 'normal', 'gamma', 'beta', 'poisson']_Cervical Cancer_STANDARDNORMAL;dt_scores_f1_score_data_random_['uniform', 'normal', 'gamma', 'beta', 'poisson']_Cervical Cancer_STANDARDNORMAL;dt_scores_roc_auc_score_data_random_['uniform', 'normal', 'gamma', 'beta', 'poisson']_Cervical Cancer_STANDARDNORMAL;dt_scores_runtime_['uniform', 'normal', 'gamma', 'beta', 'poisson']_Cervical Cancer_STANDARDNORMAL;dt_scores_soft_binary_crossentropy_Cervical Cancer_STANDARDNORMAL;dt_scores_binary_crossentropy_Cervical Cancer_STANDARDNORMAL;dt_scores_accuracy_Cervical Cancer_STANDARDNORMAL;dt_scores_f1_score_Cervical Cancer_STANDARDNORMAL;dt_scores_roc_auc_score_Cervical Cancer_STANDARDNORMAL;dt_scores_soft_binary_crossentropy_data_random_Cervical Cancer_STANDARDNORMAL;dt_scores_binary_crossentropy_data_random_Cervical Cancer_STANDARDNORMAL;dt_scores_accuracy_data_random_Cervical Cancer_STANDARDNORMAL;dt_scores_f1_score_data_random_Cervical Cancer_STANDARDNORMAL;dt_scores_roc_auc_score_data_random_Cervical Cancer_STANDARDNORMAL;dt_scores_soft_binary_crossentropy_std_Cervical Cancer_STANDARDNORMAL;dt_scores_binary_crossentropy_std_Cervical Cancer_STANDARDNORMAL;dt_scores_accuracy_std_Cervical Cancer_STANDARDNORMAL;dt_scores_f1_score_std_Cervical Cancer_STANDARDNORMAL;dt_scores_roc_auc_score_std_Cervical Cancer_STANDARDNORMAL;dt_scores_soft_binary_crossentropy_data_random_std_Cervical Cancer_STANDARDNORMAL;dt_scores_binary_crossentropy_data_random_std_Cervical Cancer_STANDARDNORMAL;dt_scores_accuracy_data_random_std_Cervical Cancer_STANDARDNORMAL;dt_scores_f1_score_data_random_std_Cervical Cancer_STANDARDNORMAL;dt_scores_roc_auc_score_data_random_std_Cervical Cancer_STANDARDNORMAL;dt_scores_runtime_Cervical Cancer_STANDARDNORMAL;inet_scores_soft_binary_crossentropy_Cervical Cancer_STANDARDNORMAL;inet_scores_binary_crossentropy_Cervical Cancer_STANDARDNORMAL;inet_scores_accuracy_Cervical Cancer_STANDARDNORMAL;inet_scores_f1_score_Cervical Cancer_STANDARDNORMAL;inet_scores_roc_auc_score_Cervical Cancer_STANDARDNORMAL;inet_scores_runtime_Cervical Cancer_STANDARDNORMAL;model_scores_soft_binary_crossentropy_Cervical Cancer_STANDARDNORMAL;model_scores_binary_crossentropy_Cervical Cancer_STANDARDNORMAL;model_scores_accuracy_Cervical Cancer_STANDARDNORMAL;model_scores_f1_score_Cervical Cancer_STANDARDNORMAL;model_scores_roc_auc_score_Cervical Cancer_STANDARDNORMAL;model_scores_runtime_Cervical Cancer_STANDARDNORMAL;dt_scores_soft_binary_crossentropy_['uniform', 'normal', 'gamma', 'beta', 'poisson']_Brest Cancer Wisconsin_STANDARDNORMAL;dt_scores_binary_crossentropy_['uniform', 'normal', 'gamma', 'beta', 'poisson']_Brest Cancer Wisconsin_STANDARDNORMAL;dt_scores_accuracy_['uniform', 'normal', 'gamma', 'beta', 'poisson']_Brest Cancer Wisconsin_STANDARDNORMAL;dt_scores_f1_score_['uniform', 'normal', 'gamma', 'beta', 'poisson']_Brest Cancer Wisconsin_STANDARDNORMAL;dt_scores_roc_auc_score_['uniform', 'normal', 'gamma', 'beta', 'poisson']_Brest Cancer Wisconsin_STANDARDNORMAL;dt_scores_soft_binary_crossentropy_data_random_['uniform', 'normal', 'gamma', 'beta', 'poisson']_Brest Cancer Wisconsin_STANDARDNORMAL;dt_scores_binary_crossentropy_data_random_['uniform', 'normal', 'gamma', 'beta', 'poisson']_Brest Cancer Wisconsin_STANDARDNORMAL;dt_scores_accuracy_data_random_['uniform', 'normal', 'gamma', 'beta', 'poisson']_Brest Cancer Wisconsin_STANDARDNORMAL;dt_scores_f1_score_data_random_['uniform', 'normal', 'gamma', 'beta', 'poisson']_Brest Cancer Wisconsin_STANDARDNORMAL;dt_scores_roc_auc_score_data_random_['uniform', 'normal', 'gamma', 'beta', 'poisson']_Brest Cancer Wisconsin_STANDARDNORMAL;dt_scores_runtime_['uniform', 'normal', 'gamma', 'beta', 'poisson']_Brest Cancer Wisconsin_STANDARDNORMAL;dt_scores_soft_binary_crossentropy_Brest Cancer Wisconsin_STANDARDNORMAL;dt_scores_binary_crossentropy_Brest Cancer Wisconsin_STANDARDNORMAL;dt_scores_accuracy_Brest Cancer Wisconsin_STANDARDNORMAL;dt_scores_f1_score_Brest Cancer Wisconsin_STANDARDNORMAL;dt_scores_roc_auc_score_Brest Cancer Wisconsin_STANDARDNORMAL;dt_scores_soft_binary_crossentropy_data_random_Brest Cancer Wisconsin_STANDARDNORMAL;dt_scores_binary_crossentropy_data_random_Brest Cancer Wisconsin_STANDARDNORMAL;dt_scores_accuracy_data_random_Brest Cancer Wisconsin_STANDARDNORMAL;dt_scores_f1_score_data_random_Brest Cancer Wisconsin_STANDARDNORMAL;dt_scores_roc_auc_score_data_random_Brest Cancer Wisconsin_STANDARDNORMAL;dt_scores_soft_binary_crossentropy_std_Brest Cancer Wisconsin_STANDARDNORMAL;dt_scores_binary_crossentropy_std_Brest Cancer Wisconsin_STANDARDNORMAL;dt_scores_accuracy_std_Brest Cancer Wisconsin_STANDARDNORMAL;dt_scores_f1_score_std_Brest Cancer Wisconsin_STANDARDNORMAL;dt_scores_roc_auc_score_std_Brest Cancer Wisconsin_STANDARDNORMAL;dt_scores_soft_binary_crossentropy_data_random_std_Brest Cancer Wisconsin_STANDARDNORMAL;dt_scores_binary_crossentropy_data_random_std_Brest Cancer Wisconsin_STANDARDNORMAL;dt_scores_accuracy_data_random_std_Brest Cancer Wisconsin_STANDARDNORMAL;dt_scores_f1_score_data_random_std_Brest Cancer Wisconsin_STANDARDNORMAL;dt_scores_roc_auc_score_data_random_std_Brest Cancer Wisconsin_STANDARDNORMAL;dt_scores_runtime_Brest Cancer Wisconsin_STANDARDNORMAL;inet_scores_soft_binary_crossentropy_Brest Cancer Wisconsin_STANDARDNORMAL;inet_scores_binary_crossentropy_Brest Cancer Wisconsin_STANDARDNORMAL;inet_scores_accuracy_Brest Cancer Wisconsin_STANDARDNORMAL;inet_scores_f1_score_Brest Cancer Wisconsin_STANDARDNORMAL;inet_scores_roc_auc_score_Brest Cancer Wisconsin_STANDARDNORMAL;inet_scores_runtime_Brest Cancer Wisconsin_STANDARDNORMAL;model_scores_soft_binary_crossentropy_Brest Cancer Wisconsin_STANDARDNORMAL;model_scores_binary_crossentropy_Brest Cancer Wisconsin_STANDARDNORMAL;model_scores_accuracy_Brest Cancer Wisconsin_STANDARDNORMAL;model_scores_f1_score_Brest Cancer Wisconsin_STANDARDNORMAL;model_scores_roc_auc_score_Brest Cancer Wisconsin_STANDARDNORMAL;model_scores_runtime_Brest Cancer Wisconsin_STANDARDNORMAL;dt_scores_soft_binary_crossentropy_['uniform', 'normal', 'gamma', 'beta', 'poisson']_Wisconsin Diagnostic Breast Cancer_STANDARDNORMAL;dt_scores_binary_crossentropy_['uniform', 'normal', 'gamma', 'beta', 'poisson']_Wisconsin Diagnostic Breast Cancer_STANDARDNORMAL;dt_scores_accuracy_['uniform', 'normal', 'gamma', 'beta', 'poisson']_Wisconsin Diagnostic Breast Cancer_STANDARDNORMAL;dt_scores_f1_score_['uniform', 'normal', 'gamma', 'beta', 'poisson']_Wisconsin Diagnostic Breast Cancer_STANDARDNORMAL;dt_scores_roc_auc_score_['uniform', 'normal', 'gamma', 'beta', 'poisson']_Wisconsin Diagnostic Breast Cancer_STANDARDNORMAL;dt_scores_soft_binary_crossentropy_data_random_['uniform', 'normal', 'gamma', 'beta', 'poisson']_Wisconsin Diagnostic Breast Cancer_STANDARDNORMAL;dt_scores_binary_crossentropy_data_random_['uniform', 'normal', 'gamma', 'beta', 'poisson']_Wisconsin Diagnostic Breast Cancer_STANDARDNORMAL;dt_scores_accuracy_data_random_['uniform', 'normal', 'gamma', 'beta', 'poisson']_Wisconsin Diagnostic Breast Cancer_STANDARDNORMAL;dt_scores_f1_score_data_random_['uniform', 'normal', 'gamma', 'beta', 'poisson']_Wisconsin Diagnostic Breast Cancer_STANDARDNORMAL;dt_scores_roc_auc_score_data_random_['uniform', 'normal', 'gamma', 'beta', 'poisson']_Wisconsin Diagnostic Breast Cancer_STANDARDNORMAL;dt_scores_runtime_['uniform', 'normal', 'gamma', 'beta', 'poisson']_Wisconsin Diagnostic Breast Cancer_STANDARDNORMAL;dt_scores_soft_binary_crossentropy_Wisconsin Diagnostic Breast Cancer_STANDARDNORMAL;dt_scores_binary_crossentropy_Wisconsin Diagnostic Breast Cancer_STANDARDNORMAL;dt_scores_accuracy_Wisconsin Diagnostic Breast Cancer_STANDARDNORMAL;dt_scores_f1_score_Wisconsin Diagnostic Breast Cancer_STANDARDNORMAL;dt_scores_roc_auc_score_Wisconsin Diagnostic Breast Cancer_STANDARDNORMAL;dt_scores_soft_binary_crossentropy_data_random_Wisconsin Diagnostic Breast Cancer_STANDARDNORMAL;dt_scores_binary_crossentropy_data_random_Wisconsin Diagnostic Breast Cancer_STANDARDNORMAL;dt_scores_accuracy_data_random_Wisconsin Diagnostic Breast Cancer_STANDARDNORMAL;dt_scores_f1_score_data_random_Wisconsin Diagnostic Breast Cancer_STANDARDNORMAL;dt_scores_roc_auc_score_data_random_Wisconsin Diagnostic Breast Cancer_STANDARDNORMAL;dt_scores_soft_binary_crossentropy_std_Wisconsin Diagnostic Breast Cancer_STANDARDNORMAL;dt_scores_binary_crossentropy_std_Wisconsin Diagnostic Breast Cancer_STANDARDNORMAL;dt_scores_accuracy_std_Wisconsin Diagnostic Breast Cancer_STANDARDNORMAL;dt_scores_f1_score_std_Wisconsin Diagnostic Breast Cancer_STANDARDNORMAL;dt_scores_roc_auc_score_std_Wisconsin Diagnostic Breast Cancer_STANDARDNORMAL;dt_scores_soft_binary_crossentropy_data_random_std_Wisconsin Diagnostic Breast Cancer_STANDARDNORMAL;dt_scores_binary_crossentropy_data_random_std_Wisconsin Diagnostic Breast Cancer_STANDARDNORMAL;dt_scores_accuracy_data_random_std_Wisconsin Diagnostic Breast Cancer_STANDARDNORMAL;dt_scores_f1_score_data_random_std_Wisconsin Diagnostic Breast Cancer_STANDARDNORMAL;dt_scores_roc_auc_score_data_random_std_Wisconsin Diagnostic Breast Cancer_STANDARDNORMAL;dt_scores_runtime_Wisconsin Diagnostic Breast Cancer_STANDARDNORMAL;inet_scores_soft_binary_crossentropy_Wisconsin Diagnostic Breast Cancer_STANDARDNORMAL;inet_scores_binary_crossentropy_Wisconsin Diagnostic Breast Cancer_STANDARDNORMAL;inet_scores_accuracy_Wisconsin Diagnostic Breast Cancer_STANDARDNORMAL;inet_scores_f1_score_Wisconsin Diagnostic Breast Cancer_STANDARDNORMAL;inet_scores_roc_auc_score_Wisconsin Diagnostic Breast Cancer_STANDARDNORMAL;inet_scores_runtime_Wisconsin Diagnostic Breast Cancer_STANDARDNORMAL;model_scores_soft_binary_crossentropy_Wisconsin Diagnostic Breast Cancer_STANDARDNORMAL;model_scores_binary_crossentropy_Wisconsin Diagnostic Breast Cancer_STANDARDNORMAL;model_scores_accuracy_Wisconsin Diagnostic Breast Cancer_STANDARDNORMAL;model_scores_f1_score_Wisconsin Diagnostic Breast Cancer_STANDARDNORMAL;model_scores_roc_auc_score_Wisconsin Diagnostic Breast Cancer_STANDARDNORMAL;model_scores_runtime_Wisconsin Diagnostic Breast Cancer_STANDARDNORMAL;dt_scores_soft_binary_crossentropy_['uniform', 'normal', 'gamma', 'beta', 'poisson']_Wisconsin Prognostic Breast Cancer_STANDARDNORMAL;dt_scores_binary_crossentropy_['uniform', 'normal', 'gamma', 'beta', 'poisson']_Wisconsin Prognostic Breast Cancer_STANDARDNORMAL;dt_scores_accuracy_['uniform', 'normal', 'gamma', 'beta', 'poisson']_Wisconsin Prognostic Breast Cancer_STANDARDNORMAL;dt_scores_f1_score_['uniform', 'normal', 'gamma', 'beta', 'poisson']_Wisconsin Prognostic Breast Cancer_STANDARDNORMAL;dt_scores_roc_auc_score_['uniform', 'normal', 'gamma', 'beta', 'poisson']_Wisconsin Prognostic Breast Cancer_STANDARDNORMAL;dt_scores_soft_binary_crossentropy_data_random_['uniform', 'normal', 'gamma', 'beta', 'poisson']_Wisconsin Prognostic Breast Cancer_STANDARDNORMAL;dt_scores_binary_crossentropy_data_random_['uniform', 'normal', 'gamma', 'beta', 'poisson']_Wisconsin Prognostic Breast Cancer_STANDARDNORMAL;dt_scores_accuracy_data_random_['uniform', 'normal', 'gamma', 'beta', 'poisson']_Wisconsin Prognostic Breast Cancer_STANDARDNORMAL;dt_scores_f1_score_data_random_['uniform', 'normal', 'gamma', 'beta', 'poisson']_Wisconsin Prognostic Breast Cancer_STANDARDNORMAL;dt_scores_roc_auc_score_data_random_['uniform', 'normal', 'gamma', 'beta', 'poisson']_Wisconsin Prognostic Breast Cancer_STANDARDNORMAL;dt_scores_runtime_['uniform', 'normal', 'gamma', 'beta', 'poisson']_Wisconsin Prognostic Breast Cancer_STANDARDNORMAL;dt_scores_soft_binary_crossentropy_Wisconsin Prognostic Breast Cancer_STANDARDNORMAL;dt_scores_binary_crossentropy_Wisconsin Prognostic Breast Cancer_STANDARDNORMAL;dt_scores_accuracy_Wisconsin Prognostic Breast Cancer_STANDARDNORMAL;dt_scores_f1_score_Wisconsin Prognostic Breast Cancer_STANDARDNORMAL;dt_scores_roc_auc_score_Wisconsin Prognostic Breast Cancer_STANDARDNORMAL;dt_scores_soft_binary_crossentropy_data_random_Wisconsin Prognostic Breast Cancer_STANDARDNORMAL;dt_scores_binary_crossentropy_data_random_Wisconsin Prognostic Breast Cancer_STANDARDNORMAL;dt_scores_accuracy_data_random_Wisconsin Prognostic Breast Cancer_STANDARDNORMAL;dt_scores_f1_score_data_random_Wisconsin Prognostic Breast Cancer_STANDARDNORMAL;dt_scores_roc_auc_score_data_random_Wisconsin Prognostic Breast Cancer_STANDARDNORMAL;dt_scores_soft_binary_crossentropy_std_Wisconsin Prognostic Breast Cancer_STANDARDNORMAL;dt_scores_binary_crossentropy_std_Wisconsin Prognostic Breast Cancer_STANDARDNORMAL;dt_scores_accuracy_std_Wisconsin Prognostic Breast Cancer_STANDARDNORMAL;dt_scores_f1_score_std_Wisconsin Prognostic Breast Cancer_STANDARDNORMAL;dt_scores_roc_auc_score_std_Wisconsin Prognostic Breast Cancer_STANDARDNORMAL;dt_scores_soft_binary_crossentropy_data_random_std_Wisconsin Prognostic Breast Cancer_STANDARDNORMAL;dt_scores_binary_crossentropy_data_random_std_Wisconsin Prognostic Breast Cancer_STANDARDNORMAL;dt_scores_accuracy_data_random_std_Wisconsin Prognostic Breast Cancer_STANDARDNORMAL;dt_scores_f1_score_data_random_std_Wisconsin Prognostic Breast Cancer_STANDARDNORMAL;dt_scores_roc_auc_score_data_random_std_Wisconsin Prognostic Breast Cancer_STANDARDNORMAL;dt_scores_runtime_Wisconsin Prognostic Breast Cancer_STANDARDNORMAL;inet_scores_soft_binary_crossentropy_Wisconsin Prognostic Breast Cancer_STANDARDNORMAL;inet_scores_binary_crossentropy_Wisconsin Prognostic Breast Cancer_STANDARDNORMAL;inet_scores_accuracy_Wisconsin Prognostic Breast Cancer_STANDARDNORMAL;inet_scores_f1_score_Wisconsin Prognostic Breast Cancer_STANDARDNORMAL;inet_scores_roc_auc_score_Wisconsin Prognostic Breast Cancer_STANDARDNORMAL;inet_scores_runtime_Wisconsin Prognostic Breast Cancer_STANDARDNORMAL;model_scores_soft_binary_crossentropy_Wisconsin Prognostic Breast Cancer_STANDARDNORMAL;model_scores_binary_crossentropy_Wisconsin Prognostic Breast Cancer_STANDARDNORMAL;model_scores_accuracy_Wisconsin Prognostic Breast Cancer_STANDARDNORMAL;model_scores_f1_score_Wisconsin Prognostic Breast Cancer_STANDARDNORMAL;model_scores_roc_auc_score_Wisconsin Prognostic Breast Cancer_STANDARDNORMAL;model_scores_runtime_Wisconsin Prognostic Breast Cancer_STANDARDNORMAL;dt_scores_soft_binary_crossentropy_['uniform', 'normal', 'gamma', 'beta', 'poisson']_Abalone_STANDARDNORMAL;dt_scores_binary_crossentropy_['uniform', 'normal', 'gamma', 'beta', 'poisson']_Abalone_STANDARDNORMAL;dt_scores_accuracy_['uniform', 'normal', 'gamma', 'beta', 'poisson']_Abalone_STANDARDNORMAL;dt_scores_f1_score_['uniform', 'normal', 'gamma', 'beta', 'poisson']_Abalone_STANDARDNORMAL;dt_scores_roc_auc_score_['uniform', 'normal', 'gamma', 'beta', 'poisson']_Abalone_STANDARDNORMAL;dt_scores_soft_binary_crossentropy_data_random_['uniform', 'normal', 'gamma', 'beta', 'poisson']_Abalone_STANDARDNORMAL;dt_scores_binary_crossentropy_data_random_['uniform', 'normal', 'gamma', 'beta', 'poisson']_Abalone_STANDARDNORMAL;dt_scores_accuracy_data_random_['uniform', 'normal', 'gamma', 'beta', 'poisson']_Abalone_STANDARDNORMAL;dt_scores_f1_score_data_random_['uniform', 'normal', 'gamma', 'beta', 'poisson']_Abalone_STANDARDNORMAL;dt_scores_roc_auc_score_data_random_['uniform', 'normal', 'gamma', 'beta', 'poisson']_Abalone_STANDARDNORMAL;dt_scores_runtime_['uniform', 'normal', 'gamma', 'beta', 'poisson']_Abalone_STANDARDNORMAL;dt_scores_soft_binary_crossentropy_Abalone_STANDARDNORMAL;dt_scores_binary_crossentropy_Abalone_STANDARDNORMAL;dt_scores_accuracy_Abalone_STANDARDNORMAL;dt_scores_f1_score_Abalone_STANDARDNORMAL;dt_scores_roc_auc_score_Abalone_STANDARDNORMAL;dt_scores_soft_binary_crossentropy_data_random_Abalone_STANDARDNORMAL;dt_scores_binary_crossentropy_data_random_Abalone_STANDARDNORMAL;dt_scores_accuracy_data_random_Abalone_STANDARDNORMAL;dt_scores_f1_score_data_random_Abalone_STANDARDNORMAL;dt_scores_roc_auc_score_data_random_Abalone_STANDARDNORMAL;dt_scores_soft_binary_crossentropy_std_Abalone_STANDARDNORMAL;dt_scores_binary_crossentropy_std_Abalone_STANDARDNORMAL;dt_scores_accuracy_std_Abalone_STANDARDNORMAL;dt_scores_f1_score_std_Abalone_STANDARDNORMAL;dt_scores_roc_auc_score_std_Abalone_STANDARDNORMAL;dt_scores_soft_binary_crossentropy_data_random_std_Abalone_STANDARDNORMAL;dt_scores_binary_crossentropy_data_random_std_Abalone_STANDARDNORMAL;dt_scores_accuracy_data_random_std_Abalone_STANDARDNORMAL;dt_scores_f1_score_data_random_std_Abalone_STANDARDNORMAL;dt_scores_roc_auc_score_data_random_std_Abalone_STANDARDNORMAL;dt_scores_runtime_Abalone_STANDARDNORMAL;inet_scores_soft_binary_crossentropy_Abalone_STANDARDNORMAL;inet_scores_binary_crossentropy_Abalone_STANDARDNORMAL;inet_scores_accuracy_Abalone_STANDARDNORMAL;inet_scores_f1_score_Abalone_STANDARDNORMAL;inet_scores_roc_auc_score_Abalone_STANDARDNORMAL;inet_scores_runtime_Abalone_STANDARDNORMAL;model_scores_soft_binary_crossentropy_Abalone_STANDARDNORMAL;model_scores_binary_crossentropy_Abalone_STANDARDNORMAL;model_scores_accuracy_Abalone_STANDARDNORMAL;model_scores_f1_score_Abalone_STANDARDNORMAL;model_scores_roc_auc_score_Abalone_STANDARDNORMAL;model_scores_runtime_Abalone_STANDARDNORMAL;dt_scores_soft_binary_crossentropy_['uniform', 'normal', 'gamma', 'beta', 'poisson']_Car_STANDARDNORMAL;dt_scores_binary_crossentropy_['uniform', 'normal', 'gamma', 'beta', 'poisson']_Car_STANDARDNORMAL;dt_scores_accuracy_['uniform', 'normal', 'gamma', 'beta', 'poisson']_Car_STANDARDNORMAL;dt_scores_f1_score_['uniform', 'normal', 'gamma', 'beta', 'poisson']_Car_STANDARDNORMAL;dt_scores_roc_auc_score_['uniform', 'normal', 'gamma', 'beta', 'poisson']_Car_STANDARDNORMAL;dt_scores_soft_binary_crossentropy_data_random_['uniform', 'normal', 'gamma', 'beta', 'poisson']_Car_STANDARDNORMAL;dt_scores_binary_crossentropy_data_random_['uniform', 'normal', 'gamma', 'beta', 'poisson']_Car_STANDARDNORMAL;dt_scores_accuracy_data_random_['uniform', 'normal', 'gamma', 'beta', 'poisson']_Car_STANDARDNORMAL;dt_scores_f1_score_data_random_['uniform', 'normal', 'gamma', 'beta', 'poisson']_Car_STANDARDNORMAL;dt_scores_roc_auc_score_data_random_['uniform', 'normal', 'gamma', 'beta', 'poisson']_Car_STANDARDNORMAL;dt_scores_runtime_['uniform', 'normal', 'gamma', 'beta', 'poisson']_Car_STANDARDNORMAL;dt_scores_soft_binary_crossentropy_Car_STANDARDNORMAL;dt_scores_binary_crossentropy_Car_STANDARDNORMAL;dt_scores_accuracy_Car_STANDARDNORMAL;dt_scores_f1_score_Car_STANDARDNORMAL;dt_scores_roc_auc_score_Car_STANDARDNORMAL;dt_scores_soft_binary_crossentropy_data_random_Car_STANDARDNORMAL;dt_scores_binary_crossentropy_data_random_Car_STANDARDNORMAL;dt_scores_accuracy_data_random_Car_STANDARDNORMAL;dt_scores_f1_score_data_random_Car_STANDARDNORMAL;dt_scores_roc_auc_score_data_random_Car_STANDARDNORMAL;dt_scores_soft_binary_crossentropy_std_Car_STANDARDNORMAL;dt_scores_binary_crossentropy_std_Car_STANDARDNORMAL;dt_scores_accuracy_std_Car_STANDARDNORMAL;dt_scores_f1_score_std_Car_STANDARDNORMAL;dt_scores_roc_auc_score_std_Car_STANDARDNORMAL;dt_scores_soft_binary_crossentropy_data_random_std_Car_STANDARDNORMAL;dt_scores_binary_crossentropy_data_random_std_Car_STANDARDNORMAL;dt_scores_accuracy_data_random_std_Car_STANDARDNORMAL;dt_scores_f1_score_data_random_std_Car_STANDARDNORMAL;dt_scores_roc_auc_score_data_random_std_Car_STANDARDNORMAL;dt_scores_runtime_Car_STANDARDNORMAL;inet_scores_soft_binary_crossentropy_Car_STANDARDNORMAL;inet_scores_binary_crossentropy_Car_STANDARDNORMAL;inet_scores_accuracy_Car_STANDARDNORMAL;inet_scores_f1_score_Car_STANDARDNORMAL;inet_scores_roc_auc_score_Car_STANDARDNORMAL;inet_scores_runtime_Car_STANDARDNORMAL;model_scores_soft_binary_crossentropy_Car_STANDARDNORMAL;model_scores_binary_crossentropy_Car_STANDARDNORMAL;model_scores_accuracy_Car_STANDARDNORMAL;model_scores_f1_score_Car_STANDARDNORMAL;model_scores_roc_auc_score_Car_STANDARDNORMAL;model_scores_runtime_Car_STANDARDNORMAL;dt_scores_soft_binary_crossentropy_['uniform', 'normal', 'gamma', 'beta', 'poisson']_Heart Disease_STANDARDNORMAL;dt_scores_binary_crossentropy_['uniform', 'normal', 'gamma', 'beta', 'poisson']_Heart Disease_STANDARDNORMAL;dt_scores_accuracy_['uniform', 'normal', 'gamma', 'beta', 'poisson']_Heart Disease_STANDARDNORMAL;dt_scores_f1_score_['uniform', 'normal', 'gamma', 'beta', 'poisson']_Heart Disease_STANDARDNORMAL;dt_scores_roc_auc_score_['uniform', 'normal', 'gamma', 'beta', 'poisson']_Heart Disease_STANDARDNORMAL;dt_scores_soft_binary_crossentropy_data_random_['uniform', 'normal', 'gamma', 'beta', 'poisson']_Heart Disease_STANDARDNORMAL;dt_scores_binary_crossentropy_data_random_['uniform', 'normal', 'gamma', 'beta', 'poisson']_Heart Disease_STANDARDNORMAL;dt_scores_accuracy_data_random_['uniform', 'normal', 'gamma', 'beta', 'poisson']_Heart Disease_STANDARDNORMAL;dt_scores_f1_score_data_random_['uniform', 'normal', 'gamma', 'beta', 'poisson']_Heart Disease_STANDARDNORMAL;dt_scores_roc_auc_score_data_random_['uniform', 'normal', 'gamma', 'beta', 'poisson']_Heart Disease_STANDARDNORMAL;dt_scores_runtime_['uniform', 'normal', 'gamma', 'beta', 'poisson']_Heart Disease_STANDARDNORMAL;dt_scores_soft_binary_crossentropy_Heart Disease_STANDARDNORMAL;dt_scores_binary_crossentropy_Heart Disease_STANDARDNORMAL;dt_scores_accuracy_Heart Disease_STANDARDNORMAL;dt_scores_f1_score_Heart Disease_STANDARDNORMAL;dt_scores_roc_auc_score_Heart Disease_STANDARDNORMAL;dt_scores_soft_binary_crossentropy_data_random_Heart Disease_STANDARDNORMAL;dt_scores_binary_crossentropy_data_random_Heart Disease_STANDARDNORMAL;dt_scores_accuracy_data_random_Heart Disease_STANDARDNORMAL;dt_scores_f1_score_data_random_Heart Disease_STANDARDNORMAL;dt_scores_roc_auc_score_data_random_Heart Disease_STANDARDNORMAL;dt_scores_soft_binary_crossentropy_std_Heart Disease_STANDARDNORMAL;dt_scores_binary_crossentropy_std_Heart Disease_STANDARDNORMAL;dt_scores_accuracy_std_Heart Disease_STANDARDNORMAL;dt_scores_f1_score_std_Heart Disease_STANDARDNORMAL;dt_scores_roc_auc_score_std_Heart Disease_STANDARDNORMAL;dt_scores_soft_binary_crossentropy_data_random_std_Heart Disease_STANDARDNORMAL;dt_scores_binary_crossentropy_data_random_std_Heart Disease_STANDARDNORMAL;dt_scores_accuracy_data_random_std_Heart Disease_STANDARDNORMAL;dt_scores_f1_score_data_random_std_Heart Disease_STANDARDNORMAL;dt_scores_roc_auc_score_data_random_std_Heart Disease_STANDARDNORMAL;dt_scores_runtime_Heart Disease_STANDARDNORMAL;inet_scores_soft_binary_crossentropy_Heart Disease_STANDARDNORMAL;inet_scores_binary_crossentropy_Heart Disease_STANDARDNORMAL;inet_scores_accuracy_Heart Disease_STANDARDNORMAL;inet_scores_f1_score_Heart Disease_STANDARDNORMAL;inet_scores_roc_auc_score_Heart Disease_STANDARDNORMAL;inet_scores_runtime_Heart Disease_STANDARDNORMAL;model_scores_soft_binary_crossentropy_Heart Disease_STANDARDNORMAL;model_scores_binary_crossentropy_Heart Disease_STANDARDNORMAL;model_scores_accuracy_Heart Disease_STANDARDNORMAL;model_scores_f1_score_Heart Disease_STANDARDNORMAL;model_scores_roc_auc_score_Heart Disease_STANDARDNORMAL;model_scores_runtime_Heart Disease_STANDARDNORMAL;dt_scores_soft_binary_crossentropy_['uniform', 'normal', 'gamma', 'beta', 'poisson']_Credit Card_STANDARDNORMAL;dt_scores_binary_crossentropy_['uniform', 'normal', 'gamma', 'beta', 'poisson']_Credit Card_STANDARDNORMAL;dt_scores_accuracy_['uniform', 'normal', 'gamma', 'beta', 'poisson']_Credit Card_STANDARDNORMAL;dt_scores_f1_score_['uniform', 'normal', 'gamma', 'beta', 'poisson']_Credit Card_STANDARDNORMAL;dt_scores_roc_auc_score_['uniform', 'normal', 'gamma', 'beta', 'poisson']_Credit Card_STANDARDNORMAL;dt_scores_soft_binary_crossentropy_data_random_['uniform', 'normal', 'gamma', 'beta', 'poisson']_Credit Card_STANDARDNORMAL;dt_scores_binary_crossentropy_data_random_['uniform', 'normal', 'gamma', 'beta', 'poisson']_Credit Card_STANDARDNORMAL;dt_scores_accuracy_data_random_['uniform', 'normal', 'gamma', 'beta', 'poisson']_Credit Card_STANDARDNORMAL;dt_scores_f1_score_data_random_['uniform', 'normal', 'gamma', 'beta', 'poisson']_Credit Card_STANDARDNORMAL;dt_scores_roc_auc_score_data_random_['uniform', 'normal', 'gamma', 'beta', 'poisson']_Credit Card_STANDARDNORMAL;dt_scores_runtime_['uniform', 'normal', 'gamma', 'beta', 'poisson']_Credit Card_STANDARDNORMAL;dt_scores_soft_binary_crossentropy_Credit Card_STANDARDNORMAL;dt_scores_binary_crossentropy_Credit Card_STANDARDNORMAL;dt_scores_accuracy_Credit Card_STANDARDNORMAL;dt_scores_f1_score_Credit Card_STANDARDNORMAL;dt_scores_roc_auc_score_Credit Card_STANDARDNORMAL;dt_scores_soft_binary_crossentropy_data_random_Credit Card_STANDARDNORMAL;dt_scores_binary_crossentropy_data_random_Credit Card_STANDARDNORMAL;dt_scores_accuracy_data_random_Credit Card_STANDARDNORMAL;dt_scores_f1_score_data_random_Credit Card_STANDARDNORMAL;dt_scores_roc_auc_score_data_random_Credit Card_STANDARDNORMAL;dt_scores_soft_binary_crossentropy_std_Credit Card_STANDARDNORMAL;dt_scores_binary_crossentropy_std_Credit Card_STANDARDNORMAL;dt_scores_accuracy_std_Credit Card_STANDARDNORMAL;dt_scores_f1_score_std_Credit Card_STANDARDNORMAL;dt_scores_roc_auc_score_std_Credit Card_STANDARDNORMAL;dt_scores_soft_binary_crossentropy_data_random_std_Credit Card_STANDARDNORMAL;dt_scores_binary_crossentropy_data_random_std_Credit Card_STANDARDNORMAL;dt_scores_accuracy_data_random_std_Credit Card_STANDARDNORMAL;dt_scores_f1_score_data_random_std_Credit Card_STANDARDNORMAL;dt_scores_roc_auc_score_data_random_std_Credit Card_STANDARDNORMAL;dt_scores_runtime_Credit Card_STANDARDNORMAL;inet_scores_soft_binary_crossentropy_Credit Card_STANDARDNORMAL;inet_scores_binary_crossentropy_Credit Card_STANDARDNORMAL;inet_scores_accuracy_Credit Card_STANDARDNORMAL;inet_scores_f1_score_Credit Card_STANDARDNORMAL;inet_scores_roc_auc_score_Credit Card_STANDARDNORMAL;inet_scores_runtime_Credit Card_STANDARDNORMAL;model_scores_soft_binary_crossentropy_Credit Card_STANDARDNORMAL;model_scores_binary_crossentropy_Credit Card_STANDARDNORMAL;model_scores_accuracy_Credit Card_STANDARDNORMAL;model_scores_f1_score_Credit Card_STANDARDNORMAL;model_scores_roc_auc_score_Credit Card_STANDARDNORMAL;model_scores_runtime_Credit Card_STANDARDNORMAL;dt_scores_soft_binary_crossentropy_['uniform', 'normal', 'gamma', 'beta', 'poisson']_Haberman_STANDARDNORMAL;dt_scores_binary_crossentropy_['uniform', 'normal', 'gamma', 'beta', 'poisson']_Haberman_STANDARDNORMAL;dt_scores_accuracy_['uniform', 'normal', 'gamma', 'beta', 'poisson']_Haberman_STANDARDNORMAL;dt_scores_f1_score_['uniform', 'normal', 'gamma', 'beta', 'poisson']_Haberman_STANDARDNORMAL;dt_scores_roc_auc_score_['uniform', 'normal', 'gamma', 'beta', 'poisson']_Haberman_STANDARDNORMAL;dt_scores_soft_binary_crossentropy_data_random_['uniform', 'normal', 'gamma', 'beta', 'poisson']_Haberman_STANDARDNORMAL;dt_scores_binary_crossentropy_data_random_['uniform', 'normal', 'gamma', 'beta', 'poisson']_Haberman_STANDARDNORMAL;dt_scores_accuracy_data_random_['uniform', 'normal', 'gamma', 'beta', 'poisson']_Haberman_STANDARDNORMAL;dt_scores_f1_score_data_random_['uniform', 'normal', 'gamma', 'beta', 'poisson']_Haberman_STANDARDNORMAL;dt_scores_roc_auc_score_data_random_['uniform', 'normal', 'gamma', 'beta', 'poisson']_Haberman_STANDARDNORMAL;dt_scores_runtime_['uniform', 'normal', 'gamma', 'beta', 'poisson']_Haberman_STANDARDNORMAL;dt_scores_soft_binary_crossentropy_Haberman_STANDARDNORMAL;dt_scores_binary_crossentropy_Haberman_STANDARDNORMAL;dt_scores_accuracy_Haberman_STANDARDNORMAL;dt_scores_f1_score_Haberman_STANDARDNORMAL;dt_scores_roc_auc_score_Haberman_STANDARDNORMAL;dt_scores_soft_binary_crossentropy_data_random_Haberman_STANDARDNORMAL;dt_scores_binary_crossentropy_data_random_Haberman_STANDARDNORMAL;dt_scores_accuracy_data_random_Haberman_STANDARDNORMAL;dt_scores_f1_score_data_random_Haberman_STANDARDNORMAL;dt_scores_roc_auc_score_data_random_Haberman_STANDARDNORMAL;dt_scores_soft_binary_crossentropy_std_Haberman_STANDARDNORMAL;dt_scores_binary_crossentropy_std_Haberman_STANDARDNORMAL;dt_scores_accuracy_std_Haberman_STANDARDNORMAL;dt_scores_f1_score_std_Haberman_STANDARDNORMAL;dt_scores_roc_auc_score_std_Haberman_STANDARDNORMAL;dt_scores_soft_binary_crossentropy_data_random_std_Haberman_STANDARDNORMAL;dt_scores_binary_crossentropy_data_random_std_Haberman_STANDARDNORMAL;dt_scores_accuracy_data_random_std_Haberman_STANDARDNORMAL;dt_scores_f1_score_data_random_std_Haberman_STANDARDNORMAL;dt_scores_roc_auc_score_data_random_std_Haberman_STANDARDNORMAL;dt_scores_runtime_Haberman_STANDARDNORMAL;inet_scores_soft_binary_crossentropy_Haberman_STANDARDNORMAL;inet_scores_binary_crossentropy_Haberman_STANDARDNORMAL;inet_scores_accuracy_Haberman_STANDARDNORMAL;inet_scores_f1_score_Haberman_STANDARDNORMAL;inet_scores_roc_auc_score_Haberman_STANDARDNORMAL;inet_scores_runtime_Haberman_STANDARDNORMAL;model_scores_soft_binary_crossentropy_Haberman_STANDARDNORMAL;model_scores_binary_crossentropy_Haberman_STANDARDNORMAL;model_scores_accuracy_Haberman_STANDARDNORMAL;model_scores_f1_score_Haberman_STANDARDNORMAL;model_scores_roc_auc_score_Haberman_STANDARDNORMAL;model_scores_runtime_Haberman_STANDARDNORMAL;dt_scores_soft_binary_crossentropy_['uniform', 'normal', 'gamma', 'beta', 'poisson']_Adult_STANDARDNORMAL;dt_scores_binary_crossentropy_['uniform', 'normal', 'gamma', 'beta', 'poisson']_Adult_STANDARDNORMAL;dt_scores_accuracy_['uniform', 'normal', 'gamma', 'beta', 'poisson']_Adult_STANDARDNORMAL;dt_scores_f1_score_['uniform', 'normal', 'gamma', 'beta', 'poisson']_Adult_STANDARDNORMAL;dt_scores_roc_auc_score_['uniform', 'normal', 'gamma', 'beta', 'poisson']_Adult_STANDARDNORMAL;dt_scores_soft_binary_crossentropy_data_random_['uniform', 'normal', 'gamma', 'beta', 'poisson']_Adult_STANDARDNORMAL;dt_scores_binary_crossentropy_data_random_['uniform', 'normal', 'gamma', 'beta', 'poisson']_Adult_STANDARDNORMAL;dt_scores_accuracy_data_random_['uniform', 'normal', 'gamma', 'beta', 'poisson']_Adult_STANDARDNORMAL;dt_scores_f1_score_data_random_['uniform', 'normal', 'gamma', 'beta', 'poisson']_Adult_STANDARDNORMAL;dt_scores_roc_auc_score_data_random_['uniform', 'normal', 'gamma', 'beta', 'poisson']_Adult_STANDARDNORMAL;dt_scores_runtime_['uniform', 'normal', 'gamma', 'beta', 'poisson']_Adult_STANDARDNORMAL;dt_scores_soft_binary_crossentropy_Adult_STANDARDNORMAL;dt_scores_binary_crossentropy_Adult_STANDARDNORMAL;dt_scores_accuracy_Adult_STANDARDNORMAL;dt_scores_f1_score_Adult_STANDARDNORMAL;dt_scores_roc_auc_score_Adult_STANDARDNORMAL;dt_scores_soft_binary_crossentropy_data_random_Adult_STANDARDNORMAL;dt_scores_binary_crossentropy_data_random_Adult_STANDARDNORMAL;dt_scores_accuracy_data_random_Adult_STANDARDNORMAL;dt_scores_f1_score_data_random_Adult_STANDARDNORMAL;dt_scores_roc_auc_score_data_random_Adult_STANDARDNORMAL;dt_scores_soft_binary_crossentropy_std_Adult_STANDARDNORMAL;dt_scores_binary_crossentropy_std_Adult_STANDARDNORMAL;dt_scores_accuracy_std_Adult_STANDARDNORMAL;dt_scores_f1_score_std_Adult_STANDARDNORMAL;dt_scores_roc_auc_score_std_Adult_STANDARDNORMAL;dt_scores_soft_binary_crossentropy_data_random_std_Adult_STANDARDNORMAL;dt_scores_binary_crossentropy_data_random_std_Adult_STANDARDNORMAL;dt_scores_accuracy_data_random_std_Adult_STANDARDNORMAL;dt_scores_f1_score_data_random_std_Adult_STANDARDNORMAL;dt_scores_roc_auc_score_data_random_std_Adult_STANDARDNORMAL;dt_scores_runtime_Adult_STANDARDNORMAL;inet_scores_soft_binary_crossentropy_Adult_STANDARDNORMAL;inet_scores_binary_crossentropy_Adult_STANDARDNORMAL;inet_scores_accuracy_Adult_STANDARDNORMAL;inet_scores_f1_score_Adult_STANDARDNORMAL;inet_scores_roc_auc_score_Adult_STANDARDNORMAL;inet_scores_runtime_Adult_STANDARDNORMAL;model_scores_soft_binary_crossentropy_Adult_STANDARDNORMAL;model_scores_binary_crossentropy_Adult_STANDARDNORMAL;model_scores_accuracy_Adult_STANDARDNORMAL;model_scores_f1_score_Adult_STANDARDNORMAL;model_scores_roc_auc_score_Adult_STANDARDNORMAL;model_scores_runtime_Adult_STANDARDNORMAL;dt_scores_soft_binary_crossentropy_['uniform', 'normal', 'gamma', 'beta', 'poisson']_Titanic_STANDARDNORMAL;dt_scores_binary_crossentropy_['uniform', 'normal', 'gamma', 'beta', 'poisson']_Titanic_STANDARDNORMAL;dt_scores_accuracy_['uniform', 'normal', 'gamma', 'beta', 'poisson']_Titanic_STANDARDNORMAL;dt_scores_f1_score_['uniform', 'normal', 'gamma', 'beta', 'poisson']_Titanic_STANDARDNORMAL;dt_scores_roc_auc_score_['uniform', 'normal', 'gamma', 'beta', 'poisson']_Titanic_STANDARDNORMAL;dt_scores_soft_binary_crossentropy_data_random_['uniform', 'normal', 'gamma', 'beta', 'poisson']_Titanic_STANDARDNORMAL;dt_scores_binary_crossentropy_data_random_['uniform', 'normal', 'gamma', 'beta', 'poisson']_Titanic_STANDARDNORMAL;dt_scores_accuracy_data_random_['uniform', 'normal', 'gamma', 'beta', 'poisson']_Titanic_STANDARDNORMAL;dt_scores_f1_score_data_random_['uniform', 'normal', 'gamma', 'beta', 'poisson']_Titanic_STANDARDNORMAL;dt_scores_roc_auc_score_data_random_['uniform', 'normal', 'gamma', 'beta', 'poisson']_Titanic_STANDARDNORMAL;dt_scores_runtime_['uniform', 'normal', 'gamma', 'beta', 'poisson']_Titanic_STANDARDNORMAL;dt_scores_soft_binary_crossentropy_Titanic_STANDARDNORMAL;dt_scores_binary_crossentropy_Titanic_STANDARDNORMAL;dt_scores_accuracy_Titanic_STANDARDNORMAL;dt_scores_f1_score_Titanic_STANDARDNORMAL;dt_scores_roc_auc_score_Titanic_STANDARDNORMAL;dt_scores_soft_binary_crossentropy_data_random_Titanic_STANDARDNORMAL;dt_scores_binary_crossentropy_data_random_Titanic_STANDARDNORMAL;dt_scores_accuracy_data_random_Titanic_STANDARDNORMAL;dt_scores_f1_score_data_random_Titanic_STANDARDNORMAL;dt_scores_roc_auc_score_data_random_Titanic_STANDARDNORMAL;dt_scores_soft_binary_crossentropy_std_Titanic_STANDARDNORMAL;dt_scores_binary_crossentropy_std_Titanic_STANDARDNORMAL;dt_scores_accuracy_std_Titanic_STANDARDNORMAL;dt_scores_f1_score_std_Titanic_STANDARDNORMAL;dt_scores_roc_auc_score_std_Titanic_STANDARDNORMAL;dt_scores_soft_binary_crossentropy_data_random_std_Titanic_STANDARDNORMAL;dt_scores_binary_crossentropy_data_random_std_Titanic_STANDARDNORMAL;dt_scores_accuracy_data_random_std_Titanic_STANDARDNORMAL;dt_scores_f1_score_data_random_std_Titanic_STANDARDNORMAL;dt_scores_roc_auc_score_data_random_std_Titanic_STANDARDNORMAL;dt_scores_runtime_Titanic_STANDARDNORMAL;inet_scores_soft_binary_crossentropy_Titanic_STANDARDNORMAL;inet_scores_binary_crossentropy_Titanic_STANDARDNORMAL;inet_scores_accuracy_Titanic_STANDARDNORMAL;inet_scores_f1_score_Titanic_STANDARDNORMAL;inet_scores_roc_auc_score_Titanic_STANDARDNORMAL;inet_scores_runtime_Titanic_STANDARDNORMAL;model_scores_soft_binary_crossentropy_Titanic_STANDARDNORMAL;model_scores_binary_crossentropy_Titanic_STANDARDNORMAL;model_scores_accuracy_Titanic_STANDARDNORMAL;model_scores_f1_score_Titanic_STANDARDNORMAL;model_scores_roc_auc_score_Titanic_STANDARDNORMAL;model_scores_runtime_Titanic_STANDARDNORMAL;dt_scores_soft_binary_crossentropy_['uniform', 'normal', 'gamma', 'beta', 'poisson']_Absenteeism_STANDARDNORMAL;dt_scores_binary_crossentropy_['uniform', 'normal', 'gamma', 'beta', 'poisson']_Absenteeism_STANDARDNORMAL;dt_scores_accuracy_['uniform', 'normal', 'gamma', 'beta', 'poisson']_Absenteeism_STANDARDNORMAL;dt_scores_f1_score_['uniform', 'normal', 'gamma', 'beta', 'poisson']_Absenteeism_STANDARDNORMAL;dt_scores_roc_auc_score_['uniform', 'normal', 'gamma', 'beta', 'poisson']_Absenteeism_STANDARDNORMAL;dt_scores_soft_binary_crossentropy_data_random_['uniform', 'normal', 'gamma', 'beta', 'poisson']_Absenteeism_STANDARDNORMAL;dt_scores_binary_crossentropy_data_random_['uniform', 'normal', 'gamma', 'beta', 'poisson']_Absenteeism_STANDARDNORMAL;dt_scores_accuracy_data_random_['uniform', 'normal', 'gamma', 'beta', 'poisson']_Absenteeism_STANDARDNORMAL;dt_scores_f1_score_data_random_['uniform', 'normal', 'gamma', 'beta', 'poisson']_Absenteeism_STANDARDNORMAL;dt_scores_roc_auc_score_data_random_['uniform', 'normal', 'gamma', 'beta', 'poisson']_Absenteeism_STANDARDNORMAL;dt_scores_runtime_['uniform', 'normal', 'gamma', 'beta', 'poisson']_Absenteeism_STANDARDNORMAL;dt_scores_soft_binary_crossentropy_Absenteeism_STANDARDNORMAL;dt_scores_binary_crossentropy_Absenteeism_STANDARDNORMAL;dt_scores_accuracy_Absenteeism_STANDARDNORMAL;dt_scores_f1_score_Absenteeism_STANDARDNORMAL;dt_scores_roc_auc_score_Absenteeism_STANDARDNORMAL;dt_scores_soft_binary_crossentropy_data_random_Absenteeism_STANDARDNORMAL;dt_scores_binary_crossentropy_data_random_Absenteeism_STANDARDNORMAL;dt_scores_accuracy_data_random_Absenteeism_STANDARDNORMAL;dt_scores_f1_score_data_random_Absenteeism_STANDARDNORMAL;dt_scores_roc_auc_score_data_random_Absenteeism_STANDARDNORMAL;dt_scores_soft_binary_crossentropy_std_Absenteeism_STANDARDNORMAL;dt_scores_binary_crossentropy_std_Absenteeism_STANDARDNORMAL;dt_scores_accuracy_std_Absenteeism_STANDARDNORMAL;dt_scores_f1_score_std_Absenteeism_STANDARDNORMAL;dt_scores_roc_auc_score_std_Absenteeism_STANDARDNORMAL;dt_scores_soft_binary_crossentropy_data_random_std_Absenteeism_STANDARDNORMAL;dt_scores_binary_crossentropy_data_random_std_Absenteeism_STANDARDNORMAL;dt_scores_accuracy_data_random_std_Absenteeism_STANDARDNORMAL;dt_scores_f1_score_data_random_std_Absenteeism_STANDARDNORMAL;dt_scores_roc_auc_score_data_random_std_Absenteeism_STANDARDNORMAL;dt_scores_runtime_Absenteeism_STANDARDNORMAL;inet_scores_soft_binary_crossentropy_Absenteeism_STANDARDNORMAL;inet_scores_binary_crossentropy_Absenteeism_STANDARDNORMAL;inet_scores_accuracy_Absenteeism_STANDARDNORMAL;inet_scores_f1_score_Absenteeism_STANDARDNORMAL;inet_scores_roc_auc_score_Absenteeism_STANDARDNORMAL;inet_scores_runtime_Absenteeism_STANDARDNORMAL;model_scores_soft_binary_crossentropy_Absenteeism_STANDARDNORMAL;model_scores_binary_crossentropy_Absenteeism_STANDARDNORMAL;model_scores_accuracy_Absenteeism_STANDARDNORMAL;model_scores_f1_score_Absenteeism_STANDARDNORMAL;model_scores_roc_auc_score_Absenteeism_STANDARDNORMAL;model_scores_runtime_Absenteeism_STANDARDNORMAL;dt_scores_soft_binary_crossentropy_['uniform', 'normal', 'gamma', 'beta', 'poisson']_Loan House_STANDARDNORMAL;dt_scores_binary_crossentropy_['uniform', 'normal', 'gamma', 'beta', 'poisson']_Loan House_STANDARDNORMAL;dt_scores_accuracy_['uniform', 'normal', 'gamma', 'beta', 'poisson']_Loan House_STANDARDNORMAL;dt_scores_f1_score_['uniform', 'normal', 'gamma', 'beta', 'poisson']_Loan House_STANDARDNORMAL;dt_scores_roc_auc_score_['uniform', 'normal', 'gamma', 'beta', 'poisson']_Loan House_STANDARDNORMAL;dt_scores_soft_binary_crossentropy_data_random_['uniform', 'normal', 'gamma', 'beta', 'poisson']_Loan House_STANDARDNORMAL;dt_scores_binary_crossentropy_data_random_['uniform', 'normal', 'gamma', 'beta', 'poisson']_Loan House_STANDARDNORMAL;dt_scores_accuracy_data_random_['uniform', 'normal', 'gamma', 'beta', 'poisson']_Loan House_STANDARDNORMAL;dt_scores_f1_score_data_random_['uniform', 'normal', 'gamma', 'beta', 'poisson']_Loan House_STANDARDNORMAL;dt_scores_roc_auc_score_data_random_['uniform', 'normal', 'gamma', 'beta', 'poisson']_Loan House_STANDARDNORMAL;dt_scores_runtime_['uniform', 'normal', 'gamma', 'beta', 'poisson']_Loan House_STANDARDNORMAL;dt_scores_soft_binary_crossentropy_Loan House_STANDARDNORMAL;dt_scores_binary_crossentropy_Loan House_STANDARDNORMAL;dt_scores_accuracy_Loan House_STANDARDNORMAL;dt_scores_f1_score_Loan House_STANDARDNORMAL;dt_scores_roc_auc_score_Loan House_STANDARDNORMAL;dt_scores_soft_binary_crossentropy_data_random_Loan House_STANDARDNORMAL;dt_scores_binary_crossentropy_data_random_Loan House_STANDARDNORMAL;dt_scores_accuracy_data_random_Loan House_STANDARDNORMAL;dt_scores_f1_score_data_random_Loan House_STANDARDNORMAL;dt_scores_roc_auc_score_data_random_Loan House_STANDARDNORMAL;dt_scores_soft_binary_crossentropy_std_Loan House_STANDARDNORMAL;dt_scores_binary_crossentropy_std_Loan House_STANDARDNORMAL;dt_scores_accuracy_std_Loan House_STANDARDNORMAL;dt_scores_f1_score_std_Loan House_STANDARDNORMAL;dt_scores_roc_auc_score_std_Loan House_STANDARDNORMAL;dt_scores_soft_binary_crossentropy_data_random_std_Loan House_STANDARDNORMAL;dt_scores_binary_crossentropy_data_random_std_Loan House_STANDARDNORMAL;dt_scores_accuracy_data_random_std_Loan House_STANDARDNORMAL;dt_scores_f1_score_data_random_std_Loan House_STANDARDNORMAL;dt_scores_roc_auc_score_data_random_std_Loan House_STANDARDNORMAL;dt_scores_runtime_Loan House_STANDARDNORMAL;inet_scores_soft_binary_crossentropy_Loan House_STANDARDNORMAL;inet_scores_binary_crossentropy_Loan House_STANDARDNORMAL;inet_scores_accuracy_Loan House_STANDARDNORMAL;inet_scores_f1_score_Loan House_STANDARDNORMAL;inet_scores_roc_auc_score_Loan House_STANDARDNORMAL;inet_scores_runtime_Loan House_STANDARDNORMAL;model_scores_soft_binary_crossentropy_Loan House_STANDARDNORMAL;model_scores_binary_crossentropy_Loan House_STANDARDNORMAL;model_scores_accuracy_Loan House_STANDARDNORMAL;model_scores_f1_score_Loan House_STANDARDNORMAL;model_scores_roc_auc_score_Loan House_STANDARDNORMAL;model_scores_runtime_Loan House_STANDARDNORMAL;dt_scores_soft_binary_crossentropy_['uniform', 'normal', 'gamma', 'beta', 'poisson']_Loan Credit_STANDARDNORMAL;dt_scores_binary_crossentropy_['uniform', 'normal', 'gamma', 'beta', 'poisson']_Loan Credit_STANDARDNORMAL;dt_scores_accuracy_['uniform', 'normal', 'gamma', 'beta', 'poisson']_Loan Credit_STANDARDNORMAL;dt_scores_f1_score_['uniform', 'normal', 'gamma', 'beta', 'poisson']_Loan Credit_STANDARDNORMAL;dt_scores_roc_auc_score_['uniform', 'normal', 'gamma', 'beta', 'poisson']_Loan Credit_STANDARDNORMAL;dt_scores_soft_binary_crossentropy_data_random_['uniform', 'normal', 'gamma', 'beta', 'poisson']_Loan Credit_STANDARDNORMAL;dt_scores_binary_crossentropy_data_random_['uniform', 'normal', 'gamma', 'beta', 'poisson']_Loan Credit_STANDARDNORMAL;dt_scores_accuracy_data_random_['uniform', 'normal', 'gamma', 'beta', 'poisson']_Loan Credit_STANDARDNORMAL;dt_scores_f1_score_data_random_['uniform', 'normal', 'gamma', 'beta', 'poisson']_Loan Credit_STANDARDNORMAL;dt_scores_roc_auc_score_data_random_['uniform', 'normal', 'gamma', 'beta', 'poisson']_Loan Credit_STANDARDNORMAL;dt_scores_runtime_['uniform', 'normal', 'gamma', 'beta', 'poisson']_Loan Credit_STANDARDNORMAL;dt_scores_soft_binary_crossentropy_Loan Credit_STANDARDNORMAL;dt_scores_binary_crossentropy_Loan Credit_STANDARDNORMAL;dt_scores_accuracy_Loan Credit_STANDARDNORMAL;dt_scores_f1_score_Loan Credit_STANDARDNORMAL;dt_scores_roc_auc_score_Loan Credit_STANDARDNORMAL;dt_scores_soft_binary_crossentropy_data_random_Loan Credit_STANDARDNORMAL;dt_scores_binary_crossentropy_data_random_Loan Credit_STANDARDNORMAL;dt_scores_accuracy_data_random_Loan Credit_STANDARDNORMAL;dt_scores_f1_score_data_random_Loan Credit_STANDARDNORMAL;dt_scores_roc_auc_score_data_random_Loan Credit_STANDARDNORMAL;dt_scores_soft_binary_crossentropy_std_Loan Credit_STANDARDNORMAL;dt_scores_binary_crossentropy_std_Loan Credit_STANDARDNORMAL;dt_scores_accuracy_std_Loan Credit_STANDARDNORMAL;dt_scores_f1_score_std_Loan Credit_STANDARDNORMAL;dt_scores_roc_auc_score_std_Loan Credit_STANDARDNORMAL;dt_scores_soft_binary_crossentropy_data_random_std_Loan Credit_STANDARDNORMAL;dt_scores_binary_crossentropy_data_random_std_Loan Credit_STANDARDNORMAL;dt_scores_accuracy_data_random_std_Loan Credit_STANDARDNORMAL;dt_scores_f1_score_data_random_std_Loan Credit_STANDARDNORMAL;dt_scores_roc_auc_score_data_random_std_Loan Credit_STANDARDNORMAL;dt_scores_runtime_Loan Credit_STANDARDNORMAL;inet_scores_soft_binary_crossentropy_Loan Credit_STANDARDNORMAL;inet_scores_binary_crossentropy_Loan Credit_STANDARDNORMAL;inet_scores_accuracy_Loan Credit_STANDARDNORMAL;inet_scores_f1_score_Loan Credit_STANDARDNORMAL;inet_scores_roc_auc_score_Loan Credit_STANDARDNORMAL;inet_scores_runtime_Loan Credit_STANDARDNORMAL;model_scores_soft_binary_crossentropy_Loan Credit_STANDARDNORMAL;model_scores_binary_crossentropy_Loan Credit_STANDARDNORMAL;model_scores_accuracy_Loan Credit_STANDARDNORMAL;model_scores_f1_score_Loan Credit_STANDARDNORMAL;model_scores_roc_auc_score_Loan Credit_STANDARDNORMAL;model_scores_runtime_Loan Credit_STANDARDNORMAL;dt_scores_soft_binary_crossentropy_['uniform', 'normal', 'gamma', 'beta', 'poisson']_Medical Insurance_STANDARDNORMAL;dt_scores_binary_crossentropy_['uniform', 'normal', 'gamma', 'beta', 'poisson']_Medical Insurance_STANDARDNORMAL;dt_scores_accuracy_['uniform', 'normal', 'gamma', 'beta', 'poisson']_Medical Insurance_STANDARDNORMAL;dt_scores_f1_score_['uniform', 'normal', 'gamma', 'beta', 'poisson']_Medical Insurance_STANDARDNORMAL;dt_scores_roc_auc_score_['uniform', 'normal', 'gamma', 'beta', 'poisson']_Medical Insurance_STANDARDNORMAL;dt_scores_soft_binary_crossentropy_data_random_['uniform', 'normal', 'gamma', 'beta', 'poisson']_Medical Insurance_STANDARDNORMAL;dt_scores_binary_crossentropy_data_random_['uniform', 'normal', 'gamma', 'beta', 'poisson']_Medical Insurance_STANDARDNORMAL;dt_scores_accuracy_data_random_['uniform', 'normal', 'gamma', 'beta', 'poisson']_Medical Insurance_STANDARDNORMAL;dt_scores_f1_score_data_random_['uniform', 'normal', 'gamma', 'beta', 'poisson']_Medical Insurance_STANDARDNORMAL;dt_scores_roc_auc_score_data_random_['uniform', 'normal', 'gamma', 'beta', 'poisson']_Medical Insurance_STANDARDNORMAL;dt_scores_runtime_['uniform', 'normal', 'gamma', 'beta', 'poisson']_Medical Insurance_STANDARDNORMAL;dt_scores_soft_binary_crossentropy_Medical Insurance_STANDARDNORMAL;dt_scores_binary_crossentropy_Medical Insurance_STANDARDNORMAL;dt_scores_accuracy_Medical Insurance_STANDARDNORMAL;dt_scores_f1_score_Medical Insurance_STANDARDNORMAL;dt_scores_roc_auc_score_Medical Insurance_STANDARDNORMAL;dt_scores_soft_binary_crossentropy_data_random_Medical Insurance_STANDARDNORMAL;dt_scores_binary_crossentropy_data_random_Medical Insurance_STANDARDNORMAL;dt_scores_accuracy_data_random_Medical Insurance_STANDARDNORMAL;dt_scores_f1_score_data_random_Medical Insurance_STANDARDNORMAL;dt_scores_roc_auc_score_data_random_Medical Insurance_STANDARDNORMAL;dt_scores_soft_binary_crossentropy_std_Medical Insurance_STANDARDNORMAL;dt_scores_binary_crossentropy_std_Medical Insurance_STANDARDNORMAL;dt_scores_accuracy_std_Medical Insurance_STANDARDNORMAL;dt_scores_f1_score_std_Medical Insurance_STANDARDNORMAL;dt_scores_roc_auc_score_std_Medical Insurance_STANDARDNORMAL;dt_scores_soft_binary_crossentropy_data_random_std_Medical Insurance_STANDARDNORMAL;dt_scores_binary_crossentropy_data_random_std_Medical Insurance_STANDARDNORMAL;dt_scores_accuracy_data_random_std_Medical Insurance_STANDARDNORMAL;dt_scores_f1_score_data_random_std_Medical Insurance_STANDARDNORMAL;dt_scores_roc_auc_score_data_random_std_Medical Insurance_STANDARDNORMAL;dt_scores_runtime_Medical Insurance_STANDARDNORMAL;inet_scores_soft_binary_crossentropy_Medical Insurance_STANDARDNORMAL;inet_scores_binary_crossentropy_Medical Insurance_STANDARDNORMAL;inet_scores_accuracy_Medical Insurance_STANDARDNORMAL;inet_scores_f1_score_Medical Insurance_STANDARDNORMAL;inet_scores_roc_auc_score_Medical Insurance_STANDARDNORMAL;inet_scores_runtime_Medical Insurance_STANDARDNORMAL;model_scores_soft_binary_crossentropy_Medical Insurance_STANDARDNORMAL;model_scores_binary_crossentropy_Medical Insurance_STANDARDNORMAL;model_scores_accuracy_Medical Insurance_STANDARDNORMAL;model_scores_f1_score_Medical Insurance_STANDARDNORMAL;model_scores_roc_auc_score_Medical Insurance_STANDARDNORMAL;model_scores_runtime_Medical Insurance_STANDARDNORMAL;dt_scores_soft_binary_crossentropy_['uniform', 'normal', 'gamma', 'beta', 'poisson']_Bank Marketing_STANDARDNORMAL;dt_scores_binary_crossentropy_['uniform', 'normal', 'gamma', 'beta', 'poisson']_Bank Marketing_STANDARDNORMAL;dt_scores_accuracy_['uniform', 'normal', 'gamma', 'beta', 'poisson']_Bank Marketing_STANDARDNORMAL;dt_scores_f1_score_['uniform', 'normal', 'gamma', 'beta', 'poisson']_Bank Marketing_STANDARDNORMAL;dt_scores_roc_auc_score_['uniform', 'normal', 'gamma', 'beta', 'poisson']_Bank Marketing_STANDARDNORMAL;dt_scores_soft_binary_crossentropy_data_random_['uniform', 'normal', 'gamma', 'beta', 'poisson']_Bank Marketing_STANDARDNORMAL;dt_scores_binary_crossentropy_data_random_['uniform', 'normal', 'gamma', 'beta', 'poisson']_Bank Marketing_STANDARDNORMAL;dt_scores_accuracy_data_random_['uniform', 'normal', 'gamma', 'beta', 'poisson']_Bank Marketing_STANDARDNORMAL;dt_scores_f1_score_data_random_['uniform', 'normal', 'gamma', 'beta', 'poisson']_Bank Marketing_STANDARDNORMAL;dt_scores_roc_auc_score_data_random_['uniform', 'normal', 'gamma', 'beta', 'poisson']_Bank Marketing_STANDARDNORMAL;dt_scores_runtime_['uniform', 'normal', 'gamma', 'beta', 'poisson']_Bank Marketing_STANDARDNORMAL;dt_scores_soft_binary_crossentropy_Bank Marketing_STANDARDNORMAL;dt_scores_binary_crossentropy_Bank Marketing_STANDARDNORMAL;dt_scores_accuracy_Bank Marketing_STANDARDNORMAL;dt_scores_f1_score_Bank Marketing_STANDARDNORMAL;dt_scores_roc_auc_score_Bank Marketing_STANDARDNORMAL;dt_scores_soft_binary_crossentropy_data_random_Bank Marketing_STANDARDNORMAL;dt_scores_binary_crossentropy_data_random_Bank Marketing_STANDARDNORMAL;dt_scores_accuracy_data_random_Bank Marketing_STANDARDNORMAL;dt_scores_f1_score_data_random_Bank Marketing_STANDARDNORMAL;dt_scores_roc_auc_score_data_random_Bank Marketing_STANDARDNORMAL;dt_scores_soft_binary_crossentropy_std_Bank Marketing_STANDARDNORMAL;dt_scores_binary_crossentropy_std_Bank Marketing_STANDARDNORMAL;dt_scores_accuracy_std_Bank Marketing_STANDARDNORMAL;dt_scores_f1_score_std_Bank Marketing_STANDARDNORMAL;dt_scores_roc_auc_score_std_Bank Marketing_STANDARDNORMAL;dt_scores_soft_binary_crossentropy_data_random_std_Bank Marketing_STANDARDNORMAL;dt_scores_binary_crossentropy_data_random_std_Bank Marketing_STANDARDNORMAL;dt_scores_accuracy_data_random_std_Bank Marketing_STANDARDNORMAL;dt_scores_f1_score_data_random_std_Bank Marketing_STANDARDNORMAL;dt_scores_roc_auc_score_data_random_std_Bank Marketing_STANDARDNORMAL;dt_scores_runtime_Bank Marketing_STANDARDNORMAL;inet_scores_soft_binary_crossentropy_Bank Marketing_STANDARDNORMAL;inet_scores_binary_crossentropy_Bank Marketing_STANDARDNORMAL;inet_scores_accuracy_Bank Marketing_STANDARDNORMAL;inet_scores_f1_score_Bank Marketing_STANDARDNORMAL;inet_scores_roc_auc_score_Bank Marketing_STANDARDNORMAL;inet_scores_runtime_Bank Marketing_STANDARDNORMAL;model_scores_soft_binary_crossentropy_Bank Marketing_STANDARDNORMAL;model_scores_binary_crossentropy_Bank Marketing_STANDARDNORMAL;model_scores_accuracy_Bank Marketing_STANDARDNORMAL;model_scores_f1_score_Bank Marketing_STANDARDNORMAL;model_scores_roc_auc_score_Bank Marketing_STANDARDNORMAL;model_scores_runtime_Bank Marketing_STANDARDNORMAL;dt_scores_soft_binary_crossentropy_['uniform', 'normal', 'gamma', 'beta', 'poisson']_Cervical Cancer_STANDARDNORMAL;dt_scores_binary_crossentropy_['uniform', 'normal', 'gamma', 'beta', 'poisson']_Cervical Cancer_STANDARDNORMAL;dt_scores_accuracy_['uniform', 'normal', 'gamma', 'beta', 'poisson']_Cervical Cancer_STANDARDNORMAL;dt_scores_f1_score_['uniform', 'normal', 'gamma', 'beta', 'poisson']_Cervical Cancer_STANDARDNORMAL;dt_scores_roc_auc_score_['uniform', 'normal', 'gamma', 'beta', 'poisson']_Cervical Cancer_STANDARDNORMAL;dt_scores_soft_binary_crossentropy_data_random_['uniform', 'normal', 'gamma', 'beta', 'poisson']_Cervical Cancer_STANDARDNORMAL;dt_scores_binary_crossentropy_data_random_['uniform', 'normal', 'gamma', 'beta', 'poisson']_Cervical Cancer_STANDARDNORMAL;dt_scores_accuracy_data_random_['uniform', 'normal', 'gamma', 'beta', 'poisson']_Cervical Cancer_STANDARDNORMAL;dt_scores_f1_score_data_random_['uniform', 'normal', 'gamma', 'beta', 'poisson']_Cervical Cancer_STANDARDNORMAL;dt_scores_roc_auc_score_data_random_['uniform', 'normal', 'gamma', 'beta', 'poisson']_Cervical Cancer_STANDARDNORMAL;dt_scores_runtime_['uniform', 'normal', 'gamma', 'beta', 'poisson']_Cervical Cancer_STANDARDNORMAL;dt_scores_soft_binary_crossentropy_Cervical Cancer_STANDARDNORMAL;dt_scores_binary_crossentropy_Cervical Cancer_STANDARDNORMAL;dt_scores_accuracy_Cervical Cancer_STANDARDNORMAL;dt_scores_f1_score_Cervical Cancer_STANDARDNORMAL;dt_scores_roc_auc_score_Cervical Cancer_STANDARDNORMAL;dt_scores_soft_binary_crossentropy_data_random_Cervical Cancer_STANDARDNORMAL;dt_scores_binary_crossentropy_data_random_Cervical Cancer_STANDARDNORMAL;dt_scores_accuracy_data_random_Cervical Cancer_STANDARDNORMAL;dt_scores_f1_score_data_random_Cervical Cancer_STANDARDNORMAL;dt_scores_roc_auc_score_data_random_Cervical Cancer_STANDARDNORMAL;dt_scores_soft_binary_crossentropy_std_Cervical Cancer_STANDARDNORMAL;dt_scores_binary_crossentropy_std_Cervical Cancer_STANDARDNORMAL;dt_scores_accuracy_std_Cervical Cancer_STANDARDNORMAL;dt_scores_f1_score_std_Cervical Cancer_STANDARDNORMAL;dt_scores_roc_auc_score_std_Cervical Cancer_STANDARDNORMAL;dt_scores_soft_binary_crossentropy_data_random_std_Cervical Cancer_STANDARDNORMAL;dt_scores_binary_crossentropy_data_random_std_Cervical Cancer_STANDARDNORMAL;dt_scores_accuracy_data_random_std_Cervical Cancer_STANDARDNORMAL;dt_scores_f1_score_data_random_std_Cervical Cancer_STANDARDNORMAL;dt_scores_roc_auc_score_data_random_std_Cervical Cancer_STANDARDNORMAL;dt_scores_runtime_Cervical Cancer_STANDARDNORMAL;inet_scores_soft_binary_crossentropy_Cervical Cancer_STANDARDNORMAL;inet_scores_binary_crossentropy_Cervical Cancer_STANDARDNORMAL;inet_scores_accuracy_Cervical Cancer_STANDARDNORMAL;inet_scores_f1_score_Cervical Cancer_STANDARDNORMAL;inet_scores_roc_auc_score_Cervical Cancer_STANDARDNORMAL;inet_scores_runtime_Cervical Cancer_STANDARDNORMAL;model_scores_soft_binary_crossentropy_Cervical Cancer_STANDARDNORMAL;model_scores_binary_crossentropy_Cervical Cancer_STANDARDNORMAL;model_scores_accuracy_Cervical Cancer_STANDARDNORMAL;model_scores_f1_score_Cervical Cancer_STANDARDNORMAL;model_scores_roc_auc_score_Cervical Cancer_STANDARDNORMAL;model_scores_runtime_Cervical Cancer_STANDARDNORMAL;dt_scores_soft_binary_crossentropy_['uniform', 'normal', 'gamma', 'beta', 'poisson']_Brest Cancer Wisconsin_STANDARDNORMAL;dt_scores_binary_crossentropy_['uniform', 'normal', 'gamma', 'beta', 'poisson']_Brest Cancer Wisconsin_STANDARDNORMAL;dt_scores_accuracy_['uniform', 'normal', 'gamma', 'beta', 'poisson']_Brest Cancer Wisconsin_STANDARDNORMAL;dt_scores_f1_score_['uniform', 'normal', 'gamma', 'beta', 'poisson']_Brest Cancer Wisconsin_STANDARDNORMAL;dt_scores_roc_auc_score_['uniform', 'normal', 'gamma', 'beta', 'poisson']_Brest Cancer Wisconsin_STANDARDNORMAL;dt_scores_soft_binary_crossentropy_data_random_['uniform', 'normal', 'gamma', 'beta', 'poisson']_Brest Cancer Wisconsin_STANDARDNORMAL;dt_scores_binary_crossentropy_data_random_['uniform', 'normal', 'gamma', 'beta', 'poisson']_Brest Cancer Wisconsin_STANDARDNORMAL;dt_scores_accuracy_data_random_['uniform', 'normal', 'gamma', 'beta', 'poisson']_Brest Cancer Wisconsin_STANDARDNORMAL;dt_scores_f1_score_data_random_['uniform', 'normal', 'gamma', 'beta', 'poisson']_Brest Cancer Wisconsin_STANDARDNORMAL;dt_scores_roc_auc_score_data_random_['uniform', 'normal', 'gamma', 'beta', 'poisson']_Brest Cancer Wisconsin_STANDARDNORMAL;dt_scores_runtime_['uniform', 'normal', 'gamma', 'beta', 'poisson']_Brest Cancer Wisconsin_STANDARDNORMAL;dt_scores_soft_binary_crossentropy_Brest Cancer Wisconsin_STANDARDNORMAL;dt_scores_binary_crossentropy_Brest Cancer Wisconsin_STANDARDNORMAL;dt_scores_accuracy_Brest Cancer Wisconsin_STANDARDNORMAL;dt_scores_f1_score_Brest Cancer Wisconsin_STANDARDNORMAL;dt_scores_roc_auc_score_Brest Cancer Wisconsin_STANDARDNORMAL;dt_scores_soft_binary_crossentropy_data_random_Brest Cancer Wisconsin_STANDARDNORMAL;dt_scores_binary_crossentropy_data_random_Brest Cancer Wisconsin_STANDARDNORMAL;dt_scores_accuracy_data_random_Brest Cancer Wisconsin_STANDARDNORMAL;dt_scores_f1_score_data_random_Brest Cancer Wisconsin_STANDARDNORMAL;dt_scores_roc_auc_score_data_random_Brest Cancer Wisconsin_STANDARDNORMAL;dt_scores_soft_binary_crossentropy_std_Brest Cancer Wisconsin_STANDARDNORMAL;dt_scores_binary_crossentropy_std_Brest Cancer Wisconsin_STANDARDNORMAL;dt_scores_accuracy_std_Brest Cancer Wisconsin_STANDARDNORMAL;dt_scores_f1_score_std_Brest Cancer Wisconsin_STANDARDNORMAL;dt_scores_roc_auc_score_std_Brest Cancer Wisconsin_STANDARDNORMAL;dt_scores_soft_binary_crossentropy_data_random_std_Brest Cancer Wisconsin_STANDARDNORMAL;dt_scores_binary_crossentropy_data_random_std_Brest Cancer Wisconsin_STANDARDNORMAL;dt_scores_accuracy_data_random_std_Brest Cancer Wisconsin_STANDARDNORMAL;dt_scores_f1_score_data_random_std_Brest Cancer Wisconsin_STANDARDNORMAL;dt_scores_roc_auc_score_data_random_std_Brest Cancer Wisconsin_STANDARDNORMAL;dt_scores_runtime_Brest Cancer Wisconsin_STANDARDNORMAL;inet_scores_soft_binary_crossentropy_Brest Cancer Wisconsin_STANDARDNORMAL;inet_scores_binary_crossentropy_Brest Cancer Wisconsin_STANDARDNORMAL;inet_scores_accuracy_Brest Cancer Wisconsin_STANDARDNORMAL;inet_scores_f1_score_Brest Cancer Wisconsin_STANDARDNORMAL;inet_scores_roc_auc_score_Brest Cancer Wisconsin_STANDARDNORMAL;inet_scores_runtime_Brest Cancer Wisconsin_STANDARDNORMAL;model_scores_soft_binary_crossentropy_Brest Cancer Wisconsin_STANDARDNORMAL;model_scores_binary_crossentropy_Brest Cancer Wisconsin_STANDARDNORMAL;model_scores_accuracy_Brest Cancer Wisconsin_STANDARDNORMAL;model_scores_f1_score_Brest Cancer Wisconsin_STANDARDNORMAL;model_scores_roc_auc_score_Brest Cancer Wisconsin_STANDARDNORMAL;model_scores_runtime_Brest Cancer Wisconsin_STANDARDNORMAL;dt_scores_soft_binary_crossentropy_['uniform', 'normal', 'gamma', 'beta', 'poisson']_Wisconsin Diagnostic Breast Cancer_STANDARDNORMAL;dt_scores_binary_crossentropy_['uniform', 'normal', 'gamma', 'beta', 'poisson']_Wisconsin Diagnostic Breast Cancer_STANDARDNORMAL;dt_scores_accuracy_['uniform', 'normal', 'gamma', 'beta', 'poisson']_Wisconsin Diagnostic Breast Cancer_STANDARDNORMAL;dt_scores_f1_score_['uniform', 'normal', 'gamma', 'beta', 'poisson']_Wisconsin Diagnostic Breast Cancer_STANDARDNORMAL;dt_scores_roc_auc_score_['uniform', 'normal', 'gamma', 'beta', 'poisson']_Wisconsin Diagnostic Breast Cancer_STANDARDNORMAL;dt_scores_soft_binary_crossentropy_data_random_['uniform', 'normal', 'gamma', 'beta', 'poisson']_Wisconsin Diagnostic Breast Cancer_STANDARDNORMAL;dt_scores_binary_crossentropy_data_random_['uniform', 'normal', 'gamma', 'beta', 'poisson']_Wisconsin Diagnostic Breast Cancer_STANDARDNORMAL;dt_scores_accuracy_data_random_['uniform', 'normal', 'gamma', 'beta', 'poisson']_Wisconsin Diagnostic Breast Cancer_STANDARDNORMAL;dt_scores_f1_score_data_random_['uniform', 'normal', 'gamma', 'beta', 'poisson']_Wisconsin Diagnostic Breast Cancer_STANDARDNORMAL;dt_scores_roc_auc_score_data_random_['uniform', 'normal', 'gamma', 'beta', 'poisson']_Wisconsin Diagnostic Breast Cancer_STANDARDNORMAL;dt_scores_runtime_['uniform', 'normal', 'gamma', 'beta', 'poisson']_Wisconsin Diagnostic Breast Cancer_STANDARDNORMAL;dt_scores_soft_binary_crossentropy_Wisconsin Diagnostic Breast Cancer_STANDARDNORMAL;dt_scores_binary_crossentropy_Wisconsin Diagnostic Breast Cancer_STANDARDNORMAL;dt_scores_accuracy_Wisconsin Diagnostic Breast Cancer_STANDARDNORMAL;dt_scores_f1_score_Wisconsin Diagnostic Breast Cancer_STANDARDNORMAL;dt_scores_roc_auc_score_Wisconsin Diagnostic Breast Cancer_STANDARDNORMAL;dt_scores_soft_binary_crossentropy_data_random_Wisconsin Diagnostic Breast Cancer_STANDARDNORMAL;dt_scores_binary_crossentropy_data_random_Wisconsin Diagnostic Breast Cancer_STANDARDNORMAL;dt_scores_accuracy_data_random_Wisconsin Diagnostic Breast Cancer_STANDARDNORMAL;dt_scores_f1_score_data_random_Wisconsin Diagnostic Breast Cancer_STANDARDNORMAL;dt_scores_roc_auc_score_data_random_Wisconsin Diagnostic Breast Cancer_STANDARDNORMAL;dt_scores_soft_binary_crossentropy_std_Wisconsin Diagnostic Breast Cancer_STANDARDNORMAL;dt_scores_binary_crossentropy_std_Wisconsin Diagnostic Breast Cancer_STANDARDNORMAL;dt_scores_accuracy_std_Wisconsin Diagnostic Breast Cancer_STANDARDNORMAL;dt_scores_f1_score_std_Wisconsin Diagnostic Breast Cancer_STANDARDNORMAL;dt_scores_roc_auc_score_std_Wisconsin Diagnostic Breast Cancer_STANDARDNORMAL;dt_scores_soft_binary_crossentropy_data_random_std_Wisconsin Diagnostic Breast Cancer_STANDARDNORMAL;dt_scores_binary_crossentropy_data_random_std_Wisconsin Diagnostic Breast Cancer_STANDARDNORMAL;dt_scores_accuracy_data_random_std_Wisconsin Diagnostic Breast Cancer_STANDARDNORMAL;dt_scores_f1_score_data_random_std_Wisconsin Diagnostic Breast Cancer_STANDARDNORMAL;dt_scores_roc_auc_score_data_random_std_Wisconsin Diagnostic Breast Cancer_STANDARDNORMAL;dt_scores_runtime_Wisconsin Diagnostic Breast Cancer_STANDARDNORMAL;inet_scores_soft_binary_crossentropy_Wisconsin Diagnostic Breast Cancer_STANDARDNORMAL;inet_scores_binary_crossentropy_Wisconsin Diagnostic Breast Cancer_STANDARDNORMAL;inet_scores_accuracy_Wisconsin Diagnostic Breast Cancer_STANDARDNORMAL;inet_scores_f1_score_Wisconsin Diagnostic Breast Cancer_STANDARDNORMAL;inet_scores_roc_auc_score_Wisconsin Diagnostic Breast Cancer_STANDARDNORMAL;inet_scores_runtime_Wisconsin Diagnostic Breast Cancer_STANDARDNORMAL;model_scores_soft_binary_crossentropy_Wisconsin Diagnostic Breast Cancer_STANDARDNORMAL;model_scores_binary_crossentropy_Wisconsin Diagnostic Breast Cancer_STANDARDNORMAL;model_scores_accuracy_Wisconsin Diagnostic Breast Cancer_STANDARDNORMAL;model_scores_f1_score_Wisconsin Diagnostic Breast Cancer_STANDARDNORMAL;model_scores_roc_auc_score_Wisconsin Diagnostic Breast Cancer_STANDARDNORMAL;model_scores_runtime_Wisconsin Diagnostic Breast Cancer_STANDARDNORMAL;dt_scores_soft_binary_crossentropy_['uniform', 'normal', 'gamma', 'beta', 'poisson']_Wisconsin Prognostic Breast Cancer_STANDARDNORMAL;dt_scores_binary_crossentropy_['uniform', 'normal', 'gamma', 'beta', 'poisson']_Wisconsin Prognostic Breast Cancer_STANDARDNORMAL;dt_scores_accuracy_['uniform', 'normal', 'gamma', 'beta', 'poisson']_Wisconsin Prognostic Breast Cancer_STANDARDNORMAL;dt_scores_f1_score_['uniform', 'normal', 'gamma', 'beta', 'poisson']_Wisconsin Prognostic Breast Cancer_STANDARDNORMAL;dt_scores_roc_auc_score_['uniform', 'normal', 'gamma', 'beta', 'poisson']_Wisconsin Prognostic Breast Cancer_STANDARDNORMAL;dt_scores_soft_binary_crossentropy_data_random_['uniform', 'normal', 'gamma', 'beta', 'poisson']_Wisconsin Prognostic Breast Cancer_STANDARDNORMAL;dt_scores_binary_crossentropy_data_random_['uniform', 'normal', 'gamma', 'beta', 'poisson']_Wisconsin Prognostic Breast Cancer_STANDARDNORMAL;dt_scores_accuracy_data_random_['uniform', 'normal', 'gamma', 'beta', 'poisson']_Wisconsin Prognostic Breast Cancer_STANDARDNORMAL;dt_scores_f1_score_data_random_['uniform', 'normal', 'gamma', 'beta', 'poisson']_Wisconsin Prognostic Breast Cancer_STANDARDNORMAL;dt_scores_roc_auc_score_data_random_['uniform', 'normal', 'gamma', 'beta', 'poisson']_Wisconsin Prognostic Breast Cancer_STANDARDNORMAL;dt_scores_runtime_['uniform', 'normal', 'gamma', 'beta', 'poisson']_Wisconsin Prognostic Breast Cancer_STANDARDNORMAL;dt_scores_soft_binary_crossentropy_Wisconsin Prognostic Breast Cancer_STANDARDNORMAL;dt_scores_binary_crossentropy_Wisconsin Prognostic Breast Cancer_STANDARDNORMAL;dt_scores_accuracy_Wisconsin Prognostic Breast Cancer_STANDARDNORMAL;dt_scores_f1_score_Wisconsin Prognostic Breast Cancer_STANDARDNORMAL;dt_scores_roc_auc_score_Wisconsin Prognostic Breast Cancer_STANDARDNORMAL;dt_scores_soft_binary_crossentropy_data_random_Wisconsin Prognostic Breast Cancer_STANDARDNORMAL;dt_scores_binary_crossentropy_data_random_Wisconsin Prognostic Breast Cancer_STANDARDNORMAL;dt_scores_accuracy_data_random_Wisconsin Prognostic Breast Cancer_STANDARDNORMAL;dt_scores_f1_score_data_random_Wisconsin Prognostic Breast Cancer_STANDARDNORMAL;dt_scores_roc_auc_score_data_random_Wisconsin Prognostic Breast Cancer_STANDARDNORMAL;dt_scores_soft_binary_crossentropy_std_Wisconsin Prognostic Breast Cancer_STANDARDNORMAL;dt_scores_binary_crossentropy_std_Wisconsin Prognostic Breast Cancer_STANDARDNORMAL;dt_scores_accuracy_std_Wisconsin Prognostic Breast Cancer_STANDARDNORMAL;dt_scores_f1_score_std_Wisconsin Prognostic Breast Cancer_STANDARDNORMAL;dt_scores_roc_auc_score_std_Wisconsin Prognostic Breast Cancer_STANDARDNORMAL;dt_scores_soft_binary_crossentropy_data_random_std_Wisconsin Prognostic Breast Cancer_STANDARDNORMAL;dt_scores_binary_crossentropy_data_random_std_Wisconsin Prognostic Breast Cancer_STANDARDNORMAL;dt_scores_accuracy_data_random_std_Wisconsin Prognostic Breast Cancer_STANDARDNORMAL;dt_scores_f1_score_data_random_std_Wisconsin Prognostic Breast Cancer_STANDARDNORMAL;dt_scores_roc_auc_score_data_random_std_Wisconsin Prognostic Breast Cancer_STANDARDNORMAL;dt_scores_runtime_Wisconsin Prognostic Breast Cancer_STANDARDNORMAL;inet_scores_soft_binary_crossentropy_Wisconsin Prognostic Breast Cancer_STANDARDNORMAL;inet_scores_binary_crossentropy_Wisconsin Prognostic Breast Cancer_STANDARDNORMAL;inet_scores_accuracy_Wisconsin Prognostic Breast Cancer_STANDARDNORMAL;inet_scores_f1_score_Wisconsin Prognostic Breast Cancer_STANDARDNORMAL;inet_scores_roc_auc_score_Wisconsin Prognostic Breast Cancer_STANDARDNORMAL;inet_scores_runtime_Wisconsin Prognostic Breast Cancer_STANDARDNORMAL;model_scores_soft_binary_crossentropy_Wisconsin Prognostic Breast Cancer_STANDARDNORMAL;model_scores_binary_crossentropy_Wisconsin Prognostic Breast Cancer_STANDARDNORMAL;model_scores_accuracy_Wisconsin Prognostic Breast Cancer_STANDARDNORMAL;model_scores_f1_score_Wisconsin Prognostic Breast Cancer_STANDARDNORMAL;model_scores_roc_auc_score_Wisconsin Prognostic Breast Cancer_STANDARDNORMAL;model_scores_runtime_Wisconsin Prognostic Breast Cancer_STANDARDNORMAL;dt_scores_soft_binary_crossentropy_['uniform', 'normal', 'gamma', 'beta', 'poisson']_Abalone_STANDARDNORMAL;dt_scores_binary_crossentropy_['uniform', 'normal', 'gamma', 'beta', 'poisson']_Abalone_STANDARDNORMAL;dt_scores_accuracy_['uniform', 'normal', 'gamma', 'beta', 'poisson']_Abalone_STANDARDNORMAL;dt_scores_f1_score_['uniform', 'normal', 'gamma', 'beta', 'poisson']_Abalone_STANDARDNORMAL;dt_scores_roc_auc_score_['uniform', 'normal', 'gamma', 'beta', 'poisson']_Abalone_STANDARDNORMAL;dt_scores_soft_binary_crossentropy_data_random_['uniform', 'normal', 'gamma', 'beta', 'poisson']_Abalone_STANDARDNORMAL;dt_scores_binary_crossentropy_data_random_['uniform', 'normal', 'gamma', 'beta', 'poisson']_Abalone_STANDARDNORMAL;dt_scores_accuracy_data_random_['uniform', 'normal', 'gamma', 'beta', 'poisson']_Abalone_STANDARDNORMAL;dt_scores_f1_score_data_random_['uniform', 'normal', 'gamma', 'beta', 'poisson']_Abalone_STANDARDNORMAL;dt_scores_roc_auc_score_data_random_['uniform', 'normal', 'gamma', 'beta', 'poisson']_Abalone_STANDARDNORMAL;dt_scores_runtime_['uniform', 'normal', 'gamma', 'beta', 'poisson']_Abalone_STANDARDNORMAL;dt_scores_soft_binary_crossentropy_Abalone_STANDARDNORMAL;dt_scores_binary_crossentropy_Abalone_STANDARDNORMAL;dt_scores_accuracy_Abalone_STANDARDNORMAL;dt_scores_f1_score_Abalone_STANDARDNORMAL;dt_scores_roc_auc_score_Abalone_STANDARDNORMAL;dt_scores_soft_binary_crossentropy_data_random_Abalone_STANDARDNORMAL;dt_scores_binary_crossentropy_data_random_Abalone_STANDARDNORMAL;dt_scores_accuracy_data_random_Abalone_STANDARDNORMAL;dt_scores_f1_score_data_random_Abalone_STANDARDNORMAL;dt_scores_roc_auc_score_data_random_Abalone_STANDARDNORMAL;dt_scores_soft_binary_crossentropy_std_Abalone_STANDARDNORMAL;dt_scores_binary_crossentropy_std_Abalone_STANDARDNORMAL;dt_scores_accuracy_std_Abalone_STANDARDNORMAL;dt_scores_f1_score_std_Abalone_STANDARDNORMAL;dt_scores_roc_auc_score_std_Abalone_STANDARDNORMAL;dt_scores_soft_binary_crossentropy_data_random_std_Abalone_STANDARDNORMAL;dt_scores_binary_crossentropy_data_random_std_Abalone_STANDARDNORMAL;dt_scores_accuracy_data_random_std_Abalone_STANDARDNORMAL;dt_scores_f1_score_data_random_std_Abalone_STANDARDNORMAL;dt_scores_roc_auc_score_data_random_std_Abalone_STANDARDNORMAL;dt_scores_runtime_Abalone_STANDARDNORMAL;inet_scores_soft_binary_crossentropy_Abalone_STANDARDNORMAL;inet_scores_binary_crossentropy_Abalone_STANDARDNORMAL;inet_scores_accuracy_Abalone_STANDARDNORMAL;inet_scores_f1_score_Abalone_STANDARDNORMAL;inet_scores_roc_auc_score_Abalone_STANDARDNORMAL;inet_scores_runtime_Abalone_STANDARDNORMAL;model_scores_soft_binary_crossentropy_Abalone_STANDARDNORMAL;model_scores_binary_crossentropy_Abalone_STANDARDNORMAL;model_scores_accuracy_Abalone_STANDARDNORMAL;model_scores_f1_score_Abalone_STANDARDNORMAL;model_scores_roc_auc_score_Abalone_STANDARDNORMAL;model_scores_runtime_Abalone_STANDARDNORMAL;dt_scores_soft_binary_crossentropy_['uniform', 'normal', 'gamma', 'beta', 'poisson']_Car_STANDARDNORMAL;dt_scores_binary_crossentropy_['uniform', 'normal', 'gamma', 'beta', 'poisson']_Car_STANDARDNORMAL;dt_scores_accuracy_['uniform', 'normal', 'gamma', 'beta', 'poisson']_Car_STANDARDNORMAL;dt_scores_f1_score_['uniform', 'normal', 'gamma', 'beta', 'poisson']_Car_STANDARDNORMAL;dt_scores_roc_auc_score_['uniform', 'normal', 'gamma', 'beta', 'poisson']_Car_STANDARDNORMAL;dt_scores_soft_binary_crossentropy_data_random_['uniform', 'normal', 'gamma', 'beta', 'poisson']_Car_STANDARDNORMAL;dt_scores_binary_crossentropy_data_random_['uniform', 'normal', 'gamma', 'beta', 'poisson']_Car_STANDARDNORMAL;dt_scores_accuracy_data_random_['uniform', 'normal', 'gamma', 'beta', 'poisson']_Car_STANDARDNORMAL;dt_scores_f1_score_data_random_['uniform', 'normal', 'gamma', 'beta', 'poisson']_Car_STANDARDNORMAL;dt_scores_roc_auc_score_data_random_['uniform', 'normal', 'gamma', 'beta', 'poisson']_Car_STANDARDNORMAL;dt_scores_runtime_['uniform', 'normal', 'gamma', 'beta', 'poisson']_Car_STANDARDNORMAL;dt_scores_soft_binary_crossentropy_Car_STANDARDNORMAL;dt_scores_binary_crossentropy_Car_STANDARDNORMAL;dt_scores_accuracy_Car_STANDARDNORMAL;dt_scores_f1_score_Car_STANDARDNORMAL;dt_scores_roc_auc_score_Car_STANDARDNORMAL;dt_scores_soft_binary_crossentropy_data_random_Car_STANDARDNORMAL;dt_scores_binary_crossentropy_data_random_Car_STANDARDNORMAL;dt_scores_accuracy_data_random_Car_STANDARDNORMAL;dt_scores_f1_score_data_random_Car_STANDARDNORMAL;dt_scores_roc_auc_score_data_random_Car_STANDARDNORMAL;dt_scores_soft_binary_crossentropy_std_Car_STANDARDNORMAL;dt_scores_binary_crossentropy_std_Car_STANDARDNORMAL;dt_scores_accuracy_std_Car_STANDARDNORMAL;dt_scores_f1_score_std_Car_STANDARDNORMAL;dt_scores_roc_auc_score_std_Car_STANDARDNORMAL;dt_scores_soft_binary_crossentropy_data_random_std_Car_STANDARDNORMAL;dt_scores_binary_crossentropy_data_random_std_Car_STANDARDNORMAL;dt_scores_accuracy_data_random_std_Car_STANDARDNORMAL;dt_scores_f1_score_data_random_std_Car_STANDARDNORMAL;dt_scores_roc_auc_score_data_random_std_Car_STANDARDNORMAL;dt_scores_runtime_Car_STANDARDNORMAL;inet_scores_soft_binary_crossentropy_Car_STANDARDNORMAL;inet_scores_binary_crossentropy_Car_STANDARDNORMAL;inet_scores_accuracy_Car_STANDARDNORMAL;inet_scores_f1_score_Car_STANDARDNORMAL;inet_scores_roc_auc_score_Car_STANDARDNORMAL;inet_scores_runtime_Car_STANDARDNORMAL;model_scores_soft_binary_crossentropy_Car_STANDARDNORMAL;model_scores_binary_crossentropy_Car_STANDARDNORMAL;model_scores_accuracy_Car_STANDARDNORMAL;model_scores_f1_score_Car_STANDARDNORMAL;model_scores_roc_auc_score_Car_STANDARDNORMAL;model_scores_runtime_Car_STANDARDNORMAL;dt_scores_soft_binary_crossentropy_['uniform', 'normal', 'gamma', 'beta', 'poisson']_Heart Disease_STANDARDNORMAL;dt_scores_binary_crossentropy_['uniform', 'normal', 'gamma', 'beta', 'poisson']_Heart Disease_STANDARDNORMAL;dt_scores_accuracy_['uniform', 'normal', 'gamma', 'beta', 'poisson']_Heart Disease_STANDARDNORMAL;dt_scores_f1_score_['uniform', 'normal', 'gamma', 'beta', 'poisson']_Heart Disease_STANDARDNORMAL;dt_scores_roc_auc_score_['uniform', 'normal', 'gamma', 'beta', 'poisson']_Heart Disease_STANDARDNORMAL;dt_scores_soft_binary_crossentropy_data_random_['uniform', 'normal', 'gamma', 'beta', 'poisson']_Heart Disease_STANDARDNORMAL;dt_scores_binary_crossentropy_data_random_['uniform', 'normal', 'gamma', 'beta', 'poisson']_Heart Disease_STANDARDNORMAL;dt_scores_accuracy_data_random_['uniform', 'normal', 'gamma', 'beta', 'poisson']_Heart Disease_STANDARDNORMAL;dt_scores_f1_score_data_random_['uniform', 'normal', 'gamma', 'beta', 'poisson']_Heart Disease_STANDARDNORMAL;dt_scores_roc_auc_score_data_random_['uniform', 'normal', 'gamma', 'beta', 'poisson']_Heart Disease_STANDARDNORMAL;dt_scores_runtime_['uniform', 'normal', 'gamma', 'beta', 'poisson']_Heart Disease_STANDARDNORMAL;dt_scores_soft_binary_crossentropy_Heart Disease_STANDARDNORMAL;dt_scores_binary_crossentropy_Heart Disease_STANDARDNORMAL;dt_scores_accuracy_Heart Disease_STANDARDNORMAL;dt_scores_f1_score_Heart Disease_STANDARDNORMAL;dt_scores_roc_auc_score_Heart Disease_STANDARDNORMAL;dt_scores_soft_binary_crossentropy_data_random_Heart Disease_STANDARDNORMAL;dt_scores_binary_crossentropy_data_random_Heart Disease_STANDARDNORMAL;dt_scores_accuracy_data_random_Heart Disease_STANDARDNORMAL;dt_scores_f1_score_data_random_Heart Disease_STANDARDNORMAL;dt_scores_roc_auc_score_data_random_Heart Disease_STANDARDNORMAL;dt_scores_soft_binary_crossentropy_std_Heart Disease_STANDARDNORMAL;dt_scores_binary_crossentropy_std_Heart Disease_STANDARDNORMAL;dt_scores_accuracy_std_Heart Disease_STANDARDNORMAL;dt_scores_f1_score_std_Heart Disease_STANDARDNORMAL;dt_scores_roc_auc_score_std_Heart Disease_STANDARDNORMAL;dt_scores_soft_binary_crossentropy_data_random_std_Heart Disease_STANDARDNORMAL;dt_scores_binary_crossentropy_data_random_std_Heart Disease_STANDARDNORMAL;dt_scores_accuracy_data_random_std_Heart Disease_STANDARDNORMAL;dt_scores_f1_score_data_random_std_Heart Disease_STANDARDNORMAL;dt_scores_roc_auc_score_data_random_std_Heart Disease_STANDARDNORMAL;dt_scores_runtime_Heart Disease_STANDARDNORMAL;inet_scores_soft_binary_crossentropy_Heart Disease_STANDARDNORMAL;inet_scores_binary_crossentropy_Heart Disease_STANDARDNORMAL;inet_scores_accuracy_Heart Disease_STANDARDNORMAL;inet_scores_f1_score_Heart Disease_STANDARDNORMAL;inet_scores_roc_auc_score_Heart Disease_STANDARDNORMAL;inet_scores_runtime_Heart Disease_STANDARDNORMAL;model_scores_soft_binary_crossentropy_Heart Disease_STANDARDNORMAL;model_scores_binary_crossentropy_Heart Disease_STANDARDNORMAL;model_scores_accuracy_Heart Disease_STANDARDNORMAL;model_scores_f1_score_Heart Disease_STANDARDNORMAL;model_scores_roc_auc_score_Heart Disease_STANDARDNORMAL;model_scores_runtime_Heart Disease_STANDARDNORMAL;dt_scores_soft_binary_crossentropy_['uniform', 'normal', 'gamma', 'beta', 'poisson']_Credit Card_STANDARDNORMAL;dt_scores_binary_crossentropy_['uniform', 'normal', 'gamma', 'beta', 'poisson']_Credit Card_STANDARDNORMAL;dt_scores_accuracy_['uniform', 'normal', 'gamma', 'beta', 'poisson']_Credit Card_STANDARDNORMAL;dt_scores_f1_score_['uniform', 'normal', 'gamma', 'beta', 'poisson']_Credit Card_STANDARDNORMAL;dt_scores_roc_auc_score_['uniform', 'normal', 'gamma', 'beta', 'poisson']_Credit Card_STANDARDNORMAL;dt_scores_soft_binary_crossentropy_data_random_['uniform', 'normal', 'gamma', 'beta', 'poisson']_Credit Card_STANDARDNORMAL;dt_scores_binary_crossentropy_data_random_['uniform', 'normal', 'gamma', 'beta', 'poisson']_Credit Card_STANDARDNORMAL;dt_scores_accuracy_data_random_['uniform', 'normal', 'gamma', 'beta', 'poisson']_Credit Card_STANDARDNORMAL;dt_scores_f1_score_data_random_['uniform', 'normal', 'gamma', 'beta', 'poisson']_Credit Card_STANDARDNORMAL;dt_scores_roc_auc_score_data_random_['uniform', 'normal', 'gamma', 'beta', 'poisson']_Credit Card_STANDARDNORMAL;dt_scores_runtime_['uniform', 'normal', 'gamma', 'beta', 'poisson']_Credit Card_STANDARDNORMAL;dt_scores_soft_binary_crossentropy_Credit Card_STANDARDNORMAL;dt_scores_binary_crossentropy_Credit Card_STANDARDNORMAL;dt_scores_accuracy_Credit Card_STANDARDNORMAL;dt_scores_f1_score_Credit Card_STANDARDNORMAL;dt_scores_roc_auc_score_Credit Card_STANDARDNORMAL;dt_scores_soft_binary_crossentropy_data_random_Credit Card_STANDARDNORMAL;dt_scores_binary_crossentropy_data_random_Credit Card_STANDARDNORMAL;dt_scores_accuracy_data_random_Credit Card_STANDARDNORMAL;dt_scores_f1_score_data_random_Credit Card_STANDARDNORMAL;dt_scores_roc_auc_score_data_random_Credit Card_STANDARDNORMAL;dt_scores_soft_binary_crossentropy_std_Credit Card_STANDARDNORMAL;dt_scores_binary_crossentropy_std_Credit Card_STANDARDNORMAL;dt_scores_accuracy_std_Credit Card_STANDARDNORMAL;dt_scores_f1_score_std_Credit Card_STANDARDNORMAL;dt_scores_roc_auc_score_std_Credit Card_STANDARDNORMAL;dt_scores_soft_binary_crossentropy_data_random_std_Credit Card_STANDARDNORMAL;dt_scores_binary_crossentropy_data_random_std_Credit Card_STANDARDNORMAL;dt_scores_accuracy_data_random_std_Credit Card_STANDARDNORMAL;dt_scores_f1_score_data_random_std_Credit Card_STANDARDNORMAL;dt_scores_roc_auc_score_data_random_std_Credit Card_STANDARDNORMAL;dt_scores_runtime_Credit Card_STANDARDNORMAL;inet_scores_soft_binary_crossentropy_Credit Card_STANDARDNORMAL;inet_scores_binary_crossentropy_Credit Card_STANDARDNORMAL;inet_scores_accuracy_Credit Card_STANDARDNORMAL;inet_scores_f1_score_Credit Card_STANDARDNORMAL;inet_scores_roc_auc_score_Credit Card_STANDARDNORMAL;inet_scores_runtime_Credit Card_STANDARDNORMAL;model_scores_soft_binary_crossentropy_Credit Card_STANDARDNORMAL;model_scores_binary_crossentropy_Credit Card_STANDARDNORMAL;model_scores_accuracy_Credit Card_STANDARDNORMAL;model_scores_f1_score_Credit Card_STANDARDNORMAL;model_scores_roc_auc_score_Credit Card_STANDARDNORMAL;model_scores_runtime_Credit Card_STANDARDNORMAL;dt_scores_soft_binary_crossentropy_['uniform', 'normal', 'gamma', 'beta', 'poisson']_Haberman_STANDARDNORMAL;dt_scores_binary_crossentropy_['uniform', 'normal', 'gamma', 'beta', 'poisson']_Haberman_STANDARDNORMAL;dt_scores_accuracy_['uniform', 'normal', 'gamma', 'beta', 'poisson']_Haberman_STANDARDNORMAL;dt_scores_f1_score_['uniform', 'normal', 'gamma', 'beta', 'poisson']_Haberman_STANDARDNORMAL;dt_scores_roc_auc_score_['uniform', 'normal', 'gamma', 'beta', 'poisson']_Haberman_STANDARDNORMAL;dt_scores_soft_binary_crossentropy_data_random_['uniform', 'normal', 'gamma', 'beta', 'poisson']_Haberman_STANDARDNORMAL;dt_scores_binary_crossentropy_data_random_['uniform', 'normal', 'gamma', 'beta', 'poisson']_Haberman_STANDARDNORMAL;dt_scores_accuracy_data_random_['uniform', 'normal', 'gamma', 'beta', 'poisson']_Haberman_STANDARDNORMAL;dt_scores_f1_score_data_random_['uniform', 'normal', 'gamma', 'beta', 'poisson']_Haberman_STANDARDNORMAL;dt_scores_roc_auc_score_data_random_['uniform', 'normal', 'gamma', 'beta', 'poisson']_Haberman_STANDARDNORMAL;dt_scores_runtime_['uniform', 'normal', 'gamma', 'beta', 'poisson']_Haberman_STANDARDNORMAL;dt_scores_soft_binary_crossentropy_Haberman_STANDARDNORMAL;dt_scores_binary_crossentropy_Haberman_STANDARDNORMAL;dt_scores_accuracy_Haberman_STANDARDNORMAL;dt_scores_f1_score_Haberman_STANDARDNORMAL;dt_scores_roc_auc_score_Haberman_STANDARDNORMAL;dt_scores_soft_binary_crossentropy_data_random_Haberman_STANDARDNORMAL;dt_scores_binary_crossentropy_data_random_Haberman_STANDARDNORMAL;dt_scores_accuracy_data_random_Haberman_STANDARDNORMAL;dt_scores_f1_score_data_random_Haberman_STANDARDNORMAL;dt_scores_roc_auc_score_data_random_Haberman_STANDARDNORMAL;dt_scores_soft_binary_crossentropy_std_Haberman_STANDARDNORMAL;dt_scores_binary_crossentropy_std_Haberman_STANDARDNORMAL;dt_scores_accuracy_std_Haberman_STANDARDNORMAL;dt_scores_f1_score_std_Haberman_STANDARDNORMAL;dt_scores_roc_auc_score_std_Haberman_STANDARDNORMAL;dt_scores_soft_binary_crossentropy_data_random_std_Haberman_STANDARDNORMAL;dt_scores_binary_crossentropy_data_random_std_Haberman_STANDARDNORMAL;dt_scores_accuracy_data_random_std_Haberman_STANDARDNORMAL;dt_scores_f1_score_data_random_std_Haberman_STANDARDNORMAL;dt_scores_roc_auc_score_data_random_std_Haberman_STANDARDNORMAL;dt_scores_runtime_Haberman_STANDARDNORMAL;inet_scores_soft_binary_crossentropy_Haberman_STANDARDNORMAL;inet_scores_binary_crossentropy_Haberman_STANDARDNORMAL;inet_scores_accuracy_Haberman_STANDARDNORMAL;inet_scores_f1_score_Haberman_STANDARDNORMAL;inet_scores_roc_auc_score_Haberman_STANDARDNORMAL;inet_scores_runtime_Haberman_STANDARDNORMAL;model_scores_soft_binary_crossentropy_Haberman_STANDARDNORMAL;model_scores_binary_crossentropy_Haberman_STANDARDNORMAL;model_scores_accuracy_Haberman_STANDARDNORMAL;model_scores_f1_score_Haberman_STANDARDNORMAL;model_scores_roc_auc_score_Haberman_STANDARDNORMAL;model_scores_runtime_Haberman_STANDARDNORMAL;dt_scores_soft_binary_crossentropy_['uniform', 'normal', 'gamma', 'beta', 'poisson']_Adult_STANDARDNORMAL;dt_scores_binary_crossentropy_['uniform', 'normal', 'gamma', 'beta', 'poisson']_Adult_STANDARDNORMAL;dt_scores_accuracy_['uniform', 'normal', 'gamma', 'beta', 'poisson']_Adult_STANDARDNORMAL;dt_scores_f1_score_['uniform', 'normal', 'gamma', 'beta', 'poisson']_Adult_STANDARDNORMAL;dt_scores_roc_auc_score_['uniform', 'normal', 'gamma', 'beta', 'poisson']_Adult_STANDARDNORMAL;dt_scores_soft_binary_crossentropy_data_random_['uniform', 'normal', 'gamma', 'beta', 'poisson']_Adult_STANDARDNORMAL;dt_scores_binary_crossentropy_data_random_['uniform', 'normal', 'gamma', 'beta', 'poisson']_Adult_STANDARDNORMAL;dt_scores_accuracy_data_random_['uniform', 'normal', 'gamma', 'beta', 'poisson']_Adult_STANDARDNORMAL;dt_scores_f1_score_data_random_['uniform', 'normal', 'gamma', 'beta', 'poisson']_Adult_STANDARDNORMAL;dt_scores_roc_auc_score_data_random_['uniform', 'normal', 'gamma', 'beta', 'poisson']_Adult_STANDARDNORMAL;dt_scores_runtime_['uniform', 'normal', 'gamma', 'beta', 'poisson']_Adult_STANDARDNORMAL;dt_scores_soft_binary_crossentropy_Adult_STANDARDNORMAL;dt_scores_binary_crossentropy_Adult_STANDARDNORMAL;dt_scores_accuracy_Adult_STANDARDNORMAL;dt_scores_f1_score_Adult_STANDARDNORMAL;dt_scores_roc_auc_score_Adult_STANDARDNORMAL;dt_scores_soft_binary_crossentropy_data_random_Adult_STANDARDNORMAL;dt_scores_binary_crossentropy_data_random_Adult_STANDARDNORMAL;dt_scores_accuracy_data_random_Adult_STANDARDNORMAL;dt_scores_f1_score_data_random_Adult_STANDARDNORMAL;dt_scores_roc_auc_score_data_random_Adult_STANDARDNORMAL;dt_scores_soft_binary_crossentropy_std_Adult_STANDARDNORMAL;dt_scores_binary_crossentropy_std_Adult_STANDARDNORMAL;dt_scores_accuracy_std_Adult_STANDARDNORMAL;dt_scores_f1_score_std_Adult_STANDARDNORMAL;dt_scores_roc_auc_score_std_Adult_STANDARDNORMAL;dt_scores_soft_binary_crossentropy_data_random_std_Adult_STANDARDNORMAL;dt_scores_binary_crossentropy_data_random_std_Adult_STANDARDNORMAL;dt_scores_accuracy_data_random_std_Adult_STANDARDNORMAL;dt_scores_f1_score_data_random_std_Adult_STANDARDNORMAL;dt_scores_roc_auc_score_data_random_std_Adult_STANDARDNORMAL;dt_scores_runtime_Adult_STANDARDNORMAL;inet_scores_soft_binary_crossentropy_Adult_STANDARDNORMAL;inet_scores_binary_crossentropy_Adult_STANDARDNORMAL;inet_scores_accuracy_Adult_STANDARDNORMAL;inet_scores_f1_score_Adult_STANDARDNORMAL;inet_scores_roc_auc_score_Adult_STANDARDNORMAL;inet_scores_runtime_Adult_STANDARDNORMAL;model_scores_soft_binary_crossentropy_Adult_STANDARDNORMAL;model_scores_binary_crossentropy_Adult_STANDARDNORMAL;model_scores_accuracy_Adult_STANDARDNORMAL;model_scores_f1_score_Adult_STANDARDNORMAL;model_scores_roc_auc_score_Adult_STANDARDNORMAL;model_scores_runtime_Adult_STANDARDNORMAL;dt_scores_soft_binary_crossentropy_['uniform', 'normal', 'gamma', 'beta', 'poisson']_Titanic_STANDARDNORMAL;dt_scores_binary_crossentropy_['uniform', 'normal', 'gamma', 'beta', 'poisson']_Titanic_STANDARDNORMAL;dt_scores_accuracy_['uniform', 'normal', 'gamma', 'beta', 'poisson']_Titanic_STANDARDNORMAL;dt_scores_f1_score_['uniform', 'normal', 'gamma', 'beta', 'poisson']_Titanic_STANDARDNORMAL;dt_scores_roc_auc_score_['uniform', 'normal', 'gamma', 'beta', 'poisson']_Titanic_STANDARDNORMAL;dt_scores_soft_binary_crossentropy_data_random_['uniform', 'normal', 'gamma', 'beta', 'poisson']_Titanic_STANDARDNORMAL;dt_scores_binary_crossentropy_data_random_['uniform', 'normal', 'gamma', 'beta', 'poisson']_Titanic_STANDARDNORMAL;dt_scores_accuracy_data_random_['uniform', 'normal', 'gamma', 'beta', 'poisson']_Titanic_STANDARDNORMAL;dt_scores_f1_score_data_random_['uniform', 'normal', 'gamma', 'beta', 'poisson']_Titanic_STANDARDNORMAL;dt_scores_roc_auc_score_data_random_['uniform', 'normal', 'gamma', 'beta', 'poisson']_Titanic_STANDARDNORMAL;dt_scores_runtime_['uniform', 'normal', 'gamma', 'beta', 'poisson']_Titanic_STANDARDNORMAL;dt_scores_soft_binary_crossentropy_Titanic_STANDARDNORMAL;dt_scores_binary_crossentropy_Titanic_STANDARDNORMAL;dt_scores_accuracy_Titanic_STANDARDNORMAL;dt_scores_f1_score_Titanic_STANDARDNORMAL;dt_scores_roc_auc_score_Titanic_STANDARDNORMAL;dt_scores_soft_binary_crossentropy_data_random_Titanic_STANDARDNORMAL;dt_scores_binary_crossentropy_data_random_Titanic_STANDARDNORMAL;dt_scores_accuracy_data_random_Titanic_STANDARDNORMAL;dt_scores_f1_score_data_random_Titanic_STANDARDNORMAL;dt_scores_roc_auc_score_data_random_Titanic_STANDARDNORMAL;dt_scores_soft_binary_crossentropy_std_Titanic_STANDARDNORMAL;dt_scores_binary_crossentropy_std_Titanic_STANDARDNORMAL;dt_scores_accuracy_std_Titanic_STANDARDNORMAL;dt_scores_f1_score_std_Titanic_STANDARDNORMAL;dt_scores_roc_auc_score_std_Titanic_STANDARDNORMAL;dt_scores_soft_binary_crossentropy_data_random_std_Titanic_STANDARDNORMAL;dt_scores_binary_crossentropy_data_random_std_Titanic_STANDARDNORMAL;dt_scores_accuracy_data_random_std_Titanic_STANDARDNORMAL;dt_scores_f1_score_data_random_std_Titanic_STANDARDNORMAL;dt_scores_roc_auc_score_data_random_std_Titanic_STANDARDNORMAL;dt_scores_runtime_Titanic_STANDARDNORMAL;inet_scores_soft_binary_crossentropy_Titanic_STANDARDNORMAL;inet_scores_binary_crossentropy_Titanic_STANDARDNORMAL;inet_scores_accuracy_Titanic_STANDARDNORMAL;inet_scores_f1_score_Titanic_STANDARDNORMAL;inet_scores_roc_auc_score_Titanic_STANDARDNORMAL;inet_scores_runtime_Titanic_STANDARDNORMAL;model_scores_soft_binary_crossentropy_Titanic_STANDARDNORMAL;model_scores_binary_crossentropy_Titanic_STANDARDNORMAL;model_scores_accuracy_Titanic_STANDARDNORMAL;model_scores_f1_score_Titanic_STANDARDNORMAL;model_scores_roc_auc_score_Titanic_STANDARDNORMAL;model_scores_runtime_Titanic_STANDARDNORMAL;dt_scores_soft_binary_crossentropy_['uniform', 'normal', 'gamma', 'beta', 'poisson']_Absenteeism_STANDARDNORMAL;dt_scores_binary_crossentropy_['uniform', 'normal', 'gamma', 'beta', 'poisson']_Absenteeism_STANDARDNORMAL;dt_scores_accuracy_['uniform', 'normal', 'gamma', 'beta', 'poisson']_Absenteeism_STANDARDNORMAL;dt_scores_f1_score_['uniform', 'normal', 'gamma', 'beta', 'poisson']_Absenteeism_STANDARDNORMAL;dt_scores_roc_auc_score_['uniform', 'normal', 'gamma', 'beta', 'poisson']_Absenteeism_STANDARDNORMAL;dt_scores_soft_binary_crossentropy_data_random_['uniform', 'normal', 'gamma', 'beta', 'poisson']_Absenteeism_STANDARDNORMAL;dt_scores_binary_crossentropy_data_random_['uniform', 'normal', 'gamma', 'beta', 'poisson']_Absenteeism_STANDARDNORMAL;dt_scores_accuracy_data_random_['uniform', 'normal', 'gamma', 'beta', 'poisson']_Absenteeism_STANDARDNORMAL;dt_scores_f1_score_data_random_['uniform', 'normal', 'gamma', 'beta', 'poisson']_Absenteeism_STANDARDNORMAL;dt_scores_roc_auc_score_data_random_['uniform', 'normal', 'gamma', 'beta', 'poisson']_Absenteeism_STANDARDNORMAL;dt_scores_runtime_['uniform', 'normal', 'gamma', 'beta', 'poisson']_Absenteeism_STANDARDNORMAL;dt_scores_soft_binary_crossentropy_Absenteeism_STANDARDNORMAL;dt_scores_binary_crossentropy_Absenteeism_STANDARDNORMAL;dt_scores_accuracy_Absenteeism_STANDARDNORMAL;dt_scores_f1_score_Absenteeism_STANDARDNORMAL;dt_scores_roc_auc_score_Absenteeism_STANDARDNORMAL;dt_scores_soft_binary_crossentropy_data_random_Absenteeism_STANDARDNORMAL;dt_scores_binary_crossentropy_data_random_Absenteeism_STANDARDNORMAL;dt_scores_accuracy_data_random_Absenteeism_STANDARDNORMAL;dt_scores_f1_score_data_random_Absenteeism_STANDARDNORMAL;dt_scores_roc_auc_score_data_random_Absenteeism_STANDARDNORMAL;dt_scores_soft_binary_crossentropy_std_Absenteeism_STANDARDNORMAL;dt_scores_binary_crossentropy_std_Absenteeism_STANDARDNORMAL;dt_scores_accuracy_std_Absenteeism_STANDARDNORMAL;dt_scores_f1_score_std_Absenteeism_STANDARDNORMAL;dt_scores_roc_auc_score_std_Absenteeism_STANDARDNORMAL;dt_scores_soft_binary_crossentropy_data_random_std_Absenteeism_STANDARDNORMAL;dt_scores_binary_crossentropy_data_random_std_Absenteeism_STANDARDNORMAL;dt_scores_accuracy_data_random_std_Absenteeism_STANDARDNORMAL;dt_scores_f1_score_data_random_std_Absenteeism_STANDARDNORMAL;dt_scores_roc_auc_score_data_random_std_Absenteeism_STANDARDNORMAL;dt_scores_runtime_Absenteeism_STANDARDNORMAL;inet_scores_soft_binary_crossentropy_Absenteeism_STANDARDNORMAL;inet_scores_binary_crossentropy_Absenteeism_STANDARDNORMAL;inet_scores_accuracy_Absenteeism_STANDARDNORMAL;inet_scores_f1_score_Absenteeism_STANDARDNORMAL;inet_scores_roc_auc_score_Absenteeism_STANDARDNORMAL;inet_scores_runtime_Absenteeism_STANDARDNORMAL;model_scores_soft_binary_crossentropy_Absenteeism_STANDARDNORMAL;model_scores_binary_crossentropy_Absenteeism_STANDARDNORMAL;model_scores_accuracy_Absenteeism_STANDARDNORMAL;model_scores_f1_score_Absenteeism_STANDARDNORMAL;model_scores_roc_auc_score_Absenteeism_STANDARDNORMAL;model_scores_runtime_Absenteeism_STANDARDNORMAL;dt_scores_soft_binary_crossentropy_['uniform', 'normal', 'gamma', 'beta', 'poisson']_Loan House_STANDARDNORMAL;dt_scores_binary_crossentropy_['uniform', 'normal', 'gamma', 'beta', 'poisson']_Loan House_STANDARDNORMAL;dt_scores_accuracy_['uniform', 'normal', 'gamma', 'beta', 'poisson']_Loan House_STANDARDNORMAL;dt_scores_f1_score_['uniform', 'normal', 'gamma', 'beta', 'poisson']_Loan House_STANDARDNORMAL;dt_scores_roc_auc_score_['uniform', 'normal', 'gamma', 'beta', 'poisson']_Loan House_STANDARDNORMAL;dt_scores_soft_binary_crossentropy_data_random_['uniform', 'normal', 'gamma', 'beta', 'poisson']_Loan House_STANDARDNORMAL;dt_scores_binary_crossentropy_data_random_['uniform', 'normal', 'gamma', 'beta', 'poisson']_Loan House_STANDARDNORMAL;dt_scores_accuracy_data_random_['uniform', 'normal', 'gamma', 'beta', 'poisson']_Loan House_STANDARDNORMAL;dt_scores_f1_score_data_random_['uniform', 'normal', 'gamma', 'beta', 'poisson']_Loan House_STANDARDNORMAL;dt_scores_roc_auc_score_data_random_['uniform', 'normal', 'gamma', 'beta', 'poisson']_Loan House_STANDARDNORMAL;dt_scores_runtime_['uniform', 'normal', 'gamma', 'beta', 'poisson']_Loan House_STANDARDNORMAL;dt_scores_soft_binary_crossentropy_Loan House_STANDARDNORMAL;dt_scores_binary_crossentropy_Loan House_STANDARDNORMAL;dt_scores_accuracy_Loan House_STANDARDNORMAL;dt_scores_f1_score_Loan House_STANDARDNORMAL;dt_scores_roc_auc_score_Loan House_STANDARDNORMAL;dt_scores_soft_binary_crossentropy_data_random_Loan House_STANDARDNORMAL;dt_scores_binary_crossentropy_data_random_Loan House_STANDARDNORMAL;dt_scores_accuracy_data_random_Loan House_STANDARDNORMAL;dt_scores_f1_score_data_random_Loan House_STANDARDNORMAL;dt_scores_roc_auc_score_data_random_Loan House_STANDARDNORMAL;dt_scores_soft_binary_crossentropy_std_Loan House_STANDARDNORMAL;dt_scores_binary_crossentropy_std_Loan House_STANDARDNORMAL;dt_scores_accuracy_std_Loan House_STANDARDNORMAL;dt_scores_f1_score_std_Loan House_STANDARDNORMAL;dt_scores_roc_auc_score_std_Loan House_STANDARDNORMAL;dt_scores_soft_binary_crossentropy_data_random_std_Loan House_STANDARDNORMAL;dt_scores_binary_crossentropy_data_random_std_Loan House_STANDARDNORMAL;dt_scores_accuracy_data_random_std_Loan House_STANDARDNORMAL;dt_scores_f1_score_data_random_std_Loan House_STANDARDNORMAL;dt_scores_roc_auc_score_data_random_std_Loan House_STANDARDNORMAL;dt_scores_runtime_Loan House_STANDARDNORMAL;inet_scores_soft_binary_crossentropy_Loan House_STANDARDNORMAL;inet_scores_binary_crossentropy_Loan House_STANDARDNORMAL;inet_scores_accuracy_Loan House_STANDARDNORMAL;inet_scores_f1_score_Loan House_STANDARDNORMAL;inet_scores_roc_auc_score_Loan House_STANDARDNORMAL;inet_scores_runtime_Loan House_STANDARDNORMAL;model_scores_soft_binary_crossentropy_Loan House_STANDARDNORMAL;model_scores_binary_crossentropy_Loan House_STANDARDNORMAL;model_scores_accuracy_Loan House_STANDARDNORMAL;model_scores_f1_score_Loan House_STANDARDNORMAL;model_scores_roc_auc_score_Loan House_STANDARDNORMAL;model_scores_runtime_Loan House_STANDARDNORMAL;dt_scores_soft_binary_crossentropy_['uniform', 'normal', 'gamma', 'beta', 'poisson']_Loan Credit_STANDARDNORMAL;dt_scores_binary_crossentropy_['uniform', 'normal', 'gamma', 'beta', 'poisson']_Loan Credit_STANDARDNORMAL;dt_scores_accuracy_['uniform', 'normal', 'gamma', 'beta', 'poisson']_Loan Credit_STANDARDNORMAL;dt_scores_f1_score_['uniform', 'normal', 'gamma', 'beta', 'poisson']_Loan Credit_STANDARDNORMAL;dt_scores_roc_auc_score_['uniform', 'normal', 'gamma', 'beta', 'poisson']_Loan Credit_STANDARDNORMAL;dt_scores_soft_binary_crossentropy_data_random_['uniform', 'normal', 'gamma', 'beta', 'poisson']_Loan Credit_STANDARDNORMAL;dt_scores_binary_crossentropy_data_random_['uniform', 'normal', 'gamma', 'beta', 'poisson']_Loan Credit_STANDARDNORMAL;dt_scores_accuracy_data_random_['uniform', 'normal', 'gamma', 'beta', 'poisson']_Loan Credit_STANDARDNORMAL;dt_scores_f1_score_data_random_['uniform', 'normal', 'gamma', 'beta', 'poisson']_Loan Credit_STANDARDNORMAL;dt_scores_roc_auc_score_data_random_['uniform', 'normal', 'gamma', 'beta', 'poisson']_Loan Credit_STANDARDNORMAL;dt_scores_runtime_['uniform', 'normal', 'gamma', 'beta', 'poisson']_Loan Credit_STANDARDNORMAL;dt_scores_soft_binary_crossentropy_Loan Credit_STANDARDNORMAL;dt_scores_binary_crossentropy_Loan Credit_STANDARDNORMAL;dt_scores_accuracy_Loan Credit_STANDARDNORMAL;dt_scores_f1_score_Loan Credit_STANDARDNORMAL;dt_scores_roc_auc_score_Loan Credit_STANDARDNORMAL;dt_scores_soft_binary_crossentropy_data_random_Loan Credit_STANDARDNORMAL;dt_scores_binary_crossentropy_data_random_Loan Credit_STANDARDNORMAL;dt_scores_accuracy_data_random_Loan Credit_STANDARDNORMAL;dt_scores_f1_score_data_random_Loan Credit_STANDARDNORMAL;dt_scores_roc_auc_score_data_random_Loan Credit_STANDARDNORMAL;dt_scores_soft_binary_crossentropy_std_Loan Credit_STANDARDNORMAL;dt_scores_binary_crossentropy_std_Loan Credit_STANDARDNORMAL;dt_scores_accuracy_std_Loan Credit_STANDARDNORMAL;dt_scores_f1_score_std_Loan Credit_STANDARDNORMAL;dt_scores_roc_auc_score_std_Loan Credit_STANDARDNORMAL;dt_scores_soft_binary_crossentropy_data_random_std_Loan Credit_STANDARDNORMAL;dt_scores_binary_crossentropy_data_random_std_Loan Credit_STANDARDNORMAL;dt_scores_accuracy_data_random_std_Loan Credit_STANDARDNORMAL;dt_scores_f1_score_data_random_std_Loan Credit_STANDARDNORMAL;dt_scores_roc_auc_score_data_random_std_Loan Credit_STANDARDNORMAL;dt_scores_runtime_Loan Credit_STANDARDNORMAL;inet_scores_soft_binary_crossentropy_Loan Credit_STANDARDNORMAL;inet_scores_binary_crossentropy_Loan Credit_STANDARDNORMAL;inet_scores_accuracy_Loan Credit_STANDARDNORMAL;inet_scores_f1_score_Loan Credit_STANDARDNORMAL;inet_scores_roc_auc_score_Loan Credit_STANDARDNORMAL;inet_scores_runtime_Loan Credit_STANDARDNORMAL;model_scores_soft_binary_crossentropy_Loan Credit_STANDARDNORMAL;model_scores_binary_crossentropy_Loan Credit_STANDARDNORMAL;model_scores_accuracy_Loan Credit_STANDARDNORMAL;model_scores_f1_score_Loan Credit_STANDARDNORMAL;model_scores_roc_auc_score_Loan Credit_STANDARDNORMAL;model_scores_runtime_Loan Credit_STANDARDNORMAL;dt_scores_soft_binary_crossentropy_['uniform', 'normal', 'gamma', 'beta', 'poisson']_Medical Insurance_STANDARDNORMAL;dt_scores_binary_crossentropy_['uniform', 'normal', 'gamma', 'beta', 'poisson']_Medical Insurance_STANDARDNORMAL;dt_scores_accuracy_['uniform', 'normal', 'gamma', 'beta', 'poisson']_Medical Insurance_STANDARDNORMAL;dt_scores_f1_score_['uniform', 'normal', 'gamma', 'beta', 'poisson']_Medical Insurance_STANDARDNORMAL;dt_scores_roc_auc_score_['uniform', 'normal', 'gamma', 'beta', 'poisson']_Medical Insurance_STANDARDNORMAL;dt_scores_soft_binary_crossentropy_data_random_['uniform', 'normal', 'gamma', 'beta', 'poisson']_Medical Insurance_STANDARDNORMAL;dt_scores_binary_crossentropy_data_random_['uniform', 'normal', 'gamma', 'beta', 'poisson']_Medical Insurance_STANDARDNORMAL;dt_scores_accuracy_data_random_['uniform', 'normal', 'gamma', 'beta', 'poisson']_Medical Insurance_STANDARDNORMAL;dt_scores_f1_score_data_random_['uniform', 'normal', 'gamma', 'beta', 'poisson']_Medical Insurance_STANDARDNORMAL;dt_scores_roc_auc_score_data_random_['uniform', 'normal', 'gamma', 'beta', 'poisson']_Medical Insurance_STANDARDNORMAL;dt_scores_runtime_['uniform', 'normal', 'gamma', 'beta', 'poisson']_Medical Insurance_STANDARDNORMAL;dt_scores_soft_binary_crossentropy_Medical Insurance_STANDARDNORMAL;dt_scores_binary_crossentropy_Medical Insurance_STANDARDNORMAL;dt_scores_accuracy_Medical Insurance_STANDARDNORMAL;dt_scores_f1_score_Medical Insurance_STANDARDNORMAL;dt_scores_roc_auc_score_Medical Insurance_STANDARDNORMAL;dt_scores_soft_binary_crossentropy_data_random_Medical Insurance_STANDARDNORMAL;dt_scores_binary_crossentropy_data_random_Medical Insurance_STANDARDNORMAL;dt_scores_accuracy_data_random_Medical Insurance_STANDARDNORMAL;dt_scores_f1_score_data_random_Medical Insurance_STANDARDNORMAL;dt_scores_roc_auc_score_data_random_Medical Insurance_STANDARDNORMAL;dt_scores_soft_binary_crossentropy_std_Medical Insurance_STANDARDNORMAL;dt_scores_binary_crossentropy_std_Medical Insurance_STANDARDNORMAL;dt_scores_accuracy_std_Medical Insurance_STANDARDNORMAL;dt_scores_f1_score_std_Medical Insurance_STANDARDNORMAL;dt_scores_roc_auc_score_std_Medical Insurance_STANDARDNORMAL;dt_scores_soft_binary_crossentropy_data_random_std_Medical Insurance_STANDARDNORMAL;dt_scores_binary_crossentropy_data_random_std_Medical Insurance_STANDARDNORMAL;dt_scores_accuracy_data_random_std_Medical Insurance_STANDARDNORMAL;dt_scores_f1_score_data_random_std_Medical Insurance_STANDARDNORMAL;dt_scores_roc_auc_score_data_random_std_Medical Insurance_STANDARDNORMAL;dt_scores_runtime_Medical Insurance_STANDARDNORMAL;inet_scores_soft_binary_crossentropy_Medical Insurance_STANDARDNORMAL;inet_scores_binary_crossentropy_Medical Insurance_STANDARDNORMAL;inet_scores_accuracy_Medical Insurance_STANDARDNORMAL;inet_scores_f1_score_Medical Insurance_STANDARDNORMAL;inet_scores_roc_auc_score_Medical Insurance_STANDARDNORMAL;inet_scores_runtime_Medical Insurance_STANDARDNORMAL;model_scores_soft_binary_crossentropy_Medical Insurance_STANDARDNORMAL;model_scores_binary_crossentropy_Medical Insurance_STANDARDNORMAL;model_scores_accuracy_Medical Insurance_STANDARDNORMAL;model_scores_f1_score_Medical Insurance_STANDARDNORMAL;model_scores_roc_auc_score_Medical Insurance_STANDARDNORMAL;model_scores_runtime_Medical Insurance_STANDARDNORMAL;dt_scores_soft_binary_crossentropy_['uniform', 'normal', 'gamma', 'beta', 'poisson']_Bank Marketing_STANDARDNORMAL;dt_scores_binary_crossentropy_['uniform', 'normal', 'gamma', 'beta', 'poisson']_Bank Marketing_STANDARDNORMAL;dt_scores_accuracy_['uniform', 'normal', 'gamma', 'beta', 'poisson']_Bank Marketing_STANDARDNORMAL;dt_scores_f1_score_['uniform', 'normal', 'gamma', 'beta', 'poisson']_Bank Marketing_STANDARDNORMAL;dt_scores_roc_auc_score_['uniform', 'normal', 'gamma', 'beta', 'poisson']_Bank Marketing_STANDARDNORMAL;dt_scores_soft_binary_crossentropy_data_random_['uniform', 'normal', 'gamma', 'beta', 'poisson']_Bank Marketing_STANDARDNORMAL;dt_scores_binary_crossentropy_data_random_['uniform', 'normal', 'gamma', 'beta', 'poisson']_Bank Marketing_STANDARDNORMAL;dt_scores_accuracy_data_random_['uniform', 'normal', 'gamma', 'beta', 'poisson']_Bank Marketing_STANDARDNORMAL;dt_scores_f1_score_data_random_['uniform', 'normal', 'gamma', 'beta', 'poisson']_Bank Marketing_STANDARDNORMAL;dt_scores_roc_auc_score_data_random_['uniform', 'normal', 'gamma', 'beta', 'poisson']_Bank Marketing_STANDARDNORMAL;dt_scores_runtime_['uniform', 'normal', 'gamma', 'beta', 'poisson']_Bank Marketing_STANDARDNORMAL;dt_scores_soft_binary_crossentropy_Bank Marketing_STANDARDNORMAL;dt_scores_binary_crossentropy_Bank Marketing_STANDARDNORMAL;dt_scores_accuracy_Bank Marketing_STANDARDNORMAL;dt_scores_f1_score_Bank Marketing_STANDARDNORMAL;dt_scores_roc_auc_score_Bank Marketing_STANDARDNORMAL;dt_scores_soft_binary_crossentropy_data_random_Bank Marketing_STANDARDNORMAL;dt_scores_binary_crossentropy_data_random_Bank Marketing_STANDARDNORMAL;dt_scores_accuracy_data_random_Bank Marketing_STANDARDNORMAL;dt_scores_f1_score_data_random_Bank Marketing_STANDARDNORMAL;dt_scores_roc_auc_score_data_random_Bank Marketing_STANDARDNORMAL;dt_scores_soft_binary_crossentropy_std_Bank Marketing_STANDARDNORMAL;dt_scores_binary_crossentropy_std_Bank Marketing_STANDARDNORMAL;dt_scores_accuracy_std_Bank Marketing_STANDARDNORMAL;dt_scores_f1_score_std_Bank Marketing_STANDARDNORMAL;dt_scores_roc_auc_score_std_Bank Marketing_STANDARDNORMAL;dt_scores_soft_binary_crossentropy_data_random_std_Bank Marketing_STANDARDNORMAL;dt_scores_binary_crossentropy_data_random_std_Bank Marketing_STANDARDNORMAL;dt_scores_accuracy_data_random_std_Bank Marketing_STANDARDNORMAL;dt_scores_f1_score_data_random_std_Bank Marketing_STANDARDNORMAL;dt_scores_roc_auc_score_data_random_std_Bank Marketing_STANDARDNORMAL;dt_scores_runtime_Bank Marketing_STANDARDNORMAL;inet_scores_soft_binary_crossentropy_Bank Marketing_STANDARDNORMAL;inet_scores_binary_crossentropy_Bank Marketing_STANDARDNORMAL;inet_scores_accuracy_Bank Marketing_STANDARDNORMAL;inet_scores_f1_score_Bank Marketing_STANDARDNORMAL;inet_scores_roc_auc_score_Bank Marketing_STANDARDNORMAL;inet_scores_runtime_Bank Marketing_STANDARDNORMAL;model_scores_soft_binary_crossentropy_Bank Marketing_STANDARDNORMAL;model_scores_binary_crossentropy_Bank Marketing_STANDARDNORMAL;model_scores_accuracy_Bank Marketing_STANDARDNORMAL;model_scores_f1_score_Bank Marketing_STANDARDNORMAL;model_scores_roc_auc_score_Bank Marketing_STANDARDNORMAL;model_scores_runtime_Bank Marketing_STANDARDNORMAL;dt_scores_soft_binary_crossentropy_['uniform', 'normal', 'gamma', 'beta', 'poisson']_Cervical Cancer_STANDARDNORMAL;dt_scores_binary_crossentropy_['uniform', 'normal', 'gamma', 'beta', 'poisson']_Cervical Cancer_STANDARDNORMAL;dt_scores_accuracy_['uniform', 'normal', 'gamma', 'beta', 'poisson']_Cervical Cancer_STANDARDNORMAL;dt_scores_f1_score_['uniform', 'normal', 'gamma', 'beta', 'poisson']_Cervical Cancer_STANDARDNORMAL;dt_scores_roc_auc_score_['uniform', 'normal', 'gamma', 'beta', 'poisson']_Cervical Cancer_STANDARDNORMAL;dt_scores_soft_binary_crossentropy_data_random_['uniform', 'normal', 'gamma', 'beta', 'poisson']_Cervical Cancer_STANDARDNORMAL;dt_scores_binary_crossentropy_data_random_['uniform', 'normal', 'gamma', 'beta', 'poisson']_Cervical Cancer_STANDARDNORMAL;dt_scores_accuracy_data_random_['uniform', 'normal', 'gamma', 'beta', 'poisson']_Cervical Cancer_STANDARDNORMAL;dt_scores_f1_score_data_random_['uniform', 'normal', 'gamma', 'beta', 'poisson']_Cervical Cancer_STANDARDNORMAL;dt_scores_roc_auc_score_data_random_['uniform', 'normal', 'gamma', 'beta', 'poisson']_Cervical Cancer_STANDARDNORMAL;dt_scores_runtime_['uniform', 'normal', 'gamma', 'beta', 'poisson']_Cervical Cancer_STANDARDNORMAL;dt_scores_soft_binary_crossentropy_Cervical Cancer_STANDARDNORMAL;dt_scores_binary_crossentropy_Cervical Cancer_STANDARDNORMAL;dt_scores_accuracy_Cervical Cancer_STANDARDNORMAL;dt_scores_f1_score_Cervical Cancer_STANDARDNORMAL;dt_scores_roc_auc_score_Cervical Cancer_STANDARDNORMAL;dt_scores_soft_binary_crossentropy_data_random_Cervical Cancer_STANDARDNORMAL;dt_scores_binary_crossentropy_data_random_Cervical Cancer_STANDARDNORMAL;dt_scores_accuracy_data_random_Cervical Cancer_STANDARDNORMAL;dt_scores_f1_score_data_random_Cervical Cancer_STANDARDNORMAL;dt_scores_roc_auc_score_data_random_Cervical Cancer_STANDARDNORMAL;dt_scores_soft_binary_crossentropy_std_Cervical Cancer_STANDARDNORMAL;dt_scores_binary_crossentropy_std_Cervical Cancer_STANDARDNORMAL;dt_scores_accuracy_std_Cervical Cancer_STANDARDNORMAL;dt_scores_f1_score_std_Cervical Cancer_STANDARDNORMAL;dt_scores_roc_auc_score_std_Cervical Cancer_STANDARDNORMAL;dt_scores_soft_binary_crossentropy_data_random_std_Cervical Cancer_STANDARDNORMAL;dt_scores_binary_crossentropy_data_random_std_Cervical Cancer_STANDARDNORMAL;dt_scores_accuracy_data_random_std_Cervical Cancer_STANDARDNORMAL;dt_scores_f1_score_data_random_std_Cervical Cancer_STANDARDNORMAL;dt_scores_roc_auc_score_data_random_std_Cervical Cancer_STANDARDNORMAL;dt_scores_runtime_Cervical Cancer_STANDARDNORMAL;inet_scores_soft_binary_crossentropy_Cervical Cancer_STANDARDNORMAL;inet_scores_binary_crossentropy_Cervical Cancer_STANDARDNORMAL;inet_scores_accuracy_Cervical Cancer_STANDARDNORMAL;inet_scores_f1_score_Cervical Cancer_STANDARDNORMAL;inet_scores_roc_auc_score_Cervical Cancer_STANDARDNORMAL;inet_scores_runtime_Cervical Cancer_STANDARDNORMAL;model_scores_soft_binary_crossentropy_Cervical Cancer_STANDARDNORMAL;model_scores_binary_crossentropy_Cervical Cancer_STANDARDNORMAL;model_scores_accuracy_Cervical Cancer_STANDARDNORMAL;model_scores_f1_score_Cervical Cancer_STANDARDNORMAL;model_scores_roc_auc_score_Cervical Cancer_STANDARDNORMAL;model_scores_runtime_Cervical Cancer_STANDARDNORMAL;dt_scores_soft_binary_crossentropy_['uniform', 'normal', 'gamma', 'beta', 'poisson']_Brest Cancer Wisconsin_STANDARDNORMAL;dt_scores_binary_crossentropy_['uniform', 'normal', 'gamma', 'beta', 'poisson']_Brest Cancer Wisconsin_STANDARDNORMAL;dt_scores_accuracy_['uniform', 'normal', 'gamma', 'beta', 'poisson']_Brest Cancer Wisconsin_STANDARDNORMAL;dt_scores_f1_score_['uniform', 'normal', 'gamma', 'beta', 'poisson']_Brest Cancer Wisconsin_STANDARDNORMAL;dt_scores_roc_auc_score_['uniform', 'normal', 'gamma', 'beta', 'poisson']_Brest Cancer Wisconsin_STANDARDNORMAL;dt_scores_soft_binary_crossentropy_data_random_['uniform', 'normal', 'gamma', 'beta', 'poisson']_Brest Cancer Wisconsin_STANDARDNORMAL;dt_scores_binary_crossentropy_data_random_['uniform', 'normal', 'gamma', 'beta', 'poisson']_Brest Cancer Wisconsin_STANDARDNORMAL;dt_scores_accuracy_data_random_['uniform', 'normal', 'gamma', 'beta', 'poisson']_Brest Cancer Wisconsin_STANDARDNORMAL;dt_scores_f1_score_data_random_['uniform', 'normal', 'gamma', 'beta', 'poisson']_Brest Cancer Wisconsin_STANDARDNORMAL;dt_scores_roc_auc_score_data_random_['uniform', 'normal', 'gamma', 'beta', 'poisson']_Brest Cancer Wisconsin_STANDARDNORMAL;dt_scores_runtime_['uniform', 'normal', 'gamma', 'beta', 'poisson']_Brest Cancer Wisconsin_STANDARDNORMAL;dt_scores_soft_binary_crossentropy_Brest Cancer Wisconsin_STANDARDNORMAL;dt_scores_binary_crossentropy_Brest Cancer Wisconsin_STANDARDNORMAL;dt_scores_accuracy_Brest Cancer Wisconsin_STANDARDNORMAL;dt_scores_f1_score_Brest Cancer Wisconsin_STANDARDNORMAL;dt_scores_roc_auc_score_Brest Cancer Wisconsin_STANDARDNORMAL;dt_scores_soft_binary_crossentropy_data_random_Brest Cancer Wisconsin_STANDARDNORMAL;dt_scores_binary_crossentropy_data_random_Brest Cancer Wisconsin_STANDARDNORMAL;dt_scores_accuracy_data_random_Brest Cancer Wisconsin_STANDARDNORMAL;dt_scores_f1_score_data_random_Brest Cancer Wisconsin_STANDARDNORMAL;dt_scores_roc_auc_score_data_random_Brest Cancer Wisconsin_STANDARDNORMAL;dt_scores_soft_binary_crossentropy_std_Brest Cancer Wisconsin_STANDARDNORMAL;dt_scores_binary_crossentropy_std_Brest Cancer Wisconsin_STANDARDNORMAL;dt_scores_accuracy_std_Brest Cancer Wisconsin_STANDARDNORMAL;dt_scores_f1_score_std_Brest Cancer Wisconsin_STANDARDNORMAL;dt_scores_roc_auc_score_std_Brest Cancer Wisconsin_STANDARDNORMAL;dt_scores_soft_binary_crossentropy_data_random_std_Brest Cancer Wisconsin_STANDARDNORMAL;dt_scores_binary_crossentropy_data_random_std_Brest Cancer Wisconsin_STANDARDNORMAL;dt_scores_accuracy_data_random_std_Brest Cancer Wisconsin_STANDARDNORMAL;dt_scores_f1_score_data_random_std_Brest Cancer Wisconsin_STANDARDNORMAL;dt_scores_roc_auc_score_data_random_std_Brest Cancer Wisconsin_STANDARDNORMAL;dt_scores_runtime_Brest Cancer Wisconsin_STANDARDNORMAL;inet_scores_soft_binary_crossentropy_Brest Cancer Wisconsin_STANDARDNORMAL;inet_scores_binary_crossentropy_Brest Cancer Wisconsin_STANDARDNORMAL;inet_scores_accuracy_Brest Cancer Wisconsin_STANDARDNORMAL;inet_scores_f1_score_Brest Cancer Wisconsin_STANDARDNORMAL;inet_scores_roc_auc_score_Brest Cancer Wisconsin_STANDARDNORMAL;inet_scores_runtime_Brest Cancer Wisconsin_STANDARDNORMAL;model_scores_soft_binary_crossentropy_Brest Cancer Wisconsin_STANDARDNORMAL;model_scores_binary_crossentropy_Brest Cancer Wisconsin_STANDARDNORMAL;model_scores_accuracy_Brest Cancer Wisconsin_STANDARDNORMAL;model_scores_f1_score_Brest Cancer Wisconsin_STANDARDNORMAL;model_scores_roc_auc_score_Brest Cancer Wisconsin_STANDARDNORMAL;model_scores_runtime_Brest Cancer Wisconsin_STANDARDNORMAL;dt_scores_soft_binary_crossentropy_['uniform', 'normal', 'gamma', 'beta', 'poisson']_Wisconsin Diagnostic Breast Cancer_STANDARDNORMAL;dt_scores_binary_crossentropy_['uniform', 'normal', 'gamma', 'beta', 'poisson']_Wisconsin Diagnostic Breast Cancer_STANDARDNORMAL;dt_scores_accuracy_['uniform', 'normal', 'gamma', 'beta', 'poisson']_Wisconsin Diagnostic Breast Cancer_STANDARDNORMAL;dt_scores_f1_score_['uniform', 'normal', 'gamma', 'beta', 'poisson']_Wisconsin Diagnostic Breast Cancer_STANDARDNORMAL;dt_scores_roc_auc_score_['uniform', 'normal', 'gamma', 'beta', 'poisson']_Wisconsin Diagnostic Breast Cancer_STANDARDNORMAL;dt_scores_soft_binary_crossentropy_data_random_['uniform', 'normal', 'gamma', 'beta', 'poisson']_Wisconsin Diagnostic Breast Cancer_STANDARDNORMAL;dt_scores_binary_crossentropy_data_random_['uniform', 'normal', 'gamma', 'beta', 'poisson']_Wisconsin Diagnostic Breast Cancer_STANDARDNORMAL;dt_scores_accuracy_data_random_['uniform', 'normal', 'gamma', 'beta', 'poisson']_Wisconsin Diagnostic Breast Cancer_STANDARDNORMAL;dt_scores_f1_score_data_random_['uniform', 'normal', 'gamma', 'beta', 'poisson']_Wisconsin Diagnostic Breast Cancer_STANDARDNORMAL;dt_scores_roc_auc_score_data_random_['uniform', 'normal', 'gamma', 'beta', 'poisson']_Wisconsin Diagnostic Breast Cancer_STANDARDNORMAL;dt_scores_runtime_['uniform', 'normal', 'gamma', 'beta', 'poisson']_Wisconsin Diagnostic Breast Cancer_STANDARDNORMAL;dt_scores_soft_binary_crossentropy_Wisconsin Diagnostic Breast Cancer_STANDARDNORMAL;dt_scores_binary_crossentropy_Wisconsin Diagnostic Breast Cancer_STANDARDNORMAL;dt_scores_accuracy_Wisconsin Diagnostic Breast Cancer_STANDARDNORMAL;dt_scores_f1_score_Wisconsin Diagnostic Breast Cancer_STANDARDNORMAL;dt_scores_roc_auc_score_Wisconsin Diagnostic Breast Cancer_STANDARDNORMAL;dt_scores_soft_binary_crossentropy_data_random_Wisconsin Diagnostic Breast Cancer_STANDARDNORMAL;dt_scores_binary_crossentropy_data_random_Wisconsin Diagnostic Breast Cancer_STANDARDNORMAL;dt_scores_accuracy_data_random_Wisconsin Diagnostic Breast Cancer_STANDARDNORMAL;dt_scores_f1_score_data_random_Wisconsin Diagnostic Breast Cancer_STANDARDNORMAL;dt_scores_roc_auc_score_data_random_Wisconsin Diagnostic Breast Cancer_STANDARDNORMAL;dt_scores_soft_binary_crossentropy_std_Wisconsin Diagnostic Breast Cancer_STANDARDNORMAL;dt_scores_binary_crossentropy_std_Wisconsin Diagnostic Breast Cancer_STANDARDNORMAL;dt_scores_accuracy_std_Wisconsin Diagnostic Breast Cancer_STANDARDNORMAL;dt_scores_f1_score_std_Wisconsin Diagnostic Breast Cancer_STANDARDNORMAL;dt_scores_roc_auc_score_std_Wisconsin Diagnostic Breast Cancer_STANDARDNORMAL;dt_scores_soft_binary_crossentropy_data_random_std_Wisconsin Diagnostic Breast Cancer_STANDARDNORMAL;dt_scores_binary_crossentropy_data_random_std_Wisconsin Diagnostic Breast Cancer_STANDARDNORMAL;dt_scores_accuracy_data_random_std_Wisconsin Diagnostic Breast Cancer_STANDARDNORMAL;dt_scores_f1_score_data_random_std_Wisconsin Diagnostic Breast Cancer_STANDARDNORMAL;dt_scores_roc_auc_score_data_random_std_Wisconsin Diagnostic Breast Cancer_STANDARDNORMAL;dt_scores_runtime_Wisconsin Diagnostic Breast Cancer_STANDARDNORMAL;inet_scores_soft_binary_crossentropy_Wisconsin Diagnostic Breast Cancer_STANDARDNORMAL;inet_scores_binary_crossentropy_Wisconsin Diagnostic Breast Cancer_STANDARDNORMAL;inet_scores_accuracy_Wisconsin Diagnostic Breast Cancer_STANDARDNORMAL;inet_scores_f1_score_Wisconsin Diagnostic Breast Cancer_STANDARDNORMAL;inet_scores_roc_auc_score_Wisconsin Diagnostic Breast Cancer_STANDARDNORMAL;inet_scores_runtime_Wisconsin Diagnostic Breast Cancer_STANDARDNORMAL;model_scores_soft_binary_crossentropy_Wisconsin Diagnostic Breast Cancer_STANDARDNORMAL;model_scores_binary_crossentropy_Wisconsin Diagnostic Breast Cancer_STANDARDNORMAL;model_scores_accuracy_Wisconsin Diagnostic Breast Cancer_STANDARDNORMAL;model_scores_f1_score_Wisconsin Diagnostic Breast Cancer_STANDARDNORMAL;model_scores_roc_auc_score_Wisconsin Diagnostic Breast Cancer_STANDARDNORMAL;model_scores_runtime_Wisconsin Diagnostic Breast Cancer_STANDARDNORMAL;dt_scores_soft_binary_crossentropy_['uniform', 'normal', 'gamma', 'beta', 'poisson']_Wisconsin Prognostic Breast Cancer_STANDARDNORMAL;dt_scores_binary_crossentropy_['uniform', 'normal', 'gamma', 'beta', 'poisson']_Wisconsin Prognostic Breast Cancer_STANDARDNORMAL;dt_scores_accuracy_['uniform', 'normal', 'gamma', 'beta', 'poisson']_Wisconsin Prognostic Breast Cancer_STANDARDNORMAL;dt_scores_f1_score_['uniform', 'normal', 'gamma', 'beta', 'poisson']_Wisconsin Prognostic Breast Cancer_STANDARDNORMAL;dt_scores_roc_auc_score_['uniform', 'normal', 'gamma', 'beta', 'poisson']_Wisconsin Prognostic Breast Cancer_STANDARDNORMAL;dt_scores_soft_binary_crossentropy_data_random_['uniform', 'normal', 'gamma', 'beta', 'poisson']_Wisconsin Prognostic Breast Cancer_STANDARDNORMAL;dt_scores_binary_crossentropy_data_random_['uniform', 'normal', 'gamma', 'beta', 'poisson']_Wisconsin Prognostic Breast Cancer_STANDARDNORMAL;dt_scores_accuracy_data_random_['uniform', 'normal', 'gamma', 'beta', 'poisson']_Wisconsin Prognostic Breast Cancer_STANDARDNORMAL;dt_scores_f1_score_data_random_['uniform', 'normal', 'gamma', 'beta', 'poisson']_Wisconsin Prognostic Breast Cancer_STANDARDNORMAL;dt_scores_roc_auc_score_data_random_['uniform', 'normal', 'gamma', 'beta', 'poisson']_Wisconsin Prognostic Breast Cancer_STANDARDNORMAL;dt_scores_runtime_['uniform', 'normal', 'gamma', 'beta', 'poisson']_Wisconsin Prognostic Breast Cancer_STANDARDNORMAL;dt_scores_soft_binary_crossentropy_Wisconsin Prognostic Breast Cancer_STANDARDNORMAL;dt_scores_binary_crossentropy_Wisconsin Prognostic Breast Cancer_STANDARDNORMAL;dt_scores_accuracy_Wisconsin Prognostic Breast Cancer_STANDARDNORMAL;dt_scores_f1_score_Wisconsin Prognostic Breast Cancer_STANDARDNORMAL;dt_scores_roc_auc_score_Wisconsin Prognostic Breast Cancer_STANDARDNORMAL;dt_scores_soft_binary_crossentropy_data_random_Wisconsin Prognostic Breast Cancer_STANDARDNORMAL;dt_scores_binary_crossentropy_data_random_Wisconsin Prognostic Breast Cancer_STANDARDNORMAL;dt_scores_accuracy_data_random_Wisconsin Prognostic Breast Cancer_STANDARDNORMAL;dt_scores_f1_score_data_random_Wisconsin Prognostic Breast Cancer_STANDARDNORMAL;dt_scores_roc_auc_score_data_random_Wisconsin Prognostic Breast Cancer_STANDARDNORMAL;dt_scores_soft_binary_crossentropy_std_Wisconsin Prognostic Breast Cancer_STANDARDNORMAL;dt_scores_binary_crossentropy_std_Wisconsin Prognostic Breast Cancer_STANDARDNORMAL;dt_scores_accuracy_std_Wisconsin Prognostic Breast Cancer_STANDARDNORMAL;dt_scores_f1_score_std_Wisconsin Prognostic Breast Cancer_STANDARDNORMAL;dt_scores_roc_auc_score_std_Wisconsin Prognostic Breast Cancer_STANDARDNORMAL;dt_scores_soft_binary_crossentropy_data_random_std_Wisconsin Prognostic Breast Cancer_STANDARDNORMAL;dt_scores_binary_crossentropy_data_random_std_Wisconsin Prognostic Breast Cancer_STANDARDNORMAL;dt_scores_accuracy_data_random_std_Wisconsin Prognostic Breast Cancer_STANDARDNORMAL;dt_scores_f1_score_data_random_std_Wisconsin Prognostic Breast Cancer_STANDARDNORMAL;dt_scores_roc_auc_score_data_random_std_Wisconsin Prognostic Breast Cancer_STANDARDNORMAL;dt_scores_runtime_Wisconsin Prognostic Breast Cancer_STANDARDNORMAL;inet_scores_soft_binary_crossentropy_Wisconsin Prognostic Breast Cancer_STANDARDNORMAL;inet_scores_binary_crossentropy_Wisconsin Prognostic Breast Cancer_STANDARDNORMAL;inet_scores_accuracy_Wisconsin Prognostic Breast Cancer_STANDARDNORMAL;inet_scores_f1_score_Wisconsin Prognostic Breast Cancer_STANDARDNORMAL;inet_scores_roc_auc_score_Wisconsin Prognostic Breast Cancer_STANDARDNORMAL;inet_scores_runtime_Wisconsin Prognostic Breast Cancer_STANDARDNORMAL;model_scores_soft_binary_crossentropy_Wisconsin Prognostic Breast Cancer_STANDARDNORMAL;model_scores_binary_crossentropy_Wisconsin Prognostic Breast Cancer_STANDARDNORMAL;model_scores_accuracy_Wisconsin Prognostic Breast Cancer_STANDARDNORMAL;model_scores_f1_score_Wisconsin Prognostic Breast Cancer_STANDARDNORMAL;model_scores_roc_auc_score_Wisconsin Prognostic Breast Cancer_STANDARDNORMAL;model_scores_runtime_Wisconsin Prognostic Breast Cancer_STANDARDNORMAL;dt_scores_soft_binary_crossentropy_['uniform', 'normal', 'gamma', 'beta', 'poisson']_Abalone_STANDARDNORMAL;dt_scores_binary_crossentropy_['uniform', 'normal', 'gamma', 'beta', 'poisson']_Abalone_STANDARDNORMAL;dt_scores_accuracy_['uniform', 'normal', 'gamma', 'beta', 'poisson']_Abalone_STANDARDNORMAL;dt_scores_f1_score_['uniform', 'normal', 'gamma', 'beta', 'poisson']_Abalone_STANDARDNORMAL;dt_scores_roc_auc_score_['uniform', 'normal', 'gamma', 'beta', 'poisson']_Abalone_STANDARDNORMAL;dt_scores_soft_binary_crossentropy_data_random_['uniform', 'normal', 'gamma', 'beta', 'poisson']_Abalone_STANDARDNORMAL;dt_scores_binary_crossentropy_data_random_['uniform', 'normal', 'gamma', 'beta', 'poisson']_Abalone_STANDARDNORMAL;dt_scores_accuracy_data_random_['uniform', 'normal', 'gamma', 'beta', 'poisson']_Abalone_STANDARDNORMAL;dt_scores_f1_score_data_random_['uniform', 'normal', 'gamma', 'beta', 'poisson']_Abalone_STANDARDNORMAL;dt_scores_roc_auc_score_data_random_['uniform', 'normal', 'gamma', 'beta', 'poisson']_Abalone_STANDARDNORMAL;dt_scores_runtime_['uniform', 'normal', 'gamma', 'beta', 'poisson']_Abalone_STANDARDNORMAL;dt_scores_soft_binary_crossentropy_Abalone_STANDARDNORMAL;dt_scores_binary_crossentropy_Abalone_STANDARDNORMAL;dt_scores_accuracy_Abalone_STANDARDNORMAL;dt_scores_f1_score_Abalone_STANDARDNORMAL;dt_scores_roc_auc_score_Abalone_STANDARDNORMAL;dt_scores_soft_binary_crossentropy_data_random_Abalone_STANDARDNORMAL;dt_scores_binary_crossentropy_data_random_Abalone_STANDARDNORMAL;dt_scores_accuracy_data_random_Abalone_STANDARDNORMAL;dt_scores_f1_score_data_random_Abalone_STANDARDNORMAL;dt_scores_roc_auc_score_data_random_Abalone_STANDARDNORMAL;dt_scores_soft_binary_crossentropy_std_Abalone_STANDARDNORMAL;dt_scores_binary_crossentropy_std_Abalone_STANDARDNORMAL;dt_scores_accuracy_std_Abalone_STANDARDNORMAL;dt_scores_f1_score_std_Abalone_STANDARDNORMAL;dt_scores_roc_auc_score_std_Abalone_STANDARDNORMAL;dt_scores_soft_binary_crossentropy_data_random_std_Abalone_STANDARDNORMAL;dt_scores_binary_crossentropy_data_random_std_Abalone_STANDARDNORMAL;dt_scores_accuracy_data_random_std_Abalone_STANDARDNORMAL;dt_scores_f1_score_data_random_std_Abalone_STANDARDNORMAL;dt_scores_roc_auc_score_data_random_std_Abalone_STANDARDNORMAL;dt_scores_runtime_Abalone_STANDARDNORMAL;inet_scores_soft_binary_crossentropy_Abalone_STANDARDNORMAL;inet_scores_binary_crossentropy_Abalone_STANDARDNORMAL;inet_scores_accuracy_Abalone_STANDARDNORMAL;inet_scores_f1_score_Abalone_STANDARDNORMAL;inet_scores_roc_auc_score_Abalone_STANDARDNORMAL;inet_scores_runtime_Abalone_STANDARDNORMAL;model_scores_soft_binary_crossentropy_Abalone_STANDARDNORMAL;model_scores_binary_crossentropy_Abalone_STANDARDNORMAL;model_scores_accuracy_Abalone_STANDARDNORMAL;model_scores_f1_score_Abalone_STANDARDNORMAL;model_scores_roc_auc_score_Abalone_STANDARDNORMAL;model_scores_runtime_Abalone_STANDARDNORMAL;dt_scores_soft_binary_crossentropy_['uniform', 'normal', 'gamma', 'beta', 'poisson']_Car_STANDARDNORMAL;dt_scores_binary_crossentropy_['uniform', 'normal', 'gamma', 'beta', 'poisson']_Car_STANDARDNORMAL;dt_scores_accuracy_['uniform', 'normal', 'gamma', 'beta', 'poisson']_Car_STANDARDNORMAL;dt_scores_f1_score_['uniform', 'normal', 'gamma', 'beta', 'poisson']_Car_STANDARDNORMAL;dt_scores_roc_auc_score_['uniform', 'normal', 'gamma', 'beta', 'poisson']_Car_STANDARDNORMAL;dt_scores_soft_binary_crossentropy_data_random_['uniform', 'normal', 'gamma', 'beta', 'poisson']_Car_STANDARDNORMAL;dt_scores_binary_crossentropy_data_random_['uniform', 'normal', 'gamma', 'beta', 'poisson']_Car_STANDARDNORMAL;dt_scores_accuracy_data_random_['uniform', 'normal', 'gamma', 'beta', 'poisson']_Car_STANDARDNORMAL;dt_scores_f1_score_data_random_['uniform', 'normal', 'gamma', 'beta', 'poisson']_Car_STANDARDNORMAL;dt_scores_roc_auc_score_data_random_['uniform', 'normal', 'gamma', 'beta', 'poisson']_Car_STANDARDNORMAL;dt_scores_runtime_['uniform', 'normal', 'gamma', 'beta', 'poisson']_Car_STANDARDNORMAL;dt_scores_soft_binary_crossentropy_Car_STANDARDNORMAL;dt_scores_binary_crossentropy_Car_STANDARDNORMAL;dt_scores_accuracy_Car_STANDARDNORMAL;dt_scores_f1_score_Car_STANDARDNORMAL;dt_scores_roc_auc_score_Car_STANDARDNORMAL;dt_scores_soft_binary_crossentropy_data_random_Car_STANDARDNORMAL;dt_scores_binary_crossentropy_data_random_Car_STANDARDNORMAL;dt_scores_accuracy_data_random_Car_STANDARDNORMAL;dt_scores_f1_score_data_random_Car_STANDARDNORMAL;dt_scores_roc_auc_score_data_random_Car_STANDARDNORMAL;dt_scores_soft_binary_crossentropy_std_Car_STANDARDNORMAL;dt_scores_binary_crossentropy_std_Car_STANDARDNORMAL;dt_scores_accuracy_std_Car_STANDARDNORMAL;dt_scores_f1_score_std_Car_STANDARDNORMAL;dt_scores_roc_auc_score_std_Car_STANDARDNORMAL;dt_scores_soft_binary_crossentropy_data_random_std_Car_STANDARDNORMAL;dt_scores_binary_crossentropy_data_random_std_Car_STANDARDNORMAL;dt_scores_accuracy_data_random_std_Car_STANDARDNORMAL;dt_scores_f1_score_data_random_std_Car_STANDARDNORMAL;dt_scores_roc_auc_score_data_random_std_Car_STANDARDNORMAL;dt_scores_runtime_Car_STANDARDNORMAL;inet_scores_soft_binary_crossentropy_Car_STANDARDNORMAL;inet_scores_binary_crossentropy_Car_STANDARDNORMAL;inet_scores_accuracy_Car_STANDARDNORMAL;inet_scores_f1_score_Car_STANDARDNORMAL;inet_scores_roc_auc_score_Car_STANDARDNORMAL;inet_scores_runtime_Car_STANDARDNORMAL;model_scores_soft_binary_crossentropy_Car_STANDARDNORMAL;model_scores_binary_crossentropy_Car_STANDARDNORMAL;model_scores_accuracy_Car_STANDARDNORMAL;model_scores_f1_score_Car_STANDARDNORMAL;model_scores_roc_auc_score_Car_STANDARDNORMAL;model_scores_runtime_Car_STANDARDNORMAL;dt_scores_soft_binary_crossentropy_['uniform', 'normal', 'gamma', 'beta', 'poisson']_Heart Disease_STANDARDNORMAL;dt_scores_binary_crossentropy_['uniform', 'normal', 'gamma', 'beta', 'poisson']_Heart Disease_STANDARDNORMAL;dt_scores_accuracy_['uniform', 'normal', 'gamma', 'beta', 'poisson']_Heart Disease_STANDARDNORMAL;dt_scores_f1_score_['uniform', 'normal', 'gamma', 'beta', 'poisson']_Heart Disease_STANDARDNORMAL;dt_scores_roc_auc_score_['uniform', 'normal', 'gamma', 'beta', 'poisson']_Heart Disease_STANDARDNORMAL;dt_scores_soft_binary_crossentropy_data_random_['uniform', 'normal', 'gamma', 'beta', 'poisson']_Heart Disease_STANDARDNORMAL;dt_scores_binary_crossentropy_data_random_['uniform', 'normal', 'gamma', 'beta', 'poisson']_Heart Disease_STANDARDNORMAL;dt_scores_accuracy_data_random_['uniform', 'normal', 'gamma', 'beta', 'poisson']_Heart Disease_STANDARDNORMAL;dt_scores_f1_score_data_random_['uniform', 'normal', 'gamma', 'beta', 'poisson']_Heart Disease_STANDARDNORMAL;dt_scores_roc_auc_score_data_random_['uniform', 'normal', 'gamma', 'beta', 'poisson']_Heart Disease_STANDARDNORMAL;dt_scores_runtime_['uniform', 'normal', 'gamma', 'beta', 'poisson']_Heart Disease_STANDARDNORMAL;dt_scores_soft_binary_crossentropy_Heart Disease_STANDARDNORMAL;dt_scores_binary_crossentropy_Heart Disease_STANDARDNORMAL;dt_scores_accuracy_Heart Disease_STANDARDNORMAL;dt_scores_f1_score_Heart Disease_STANDARDNORMAL;dt_scores_roc_auc_score_Heart Disease_STANDARDNORMAL;dt_scores_soft_binary_crossentropy_data_random_Heart Disease_STANDARDNORMAL;dt_scores_binary_crossentropy_data_random_Heart Disease_STANDARDNORMAL;dt_scores_accuracy_data_random_Heart Disease_STANDARDNORMAL;dt_scores_f1_score_data_random_Heart Disease_STANDARDNORMAL;dt_scores_roc_auc_score_data_random_Heart Disease_STANDARDNORMAL;dt_scores_soft_binary_crossentropy_std_Heart Disease_STANDARDNORMAL;dt_scores_binary_crossentropy_std_Heart Disease_STANDARDNORMAL;dt_scores_accuracy_std_Heart Disease_STANDARDNORMAL;dt_scores_f1_score_std_Heart Disease_STANDARDNORMAL;dt_scores_roc_auc_score_std_Heart Disease_STANDARDNORMAL;dt_scores_soft_binary_crossentropy_data_random_std_Heart Disease_STANDARDNORMAL;dt_scores_binary_crossentropy_data_random_std_Heart Disease_STANDARDNORMAL;dt_scores_accuracy_data_random_std_Heart Disease_STANDARDNORMAL;dt_scores_f1_score_data_random_std_Heart Disease_STANDARDNORMAL;dt_scores_roc_auc_score_data_random_std_Heart Disease_STANDARDNORMAL;dt_scores_runtime_Heart Disease_STANDARDNORMAL;inet_scores_soft_binary_crossentropy_Heart Disease_STANDARDNORMAL;inet_scores_binary_crossentropy_Heart Disease_STANDARDNORMAL;inet_scores_accuracy_Heart Disease_STANDARDNORMAL;inet_scores_f1_score_Heart Disease_STANDARDNORMAL;inet_scores_roc_auc_score_Heart Disease_STANDARDNORMAL;inet_scores_runtime_Heart Disease_STANDARDNORMAL;model_scores_soft_binary_crossentropy_Heart Disease_STANDARDNORMAL;model_scores_binary_crossentropy_Heart Disease_STANDARDNORMAL;model_scores_accuracy_Heart Disease_STANDARDNORMAL;model_scores_f1_score_Heart Disease_STANDARDNORMAL;model_scores_roc_auc_score_Heart Disease_STANDARDNORMAL;model_scores_runtime_Heart Disease_STANDARDNORMAL;dt_scores_soft_binary_crossentropy_['uniform', 'normal', 'gamma', 'beta', 'poisson']_Credit Card_STANDARDNORMAL;dt_scores_binary_crossentropy_['uniform', 'normal', 'gamma', 'beta', 'poisson']_Credit Card_STANDARDNORMAL;dt_scores_accuracy_['uniform', 'normal', 'gamma', 'beta', 'poisson']_Credit Card_STANDARDNORMAL;dt_scores_f1_score_['uniform', 'normal', 'gamma', 'beta', 'poisson']_Credit Card_STANDARDNORMAL;dt_scores_roc_auc_score_['uniform', 'normal', 'gamma', 'beta', 'poisson']_Credit Card_STANDARDNORMAL;dt_scores_soft_binary_crossentropy_data_random_['uniform', 'normal', 'gamma', 'beta', 'poisson']_Credit Card_STANDARDNORMAL;dt_scores_binary_crossentropy_data_random_['uniform', 'normal', 'gamma', 'beta', 'poisson']_Credit Card_STANDARDNORMAL;dt_scores_accuracy_data_random_['uniform', 'normal', 'gamma', 'beta', 'poisson']_Credit Card_STANDARDNORMAL;dt_scores_f1_score_data_random_['uniform', 'normal', 'gamma', 'beta', 'poisson']_Credit Card_STANDARDNORMAL;dt_scores_roc_auc_score_data_random_['uniform', 'normal', 'gamma', 'beta', 'poisson']_Credit Card_STANDARDNORMAL;dt_scores_runtime_['uniform', 'normal', 'gamma', 'beta', 'poisson']_Credit Card_STANDARDNORMAL;dt_scores_soft_binary_crossentropy_Credit Card_STANDARDNORMAL;dt_scores_binary_crossentropy_Credit Card_STANDARDNORMAL;dt_scores_accuracy_Credit Card_STANDARDNORMAL;dt_scores_f1_score_Credit Card_STANDARDNORMAL;dt_scores_roc_auc_score_Credit Card_STANDARDNORMAL;dt_scores_soft_binary_crossentropy_data_random_Credit Card_STANDARDNORMAL;dt_scores_binary_crossentropy_data_random_Credit Card_STANDARDNORMAL;dt_scores_accuracy_data_random_Credit Card_STANDARDNORMAL;dt_scores_f1_score_data_random_Credit Card_STANDARDNORMAL;dt_scores_roc_auc_score_data_random_Credit Card_STANDARDNORMAL;dt_scores_soft_binary_crossentropy_std_Credit Card_STANDARDNORMAL;dt_scores_binary_crossentropy_std_Credit Card_STANDARDNORMAL;dt_scores_accuracy_std_Credit Card_STANDARDNORMAL;dt_scores_f1_score_std_Credit Card_STANDARDNORMAL;dt_scores_roc_auc_score_std_Credit Card_STANDARDNORMAL;dt_scores_soft_binary_crossentropy_data_random_std_Credit Card_STANDARDNORMAL;dt_scores_binary_crossentropy_data_random_std_Credit Card_STANDARDNORMAL;dt_scores_accuracy_data_random_std_Credit Card_STANDARDNORMAL;dt_scores_f1_score_data_random_std_Credit Card_STANDARDNORMAL;dt_scores_roc_auc_score_data_random_std_Credit Card_STANDARDNORMAL;dt_scores_runtime_Credit Card_STANDARDNORMAL;inet_scores_soft_binary_crossentropy_Credit Card_STANDARDNORMAL;inet_scores_binary_crossentropy_Credit Card_STANDARDNORMAL;inet_scores_accuracy_Credit Card_STANDARDNORMAL;inet_scores_f1_score_Credit Card_STANDARDNORMAL;inet_scores_roc_auc_score_Credit Card_STANDARDNORMAL;inet_scores_runtime_Credit Card_STANDARDNORMAL;model_scores_soft_binary_crossentropy_Credit Card_STANDARDNORMAL;model_scores_binary_crossentropy_Credit Card_STANDARDNORMAL;model_scores_accuracy_Credit Card_STANDARDNORMAL;model_scores_f1_score_Credit Card_STANDARDNORMAL;model_scores_roc_auc_score_Credit Card_STANDARDNORMAL;model_scores_runtime_Credit Card_STANDARDNORMAL;dt_scores_soft_binary_crossentropy_['uniform', 'normal', 'gamma', 'beta', 'poisson']_Haberman_STANDARDNORMAL;dt_scores_binary_crossentropy_['uniform', 'normal', 'gamma', 'beta', 'poisson']_Haberman_STANDARDNORMAL;dt_scores_accuracy_['uniform', 'normal', 'gamma', 'beta', 'poisson']_Haberman_STANDARDNORMAL;dt_scores_f1_score_['uniform', 'normal', 'gamma', 'beta', 'poisson']_Haberman_STANDARDNORMAL;dt_scores_roc_auc_score_['uniform', 'normal', 'gamma', 'beta', 'poisson']_Haberman_STANDARDNORMAL;dt_scores_soft_binary_crossentropy_data_random_['uniform', 'normal', 'gamma', 'beta', 'poisson']_Haberman_STANDARDNORMAL;dt_scores_binary_crossentropy_data_random_['uniform', 'normal', 'gamma', 'beta', 'poisson']_Haberman_STANDARDNORMAL;dt_scores_accuracy_data_random_['uniform', 'normal', 'gamma', 'beta', 'poisson']_Haberman_STANDARDNORMAL;dt_scores_f1_score_data_random_['uniform', 'normal', 'gamma', 'beta', 'poisson']_Haberman_STANDARDNORMAL;dt_scores_roc_auc_score_data_random_['uniform', 'normal', 'gamma', 'beta', 'poisson']_Haberman_STANDARDNORMAL;dt_scores_runtime_['uniform', 'normal', 'gamma', 'beta', 'poisson']_Haberman_STANDARDNORMAL;dt_scores_soft_binary_crossentropy_Haberman_STANDARDNORMAL;dt_scores_binary_crossentropy_Haberman_STANDARDNORMAL;dt_scores_accuracy_Haberman_STANDARDNORMAL;dt_scores_f1_score_Haberman_STANDARDNORMAL;dt_scores_roc_auc_score_Haberman_STANDARDNORMAL;dt_scores_soft_binary_crossentropy_data_random_Haberman_STANDARDNORMAL;dt_scores_binary_crossentropy_data_random_Haberman_STANDARDNORMAL;dt_scores_accuracy_data_random_Haberman_STANDARDNORMAL;dt_scores_f1_score_data_random_Haberman_STANDARDNORMAL;dt_scores_roc_auc_score_data_random_Haberman_STANDARDNORMAL;dt_scores_soft_binary_crossentropy_std_Haberman_STANDARDNORMAL;dt_scores_binary_crossentropy_std_Haberman_STANDARDNORMAL;dt_scores_accuracy_std_Haberman_STANDARDNORMAL;dt_scores_f1_score_std_Haberman_STANDARDNORMAL;dt_scores_roc_auc_score_std_Haberman_STANDARDNORMAL;dt_scores_soft_binary_crossentropy_data_random_std_Haberman_STANDARDNORMAL;dt_scores_binary_crossentropy_data_random_std_Haberman_STANDARDNORMAL;dt_scores_accuracy_data_random_std_Haberman_STANDARDNORMAL;dt_scores_f1_score_data_random_std_Haberman_STANDARDNORMAL;dt_scores_roc_auc_score_data_random_std_Haberman_STANDARDNORMAL;dt_scores_runtime_Haberman_STANDARDNORMAL;inet_scores_soft_binary_crossentropy_Haberman_STANDARDNORMAL;inet_scores_binary_crossentropy_Haberman_STANDARDNORMAL;inet_scores_accuracy_Haberman_STANDARDNORMAL;inet_scores_f1_score_Haberman_STANDARDNORMAL;inet_scores_roc_auc_score_Haberman_STANDARDNORMAL;inet_scores_runtime_Haberman_STANDARDNORMAL;model_scores_soft_binary_crossentropy_Haberman_STANDARDNORMAL;model_scores_binary_crossentropy_Haberman_STANDARDNORMAL;model_scores_accuracy_Haberman_STANDARDNORMAL;model_scores_f1_score_Haberman_STANDARDNORMAL;model_scores_roc_auc_score_Haberman_STANDARDNORMAL;model_scores_runtime_Haberman_STANDARDNORMAL;dt_scores_soft_binary_crossentropy_['uniform', 'normal', 'gamma', 'beta', 'poisson']_Adult_STANDARDNORMAL;dt_scores_binary_crossentropy_['uniform', 'normal', 'gamma', 'beta', 'poisson']_Adult_STANDARDNORMAL;dt_scores_accuracy_['uniform', 'normal', 'gamma', 'beta', 'poisson']_Adult_STANDARDNORMAL;dt_scores_f1_score_['uniform', 'normal', 'gamma', 'beta', 'poisson']_Adult_STANDARDNORMAL;dt_scores_roc_auc_score_['uniform', 'normal', 'gamma', 'beta', 'poisson']_Adult_STANDARDNORMAL;dt_scores_soft_binary_crossentropy_data_random_['uniform', 'normal', 'gamma', 'beta', 'poisson']_Adult_STANDARDNORMAL;dt_scores_binary_crossentropy_data_random_['uniform', 'normal', 'gamma', 'beta', 'poisson']_Adult_STANDARDNORMAL;dt_scores_accuracy_data_random_['uniform', 'normal', 'gamma', 'beta', 'poisson']_Adult_STANDARDNORMAL;dt_scores_f1_score_data_random_['uniform', 'normal', 'gamma', 'beta', 'poisson']_Adult_STANDARDNORMAL;dt_scores_roc_auc_score_data_random_['uniform', 'normal', 'gamma', 'beta', 'poisson']_Adult_STANDARDNORMAL;dt_scores_runtime_['uniform', 'normal', 'gamma', 'beta', 'poisson']_Adult_STANDARDNORMAL;dt_scores_soft_binary_crossentropy_Adult_STANDARDNORMAL;dt_scores_binary_crossentropy_Adult_STANDARDNORMAL;dt_scores_accuracy_Adult_STANDARDNORMAL;dt_scores_f1_score_Adult_STANDARDNORMAL;dt_scores_roc_auc_score_Adult_STANDARDNORMAL;dt_scores_soft_binary_crossentropy_data_random_Adult_STANDARDNORMAL;dt_scores_binary_crossentropy_data_random_Adult_STANDARDNORMAL;dt_scores_accuracy_data_random_Adult_STANDARDNORMAL;dt_scores_f1_score_data_random_Adult_STANDARDNORMAL;dt_scores_roc_auc_score_data_random_Adult_STANDARDNORMAL;dt_scores_soft_binary_crossentropy_std_Adult_STANDARDNORMAL;dt_scores_binary_crossentropy_std_Adult_STANDARDNORMAL;dt_scores_accuracy_std_Adult_STANDARDNORMAL;dt_scores_f1_score_std_Adult_STANDARDNORMAL;dt_scores_roc_auc_score_std_Adult_STANDARDNORMAL;dt_scores_soft_binary_crossentropy_data_random_std_Adult_STANDARDNORMAL;dt_scores_binary_crossentropy_data_random_std_Adult_STANDARDNORMAL;dt_scores_accuracy_data_random_std_Adult_STANDARDNORMAL;dt_scores_f1_score_data_random_std_Adult_STANDARDNORMAL;dt_scores_roc_auc_score_data_random_std_Adult_STANDARDNORMAL;dt_scores_runtime_Adult_STANDARDNORMAL;inet_scores_soft_binary_crossentropy_Adult_STANDARDNORMAL;inet_scores_binary_crossentropy_Adult_STANDARDNORMAL;inet_scores_accuracy_Adult_STANDARDNORMAL;inet_scores_f1_score_Adult_STANDARDNORMAL;inet_scores_roc_auc_score_Adult_STANDARDNORMAL;inet_scores_runtime_Adult_STANDARDNORMAL;model_scores_soft_binary_crossentropy_Adult_STANDARDNORMAL;model_scores_binary_crossentropy_Adult_STANDARDNORMAL;model_scores_accuracy_Adult_STANDARDNORMAL;model_scores_f1_score_Adult_STANDARDNORMAL;model_scores_roc_auc_score_Adult_STANDARDNORMAL;model_scores_runtime_Adult_STANDARDNORMAL;dt_scores_soft_binary_crossentropy_['uniform', 'normal', 'gamma', 'beta', 'poisson']_Titanic_STANDARDNORMAL;dt_scores_binary_crossentropy_['uniform', 'normal', 'gamma', 'beta', 'poisson']_Titanic_STANDARDNORMAL;dt_scores_accuracy_['uniform', 'normal', 'gamma', 'beta', 'poisson']_Titanic_STANDARDNORMAL;dt_scores_f1_score_['uniform', 'normal', 'gamma', 'beta', 'poisson']_Titanic_STANDARDNORMAL;dt_scores_roc_auc_score_['uniform', 'normal', 'gamma', 'beta', 'poisson']_Titanic_STANDARDNORMAL;dt_scores_soft_binary_crossentropy_data_random_['uniform', 'normal', 'gamma', 'beta', 'poisson']_Titanic_STANDARDNORMAL;dt_scores_binary_crossentropy_data_random_['uniform', 'normal', 'gamma', 'beta', 'poisson']_Titanic_STANDARDNORMAL;dt_scores_accuracy_data_random_['uniform', 'normal', 'gamma', 'beta', 'poisson']_Titanic_STANDARDNORMAL;dt_scores_f1_score_data_random_['uniform', 'normal', 'gamma', 'beta', 'poisson']_Titanic_STANDARDNORMAL;dt_scores_roc_auc_score_data_random_['uniform', 'normal', 'gamma', 'beta', 'poisson']_Titanic_STANDARDNORMAL;dt_scores_runtime_['uniform', 'normal', 'gamma', 'beta', 'poisson']_Titanic_STANDARDNORMAL;dt_scores_soft_binary_crossentropy_Titanic_STANDARDNORMAL;dt_scores_binary_crossentropy_Titanic_STANDARDNORMAL;dt_scores_accuracy_Titanic_STANDARDNORMAL;dt_scores_f1_score_Titanic_STANDARDNORMAL;dt_scores_roc_auc_score_Titanic_STANDARDNORMAL;dt_scores_soft_binary_crossentropy_data_random_Titanic_STANDARDNORMAL;dt_scores_binary_crossentropy_data_random_Titanic_STANDARDNORMAL;dt_scores_accuracy_data_random_Titanic_STANDARDNORMAL;dt_scores_f1_score_data_random_Titanic_STANDARDNORMAL;dt_scores_roc_auc_score_data_random_Titanic_STANDARDNORMAL;dt_scores_soft_binary_crossentropy_std_Titanic_STANDARDNORMAL;dt_scores_binary_crossentropy_std_Titanic_STANDARDNORMAL;dt_scores_accuracy_std_Titanic_STANDARDNORMAL;dt_scores_f1_score_std_Titanic_STANDARDNORMAL;dt_scores_roc_auc_score_std_Titanic_STANDARDNORMAL;dt_scores_soft_binary_crossentropy_data_random_std_Titanic_STANDARDNORMAL;dt_scores_binary_crossentropy_data_random_std_Titanic_STANDARDNORMAL;dt_scores_accuracy_data_random_std_Titanic_STANDARDNORMAL;dt_scores_f1_score_data_random_std_Titanic_STANDARDNORMAL;dt_scores_roc_auc_score_data_random_std_Titanic_STANDARDNORMAL;dt_scores_runtime_Titanic_STANDARDNORMAL;inet_scores_soft_binary_crossentropy_Titanic_STANDARDNORMAL;inet_scores_binary_crossentropy_Titanic_STANDARDNORMAL;inet_scores_accuracy_Titanic_STANDARDNORMAL;inet_scores_f1_score_Titanic_STANDARDNORMAL;inet_scores_roc_auc_score_Titanic_STANDARDNORMAL;inet_scores_runtime_Titanic_STANDARDNORMAL;model_scores_soft_binary_crossentropy_Titanic_STANDARDNORMAL;model_scores_binary_crossentropy_Titanic_STANDARDNORMAL;model_scores_accuracy_Titanic_STANDARDNORMAL;model_scores_f1_score_Titanic_STANDARDNORMAL;model_scores_roc_auc_score_Titanic_STANDARDNORMAL;model_scores_runtime_Titanic_STANDARDNORMAL;dt_scores_soft_binary_crossentropy_['uniform', 'normal', 'gamma', 'beta', 'poisson']_Absenteeism_STANDARDNORMAL;dt_scores_binary_crossentropy_['uniform', 'normal', 'gamma', 'beta', 'poisson']_Absenteeism_STANDARDNORMAL;dt_scores_accuracy_['uniform', 'normal', 'gamma', 'beta', 'poisson']_Absenteeism_STANDARDNORMAL;dt_scores_f1_score_['uniform', 'normal', 'gamma', 'beta', 'poisson']_Absenteeism_STANDARDNORMAL;dt_scores_roc_auc_score_['uniform', 'normal', 'gamma', 'beta', 'poisson']_Absenteeism_STANDARDNORMAL;dt_scores_soft_binary_crossentropy_data_random_['uniform', 'normal', 'gamma', 'beta', 'poisson']_Absenteeism_STANDARDNORMAL;dt_scores_binary_crossentropy_data_random_['uniform', 'normal', 'gamma', 'beta', 'poisson']_Absenteeism_STANDARDNORMAL;dt_scores_accuracy_data_random_['uniform', 'normal', 'gamma', 'beta', 'poisson']_Absenteeism_STANDARDNORMAL;dt_scores_f1_score_data_random_['uniform', 'normal', 'gamma', 'beta', 'poisson']_Absenteeism_STANDARDNORMAL;dt_scores_roc_auc_score_data_random_['uniform', 'normal', 'gamma', 'beta', 'poisson']_Absenteeism_STANDARDNORMAL;dt_scores_runtime_['uniform', 'normal', 'gamma', 'beta', 'poisson']_Absenteeism_STANDARDNORMAL;dt_scores_soft_binary_crossentropy_Absenteeism_STANDARDNORMAL;dt_scores_binary_crossentropy_Absenteeism_STANDARDNORMAL;dt_scores_accuracy_Absenteeism_STANDARDNORMAL;dt_scores_f1_score_Absenteeism_STANDARDNORMAL;dt_scores_roc_auc_score_Absenteeism_STANDARDNORMAL;dt_scores_soft_binary_crossentropy_data_random_Absenteeism_STANDARDNORMAL;dt_scores_binary_crossentropy_data_random_Absenteeism_STANDARDNORMAL;dt_scores_accuracy_data_random_Absenteeism_STANDARDNORMAL;dt_scores_f1_score_data_random_Absenteeism_STANDARDNORMAL;dt_scores_roc_auc_score_data_random_Absenteeism_STANDARDNORMAL;dt_scores_soft_binary_crossentropy_std_Absenteeism_STANDARDNORMAL;dt_scores_binary_crossentropy_std_Absenteeism_STANDARDNORMAL;dt_scores_accuracy_std_Absenteeism_STANDARDNORMAL;dt_scores_f1_score_std_Absenteeism_STANDARDNORMAL;dt_scores_roc_auc_score_std_Absenteeism_STANDARDNORMAL;dt_scores_soft_binary_crossentropy_data_random_std_Absenteeism_STANDARDNORMAL;dt_scores_binary_crossentropy_data_random_std_Absenteeism_STANDARDNORMAL;dt_scores_accuracy_data_random_std_Absenteeism_STANDARDNORMAL;dt_scores_f1_score_data_random_std_Absenteeism_STANDARDNORMAL;dt_scores_roc_auc_score_data_random_std_Absenteeism_STANDARDNORMAL;dt_scores_runtime_Absenteeism_STANDARDNORMAL;inet_scores_soft_binary_crossentropy_Absenteeism_STANDARDNORMAL;inet_scores_binary_crossentropy_Absenteeism_STANDARDNORMAL;inet_scores_accuracy_Absenteeism_STANDARDNORMAL;inet_scores_f1_score_Absenteeism_STANDARDNORMAL;inet_scores_roc_auc_score_Absenteeism_STANDARDNORMAL;inet_scores_runtime_Absenteeism_STANDARDNORMAL;model_scores_soft_binary_crossentropy_Absenteeism_STANDARDNORMAL;model_scores_binary_crossentropy_Absenteeism_STANDARDNORMAL;model_scores_accuracy_Absenteeism_STANDARDNORMAL;model_scores_f1_score_Absenteeism_STANDARDNORMAL;model_scores_roc_auc_score_Absenteeism_STANDARDNORMAL;model_scores_runtime_Absenteeism_STANDARDNORMAL;dt_scores_soft_binary_crossentropy_['uniform', 'normal', 'gamma', 'beta', 'poisson']_Loan House_STANDARDNORMAL;dt_scores_binary_crossentropy_['uniform', 'normal', 'gamma', 'beta', 'poisson']_Loan House_STANDARDNORMAL;dt_scores_accuracy_['uniform', 'normal', 'gamma', 'beta', 'poisson']_Loan House_STANDARDNORMAL;dt_scores_f1_score_['uniform', 'normal', 'gamma', 'beta', 'poisson']_Loan House_STANDARDNORMAL;dt_scores_roc_auc_score_['uniform', 'normal', 'gamma', 'beta', 'poisson']_Loan House_STANDARDNORMAL;dt_scores_soft_binary_crossentropy_data_random_['uniform', 'normal', 'gamma', 'beta', 'poisson']_Loan House_STANDARDNORMAL;dt_scores_binary_crossentropy_data_random_['uniform', 'normal', 'gamma', 'beta', 'poisson']_Loan House_STANDARDNORMAL;dt_scores_accuracy_data_random_['uniform', 'normal', 'gamma', 'beta', 'poisson']_Loan House_STANDARDNORMAL;dt_scores_f1_score_data_random_['uniform', 'normal', 'gamma', 'beta', 'poisson']_Loan House_STANDARDNORMAL;dt_scores_roc_auc_score_data_random_['uniform', 'normal', 'gamma', 'beta', 'poisson']_Loan House_STANDARDNORMAL;dt_scores_runtime_['uniform', 'normal', 'gamma', 'beta', 'poisson']_Loan House_STANDARDNORMAL;dt_scores_soft_binary_crossentropy_Loan House_STANDARDNORMAL;dt_scores_binary_crossentropy_Loan House_STANDARDNORMAL;dt_scores_accuracy_Loan House_STANDARDNORMAL;dt_scores_f1_score_Loan House_STANDARDNORMAL;dt_scores_roc_auc_score_Loan House_STANDARDNORMAL;dt_scores_soft_binary_crossentropy_data_random_Loan House_STANDARDNORMAL;dt_scores_binary_crossentropy_data_random_Loan House_STANDARDNORMAL;dt_scores_accuracy_data_random_Loan House_STANDARDNORMAL;dt_scores_f1_score_data_random_Loan House_STANDARDNORMAL;dt_scores_roc_auc_score_data_random_Loan House_STANDARDNORMAL;dt_scores_soft_binary_crossentropy_std_Loan House_STANDARDNORMAL;dt_scores_binary_crossentropy_std_Loan House_STANDARDNORMAL;dt_scores_accuracy_std_Loan House_STANDARDNORMAL;dt_scores_f1_score_std_Loan House_STANDARDNORMAL;dt_scores_roc_auc_score_std_Loan House_STANDARDNORMAL;dt_scores_soft_binary_crossentropy_data_random_std_Loan House_STANDARDNORMAL;dt_scores_binary_crossentropy_data_random_std_Loan House_STANDARDNORMAL;dt_scores_accuracy_data_random_std_Loan House_STANDARDNORMAL;dt_scores_f1_score_data_random_std_Loan House_STANDARDNORMAL;dt_scores_roc_auc_score_data_random_std_Loan House_STANDARDNORMAL;dt_scores_runtime_Loan House_STANDARDNORMAL;inet_scores_soft_binary_crossentropy_Loan House_STANDARDNORMAL;inet_scores_binary_crossentropy_Loan House_STANDARDNORMAL;inet_scores_accuracy_Loan House_STANDARDNORMAL;inet_scores_f1_score_Loan House_STANDARDNORMAL;inet_scores_roc_auc_score_Loan House_STANDARDNORMAL;inet_scores_runtime_Loan House_STANDARDNORMAL;model_scores_soft_binary_crossentropy_Loan House_STANDARDNORMAL;model_scores_binary_crossentropy_Loan House_STANDARDNORMAL;model_scores_accuracy_Loan House_STANDARDNORMAL;model_scores_f1_score_Loan House_STANDARDNORMAL;model_scores_roc_auc_score_Loan House_STANDARDNORMAL;model_scores_runtime_Loan House_STANDARDNORMAL;dt_scores_soft_binary_crossentropy_['uniform', 'normal', 'gamma', 'beta', 'poisson']_Loan Credit_STANDARDNORMAL;dt_scores_binary_crossentropy_['uniform', 'normal', 'gamma', 'beta', 'poisson']_Loan Credit_STANDARDNORMAL;dt_scores_accuracy_['uniform', 'normal', 'gamma', 'beta', 'poisson']_Loan Credit_STANDARDNORMAL;dt_scores_f1_score_['uniform', 'normal', 'gamma', 'beta', 'poisson']_Loan Credit_STANDARDNORMAL;dt_scores_roc_auc_score_['uniform', 'normal', 'gamma', 'beta', 'poisson']_Loan Credit_STANDARDNORMAL;dt_scores_soft_binary_crossentropy_data_random_['uniform', 'normal', 'gamma', 'beta', 'poisson']_Loan Credit_STANDARDNORMAL;dt_scores_binary_crossentropy_data_random_['uniform', 'normal', 'gamma', 'beta', 'poisson']_Loan Credit_STANDARDNORMAL;dt_scores_accuracy_data_random_['uniform', 'normal', 'gamma', 'beta', 'poisson']_Loan Credit_STANDARDNORMAL;dt_scores_f1_score_data_random_['uniform', 'normal', 'gamma', 'beta', 'poisson']_Loan Credit_STANDARDNORMAL;dt_scores_roc_auc_score_data_random_['uniform', 'normal', 'gamma', 'beta', 'poisson']_Loan Credit_STANDARDNORMAL;dt_scores_runtime_['uniform', 'normal', 'gamma', 'beta', 'poisson']_Loan Credit_STANDARDNORMAL;dt_scores_soft_binary_crossentropy_Loan Credit_STANDARDNORMAL;dt_scores_binary_crossentropy_Loan Credit_STANDARDNORMAL;dt_scores_accuracy_Loan Credit_STANDARDNORMAL;dt_scores_f1_score_Loan Credit_STANDARDNORMAL;dt_scores_roc_auc_score_Loan Credit_STANDARDNORMAL;dt_scores_soft_binary_crossentropy_data_random_Loan Credit_STANDARDNORMAL;dt_scores_binary_crossentropy_data_random_Loan Credit_STANDARDNORMAL;dt_scores_accuracy_data_random_Loan Credit_STANDARDNORMAL;dt_scores_f1_score_data_random_Loan Credit_STANDARDNORMAL;dt_scores_roc_auc_score_data_random_Loan Credit_STANDARDNORMAL;dt_scores_soft_binary_crossentropy_std_Loan Credit_STANDARDNORMAL;dt_scores_binary_crossentropy_std_Loan Credit_STANDARDNORMAL;dt_scores_accuracy_std_Loan Credit_STANDARDNORMAL;dt_scores_f1_score_std_Loan Credit_STANDARDNORMAL;dt_scores_roc_auc_score_std_Loan Credit_STANDARDNORMAL;dt_scores_soft_binary_crossentropy_data_random_std_Loan Credit_STANDARDNORMAL;dt_scores_binary_crossentropy_data_random_std_Loan Credit_STANDARDNORMAL;dt_scores_accuracy_data_random_std_Loan Credit_STANDARDNORMAL;dt_scores_f1_score_data_random_std_Loan Credit_STANDARDNORMAL;dt_scores_roc_auc_score_data_random_std_Loan Credit_STANDARDNORMAL;dt_scores_runtime_Loan Credit_STANDARDNORMAL;inet_scores_soft_binary_crossentropy_Loan Credit_STANDARDNORMAL;inet_scores_binary_crossentropy_Loan Credit_STANDARDNORMAL;inet_scores_accuracy_Loan Credit_STANDARDNORMAL;inet_scores_f1_score_Loan Credit_STANDARDNORMAL;inet_scores_roc_auc_score_Loan Credit_STANDARDNORMAL;inet_scores_runtime_Loan Credit_STANDARDNORMAL;model_scores_soft_binary_crossentropy_Loan Credit_STANDARDNORMAL;model_scores_binary_crossentropy_Loan Credit_STANDARDNORMAL;model_scores_accuracy_Loan Credit_STANDARDNORMAL;model_scores_f1_score_Loan Credit_STANDARDNORMAL;model_scores_roc_auc_score_Loan Credit_STANDARDNORMAL;model_scores_runtime_Loan Credit_STANDARDNORMAL;dt_scores_soft_binary_crossentropy_['uniform', 'normal', 'gamma', 'beta', 'poisson']_Medical Insurance_STANDARDNORMAL;dt_scores_binary_crossentropy_['uniform', 'normal', 'gamma', 'beta', 'poisson']_Medical Insurance_STANDARDNORMAL;dt_scores_accuracy_['uniform', 'normal', 'gamma', 'beta', 'poisson']_Medical Insurance_STANDARDNORMAL;dt_scores_f1_score_['uniform', 'normal', 'gamma', 'beta', 'poisson']_Medical Insurance_STANDARDNORMAL;dt_scores_roc_auc_score_['uniform', 'normal', 'gamma', 'beta', 'poisson']_Medical Insurance_STANDARDNORMAL;dt_scores_soft_binary_crossentropy_data_random_['uniform', 'normal', 'gamma', 'beta', 'poisson']_Medical Insurance_STANDARDNORMAL;dt_scores_binary_crossentropy_data_random_['uniform', 'normal', 'gamma', 'beta', 'poisson']_Medical Insurance_STANDARDNORMAL;dt_scores_accuracy_data_random_['uniform', 'normal', 'gamma', 'beta', 'poisson']_Medical Insurance_STANDARDNORMAL;dt_scores_f1_score_data_random_['uniform', 'normal', 'gamma', 'beta', 'poisson']_Medical Insurance_STANDARDNORMAL;dt_scores_roc_auc_score_data_random_['uniform', 'normal', 'gamma', 'beta', 'poisson']_Medical Insurance_STANDARDNORMAL;dt_scores_runtime_['uniform', 'normal', 'gamma', 'beta', 'poisson']_Medical Insurance_STANDARDNORMAL;dt_scores_soft_binary_crossentropy_Medical Insurance_STANDARDNORMAL;dt_scores_binary_crossentropy_Medical Insurance_STANDARDNORMAL;dt_scores_accuracy_Medical Insurance_STANDARDNORMAL;dt_scores_f1_score_Medical Insurance_STANDARDNORMAL;dt_scores_roc_auc_score_Medical Insurance_STANDARDNORMAL;dt_scores_soft_binary_crossentropy_data_random_Medical Insurance_STANDARDNORMAL;dt_scores_binary_crossentropy_data_random_Medical Insurance_STANDARDNORMAL;dt_scores_accuracy_data_random_Medical Insurance_STANDARDNORMAL;dt_scores_f1_score_data_random_Medical Insurance_STANDARDNORMAL;dt_scores_roc_auc_score_data_random_Medical Insurance_STANDARDNORMAL;dt_scores_soft_binary_crossentropy_std_Medical Insurance_STANDARDNORMAL;dt_scores_binary_crossentropy_std_Medical Insurance_STANDARDNORMAL;dt_scores_accuracy_std_Medical Insurance_STANDARDNORMAL;dt_scores_f1_score_std_Medical Insurance_STANDARDNORMAL;dt_scores_roc_auc_score_std_Medical Insurance_STANDARDNORMAL;dt_scores_soft_binary_crossentropy_data_random_std_Medical Insurance_STANDARDNORMAL;dt_scores_binary_crossentropy_data_random_std_Medical Insurance_STANDARDNORMAL;dt_scores_accuracy_data_random_std_Medical Insurance_STANDARDNORMAL;dt_scores_f1_score_data_random_std_Medical Insurance_STANDARDNORMAL;dt_scores_roc_auc_score_data_random_std_Medical Insurance_STANDARDNORMAL;dt_scores_runtime_Medical Insurance_STANDARDNORMAL;inet_scores_soft_binary_crossentropy_Medical Insurance_STANDARDNORMAL;inet_scores_binary_crossentropy_Medical Insurance_STANDARDNORMAL;inet_scores_accuracy_Medical Insurance_STANDARDNORMAL;inet_scores_f1_score_Medical Insurance_STANDARDNORMAL;inet_scores_roc_auc_score_Medical Insurance_STANDARDNORMAL;inet_scores_runtime_Medical Insurance_STANDARDNORMAL;model_scores_soft_binary_crossentropy_Medical Insurance_STANDARDNORMAL;model_scores_binary_crossentropy_Medical Insurance_STANDARDNORMAL;model_scores_accuracy_Medical Insurance_STANDARDNORMAL;model_scores_f1_score_Medical Insurance_STANDARDNORMAL;model_scores_roc_auc_score_Medical Insurance_STANDARDNORMAL;model_scores_runtime_Medical Insurance_STANDARDNORMAL;dt_scores_soft_binary_crossentropy_['uniform', 'normal', 'gamma', 'beta', 'poisson']_Bank Marketing_STANDARDNORMAL;dt_scores_binary_crossentropy_['uniform', 'normal', 'gamma', 'beta', 'poisson']_Bank Marketing_STANDARDNORMAL;dt_scores_accuracy_['uniform', 'normal', 'gamma', 'beta', 'poisson']_Bank Marketing_STANDARDNORMAL;dt_scores_f1_score_['uniform', 'normal', 'gamma', 'beta', 'poisson']_Bank Marketing_STANDARDNORMAL;dt_scores_roc_auc_score_['uniform', 'normal', 'gamma', 'beta', 'poisson']_Bank Marketing_STANDARDNORMAL;dt_scores_soft_binary_crossentropy_data_random_['uniform', 'normal', 'gamma', 'beta', 'poisson']_Bank Marketing_STANDARDNORMAL;dt_scores_binary_crossentropy_data_random_['uniform', 'normal', 'gamma', 'beta', 'poisson']_Bank Marketing_STANDARDNORMAL;dt_scores_accuracy_data_random_['uniform', 'normal', 'gamma', 'beta', 'poisson']_Bank Marketing_STANDARDNORMAL;dt_scores_f1_score_data_random_['uniform', 'normal', 'gamma', 'beta', 'poisson']_Bank Marketing_STANDARDNORMAL;dt_scores_roc_auc_score_data_random_['uniform', 'normal', 'gamma', 'beta', 'poisson']_Bank Marketing_STANDARDNORMAL;dt_scores_runtime_['uniform', 'normal', 'gamma', 'beta', 'poisson']_Bank Marketing_STANDARDNORMAL;dt_scores_soft_binary_crossentropy_Bank Marketing_STANDARDNORMAL;dt_scores_binary_crossentropy_Bank Marketing_STANDARDNORMAL;dt_scores_accuracy_Bank Marketing_STANDARDNORMAL;dt_scores_f1_score_Bank Marketing_STANDARDNORMAL;dt_scores_roc_auc_score_Bank Marketing_STANDARDNORMAL;dt_scores_soft_binary_crossentropy_data_random_Bank Marketing_STANDARDNORMAL;dt_scores_binary_crossentropy_data_random_Bank Marketing_STANDARDNORMAL;dt_scores_accuracy_data_random_Bank Marketing_STANDARDNORMAL;dt_scores_f1_score_data_random_Bank Marketing_STANDARDNORMAL;dt_scores_roc_auc_score_data_random_Bank Marketing_STANDARDNORMAL;dt_scores_soft_binary_crossentropy_std_Bank Marketing_STANDARDNORMAL;dt_scores_binary_crossentropy_std_Bank Marketing_STANDARDNORMAL;dt_scores_accuracy_std_Bank Marketing_STANDARDNORMAL;dt_scores_f1_score_std_Bank Marketing_STANDARDNORMAL;dt_scores_roc_auc_score_std_Bank Marketing_STANDARDNORMAL;dt_scores_soft_binary_crossentropy_data_random_std_Bank Marketing_STANDARDNORMAL;dt_scores_binary_crossentropy_data_random_std_Bank Marketing_STANDARDNORMAL;dt_scores_accuracy_data_random_std_Bank Marketing_STANDARDNORMAL;dt_scores_f1_score_data_random_std_Bank Marketing_STANDARDNORMAL;dt_scores_roc_auc_score_data_random_std_Bank Marketing_STANDARDNORMAL;dt_scores_runtime_Bank Marketing_STANDARDNORMAL;inet_scores_soft_binary_crossentropy_Bank Marketing_STANDARDNORMAL;inet_scores_binary_crossentropy_Bank Marketing_STANDARDNORMAL;inet_scores_accuracy_Bank Marketing_STANDARDNORMAL;inet_scores_f1_score_Bank Marketing_STANDARDNORMAL;inet_scores_roc_auc_score_Bank Marketing_STANDARDNORMAL;inet_scores_runtime_Bank Marketing_STANDARDNORMAL;model_scores_soft_binary_crossentropy_Bank Marketing_STANDARDNORMAL;model_scores_binary_crossentropy_Bank Marketing_STANDARDNORMAL;model_scores_accuracy_Bank Marketing_STANDARDNORMAL;model_scores_f1_score_Bank Marketing_STANDARDNORMAL;model_scores_roc_auc_score_Bank Marketing_STANDARDNORMAL;model_scores_runtime_Bank Marketing_STANDARDNORMAL;dt_scores_soft_binary_crossentropy_['uniform', 'normal', 'gamma', 'beta', 'poisson']_Cervical Cancer_STANDARDNORMAL;dt_scores_binary_crossentropy_['uniform', 'normal', 'gamma', 'beta', 'poisson']_Cervical Cancer_STANDARDNORMAL;dt_scores_accuracy_['uniform', 'normal', 'gamma', 'beta', 'poisson']_Cervical Cancer_STANDARDNORMAL;dt_scores_f1_score_['uniform', 'normal', 'gamma', 'beta', 'poisson']_Cervical Cancer_STANDARDNORMAL;dt_scores_roc_auc_score_['uniform', 'normal', 'gamma', 'beta', 'poisson']_Cervical Cancer_STANDARDNORMAL;dt_scores_soft_binary_crossentropy_data_random_['uniform', 'normal', 'gamma', 'beta', 'poisson']_Cervical Cancer_STANDARDNORMAL;dt_scores_binary_crossentropy_data_random_['uniform', 'normal', 'gamma', 'beta', 'poisson']_Cervical Cancer_STANDARDNORMAL;dt_scores_accuracy_data_random_['uniform', 'normal', 'gamma', 'beta', 'poisson']_Cervical Cancer_STANDARDNORMAL;dt_scores_f1_score_data_random_['uniform', 'normal', 'gamma', 'beta', 'poisson']_Cervical Cancer_STANDARDNORMAL;dt_scores_roc_auc_score_data_random_['uniform', 'normal', 'gamma', 'beta', 'poisson']_Cervical Cancer_STANDARDNORMAL;dt_scores_runtime_['uniform', 'normal', 'gamma', 'beta', 'poisson']_Cervical Cancer_STANDARDNORMAL;dt_scores_soft_binary_crossentropy_Cervical Cancer_STANDARDNORMAL;dt_scores_binary_crossentropy_Cervical Cancer_STANDARDNORMAL;dt_scores_accuracy_Cervical Cancer_STANDARDNORMAL;dt_scores_f1_score_Cervical Cancer_STANDARDNORMAL;dt_scores_roc_auc_score_Cervical Cancer_STANDARDNORMAL;dt_scores_soft_binary_crossentropy_data_random_Cervical Cancer_STANDARDNORMAL;dt_scores_binary_crossentropy_data_random_Cervical Cancer_STANDARDNORMAL;dt_scores_accuracy_data_random_Cervical Cancer_STANDARDNORMAL;dt_scores_f1_score_data_random_Cervical Cancer_STANDARDNORMAL;dt_scores_roc_auc_score_data_random_Cervical Cancer_STANDARDNORMAL;dt_scores_soft_binary_crossentropy_std_Cervical Cancer_STANDARDNORMAL;dt_scores_binary_crossentropy_std_Cervical Cancer_STANDARDNORMAL;dt_scores_accuracy_std_Cervical Cancer_STANDARDNORMAL;dt_scores_f1_score_std_Cervical Cancer_STANDARDNORMAL;dt_scores_roc_auc_score_std_Cervical Cancer_STANDARDNORMAL;dt_scores_soft_binary_crossentropy_data_random_std_Cervical Cancer_STANDARDNORMAL;dt_scores_binary_crossentropy_data_random_std_Cervical Cancer_STANDARDNORMAL;dt_scores_accuracy_data_random_std_Cervical Cancer_STANDARDNORMAL;dt_scores_f1_score_data_random_std_Cervical Cancer_STANDARDNORMAL;dt_scores_roc_auc_score_data_random_std_Cervical Cancer_STANDARDNORMAL;dt_scores_runtime_Cervical Cancer_STANDARDNORMAL;inet_scores_soft_binary_crossentropy_Cervical Cancer_STANDARDNORMAL;inet_scores_binary_crossentropy_Cervical Cancer_STANDARDNORMAL;inet_scores_accuracy_Cervical Cancer_STANDARDNORMAL;inet_scores_f1_score_Cervical Cancer_STANDARDNORMAL;inet_scores_roc_auc_score_Cervical Cancer_STANDARDNORMAL;inet_scores_runtime_Cervical Cancer_STANDARDNORMAL;model_scores_soft_binary_crossentropy_Cervical Cancer_STANDARDNORMAL;model_scores_binary_crossentropy_Cervical Cancer_STANDARDNORMAL;model_scores_accuracy_Cervical Cancer_STANDARDNORMAL;model_scores_f1_score_Cervical Cancer_STANDARDNORMAL;model_scores_roc_auc_score_Cervical Cancer_STANDARDNORMAL;model_scores_runtime_Cervical Cancer_STANDARDNORMAL;dt_scores_soft_binary_crossentropy_['uniform', 'normal', 'gamma', 'beta', 'poisson']_Brest Cancer Wisconsin_STANDARDNORMAL;dt_scores_binary_crossentropy_['uniform', 'normal', 'gamma', 'beta', 'poisson']_Brest Cancer Wisconsin_STANDARDNORMAL;dt_scores_accuracy_['uniform', 'normal', 'gamma', 'beta', 'poisson']_Brest Cancer Wisconsin_STANDARDNORMAL;dt_scores_f1_score_['uniform', 'normal', 'gamma', 'beta', 'poisson']_Brest Cancer Wisconsin_STANDARDNORMAL;dt_scores_roc_auc_score_['uniform', 'normal', 'gamma', 'beta', 'poisson']_Brest Cancer Wisconsin_STANDARDNORMAL;dt_scores_soft_binary_crossentropy_data_random_['uniform', 'normal', 'gamma', 'beta', 'poisson']_Brest Cancer Wisconsin_STANDARDNORMAL;dt_scores_binary_crossentropy_data_random_['uniform', 'normal', 'gamma', 'beta', 'poisson']_Brest Cancer Wisconsin_STANDARDNORMAL;dt_scores_accuracy_data_random_['uniform', 'normal', 'gamma', 'beta', 'poisson']_Brest Cancer Wisconsin_STANDARDNORMAL;dt_scores_f1_score_data_random_['uniform', 'normal', 'gamma', 'beta', 'poisson']_Brest Cancer Wisconsin_STANDARDNORMAL;dt_scores_roc_auc_score_data_random_['uniform', 'normal', 'gamma', 'beta', 'poisson']_Brest Cancer Wisconsin_STANDARDNORMAL;dt_scores_runtime_['uniform', 'normal', 'gamma', 'beta', 'poisson']_Brest Cancer Wisconsin_STANDARDNORMAL;dt_scores_soft_binary_crossentropy_Brest Cancer Wisconsin_STANDARDNORMAL;dt_scores_binary_crossentropy_Brest Cancer Wisconsin_STANDARDNORMAL;dt_scores_accuracy_Brest Cancer Wisconsin_STANDARDNORMAL;dt_scores_f1_score_Brest Cancer Wisconsin_STANDARDNORMAL;dt_scores_roc_auc_score_Brest Cancer Wisconsin_STANDARDNORMAL;dt_scores_soft_binary_crossentropy_data_random_Brest Cancer Wisconsin_STANDARDNORMAL;dt_scores_binary_crossentropy_data_random_Brest Cancer Wisconsin_STANDARDNORMAL;dt_scores_accuracy_data_random_Brest Cancer Wisconsin_STANDARDNORMAL;dt_scores_f1_score_data_random_Brest Cancer Wisconsin_STANDARDNORMAL;dt_scores_roc_auc_score_data_random_Brest Cancer Wisconsin_STANDARDNORMAL;dt_scores_soft_binary_crossentropy_std_Brest Cancer Wisconsin_STANDARDNORMAL;dt_scores_binary_crossentropy_std_Brest Cancer Wisconsin_STANDARDNORMAL;dt_scores_accuracy_std_Brest Cancer Wisconsin_STANDARDNORMAL;dt_scores_f1_score_std_Brest Cancer Wisconsin_STANDARDNORMAL;dt_scores_roc_auc_score_std_Brest Cancer Wisconsin_STANDARDNORMAL;dt_scores_soft_binary_crossentropy_data_random_std_Brest Cancer Wisconsin_STANDARDNORMAL;dt_scores_binary_crossentropy_data_random_std_Brest Cancer Wisconsin_STANDARDNORMAL;dt_scores_accuracy_data_random_std_Brest Cancer Wisconsin_STANDARDNORMAL;dt_scores_f1_score_data_random_std_Brest Cancer Wisconsin_STANDARDNORMAL;dt_scores_roc_auc_score_data_random_std_Brest Cancer Wisconsin_STANDARDNORMAL;dt_scores_runtime_Brest Cancer Wisconsin_STANDARDNORMAL;inet_scores_soft_binary_crossentropy_Brest Cancer Wisconsin_STANDARDNORMAL;inet_scores_binary_crossentropy_Brest Cancer Wisconsin_STANDARDNORMAL;inet_scores_accuracy_Brest Cancer Wisconsin_STANDARDNORMAL;inet_scores_f1_score_Brest Cancer Wisconsin_STANDARDNORMAL;inet_scores_roc_auc_score_Brest Cancer Wisconsin_STANDARDNORMAL;inet_scores_runtime_Brest Cancer Wisconsin_STANDARDNORMAL;model_scores_soft_binary_crossentropy_Brest Cancer Wisconsin_STANDARDNORMAL;model_scores_binary_crossentropy_Brest Cancer Wisconsin_STANDARDNORMAL;model_scores_accuracy_Brest Cancer Wisconsin_STANDARDNORMAL;model_scores_f1_score_Brest Cancer Wisconsin_STANDARDNORMAL;model_scores_roc_auc_score_Brest Cancer Wisconsin_STANDARDNORMAL;model_scores_runtime_Brest Cancer Wisconsin_STANDARDNORMAL;dt_scores_soft_binary_crossentropy_['uniform', 'normal', 'gamma', 'beta', 'poisson']_Wisconsin Diagnostic Breast Cancer_STANDARDNORMAL;dt_scores_binary_crossentropy_['uniform', 'normal', 'gamma', 'beta', 'poisson']_Wisconsin Diagnostic Breast Cancer_STANDARDNORMAL;dt_scores_accuracy_['uniform', 'normal', 'gamma', 'beta', 'poisson']_Wisconsin Diagnostic Breast Cancer_STANDARDNORMAL;dt_scores_f1_score_['uniform', 'normal', 'gamma', 'beta', 'poisson']_Wisconsin Diagnostic Breast Cancer_STANDARDNORMAL;dt_scores_roc_auc_score_['uniform', 'normal', 'gamma', 'beta', 'poisson']_Wisconsin Diagnostic Breast Cancer_STANDARDNORMAL;dt_scores_soft_binary_crossentropy_data_random_['uniform', 'normal', 'gamma', 'beta', 'poisson']_Wisconsin Diagnostic Breast Cancer_STANDARDNORMAL;dt_scores_binary_crossentropy_data_random_['uniform', 'normal', 'gamma', 'beta', 'poisson']_Wisconsin Diagnostic Breast Cancer_STANDARDNORMAL;dt_scores_accuracy_data_random_['uniform', 'normal', 'gamma', 'beta', 'poisson']_Wisconsin Diagnostic Breast Cancer_STANDARDNORMAL;dt_scores_f1_score_data_random_['uniform', 'normal', 'gamma', 'beta', 'poisson']_Wisconsin Diagnostic Breast Cancer_STANDARDNORMAL;dt_scores_roc_auc_score_data_random_['uniform', 'normal', 'gamma', 'beta', 'poisson']_Wisconsin Diagnostic Breast Cancer_STANDARDNORMAL;dt_scores_runtime_['uniform', 'normal', 'gamma', 'beta', 'poisson']_Wisconsin Diagnostic Breast Cancer_STANDARDNORMAL;dt_scores_soft_binary_crossentropy_Wisconsin Diagnostic Breast Cancer_STANDARDNORMAL;dt_scores_binary_crossentropy_Wisconsin Diagnostic Breast Cancer_STANDARDNORMAL;dt_scores_accuracy_Wisconsin Diagnostic Breast Cancer_STANDARDNORMAL;dt_scores_f1_score_Wisconsin Diagnostic Breast Cancer_STANDARDNORMAL;dt_scores_roc_auc_score_Wisconsin Diagnostic Breast Cancer_STANDARDNORMAL;dt_scores_soft_binary_crossentropy_data_random_Wisconsin Diagnostic Breast Cancer_STANDARDNORMAL;dt_scores_binary_crossentropy_data_random_Wisconsin Diagnostic Breast Cancer_STANDARDNORMAL;dt_scores_accuracy_data_random_Wisconsin Diagnostic Breast Cancer_STANDARDNORMAL;dt_scores_f1_score_data_random_Wisconsin Diagnostic Breast Cancer_STANDARDNORMAL;dt_scores_roc_auc_score_data_random_Wisconsin Diagnostic Breast Cancer_STANDARDNORMAL;dt_scores_soft_binary_crossentropy_std_Wisconsin Diagnostic Breast Cancer_STANDARDNORMAL;dt_scores_binary_crossentropy_std_Wisconsin Diagnostic Breast Cancer_STANDARDNORMAL;dt_scores_accuracy_std_Wisconsin Diagnostic Breast Cancer_STANDARDNORMAL;dt_scores_f1_score_std_Wisconsin Diagnostic Breast Cancer_STANDARDNORMAL;dt_scores_roc_auc_score_std_Wisconsin Diagnostic Breast Cancer_STANDARDNORMAL;dt_scores_soft_binary_crossentropy_data_random_std_Wisconsin Diagnostic Breast Cancer_STANDARDNORMAL;dt_scores_binary_crossentropy_data_random_std_Wisconsin Diagnostic Breast Cancer_STANDARDNORMAL;dt_scores_accuracy_data_random_std_Wisconsin Diagnostic Breast Cancer_STANDARDNORMAL;dt_scores_f1_score_data_random_std_Wisconsin Diagnostic Breast Cancer_STANDARDNORMAL;dt_scores_roc_auc_score_data_random_std_Wisconsin Diagnostic Breast Cancer_STANDARDNORMAL;dt_scores_runtime_Wisconsin Diagnostic Breast Cancer_STANDARDNORMAL;inet_scores_soft_binary_crossentropy_Wisconsin Diagnostic Breast Cancer_STANDARDNORMAL;inet_scores_binary_crossentropy_Wisconsin Diagnostic Breast Cancer_STANDARDNORMAL;inet_scores_accuracy_Wisconsin Diagnostic Breast Cancer_STANDARDNORMAL;inet_scores_f1_score_Wisconsin Diagnostic Breast Cancer_STANDARDNORMAL;inet_scores_roc_auc_score_Wisconsin Diagnostic Breast Cancer_STANDARDNORMAL;inet_scores_runtime_Wisconsin Diagnostic Breast Cancer_STANDARDNORMAL;model_scores_soft_binary_crossentropy_Wisconsin Diagnostic Breast Cancer_STANDARDNORMAL;model_scores_binary_crossentropy_Wisconsin Diagnostic Breast Cancer_STANDARDNORMAL;model_scores_accuracy_Wisconsin Diagnostic Breast Cancer_STANDARDNORMAL;model_scores_f1_score_Wisconsin Diagnostic Breast Cancer_STANDARDNORMAL;model_scores_roc_auc_score_Wisconsin Diagnostic Breast Cancer_STANDARDNORMAL;model_scores_runtime_Wisconsin Diagnostic Breast Cancer_STANDARDNORMAL;dt_scores_soft_binary_crossentropy_['uniform', 'normal', 'gamma', 'beta', 'poisson']_Wisconsin Prognostic Breast Cancer_STANDARDNORMAL;dt_scores_binary_crossentropy_['uniform', 'normal', 'gamma', 'beta', 'poisson']_Wisconsin Prognostic Breast Cancer_STANDARDNORMAL;dt_scores_accuracy_['uniform', 'normal', 'gamma', 'beta', 'poisson']_Wisconsin Prognostic Breast Cancer_STANDARDNORMAL;dt_scores_f1_score_['uniform', 'normal', 'gamma', 'beta', 'poisson']_Wisconsin Prognostic Breast Cancer_STANDARDNORMAL;dt_scores_roc_auc_score_['uniform', 'normal', 'gamma', 'beta', 'poisson']_Wisconsin Prognostic Breast Cancer_STANDARDNORMAL;dt_scores_soft_binary_crossentropy_data_random_['uniform', 'normal', 'gamma', 'beta', 'poisson']_Wisconsin Prognostic Breast Cancer_STANDARDNORMAL;dt_scores_binary_crossentropy_data_random_['uniform', 'normal', 'gamma', 'beta', 'poisson']_Wisconsin Prognostic Breast Cancer_STANDARDNORMAL;dt_scores_accuracy_data_random_['uniform', 'normal', 'gamma', 'beta', 'poisson']_Wisconsin Prognostic Breast Cancer_STANDARDNORMAL;dt_scores_f1_score_data_random_['uniform', 'normal', 'gamma', 'beta', 'poisson']_Wisconsin Prognostic Breast Cancer_STANDARDNORMAL;dt_scores_roc_auc_score_data_random_['uniform', 'normal', 'gamma', 'beta', 'poisson']_Wisconsin Prognostic Breast Cancer_STANDARDNORMAL;dt_scores_runtime_['uniform', 'normal', 'gamma', 'beta', 'poisson']_Wisconsin Prognostic Breast Cancer_STANDARDNORMAL;dt_scores_soft_binary_crossentropy_Wisconsin Prognostic Breast Cancer_STANDARDNORMAL;dt_scores_binary_crossentropy_Wisconsin Prognostic Breast Cancer_STANDARDNORMAL;dt_scores_accuracy_Wisconsin Prognostic Breast Cancer_STANDARDNORMAL;dt_scores_f1_score_Wisconsin Prognostic Breast Cancer_STANDARDNORMAL;dt_scores_roc_auc_score_Wisconsin Prognostic Breast Cancer_STANDARDNORMAL;dt_scores_soft_binary_crossentropy_data_random_Wisconsin Prognostic Breast Cancer_STANDARDNORMAL;dt_scores_binary_crossentropy_data_random_Wisconsin Prognostic Breast Cancer_STANDARDNORMAL;dt_scores_accuracy_data_random_Wisconsin Prognostic Breast Cancer_STANDARDNORMAL;dt_scores_f1_score_data_random_Wisconsin Prognostic Breast Cancer_STANDARDNORMAL;dt_scores_roc_auc_score_data_random_Wisconsin Prognostic Breast Cancer_STANDARDNORMAL;dt_scores_soft_binary_crossentropy_std_Wisconsin Prognostic Breast Cancer_STANDARDNORMAL;dt_scores_binary_crossentropy_std_Wisconsin Prognostic Breast Cancer_STANDARDNORMAL;dt_scores_accuracy_std_Wisconsin Prognostic Breast Cancer_STANDARDNORMAL;dt_scores_f1_score_std_Wisconsin Prognostic Breast Cancer_STANDARDNORMAL;dt_scores_roc_auc_score_std_Wisconsin Prognostic Breast Cancer_STANDARDNORMAL;dt_scores_soft_binary_crossentropy_data_random_std_Wisconsin Prognostic Breast Cancer_STANDARDNORMAL;dt_scores_binary_crossentropy_data_random_std_Wisconsin Prognostic Breast Cancer_STANDARDNORMAL;dt_scores_accuracy_data_random_std_Wisconsin Prognostic Breast Cancer_STANDARDNORMAL;dt_scores_f1_score_data_random_std_Wisconsin Prognostic Breast Cancer_STANDARDNORMAL;dt_scores_roc_auc_score_data_random_std_Wisconsin Prognostic Breast Cancer_STANDARDNORMAL;dt_scores_runtime_Wisconsin Prognostic Breast Cancer_STANDARDNORMAL;inet_scores_soft_binary_crossentropy_Wisconsin Prognostic Breast Cancer_STANDARDNORMAL;inet_scores_binary_crossentropy_Wisconsin Prognostic Breast Cancer_STANDARDNORMAL;inet_scores_accuracy_Wisconsin Prognostic Breast Cancer_STANDARDNORMAL;inet_scores_f1_score_Wisconsin Prognostic Breast Cancer_STANDARDNORMAL;inet_scores_roc_auc_score_Wisconsin Prognostic Breast Cancer_STANDARDNORMAL;inet_scores_runtime_Wisconsin Prognostic Breast Cancer_STANDARDNORMAL;model_scores_soft_binary_crossentropy_Wisconsin Prognostic Breast Cancer_STANDARDNORMAL;model_scores_binary_crossentropy_Wisconsin Prognostic Breast Cancer_STANDARDNORMAL;model_scores_accuracy_Wisconsin Prognostic Breast Cancer_STANDARDNORMAL;model_scores_f1_score_Wisconsin Prognostic Breast Cancer_STANDARDNORMAL;model_scores_roc_auc_score_Wisconsin Prognostic Breast Cancer_STANDARDNORMAL;model_scores_runtime_Wisconsin Prognostic Breast Cancer_STANDARDNORMAL;dt_scores_soft_binary_crossentropy_['uniform', 'normal', 'gamma', 'beta', 'poisson']_Abalone_STANDARDNORMAL;dt_scores_binary_crossentropy_['uniform', 'normal', 'gamma', 'beta', 'poisson']_Abalone_STANDARDNORMAL;dt_scores_accuracy_['uniform', 'normal', 'gamma', 'beta', 'poisson']_Abalone_STANDARDNORMAL;dt_scores_f1_score_['uniform', 'normal', 'gamma', 'beta', 'poisson']_Abalone_STANDARDNORMAL;dt_scores_roc_auc_score_['uniform', 'normal', 'gamma', 'beta', 'poisson']_Abalone_STANDARDNORMAL;dt_scores_soft_binary_crossentropy_data_random_['uniform', 'normal', 'gamma', 'beta', 'poisson']_Abalone_STANDARDNORMAL;dt_scores_binary_crossentropy_data_random_['uniform', 'normal', 'gamma', 'beta', 'poisson']_Abalone_STANDARDNORMAL;dt_scores_accuracy_data_random_['uniform', 'normal', 'gamma', 'beta', 'poisson']_Abalone_STANDARDNORMAL;dt_scores_f1_score_data_random_['uniform', 'normal', 'gamma', 'beta', 'poisson']_Abalone_STANDARDNORMAL;dt_scores_roc_auc_score_data_random_['uniform', 'normal', 'gamma', 'beta', 'poisson']_Abalone_STANDARDNORMAL;dt_scores_runtime_['uniform', 'normal', 'gamma', 'beta', 'poisson']_Abalone_STANDARDNORMAL;dt_scores_soft_binary_crossentropy_Abalone_STANDARDNORMAL;dt_scores_binary_crossentropy_Abalone_STANDARDNORMAL;dt_scores_accuracy_Abalone_STANDARDNORMAL;dt_scores_f1_score_Abalone_STANDARDNORMAL;dt_scores_roc_auc_score_Abalone_STANDARDNORMAL;dt_scores_soft_binary_crossentropy_data_random_Abalone_STANDARDNORMAL;dt_scores_binary_crossentropy_data_random_Abalone_STANDARDNORMAL;dt_scores_accuracy_data_random_Abalone_STANDARDNORMAL;dt_scores_f1_score_data_random_Abalone_STANDARDNORMAL;dt_scores_roc_auc_score_data_random_Abalone_STANDARDNORMAL;dt_scores_soft_binary_crossentropy_std_Abalone_STANDARDNORMAL;dt_scores_binary_crossentropy_std_Abalone_STANDARDNORMAL;dt_scores_accuracy_std_Abalone_STANDARDNORMAL;dt_scores_f1_score_std_Abalone_STANDARDNORMAL;dt_scores_roc_auc_score_std_Abalone_STANDARDNORMAL;dt_scores_soft_binary_crossentropy_data_random_std_Abalone_STANDARDNORMAL;dt_scores_binary_crossentropy_data_random_std_Abalone_STANDARDNORMAL;dt_scores_accuracy_data_random_std_Abalone_STANDARDNORMAL;dt_scores_f1_score_data_random_std_Abalone_STANDARDNORMAL;dt_scores_roc_auc_score_data_random_std_Abalone_STANDARDNORMAL;dt_scores_runtime_Abalone_STANDARDNORMAL;inet_scores_soft_binary_crossentropy_Abalone_STANDARDNORMAL;inet_scores_binary_crossentropy_Abalone_STANDARDNORMAL;inet_scores_accuracy_Abalone_STANDARDNORMAL;inet_scores_f1_score_Abalone_STANDARDNORMAL;inet_scores_roc_auc_score_Abalone_STANDARDNORMAL;inet_scores_runtime_Abalone_STANDARDNORMAL;model_scores_soft_binary_crossentropy_Abalone_STANDARDNORMAL;model_scores_binary_crossentropy_Abalone_STANDARDNORMAL;model_scores_accuracy_Abalone_STANDARDNORMAL;model_scores_f1_score_Abalone_STANDARDNORMAL;model_scores_roc_auc_score_Abalone_STANDARDNORMAL;model_scores_runtime_Abalone_STANDARDNORMAL;dt_scores_soft_binary_crossentropy_['uniform', 'normal', 'gamma', 'beta', 'poisson']_Car_STANDARDNORMAL;dt_scores_binary_crossentropy_['uniform', 'normal', 'gamma', 'beta', 'poisson']_Car_STANDARDNORMAL;dt_scores_accuracy_['uniform', 'normal', 'gamma', 'beta', 'poisson']_Car_STANDARDNORMAL;dt_scores_f1_score_['uniform', 'normal', 'gamma', 'beta', 'poisson']_Car_STANDARDNORMAL;dt_scores_roc_auc_score_['uniform', 'normal', 'gamma', 'beta', 'poisson']_Car_STANDARDNORMAL;dt_scores_soft_binary_crossentropy_data_random_['uniform', 'normal', 'gamma', 'beta', 'poisson']_Car_STANDARDNORMAL;dt_scores_binary_crossentropy_data_random_['uniform', 'normal', 'gamma', 'beta', 'poisson']_Car_STANDARDNORMAL;dt_scores_accuracy_data_random_['uniform', 'normal', 'gamma', 'beta', 'poisson']_Car_STANDARDNORMAL;dt_scores_f1_score_data_random_['uniform', 'normal', 'gamma', 'beta', 'poisson']_Car_STANDARDNORMAL;dt_scores_roc_auc_score_data_random_['uniform', 'normal', 'gamma', 'beta', 'poisson']_Car_STANDARDNORMAL;dt_scores_runtime_['uniform', 'normal', 'gamma', 'beta', 'poisson']_Car_STANDARDNORMAL;dt_scores_soft_binary_crossentropy_Car_STANDARDNORMAL;dt_scores_binary_crossentropy_Car_STANDARDNORMAL;dt_scores_accuracy_Car_STANDARDNORMAL;dt_scores_f1_score_Car_STANDARDNORMAL;dt_scores_roc_auc_score_Car_STANDARDNORMAL;dt_scores_soft_binary_crossentropy_data_random_Car_STANDARDNORMAL;dt_scores_binary_crossentropy_data_random_Car_STANDARDNORMAL;dt_scores_accuracy_data_random_Car_STANDARDNORMAL;dt_scores_f1_score_data_random_Car_STANDARDNORMAL;dt_scores_roc_auc_score_data_random_Car_STANDARDNORMAL;dt_scores_soft_binary_crossentropy_std_Car_STANDARDNORMAL;dt_scores_binary_crossentropy_std_Car_STANDARDNORMAL;dt_scores_accuracy_std_Car_STANDARDNORMAL;dt_scores_f1_score_std_Car_STANDARDNORMAL;dt_scores_roc_auc_score_std_Car_STANDARDNORMAL;dt_scores_soft_binary_crossentropy_data_random_std_Car_STANDARDNORMAL;dt_scores_binary_crossentropy_data_random_std_Car_STANDARDNORMAL;dt_scores_accuracy_data_random_std_Car_STANDARDNORMAL;dt_scores_f1_score_data_random_std_Car_STANDARDNORMAL;dt_scores_roc_auc_score_data_random_std_Car_STANDARDNORMAL;dt_scores_runtime_Car_STANDARDNORMAL;inet_scores_soft_binary_crossentropy_Car_STANDARDNORMAL;inet_scores_binary_crossentropy_Car_STANDARDNORMAL;inet_scores_accuracy_Car_STANDARDNORMAL;inet_scores_f1_score_Car_STANDARDNORMAL;inet_scores_roc_auc_score_Car_STANDARDNORMAL;inet_scores_runtime_Car_STANDARDNORMAL;model_scores_soft_binary_crossentropy_Car_STANDARDNORMAL;model_scores_binary_crossentropy_Car_STANDARDNORMAL;model_scores_accuracy_Car_STANDARDNORMAL;model_scores_f1_score_Car_STANDARDNORMAL;model_scores_roc_auc_score_Car_STANDARDNORMAL;model_scores_runtime_Car_STANDARDNORMAL;dt_scores_soft_binary_crossentropy_['uniform', 'normal', 'gamma', 'beta', 'poisson']_Heart Disease_STANDARDNORMAL;dt_scores_binary_crossentropy_['uniform', 'normal', 'gamma', 'beta', 'poisson']_Heart Disease_STANDARDNORMAL;dt_scores_accuracy_['uniform', 'normal', 'gamma', 'beta', 'poisson']_Heart Disease_STANDARDNORMAL;dt_scores_f1_score_['uniform', 'normal', 'gamma', 'beta', 'poisson']_Heart Disease_STANDARDNORMAL;dt_scores_roc_auc_score_['uniform', 'normal', 'gamma', 'beta', 'poisson']_Heart Disease_STANDARDNORMAL;dt_scores_soft_binary_crossentropy_data_random_['uniform', 'normal', 'gamma', 'beta', 'poisson']_Heart Disease_STANDARDNORMAL;dt_scores_binary_crossentropy_data_random_['uniform', 'normal', 'gamma', 'beta', 'poisson']_Heart Disease_STANDARDNORMAL;dt_scores_accuracy_data_random_['uniform', 'normal', 'gamma', 'beta', 'poisson']_Heart Disease_STANDARDNORMAL;dt_scores_f1_score_data_random_['uniform', 'normal', 'gamma', 'beta', 'poisson']_Heart Disease_STANDARDNORMAL;dt_scores_roc_auc_score_data_random_['uniform', 'normal', 'gamma', 'beta', 'poisson']_Heart Disease_STANDARDNORMAL;dt_scores_runtime_['uniform', 'normal', 'gamma', 'beta', 'poisson']_Heart Disease_STANDARDNORMAL;dt_scores_soft_binary_crossentropy_Heart Disease_STANDARDNORMAL;dt_scores_binary_crossentropy_Heart Disease_STANDARDNORMAL;dt_scores_accuracy_Heart Disease_STANDARDNORMAL;dt_scores_f1_score_Heart Disease_STANDARDNORMAL;dt_scores_roc_auc_score_Heart Disease_STANDARDNORMAL;dt_scores_soft_binary_crossentropy_data_random_Heart Disease_STANDARDNORMAL;dt_scores_binary_crossentropy_data_random_Heart Disease_STANDARDNORMAL;dt_scores_accuracy_data_random_Heart Disease_STANDARDNORMAL;dt_scores_f1_score_data_random_Heart Disease_STANDARDNORMAL;dt_scores_roc_auc_score_data_random_Heart Disease_STANDARDNORMAL;dt_scores_soft_binary_crossentropy_std_Heart Disease_STANDARDNORMAL;dt_scores_binary_crossentropy_std_Heart Disease_STANDARDNORMAL;dt_scores_accuracy_std_Heart Disease_STANDARDNORMAL;dt_scores_f1_score_std_Heart Disease_STANDARDNORMAL;dt_scores_roc_auc_score_std_Heart Disease_STANDARDNORMAL;dt_scores_soft_binary_crossentropy_data_random_std_Heart Disease_STANDARDNORMAL;dt_scores_binary_crossentropy_data_random_std_Heart Disease_STANDARDNORMAL;dt_scores_accuracy_data_random_std_Heart Disease_STANDARDNORMAL;dt_scores_f1_score_data_random_std_Heart Disease_STANDARDNORMAL;dt_scores_roc_auc_score_data_random_std_Heart Disease_STANDARDNORMAL;dt_scores_runtime_Heart Disease_STANDARDNORMAL;inet_scores_soft_binary_crossentropy_Heart Disease_STANDARDNORMAL;inet_scores_binary_crossentropy_Heart Disease_STANDARDNORMAL;inet_scores_accuracy_Heart Disease_STANDARDNORMAL;inet_scores_f1_score_Heart Disease_STANDARDNORMAL;inet_scores_roc_auc_score_Heart Disease_STANDARDNORMAL;inet_scores_runtime_Heart Disease_STANDARDNORMAL;model_scores_soft_binary_crossentropy_Heart Disease_STANDARDNORMAL;model_scores_binary_crossentropy_Heart Disease_STANDARDNORMAL;model_scores_accuracy_Heart Disease_STANDARDNORMAL;model_scores_f1_score_Heart Disease_STANDARDNORMAL;model_scores_roc_auc_score_Heart Disease_STANDARDNORMAL;model_scores_runtime_Heart Disease_STANDARDNORMAL;dt_scores_soft_binary_crossentropy_['uniform', 'normal', 'gamma', 'beta', 'poisson']_Credit Card_STANDARDNORMAL;dt_scores_binary_crossentropy_['uniform', 'normal', 'gamma', 'beta', 'poisson']_Credit Card_STANDARDNORMAL;dt_scores_accuracy_['uniform', 'normal', 'gamma', 'beta', 'poisson']_Credit Card_STANDARDNORMAL;dt_scores_f1_score_['uniform', 'normal', 'gamma', 'beta', 'poisson']_Credit Card_STANDARDNORMAL;dt_scores_roc_auc_score_['uniform', 'normal', 'gamma', 'beta', 'poisson']_Credit Card_STANDARDNORMAL;dt_scores_soft_binary_crossentropy_data_random_['uniform', 'normal', 'gamma', 'beta', 'poisson']_Credit Card_STANDARDNORMAL;dt_scores_binary_crossentropy_data_random_['uniform', 'normal', 'gamma', 'beta', 'poisson']_Credit Card_STANDARDNORMAL;dt_scores_accuracy_data_random_['uniform', 'normal', 'gamma', 'beta', 'poisson']_Credit Card_STANDARDNORMAL;dt_scores_f1_score_data_random_['uniform', 'normal', 'gamma', 'beta', 'poisson']_Credit Card_STANDARDNORMAL;dt_scores_roc_auc_score_data_random_['uniform', 'normal', 'gamma', 'beta', 'poisson']_Credit Card_STANDARDNORMAL;dt_scores_runtime_['uniform', 'normal', 'gamma', 'beta', 'poisson']_Credit Card_STANDARDNORMAL;dt_scores_soft_binary_crossentropy_Credit Card_STANDARDNORMAL;dt_scores_binary_crossentropy_Credit Card_STANDARDNORMAL;dt_scores_accuracy_Credit Card_STANDARDNORMAL;dt_scores_f1_score_Credit Card_STANDARDNORMAL;dt_scores_roc_auc_score_Credit Card_STANDARDNORMAL;dt_scores_soft_binary_crossentropy_data_random_Credit Card_STANDARDNORMAL;dt_scores_binary_crossentropy_data_random_Credit Card_STANDARDNORMAL;dt_scores_accuracy_data_random_Credit Card_STANDARDNORMAL;dt_scores_f1_score_data_random_Credit Card_STANDARDNORMAL;dt_scores_roc_auc_score_data_random_Credit Card_STANDARDNORMAL;dt_scores_soft_binary_crossentropy_std_Credit Card_STANDARDNORMAL;dt_scores_binary_crossentropy_std_Credit Card_STANDARDNORMAL;dt_scores_accuracy_std_Credit Card_STANDARDNORMAL;dt_scores_f1_score_std_Credit Card_STANDARDNORMAL;dt_scores_roc_auc_score_std_Credit Card_STANDARDNORMAL;dt_scores_soft_binary_crossentropy_data_random_std_Credit Card_STANDARDNORMAL;dt_scores_binary_crossentropy_data_random_std_Credit Card_STANDARDNORMAL;dt_scores_accuracy_data_random_std_Credit Card_STANDARDNORMAL;dt_scores_f1_score_data_random_std_Credit Card_STANDARDNORMAL;dt_scores_roc_auc_score_data_random_std_Credit Card_STANDARDNORMAL;dt_scores_runtime_Credit Card_STANDARDNORMAL;inet_scores_soft_binary_crossentropy_Credit Card_STANDARDNORMAL;inet_scores_binary_crossentropy_Credit Card_STANDARDNORMAL;inet_scores_accuracy_Credit Card_STANDARDNORMAL;inet_scores_f1_score_Credit Card_STANDARDNORMAL;inet_scores_roc_auc_score_Credit Card_STANDARDNORMAL;inet_scores_runtime_Credit Card_STANDARDNORMAL;model_scores_soft_binary_crossentropy_Credit Card_STANDARDNORMAL;model_scores_binary_crossentropy_Credit Card_STANDARDNORMAL;model_scores_accuracy_Credit Card_STANDARDNORMAL;model_scores_f1_score_Credit Card_STANDARDNORMAL;model_scores_roc_auc_score_Credit Card_STANDARDNORMAL;model_scores_runtime_Credit Card_STANDARDNORMAL;dt_scores_soft_binary_crossentropy_['uniform', 'normal', 'gamma', 'beta', 'poisson']_Haberman_STANDARDNORMAL;dt_scores_binary_crossentropy_['uniform', 'normal', 'gamma', 'beta', 'poisson']_Haberman_STANDARDNORMAL;dt_scores_accuracy_['uniform', 'normal', 'gamma', 'beta', 'poisson']_Haberman_STANDARDNORMAL;dt_scores_f1_score_['uniform', 'normal', 'gamma', 'beta', 'poisson']_Haberman_STANDARDNORMAL;dt_scores_roc_auc_score_['uniform', 'normal', 'gamma', 'beta', 'poisson']_Haberman_STANDARDNORMAL;dt_scores_soft_binary_crossentropy_data_random_['uniform', 'normal', 'gamma', 'beta', 'poisson']_Haberman_STANDARDNORMAL;dt_scores_binary_crossentropy_data_random_['uniform', 'normal', 'gamma', 'beta', 'poisson']_Haberman_STANDARDNORMAL;dt_scores_accuracy_data_random_['uniform', 'normal', 'gamma', 'beta', 'poisson']_Haberman_STANDARDNORMAL;dt_scores_f1_score_data_random_['uniform', 'normal', 'gamma', 'beta', 'poisson']_Haberman_STANDARDNORMAL;dt_scores_roc_auc_score_data_random_['uniform', 'normal', 'gamma', 'beta', 'poisson']_Haberman_STANDARDNORMAL;dt_scores_runtime_['uniform', 'normal', 'gamma', 'beta', 'poisson']_Haberman_STANDARDNORMAL;dt_scores_soft_binary_crossentropy_Haberman_STANDARDNORMAL;dt_scores_binary_crossentropy_Haberman_STANDARDNORMAL;dt_scores_accuracy_Haberman_STANDARDNORMAL;dt_scores_f1_score_Haberman_STANDARDNORMAL;dt_scores_roc_auc_score_Haberman_STANDARDNORMAL;dt_scores_soft_binary_crossentropy_data_random_Haberman_STANDARDNORMAL;dt_scores_binary_crossentropy_data_random_Haberman_STANDARDNORMAL;dt_scores_accuracy_data_random_Haberman_STANDARDNORMAL;dt_scores_f1_score_data_random_Haberman_STANDARDNORMAL;dt_scores_roc_auc_score_data_random_Haberman_STANDARDNORMAL;dt_scores_soft_binary_crossentropy_std_Haberman_STANDARDNORMAL;dt_scores_binary_crossentropy_std_Haberman_STANDARDNORMAL;dt_scores_accuracy_std_Haberman_STANDARDNORMAL;dt_scores_f1_score_std_Haberman_STANDARDNORMAL;dt_scores_roc_auc_score_std_Haberman_STANDARDNORMAL;dt_scores_soft_binary_crossentropy_data_random_std_Haberman_STANDARDNORMAL;dt_scores_binary_crossentropy_data_random_std_Haberman_STANDARDNORMAL;dt_scores_accuracy_data_random_std_Haberman_STANDARDNORMAL;dt_scores_f1_score_data_random_std_Haberman_STANDARDNORMAL;dt_scores_roc_auc_score_data_random_std_Haberman_STANDARDNORMAL;dt_scores_runtime_Haberman_STANDARDNORMAL;inet_scores_soft_binary_crossentropy_Haberman_STANDARDNORMAL;inet_scores_binary_crossentropy_Haberman_STANDARDNORMAL;inet_scores_accuracy_Haberman_STANDARDNORMAL;inet_scores_f1_score_Haberman_STANDARDNORMAL;inet_scores_roc_auc_score_Haberman_STANDARDNORMAL;inet_scores_runtime_Haberman_STANDARDNORMAL;model_scores_soft_binary_crossentropy_Haberman_STANDARDNORMAL;model_scores_binary_crossentropy_Haberman_STANDARDNORMAL;model_scores_accuracy_Haberman_STANDARDNORMAL;model_scores_f1_score_Haberman_STANDARDNORMAL;model_scores_roc_auc_score_Haberman_STANDARDNORMAL;model_scores_runtime_Haberman_STANDARDNORMAL;dt_scores_soft_binary_crossentropy_['uniform', 'normal', 'gamma', 'beta', 'poisson']_Adult_STANDARDNORMAL;dt_scores_binary_crossentropy_['uniform', 'normal', 'gamma', 'beta', 'poisson']_Adult_STANDARDNORMAL;dt_scores_accuracy_['uniform', 'normal', 'gamma', 'beta', 'poisson']_Adult_STANDARDNORMAL;dt_scores_f1_score_['uniform', 'normal', 'gamma', 'beta', 'poisson']_Adult_STANDARDNORMAL;dt_scores_roc_auc_score_['uniform', 'normal', 'gamma', 'beta', 'poisson']_Adult_STANDARDNORMAL;dt_scores_soft_binary_crossentropy_data_random_['uniform', 'normal', 'gamma', 'beta', 'poisson']_Adult_STANDARDNORMAL;dt_scores_binary_crossentropy_data_random_['uniform', 'normal', 'gamma', 'beta', 'poisson']_Adult_STANDARDNORMAL;dt_scores_accuracy_data_random_['uniform', 'normal', 'gamma', 'beta', 'poisson']_Adult_STANDARDNORMAL;dt_scores_f1_score_data_random_['uniform', 'normal', 'gamma', 'beta', 'poisson']_Adult_STANDARDNORMAL;dt_scores_roc_auc_score_data_random_['uniform', 'normal', 'gamma', 'beta', 'poisson']_Adult_STANDARDNORMAL;dt_scores_runtime_['uniform', 'normal', 'gamma', 'beta', 'poisson']_Adult_STANDARDNORMAL;dt_scores_soft_binary_crossentropy_Adult_STANDARDNORMAL;dt_scores_binary_crossentropy_Adult_STANDARDNORMAL;dt_scores_accuracy_Adult_STANDARDNORMAL;dt_scores_f1_score_Adult_STANDARDNORMAL;dt_scores_roc_auc_score_Adult_STANDARDNORMAL;dt_scores_soft_binary_crossentropy_data_random_Adult_STANDARDNORMAL;dt_scores_binary_crossentropy_data_random_Adult_STANDARDNORMAL;dt_scores_accuracy_data_random_Adult_STANDARDNORMAL;dt_scores_f1_score_data_random_Adult_STANDARDNORMAL;dt_scores_roc_auc_score_data_random_Adult_STANDARDNORMAL;dt_scores_soft_binary_crossentropy_std_Adult_STANDARDNORMAL;dt_scores_binary_crossentropy_std_Adult_STANDARDNORMAL;dt_scores_accuracy_std_Adult_STANDARDNORMAL;dt_scores_f1_score_std_Adult_STANDARDNORMAL;dt_scores_roc_auc_score_std_Adult_STANDARDNORMAL;dt_scores_soft_binary_crossentropy_data_random_std_Adult_STANDARDNORMAL;dt_scores_binary_crossentropy_data_random_std_Adult_STANDARDNORMAL;dt_scores_accuracy_data_random_std_Adult_STANDARDNORMAL;dt_scores_f1_score_data_random_std_Adult_STANDARDNORMAL;dt_scores_roc_auc_score_data_random_std_Adult_STANDARDNORMAL;dt_scores_runtime_Adult_STANDARDNORMAL;inet_scores_soft_binary_crossentropy_Adult_STANDARDNORMAL;inet_scores_binary_crossentropy_Adult_STANDARDNORMAL;inet_scores_accuracy_Adult_STANDARDNORMAL;inet_scores_f1_score_Adult_STANDARDNORMAL;inet_scores_roc_auc_score_Adult_STANDARDNORMAL;inet_scores_runtime_Adult_STANDARDNORMAL;model_scores_soft_binary_crossentropy_Adult_STANDARDNORMAL;model_scores_binary_crossentropy_Adult_STANDARDNORMAL;model_scores_accuracy_Adult_STANDARDNORMAL;model_scores_f1_score_Adult_STANDARDNORMAL;model_scores_roc_auc_score_Adult_STANDARDNORMAL;model_scores_runtime_Adult_STANDARDNORMAL;dt_scores_soft_binary_crossentropy_['uniform', 'normal', 'gamma', 'beta', 'poisson']_Titanic_STANDARDNORMAL;dt_scores_binary_crossentropy_['uniform', 'normal', 'gamma', 'beta', 'poisson']_Titanic_STANDARDNORMAL;dt_scores_accuracy_['uniform', 'normal', 'gamma', 'beta', 'poisson']_Titanic_STANDARDNORMAL;dt_scores_f1_score_['uniform', 'normal', 'gamma', 'beta', 'poisson']_Titanic_STANDARDNORMAL;dt_scores_roc_auc_score_['uniform', 'normal', 'gamma', 'beta', 'poisson']_Titanic_STANDARDNORMAL;dt_scores_soft_binary_crossentropy_data_random_['uniform', 'normal', 'gamma', 'beta', 'poisson']_Titanic_STANDARDNORMAL;dt_scores_binary_crossentropy_data_random_['uniform', 'normal', 'gamma', 'beta', 'poisson']_Titanic_STANDARDNORMAL;dt_scores_accuracy_data_random_['uniform', 'normal', 'gamma', 'beta', 'poisson']_Titanic_STANDARDNORMAL;dt_scores_f1_score_data_random_['uniform', 'normal', 'gamma', 'beta', 'poisson']_Titanic_STANDARDNORMAL;dt_scores_roc_auc_score_data_random_['uniform', 'normal', 'gamma', 'beta', 'poisson']_Titanic_STANDARDNORMAL;dt_scores_runtime_['uniform', 'normal', 'gamma', 'beta', 'poisson']_Titanic_STANDARDNORMAL;dt_scores_soft_binary_crossentropy_Titanic_STANDARDNORMAL;dt_scores_binary_crossentropy_Titanic_STANDARDNORMAL;dt_scores_accuracy_Titanic_STANDARDNORMAL;dt_scores_f1_score_Titanic_STANDARDNORMAL;dt_scores_roc_auc_score_Titanic_STANDARDNORMAL;dt_scores_soft_binary_crossentropy_data_random_Titanic_STANDARDNORMAL;dt_scores_binary_crossentropy_data_random_Titanic_STANDARDNORMAL;dt_scores_accuracy_data_random_Titanic_STANDARDNORMAL;dt_scores_f1_score_data_random_Titanic_STANDARDNORMAL;dt_scores_roc_auc_score_data_random_Titanic_STANDARDNORMAL;dt_scores_soft_binary_crossentropy_std_Titanic_STANDARDNORMAL;dt_scores_binary_crossentropy_std_Titanic_STANDARDNORMAL;dt_scores_accuracy_std_Titanic_STANDARDNORMAL;dt_scores_f1_score_std_Titanic_STANDARDNORMAL;dt_scores_roc_auc_score_std_Titanic_STANDARDNORMAL;dt_scores_soft_binary_crossentropy_data_random_std_Titanic_STANDARDNORMAL;dt_scores_binary_crossentropy_data_random_std_Titanic_STANDARDNORMAL;dt_scores_accuracy_data_random_std_Titanic_STANDARDNORMAL;dt_scores_f1_score_data_random_std_Titanic_STANDARDNORMAL;dt_scores_roc_auc_score_data_random_std_Titanic_STANDARDNORMAL;dt_scores_runtime_Titanic_STANDARDNORMAL;inet_scores_soft_binary_crossentropy_Titanic_STANDARDNORMAL;inet_scores_binary_crossentropy_Titanic_STANDARDNORMAL;inet_scores_accuracy_Titanic_STANDARDNORMAL;inet_scores_f1_score_Titanic_STANDARDNORMAL;inet_scores_roc_auc_score_Titanic_STANDARDNORMAL;inet_scores_runtime_Titanic_STANDARDNORMAL;model_scores_soft_binary_crossentropy_Titanic_STANDARDNORMAL;model_scores_binary_crossentropy_Titanic_STANDARDNORMAL;model_scores_accuracy_Titanic_STANDARDNORMAL;model_scores_f1_score_Titanic_STANDARDNORMAL;model_scores_roc_auc_score_Titanic_STANDARDNORMAL;model_scores_runtime_Titanic_STANDARDNORMAL;dt_scores_soft_binary_crossentropy_['uniform', 'normal', 'gamma', 'beta', 'poisson']_Absenteeism_STANDARDNORMAL;dt_scores_binary_crossentropy_['uniform', 'normal', 'gamma', 'beta', 'poisson']_Absenteeism_STANDARDNORMAL;dt_scores_accuracy_['uniform', 'normal', 'gamma', 'beta', 'poisson']_Absenteeism_STANDARDNORMAL;dt_scores_f1_score_['uniform', 'normal', 'gamma', 'beta', 'poisson']_Absenteeism_STANDARDNORMAL;dt_scores_roc_auc_score_['uniform', 'normal', 'gamma', 'beta', 'poisson']_Absenteeism_STANDARDNORMAL;dt_scores_soft_binary_crossentropy_data_random_['uniform', 'normal', 'gamma', 'beta', 'poisson']_Absenteeism_STANDARDNORMAL;dt_scores_binary_crossentropy_data_random_['uniform', 'normal', 'gamma', 'beta', 'poisson']_Absenteeism_STANDARDNORMAL;dt_scores_accuracy_data_random_['uniform', 'normal', 'gamma', 'beta', 'poisson']_Absenteeism_STANDARDNORMAL;dt_scores_f1_score_data_random_['uniform', 'normal', 'gamma', 'beta', 'poisson']_Absenteeism_STANDARDNORMAL;dt_scores_roc_auc_score_data_random_['uniform', 'normal', 'gamma', 'beta', 'poisson']_Absenteeism_STANDARDNORMAL;dt_scores_runtime_['uniform', 'normal', 'gamma', 'beta', 'poisson']_Absenteeism_STANDARDNORMAL;dt_scores_soft_binary_crossentropy_Absenteeism_STANDARDNORMAL;dt_scores_binary_crossentropy_Absenteeism_STANDARDNORMAL;dt_scores_accuracy_Absenteeism_STANDARDNORMAL;dt_scores_f1_score_Absenteeism_STANDARDNORMAL;dt_scores_roc_auc_score_Absenteeism_STANDARDNORMAL;dt_scores_soft_binary_crossentropy_data_random_Absenteeism_STANDARDNORMAL;dt_scores_binary_crossentropy_data_random_Absenteeism_STANDARDNORMAL;dt_scores_accuracy_data_random_Absenteeism_STANDARDNORMAL;dt_scores_f1_score_data_random_Absenteeism_STANDARDNORMAL;dt_scores_roc_auc_score_data_random_Absenteeism_STANDARDNORMAL;dt_scores_soft_binary_crossentropy_std_Absenteeism_STANDARDNORMAL;dt_scores_binary_crossentropy_std_Absenteeism_STANDARDNORMAL;dt_scores_accuracy_std_Absenteeism_STANDARDNORMAL;dt_scores_f1_score_std_Absenteeism_STANDARDNORMAL;dt_scores_roc_auc_score_std_Absenteeism_STANDARDNORMAL;dt_scores_soft_binary_crossentropy_data_random_std_Absenteeism_STANDARDNORMAL;dt_scores_binary_crossentropy_data_random_std_Absenteeism_STANDARDNORMAL;dt_scores_accuracy_data_random_std_Absenteeism_STANDARDNORMAL;dt_scores_f1_score_data_random_std_Absenteeism_STANDARDNORMAL;dt_scores_roc_auc_score_data_random_std_Absenteeism_STANDARDNORMAL;dt_scores_runtime_Absenteeism_STANDARDNORMAL;inet_scores_soft_binary_crossentropy_Absenteeism_STANDARDNORMAL;inet_scores_binary_crossentropy_Absenteeism_STANDARDNORMAL;inet_scores_accuracy_Absenteeism_STANDARDNORMAL;inet_scores_f1_score_Absenteeism_STANDARDNORMAL;inet_scores_roc_auc_score_Absenteeism_STANDARDNORMAL;inet_scores_runtime_Absenteeism_STANDARDNORMAL;model_scores_soft_binary_crossentropy_Absenteeism_STANDARDNORMAL;model_scores_binary_crossentropy_Absenteeism_STANDARDNORMAL;model_scores_accuracy_Absenteeism_STANDARDNORMAL;model_scores_f1_score_Absenteeism_STANDARDNORMAL;model_scores_roc_auc_score_Absenteeism_STANDARDNORMAL;model_scores_runtime_Absenteeism_STANDARDNORMAL;dt_scores_soft_binary_crossentropy_['uniform', 'normal', 'gamma', 'beta', 'poisson']_Loan House_STANDARDNORMAL;dt_scores_binary_crossentropy_['uniform', 'normal', 'gamma', 'beta', 'poisson']_Loan House_STANDARDNORMAL;dt_scores_accuracy_['uniform', 'normal', 'gamma', 'beta', 'poisson']_Loan House_STANDARDNORMAL;dt_scores_f1_score_['uniform', 'normal', 'gamma', 'beta', 'poisson']_Loan House_STANDARDNORMAL;dt_scores_roc_auc_score_['uniform', 'normal', 'gamma', 'beta', 'poisson']_Loan House_STANDARDNORMAL;dt_scores_soft_binary_crossentropy_data_random_['uniform', 'normal', 'gamma', 'beta', 'poisson']_Loan House_STANDARDNORMAL;dt_scores_binary_crossentropy_data_random_['uniform', 'normal', 'gamma', 'beta', 'poisson']_Loan House_STANDARDNORMAL;dt_scores_accuracy_data_random_['uniform', 'normal', 'gamma', 'beta', 'poisson']_Loan House_STANDARDNORMAL;dt_scores_f1_score_data_random_['uniform', 'normal', 'gamma', 'beta', 'poisson']_Loan House_STANDARDNORMAL;dt_scores_roc_auc_score_data_random_['uniform', 'normal', 'gamma', 'beta', 'poisson']_Loan House_STANDARDNORMAL;dt_scores_runtime_['uniform', 'normal', 'gamma', 'beta', 'poisson']_Loan House_STANDARDNORMAL;dt_scores_soft_binary_crossentropy_Loan House_STANDARDNORMAL;dt_scores_binary_crossentropy_Loan House_STANDARDNORMAL;dt_scores_accuracy_Loan House_STANDARDNORMAL;dt_scores_f1_score_Loan House_STANDARDNORMAL;dt_scores_roc_auc_score_Loan House_STANDARDNORMAL;dt_scores_soft_binary_crossentropy_data_random_Loan House_STANDARDNORMAL;dt_scores_binary_crossentropy_data_random_Loan House_STANDARDNORMAL;dt_scores_accuracy_data_random_Loan House_STANDARDNORMAL;dt_scores_f1_score_data_random_Loan House_STANDARDNORMAL;dt_scores_roc_auc_score_data_random_Loan House_STANDARDNORMAL;dt_scores_soft_binary_crossentropy_std_Loan House_STANDARDNORMAL;dt_scores_binary_crossentropy_std_Loan House_STANDARDNORMAL;dt_scores_accuracy_std_Loan House_STANDARDNORMAL;dt_scores_f1_score_std_Loan House_STANDARDNORMAL;dt_scores_roc_auc_score_std_Loan House_STANDARDNORMAL;dt_scores_soft_binary_crossentropy_data_random_std_Loan House_STANDARDNORMAL;dt_scores_binary_crossentropy_data_random_std_Loan House_STANDARDNORMAL;dt_scores_accuracy_data_random_std_Loan House_STANDARDNORMAL;dt_scores_f1_score_data_random_std_Loan House_STANDARDNORMAL;dt_scores_roc_auc_score_data_random_std_Loan House_STANDARDNORMAL;dt_scores_runtime_Loan House_STANDARDNORMAL;inet_scores_soft_binary_crossentropy_Loan House_STANDARDNORMAL;inet_scores_binary_crossentropy_Loan House_STANDARDNORMAL;inet_scores_accuracy_Loan House_STANDARDNORMAL;inet_scores_f1_score_Loan House_STANDARDNORMAL;inet_scores_roc_auc_score_Loan House_STANDARDNORMAL;inet_scores_runtime_Loan House_STANDARDNORMAL;model_scores_soft_binary_crossentropy_Loan House_STANDARDNORMAL;model_scores_binary_crossentropy_Loan House_STANDARDNORMAL;model_scores_accuracy_Loan House_STANDARDNORMAL;model_scores_f1_score_Loan House_STANDARDNORMAL;model_scores_roc_auc_score_Loan House_STANDARDNORMAL;model_scores_runtime_Loan House_STANDARDNORMAL;dt_scores_soft_binary_crossentropy_['uniform', 'normal', 'gamma', 'beta', 'poisson']_Loan Credit_STANDARDNORMAL;dt_scores_binary_crossentropy_['uniform', 'normal', 'gamma', 'beta', 'poisson']_Loan Credit_STANDARDNORMAL;dt_scores_accuracy_['uniform', 'normal', 'gamma', 'beta', 'poisson']_Loan Credit_STANDARDNORMAL;dt_scores_f1_score_['uniform', 'normal', 'gamma', 'beta', 'poisson']_Loan Credit_STANDARDNORMAL;dt_scores_roc_auc_score_['uniform', 'normal', 'gamma', 'beta', 'poisson']_Loan Credit_STANDARDNORMAL;dt_scores_soft_binary_crossentropy_data_random_['uniform', 'normal', 'gamma', 'beta', 'poisson']_Loan Credit_STANDARDNORMAL;dt_scores_binary_crossentropy_data_random_['uniform', 'normal', 'gamma', 'beta', 'poisson']_Loan Credit_STANDARDNORMAL;dt_scores_accuracy_data_random_['uniform', 'normal', 'gamma', 'beta', 'poisson']_Loan Credit_STANDARDNORMAL;dt_scores_f1_score_data_random_['uniform', 'normal', 'gamma', 'beta', 'poisson']_Loan Credit_STANDARDNORMAL;dt_scores_roc_auc_score_data_random_['uniform', 'normal', 'gamma', 'beta', 'poisson']_Loan Credit_STANDARDNORMAL;dt_scores_runtime_['uniform', 'normal', 'gamma', 'beta', 'poisson']_Loan Credit_STANDARDNORMAL;dt_scores_soft_binary_crossentropy_Loan Credit_STANDARDNORMAL;dt_scores_binary_crossentropy_Loan Credit_STANDARDNORMAL;dt_scores_accuracy_Loan Credit_STANDARDNORMAL;dt_scores_f1_score_Loan Credit_STANDARDNORMAL;dt_scores_roc_auc_score_Loan Credit_STANDARDNORMAL;dt_scores_soft_binary_crossentropy_data_random_Loan Credit_STANDARDNORMAL;dt_scores_binary_crossentropy_data_random_Loan Credit_STANDARDNORMAL;dt_scores_accuracy_data_random_Loan Credit_STANDARDNORMAL;dt_scores_f1_score_data_random_Loan Credit_STANDARDNORMAL;dt_scores_roc_auc_score_data_random_Loan Credit_STANDARDNORMAL;dt_scores_soft_binary_crossentropy_std_Loan Credit_STANDARDNORMAL;dt_scores_binary_crossentropy_std_Loan Credit_STANDARDNORMAL;dt_scores_accuracy_std_Loan Credit_STANDARDNORMAL;dt_scores_f1_score_std_Loan Credit_STANDARDNORMAL;dt_scores_roc_auc_score_std_Loan Credit_STANDARDNORMAL;dt_scores_soft_binary_crossentropy_data_random_std_Loan Credit_STANDARDNORMAL;dt_scores_binary_crossentropy_data_random_std_Loan Credit_STANDARDNORMAL;dt_scores_accuracy_data_random_std_Loan Credit_STANDARDNORMAL;dt_scores_f1_score_data_random_std_Loan Credit_STANDARDNORMAL;dt_scores_roc_auc_score_data_random_std_Loan Credit_STANDARDNORMAL;dt_scores_runtime_Loan Credit_STANDARDNORMAL;inet_scores_soft_binary_crossentropy_Loan Credit_STANDARDNORMAL;inet_scores_binary_crossentropy_Loan Credit_STANDARDNORMAL;inet_scores_accuracy_Loan Credit_STANDARDNORMAL;inet_scores_f1_score_Loan Credit_STANDARDNORMAL;inet_scores_roc_auc_score_Loan Credit_STANDARDNORMAL;inet_scores_runtime_Loan Credit_STANDARDNORMAL;model_scores_soft_binary_crossentropy_Loan Credit_STANDARDNORMAL;model_scores_binary_crossentropy_Loan Credit_STANDARDNORMAL;model_scores_accuracy_Loan Credit_STANDARDNORMAL;model_scores_f1_score_Loan Credit_STANDARDNORMAL;model_scores_roc_auc_score_Loan Credit_STANDARDNORMAL;model_scores_runtime_Loan Credit_STANDARDNORMAL;dt_scores_soft_binary_crossentropy_['uniform', 'normal', 'gamma', 'beta', 'poisson']_Medical Insurance_STANDARDNORMAL;dt_scores_binary_crossentropy_['uniform', 'normal', 'gamma', 'beta', 'poisson']_Medical Insurance_STANDARDNORMAL;dt_scores_accuracy_['uniform', 'normal', 'gamma', 'beta', 'poisson']_Medical Insurance_STANDARDNORMAL;dt_scores_f1_score_['uniform', 'normal', 'gamma', 'beta', 'poisson']_Medical Insurance_STANDARDNORMAL;dt_scores_roc_auc_score_['uniform', 'normal', 'gamma', 'beta', 'poisson']_Medical Insurance_STANDARDNORMAL;dt_scores_soft_binary_crossentropy_data_random_['uniform', 'normal', 'gamma', 'beta', 'poisson']_Medical Insurance_STANDARDNORMAL;dt_scores_binary_crossentropy_data_random_['uniform', 'normal', 'gamma', 'beta', 'poisson']_Medical Insurance_STANDARDNORMAL;dt_scores_accuracy_data_random_['uniform', 'normal', 'gamma', 'beta', 'poisson']_Medical Insurance_STANDARDNORMAL;dt_scores_f1_score_data_random_['uniform', 'normal', 'gamma', 'beta', 'poisson']_Medical Insurance_STANDARDNORMAL;dt_scores_roc_auc_score_data_random_['uniform', 'normal', 'gamma', 'beta', 'poisson']_Medical Insurance_STANDARDNORMAL;dt_scores_runtime_['uniform', 'normal', 'gamma', 'beta', 'poisson']_Medical Insurance_STANDARDNORMAL;dt_scores_soft_binary_crossentropy_Medical Insurance_STANDARDNORMAL;dt_scores_binary_crossentropy_Medical Insurance_STANDARDNORMAL;dt_scores_accuracy_Medical Insurance_STANDARDNORMAL;dt_scores_f1_score_Medical Insurance_STANDARDNORMAL;dt_scores_roc_auc_score_Medical Insurance_STANDARDNORMAL;dt_scores_soft_binary_crossentropy_data_random_Medical Insurance_STANDARDNORMAL;dt_scores_binary_crossentropy_data_random_Medical Insurance_STANDARDNORMAL;dt_scores_accuracy_data_random_Medical Insurance_STANDARDNORMAL;dt_scores_f1_score_data_random_Medical Insurance_STANDARDNORMAL;dt_scores_roc_auc_score_data_random_Medical Insurance_STANDARDNORMAL;dt_scores_soft_binary_crossentropy_std_Medical Insurance_STANDARDNORMAL;dt_scores_binary_crossentropy_std_Medical Insurance_STANDARDNORMAL;dt_scores_accuracy_std_Medical Insurance_STANDARDNORMAL;dt_scores_f1_score_std_Medical Insurance_STANDARDNORMAL;dt_scores_roc_auc_score_std_Medical Insurance_STANDARDNORMAL;dt_scores_soft_binary_crossentropy_data_random_std_Medical Insurance_STANDARDNORMAL;dt_scores_binary_crossentropy_data_random_std_Medical Insurance_STANDARDNORMAL;dt_scores_accuracy_data_random_std_Medical Insurance_STANDARDNORMAL;dt_scores_f1_score_data_random_std_Medical Insurance_STANDARDNORMAL;dt_scores_roc_auc_score_data_random_std_Medical Insurance_STANDARDNORMAL;dt_scores_runtime_Medical Insurance_STANDARDNORMAL;inet_scores_soft_binary_crossentropy_Medical Insurance_STANDARDNORMAL;inet_scores_binary_crossentropy_Medical Insurance_STANDARDNORMAL;inet_scores_accuracy_Medical Insurance_STANDARDNORMAL;inet_scores_f1_score_Medical Insurance_STANDARDNORMAL;inet_scores_roc_auc_score_Medical Insurance_STANDARDNORMAL;inet_scores_runtime_Medical Insurance_STANDARDNORMAL;model_scores_soft_binary_crossentropy_Medical Insurance_STANDARDNORMAL;model_scores_binary_crossentropy_Medical Insurance_STANDARDNORMAL;model_scores_accuracy_Medical Insurance_STANDARDNORMAL;model_scores_f1_score_Medical Insurance_STANDARDNORMAL;model_scores_roc_auc_score_Medical Insurance_STANDARDNORMAL;model_scores_runtime_Medical Insurance_STANDARDNORMAL;dt_scores_soft_binary_crossentropy_['uniform', 'normal', 'gamma', 'beta', 'poisson']_Bank Marketing_STANDARDNORMAL;dt_scores_binary_crossentropy_['uniform', 'normal', 'gamma', 'beta', 'poisson']_Bank Marketing_STANDARDNORMAL;dt_scores_accuracy_['uniform', 'normal', 'gamma', 'beta', 'poisson']_Bank Marketing_STANDARDNORMAL;dt_scores_f1_score_['uniform', 'normal', 'gamma', 'beta', 'poisson']_Bank Marketing_STANDARDNORMAL;dt_scores_roc_auc_score_['uniform', 'normal', 'gamma', 'beta', 'poisson']_Bank Marketing_STANDARDNORMAL;dt_scores_soft_binary_crossentropy_data_random_['uniform', 'normal', 'gamma', 'beta', 'poisson']_Bank Marketing_STANDARDNORMAL;dt_scores_binary_crossentropy_data_random_['uniform', 'normal', 'gamma', 'beta', 'poisson']_Bank Marketing_STANDARDNORMAL;dt_scores_accuracy_data_random_['uniform', 'normal', 'gamma', 'beta', 'poisson']_Bank Marketing_STANDARDNORMAL;dt_scores_f1_score_data_random_['uniform', 'normal', 'gamma', 'beta', 'poisson']_Bank Marketing_STANDARDNORMAL;dt_scores_roc_auc_score_data_random_['uniform', 'normal', 'gamma', 'beta', 'poisson']_Bank Marketing_STANDARDNORMAL;dt_scores_runtime_['uniform', 'normal', 'gamma', 'beta', 'poisson']_Bank Marketing_STANDARDNORMAL;dt_scores_soft_binary_crossentropy_Bank Marketing_STANDARDNORMAL;dt_scores_binary_crossentropy_Bank Marketing_STANDARDNORMAL;dt_scores_accuracy_Bank Marketing_STANDARDNORMAL;dt_scores_f1_score_Bank Marketing_STANDARDNORMAL;dt_scores_roc_auc_score_Bank Marketing_STANDARDNORMAL;dt_scores_soft_binary_crossentropy_data_random_Bank Marketing_STANDARDNORMAL;dt_scores_binary_crossentropy_data_random_Bank Marketing_STANDARDNORMAL;dt_scores_accuracy_data_random_Bank Marketing_STANDARDNORMAL;dt_scores_f1_score_data_random_Bank Marketing_STANDARDNORMAL;dt_scores_roc_auc_score_data_random_Bank Marketing_STANDARDNORMAL;dt_scores_soft_binary_crossentropy_std_Bank Marketing_STANDARDNORMAL;dt_scores_binary_crossentropy_std_Bank Marketing_STANDARDNORMAL;dt_scores_accuracy_std_Bank Marketing_STANDARDNORMAL;dt_scores_f1_score_std_Bank Marketing_STANDARDNORMAL;dt_scores_roc_auc_score_std_Bank Marketing_STANDARDNORMAL;dt_scores_soft_binary_crossentropy_data_random_std_Bank Marketing_STANDARDNORMAL;dt_scores_binary_crossentropy_data_random_std_Bank Marketing_STANDARDNORMAL;dt_scores_accuracy_data_random_std_Bank Marketing_STANDARDNORMAL;dt_scores_f1_score_data_random_std_Bank Marketing_STANDARDNORMAL;dt_scores_roc_auc_score_data_random_std_Bank Marketing_STANDARDNORMAL;dt_scores_runtime_Bank Marketing_STANDARDNORMAL;inet_scores_soft_binary_crossentropy_Bank Marketing_STANDARDNORMAL;inet_scores_binary_crossentropy_Bank Marketing_STANDARDNORMAL;inet_scores_accuracy_Bank Marketing_STANDARDNORMAL;inet_scores_f1_score_Bank Marketing_STANDARDNORMAL;inet_scores_roc_auc_score_Bank Marketing_STANDARDNORMAL;inet_scores_runtime_Bank Marketing_STANDARDNORMAL;model_scores_soft_binary_crossentropy_Bank Marketing_STANDARDNORMAL;model_scores_binary_crossentropy_Bank Marketing_STANDARDNORMAL;model_scores_accuracy_Bank Marketing_STANDARDNORMAL;model_scores_f1_score_Bank Marketing_STANDARDNORMAL;model_scores_roc_auc_score_Bank Marketing_STANDARDNORMAL;model_scores_runtime_Bank Marketing_STANDARDNORMAL;dt_scores_soft_binary_crossentropy_['uniform', 'normal', 'gamma', 'beta', 'poisson']_Cervical Cancer_STANDARDNORMAL;dt_scores_binary_crossentropy_['uniform', 'normal', 'gamma', 'beta', 'poisson']_Cervical Cancer_STANDARDNORMAL;dt_scores_accuracy_['uniform', 'normal', 'gamma', 'beta', 'poisson']_Cervical Cancer_STANDARDNORMAL;dt_scores_f1_score_['uniform', 'normal', 'gamma', 'beta', 'poisson']_Cervical Cancer_STANDARDNORMAL;dt_scores_roc_auc_score_['uniform', 'normal', 'gamma', 'beta', 'poisson']_Cervical Cancer_STANDARDNORMAL;dt_scores_soft_binary_crossentropy_data_random_['uniform', 'normal', 'gamma', 'beta', 'poisson']_Cervical Cancer_STANDARDNORMAL;dt_scores_binary_crossentropy_data_random_['uniform', 'normal', 'gamma', 'beta', 'poisson']_Cervical Cancer_STANDARDNORMAL;dt_scores_accuracy_data_random_['uniform', 'normal', 'gamma', 'beta', 'poisson']_Cervical Cancer_STANDARDNORMAL;dt_scores_f1_score_data_random_['uniform', 'normal', 'gamma', 'beta', 'poisson']_Cervical Cancer_STANDARDNORMAL;dt_scores_roc_auc_score_data_random_['uniform', 'normal', 'gamma', 'beta', 'poisson']_Cervical Cancer_STANDARDNORMAL;dt_scores_runtime_['uniform', 'normal', 'gamma', 'beta', 'poisson']_Cervical Cancer_STANDARDNORMAL;dt_scores_soft_binary_crossentropy_Cervical Cancer_STANDARDNORMAL;dt_scores_binary_crossentropy_Cervical Cancer_STANDARDNORMAL;dt_scores_accuracy_Cervical Cancer_STANDARDNORMAL;dt_scores_f1_score_Cervical Cancer_STANDARDNORMAL;dt_scores_roc_auc_score_Cervical Cancer_STANDARDNORMAL;dt_scores_soft_binary_crossentropy_data_random_Cervical Cancer_STANDARDNORMAL;dt_scores_binary_crossentropy_data_random_Cervical Cancer_STANDARDNORMAL;dt_scores_accuracy_data_random_Cervical Cancer_STANDARDNORMAL;dt_scores_f1_score_data_random_Cervical Cancer_STANDARDNORMAL;dt_scores_roc_auc_score_data_random_Cervical Cancer_STANDARDNORMAL;dt_scores_soft_binary_crossentropy_std_Cervical Cancer_STANDARDNORMAL;dt_scores_binary_crossentropy_std_Cervical Cancer_STANDARDNORMAL;dt_scores_accuracy_std_Cervical Cancer_STANDARDNORMAL;dt_scores_f1_score_std_Cervical Cancer_STANDARDNORMAL;dt_scores_roc_auc_score_std_Cervical Cancer_STANDARDNORMAL;dt_scores_soft_binary_crossentropy_data_random_std_Cervical Cancer_STANDARDNORMAL;dt_scores_binary_crossentropy_data_random_std_Cervical Cancer_STANDARDNORMAL;dt_scores_accuracy_data_random_std_Cervical Cancer_STANDARDNORMAL;dt_scores_f1_score_data_random_std_Cervical Cancer_STANDARDNORMAL;dt_scores_roc_auc_score_data_random_std_Cervical Cancer_STANDARDNORMAL;dt_scores_runtime_Cervical Cancer_STANDARDNORMAL;inet_scores_soft_binary_crossentropy_Cervical Cancer_STANDARDNORMAL;inet_scores_binary_crossentropy_Cervical Cancer_STANDARDNORMAL;inet_scores_accuracy_Cervical Cancer_STANDARDNORMAL;inet_scores_f1_score_Cervical Cancer_STANDARDNORMAL;inet_scores_roc_auc_score_Cervical Cancer_STANDARDNORMAL;inet_scores_runtime_Cervical Cancer_STANDARDNORMAL;model_scores_soft_binary_crossentropy_Cervical Cancer_STANDARDNORMAL;model_scores_binary_crossentropy_Cervical Cancer_STANDARDNORMAL;model_scores_accuracy_Cervical Cancer_STANDARDNORMAL;model_scores_f1_score_Cervical Cancer_STANDARDNORMAL;model_scores_roc_auc_score_Cervical Cancer_STANDARDNORMAL;model_scores_runtime_Cervical Cancer_STANDARDNORMAL;dt_scores_soft_binary_crossentropy_['uniform', 'normal', 'gamma', 'beta', 'poisson']_Brest Cancer Wisconsin_STANDARDNORMAL;dt_scores_binary_crossentropy_['uniform', 'normal', 'gamma', 'beta', 'poisson']_Brest Cancer Wisconsin_STANDARDNORMAL;dt_scores_accuracy_['uniform', 'normal', 'gamma', 'beta', 'poisson']_Brest Cancer Wisconsin_STANDARDNORMAL;dt_scores_f1_score_['uniform', 'normal', 'gamma', 'beta', 'poisson']_Brest Cancer Wisconsin_STANDARDNORMAL;dt_scores_roc_auc_score_['uniform', 'normal', 'gamma', 'beta', 'poisson']_Brest Cancer Wisconsin_STANDARDNORMAL;dt_scores_soft_binary_crossentropy_data_random_['uniform', 'normal', 'gamma', 'beta', 'poisson']_Brest Cancer Wisconsin_STANDARDNORMAL;dt_scores_binary_crossentropy_data_random_['uniform', 'normal', 'gamma', 'beta', 'poisson']_Brest Cancer Wisconsin_STANDARDNORMAL;dt_scores_accuracy_data_random_['uniform', 'normal', 'gamma', 'beta', 'poisson']_Brest Cancer Wisconsin_STANDARDNORMAL;dt_scores_f1_score_data_random_['uniform', 'normal', 'gamma', 'beta', 'poisson']_Brest Cancer Wisconsin_STANDARDNORMAL;dt_scores_roc_auc_score_data_random_['uniform', 'normal', 'gamma', 'beta', 'poisson']_Brest Cancer Wisconsin_STANDARDNORMAL;dt_scores_runtime_['uniform', 'normal', 'gamma', 'beta', 'poisson']_Brest Cancer Wisconsin_STANDARDNORMAL;dt_scores_soft_binary_crossentropy_Brest Cancer Wisconsin_STANDARDNORMAL;dt_scores_binary_crossentropy_Brest Cancer Wisconsin_STANDARDNORMAL;dt_scores_accuracy_Brest Cancer Wisconsin_STANDARDNORMAL;dt_scores_f1_score_Brest Cancer Wisconsin_STANDARDNORMAL;dt_scores_roc_auc_score_Brest Cancer Wisconsin_STANDARDNORMAL;dt_scores_soft_binary_crossentropy_data_random_Brest Cancer Wisconsin_STANDARDNORMAL;dt_scores_binary_crossentropy_data_random_Brest Cancer Wisconsin_STANDARDNORMAL;dt_scores_accuracy_data_random_Brest Cancer Wisconsin_STANDARDNORMAL;dt_scores_f1_score_data_random_Brest Cancer Wisconsin_STANDARDNORMAL;dt_scores_roc_auc_score_data_random_Brest Cancer Wisconsin_STANDARDNORMAL;dt_scores_soft_binary_crossentropy_std_Brest Cancer Wisconsin_STANDARDNORMAL;dt_scores_binary_crossentropy_std_Brest Cancer Wisconsin_STANDARDNORMAL;dt_scores_accuracy_std_Brest Cancer Wisconsin_STANDARDNORMAL;dt_scores_f1_score_std_Brest Cancer Wisconsin_STANDARDNORMAL;dt_scores_roc_auc_score_std_Brest Cancer Wisconsin_STANDARDNORMAL;dt_scores_soft_binary_crossentropy_data_random_std_Brest Cancer Wisconsin_STANDARDNORMAL;dt_scores_binary_crossentropy_data_random_std_Brest Cancer Wisconsin_STANDARDNORMAL;dt_scores_accuracy_data_random_std_Brest Cancer Wisconsin_STANDARDNORMAL;dt_scores_f1_score_data_random_std_Brest Cancer Wisconsin_STANDARDNORMAL;dt_scores_roc_auc_score_data_random_std_Brest Cancer Wisconsin_STANDARDNORMAL;dt_scores_runtime_Brest Cancer Wisconsin_STANDARDNORMAL;inet_scores_soft_binary_crossentropy_Brest Cancer Wisconsin_STANDARDNORMAL;inet_scores_binary_crossentropy_Brest Cancer Wisconsin_STANDARDNORMAL;inet_scores_accuracy_Brest Cancer Wisconsin_STANDARDNORMAL;inet_scores_f1_score_Brest Cancer Wisconsin_STANDARDNORMAL;inet_scores_roc_auc_score_Brest Cancer Wisconsin_STANDARDNORMAL;inet_scores_runtime_Brest Cancer Wisconsin_STANDARDNORMAL;model_scores_soft_binary_crossentropy_Brest Cancer Wisconsin_STANDARDNORMAL;model_scores_binary_crossentropy_Brest Cancer Wisconsin_STANDARDNORMAL;model_scores_accuracy_Brest Cancer Wisconsin_STANDARDNORMAL;model_scores_f1_score_Brest Cancer Wisconsin_STANDARDNORMAL;model_scores_roc_auc_score_Brest Cancer Wisconsin_STANDARDNORMAL;model_scores_runtime_Brest Cancer Wisconsin_STANDARDNORMAL;dt_scores_soft_binary_crossentropy_['uniform', 'normal', 'gamma', 'beta', 'poisson']_Wisconsin Diagnostic Breast Cancer_STANDARDNORMAL;dt_scores_binary_crossentropy_['uniform', 'normal', 'gamma', 'beta', 'poisson']_Wisconsin Diagnostic Breast Cancer_STANDARDNORMAL;dt_scores_accuracy_['uniform', 'normal', 'gamma', 'beta', 'poisson']_Wisconsin Diagnostic Breast Cancer_STANDARDNORMAL;dt_scores_f1_score_['uniform', 'normal', 'gamma', 'beta', 'poisson']_Wisconsin Diagnostic Breast Cancer_STANDARDNORMAL;dt_scores_roc_auc_score_['uniform', 'normal', 'gamma', 'beta', 'poisson']_Wisconsin Diagnostic Breast Cancer_STANDARDNORMAL;dt_scores_soft_binary_crossentropy_data_random_['uniform', 'normal', 'gamma', 'beta', 'poisson']_Wisconsin Diagnostic Breast Cancer_STANDARDNORMAL;dt_scores_binary_crossentropy_data_random_['uniform', 'normal', 'gamma', 'beta', 'poisson']_Wisconsin Diagnostic Breast Cancer_STANDARDNORMAL;dt_scores_accuracy_data_random_['uniform', 'normal', 'gamma', 'beta', 'poisson']_Wisconsin Diagnostic Breast Cancer_STANDARDNORMAL;dt_scores_f1_score_data_random_['uniform', 'normal', 'gamma', 'beta', 'poisson']_Wisconsin Diagnostic Breast Cancer_STANDARDNORMAL;dt_scores_roc_auc_score_data_random_['uniform', 'normal', 'gamma', 'beta', 'poisson']_Wisconsin Diagnostic Breast Cancer_STANDARDNORMAL;dt_scores_runtime_['uniform', 'normal', 'gamma', 'beta', 'poisson']_Wisconsin Diagnostic Breast Cancer_STANDARDNORMAL;dt_scores_soft_binary_crossentropy_Wisconsin Diagnostic Breast Cancer_STANDARDNORMAL;dt_scores_binary_crossentropy_Wisconsin Diagnostic Breast Cancer_STANDARDNORMAL;dt_scores_accuracy_Wisconsin Diagnostic Breast Cancer_STANDARDNORMAL;dt_scores_f1_score_Wisconsin Diagnostic Breast Cancer_STANDARDNORMAL;dt_scores_roc_auc_score_Wisconsin Diagnostic Breast Cancer_STANDARDNORMAL;dt_scores_soft_binary_crossentropy_data_random_Wisconsin Diagnostic Breast Cancer_STANDARDNORMAL;dt_scores_binary_crossentropy_data_random_Wisconsin Diagnostic Breast Cancer_STANDARDNORMAL;dt_scores_accuracy_data_random_Wisconsin Diagnostic Breast Cancer_STANDARDNORMAL;dt_scores_f1_score_data_random_Wisconsin Diagnostic Breast Cancer_STANDARDNORMAL;dt_scores_roc_auc_score_data_random_Wisconsin Diagnostic Breast Cancer_STANDARDNORMAL;dt_scores_soft_binary_crossentropy_std_Wisconsin Diagnostic Breast Cancer_STANDARDNORMAL;dt_scores_binary_crossentropy_std_Wisconsin Diagnostic Breast Cancer_STANDARDNORMAL;dt_scores_accuracy_std_Wisconsin Diagnostic Breast Cancer_STANDARDNORMAL;dt_scores_f1_score_std_Wisconsin Diagnostic Breast Cancer_STANDARDNORMAL;dt_scores_roc_auc_score_std_Wisconsin Diagnostic Breast Cancer_STANDARDNORMAL;dt_scores_soft_binary_crossentropy_data_random_std_Wisconsin Diagnostic Breast Cancer_STANDARDNORMAL;dt_scores_binary_crossentropy_data_random_std_Wisconsin Diagnostic Breast Cancer_STANDARDNORMAL;dt_scores_accuracy_data_random_std_Wisconsin Diagnostic Breast Cancer_STANDARDNORMAL;dt_scores_f1_score_data_random_std_Wisconsin Diagnostic Breast Cancer_STANDARDNORMAL;dt_scores_roc_auc_score_data_random_std_Wisconsin Diagnostic Breast Cancer_STANDARDNORMAL;dt_scores_runtime_Wisconsin Diagnostic Breast Cancer_STANDARDNORMAL;inet_scores_soft_binary_crossentropy_Wisconsin Diagnostic Breast Cancer_STANDARDNORMAL;inet_scores_binary_crossentropy_Wisconsin Diagnostic Breast Cancer_STANDARDNORMAL;inet_scores_accuracy_Wisconsin Diagnostic Breast Cancer_STANDARDNORMAL;inet_scores_f1_score_Wisconsin Diagnostic Breast Cancer_STANDARDNORMAL;inet_scores_roc_auc_score_Wisconsin Diagnostic Breast Cancer_STANDARDNORMAL;inet_scores_runtime_Wisconsin Diagnostic Breast Cancer_STANDARDNORMAL;model_scores_soft_binary_crossentropy_Wisconsin Diagnostic Breast Cancer_STANDARDNORMAL;model_scores_binary_crossentropy_Wisconsin Diagnostic Breast Cancer_STANDARDNORMAL;model_scores_accuracy_Wisconsin Diagnostic Breast Cancer_STANDARDNORMAL;model_scores_f1_score_Wisconsin Diagnostic Breast Cancer_STANDARDNORMAL;model_scores_roc_auc_score_Wisconsin Diagnostic Breast Cancer_STANDARDNORMAL;model_scores_runtime_Wisconsin Diagnostic Breast Cancer_STANDARDNORMAL;dt_scores_soft_binary_crossentropy_['uniform', 'normal', 'gamma', 'beta', 'poisson']_Wisconsin Prognostic Breast Cancer_STANDARDNORMAL;dt_scores_binary_crossentropy_['uniform', 'normal', 'gamma', 'beta', 'poisson']_Wisconsin Prognostic Breast Cancer_STANDARDNORMAL;dt_scores_accuracy_['uniform', 'normal', 'gamma', 'beta', 'poisson']_Wisconsin Prognostic Breast Cancer_STANDARDNORMAL;dt_scores_f1_score_['uniform', 'normal', 'gamma', 'beta', 'poisson']_Wisconsin Prognostic Breast Cancer_STANDARDNORMAL;dt_scores_roc_auc_score_['uniform', 'normal', 'gamma', 'beta', 'poisson']_Wisconsin Prognostic Breast Cancer_STANDARDNORMAL;dt_scores_soft_binary_crossentropy_data_random_['uniform', 'normal', 'gamma', 'beta', 'poisson']_Wisconsin Prognostic Breast Cancer_STANDARDNORMAL;dt_scores_binary_crossentropy_data_random_['uniform', 'normal', 'gamma', 'beta', 'poisson']_Wisconsin Prognostic Breast Cancer_STANDARDNORMAL;dt_scores_accuracy_data_random_['uniform', 'normal', 'gamma', 'beta', 'poisson']_Wisconsin Prognostic Breast Cancer_STANDARDNORMAL;dt_scores_f1_score_data_random_['uniform', 'normal', 'gamma', 'beta', 'poisson']_Wisconsin Prognostic Breast Cancer_STANDARDNORMAL;dt_scores_roc_auc_score_data_random_['uniform', 'normal', 'gamma', 'beta', 'poisson']_Wisconsin Prognostic Breast Cancer_STANDARDNORMAL;dt_scores_runtime_['uniform', 'normal', 'gamma', 'beta', 'poisson']_Wisconsin Prognostic Breast Cancer_STANDARDNORMAL;dt_scores_soft_binary_crossentropy_Wisconsin Prognostic Breast Cancer_STANDARDNORMAL;dt_scores_binary_crossentropy_Wisconsin Prognostic Breast Cancer_STANDARDNORMAL;dt_scores_accuracy_Wisconsin Prognostic Breast Cancer_STANDARDNORMAL;dt_scores_f1_score_Wisconsin Prognostic Breast Cancer_STANDARDNORMAL;dt_scores_roc_auc_score_Wisconsin Prognostic Breast Cancer_STANDARDNORMAL;dt_scores_soft_binary_crossentropy_data_random_Wisconsin Prognostic Breast Cancer_STANDARDNORMAL;dt_scores_binary_crossentropy_data_random_Wisconsin Prognostic Breast Cancer_STANDARDNORMAL;dt_scores_accuracy_data_random_Wisconsin Prognostic Breast Cancer_STANDARDNORMAL;dt_scores_f1_score_data_random_Wisconsin Prognostic Breast Cancer_STANDARDNORMAL;dt_scores_roc_auc_score_data_random_Wisconsin Prognostic Breast Cancer_STANDARDNORMAL;dt_scores_soft_binary_crossentropy_std_Wisconsin Prognostic Breast Cancer_STANDARDNORMAL;dt_scores_binary_crossentropy_std_Wisconsin Prognostic Breast Cancer_STANDARDNORMAL;dt_scores_accuracy_std_Wisconsin Prognostic Breast Cancer_STANDARDNORMAL;dt_scores_f1_score_std_Wisconsin Prognostic Breast Cancer_STANDARDNORMAL;dt_scores_roc_auc_score_std_Wisconsin Prognostic Breast Cancer_STANDARDNORMAL;dt_scores_soft_binary_crossentropy_data_random_std_Wisconsin Prognostic Breast Cancer_STANDARDNORMAL;dt_scores_binary_crossentropy_data_random_std_Wisconsin Prognostic Breast Cancer_STANDARDNORMAL;dt_scores_accuracy_data_random_std_Wisconsin Prognostic Breast Cancer_STANDARDNORMAL;dt_scores_f1_score_data_random_std_Wisconsin Prognostic Breast Cancer_STANDARDNORMAL;dt_scores_roc_auc_score_data_random_std_Wisconsin Prognostic Breast Cancer_STANDARDNORMAL;dt_scores_runtime_Wisconsin Prognostic Breast Cancer_STANDARDNORMAL;inet_scores_soft_binary_crossentropy_Wisconsin Prognostic Breast Cancer_STANDARDNORMAL;inet_scores_binary_crossentropy_Wisconsin Prognostic Breast Cancer_STANDARDNORMAL;inet_scores_accuracy_Wisconsin Prognostic Breast Cancer_STANDARDNORMAL;inet_scores_f1_score_Wisconsin Prognostic Breast Cancer_STANDARDNORMAL;inet_scores_roc_auc_score_Wisconsin Prognostic Breast Cancer_STANDARDNORMAL;inet_scores_runtime_Wisconsin Prognostic Breast Cancer_STANDARDNORMAL;model_scores_soft_binary_crossentropy_Wisconsin Prognostic Breast Cancer_STANDARDNORMAL;model_scores_binary_crossentropy_Wisconsin Prognostic Breast Cancer_STANDARDNORMAL;model_scores_accuracy_Wisconsin Prognostic Breast Cancer_STANDARDNORMAL;model_scores_f1_score_Wisconsin Prognostic Breast Cancer_STANDARDNORMAL;model_scores_roc_auc_score_Wisconsin Prognostic Breast Cancer_STANDARDNORMAL;model_scores_runtime_Wisconsin Prognostic Breast Cancer_STANDARDNORMAL;dt_scores_soft_binary_crossentropy_['uniform', 'normal', 'gamma', 'beta', 'poisson']_Abalone_STANDARDNORMAL;dt_scores_binary_crossentropy_['uniform', 'normal', 'gamma', 'beta', 'poisson']_Abalone_STANDARDNORMAL;dt_scores_accuracy_['uniform', 'normal', 'gamma', 'beta', 'poisson']_Abalone_STANDARDNORMAL;dt_scores_f1_score_['uniform', 'normal', 'gamma', 'beta', 'poisson']_Abalone_STANDARDNORMAL;dt_scores_roc_auc_score_['uniform', 'normal', 'gamma', 'beta', 'poisson']_Abalone_STANDARDNORMAL;dt_scores_soft_binary_crossentropy_data_random_['uniform', 'normal', 'gamma', 'beta', 'poisson']_Abalone_STANDARDNORMAL;dt_scores_binary_crossentropy_data_random_['uniform', 'normal', 'gamma', 'beta', 'poisson']_Abalone_STANDARDNORMAL;dt_scores_accuracy_data_random_['uniform', 'normal', 'gamma', 'beta', 'poisson']_Abalone_STANDARDNORMAL;dt_scores_f1_score_data_random_['uniform', 'normal', 'gamma', 'beta', 'poisson']_Abalone_STANDARDNORMAL;dt_scores_roc_auc_score_data_random_['uniform', 'normal', 'gamma', 'beta', 'poisson']_Abalone_STANDARDNORMAL;dt_scores_runtime_['uniform', 'normal', 'gamma', 'beta', 'poisson']_Abalone_STANDARDNORMAL;dt_scores_soft_binary_crossentropy_Abalone_STANDARDNORMAL;dt_scores_binary_crossentropy_Abalone_STANDARDNORMAL;dt_scores_accuracy_Abalone_STANDARDNORMAL;dt_scores_f1_score_Abalone_STANDARDNORMAL;dt_scores_roc_auc_score_Abalone_STANDARDNORMAL;dt_scores_soft_binary_crossentropy_data_random_Abalone_STANDARDNORMAL;dt_scores_binary_crossentropy_data_random_Abalone_STANDARDNORMAL;dt_scores_accuracy_data_random_Abalone_STANDARDNORMAL;dt_scores_f1_score_data_random_Abalone_STANDARDNORMAL;dt_scores_roc_auc_score_data_random_Abalone_STANDARDNORMAL;dt_scores_soft_binary_crossentropy_std_Abalone_STANDARDNORMAL;dt_scores_binary_crossentropy_std_Abalone_STANDARDNORMAL;dt_scores_accuracy_std_Abalone_STANDARDNORMAL;dt_scores_f1_score_std_Abalone_STANDARDNORMAL;dt_scores_roc_auc_score_std_Abalone_STANDARDNORMAL;dt_scores_soft_binary_crossentropy_data_random_std_Abalone_STANDARDNORMAL;dt_scores_binary_crossentropy_data_random_std_Abalone_STANDARDNORMAL;dt_scores_accuracy_data_random_std_Abalone_STANDARDNORMAL;dt_scores_f1_score_data_random_std_Abalone_STANDARDNORMAL;dt_scores_roc_auc_score_data_random_std_Abalone_STANDARDNORMAL;dt_scores_runtime_Abalone_STANDARDNORMAL;inet_scores_soft_binary_crossentropy_Abalone_STANDARDNORMAL;inet_scores_binary_crossentropy_Abalone_STANDARDNORMAL;inet_scores_accuracy_Abalone_STANDARDNORMAL;inet_scores_f1_score_Abalone_STANDARDNORMAL;inet_scores_roc_auc_score_Abalone_STANDARDNORMAL;inet_scores_runtime_Abalone_STANDARDNORMAL;model_scores_soft_binary_crossentropy_Abalone_STANDARDNORMAL;model_scores_binary_crossentropy_Abalone_STANDARDNORMAL;model_scores_accuracy_Abalone_STANDARDNORMAL;model_scores_f1_score_Abalone_STANDARDNORMAL;model_scores_roc_auc_score_Abalone_STANDARDNORMAL;model_scores_runtime_Abalone_STANDARDNORMAL;dt_scores_soft_binary_crossentropy_['uniform', 'normal', 'gamma', 'beta', 'poisson']_Car_STANDARDNORMAL;dt_scores_binary_crossentropy_['uniform', 'normal', 'gamma', 'beta', 'poisson']_Car_STANDARDNORMAL;dt_scores_accuracy_['uniform', 'normal', 'gamma', 'beta', 'poisson']_Car_STANDARDNORMAL;dt_scores_f1_score_['uniform', 'normal', 'gamma', 'beta', 'poisson']_Car_STANDARDNORMAL;dt_scores_roc_auc_score_['uniform', 'normal', 'gamma', 'beta', 'poisson']_Car_STANDARDNORMAL;dt_scores_soft_binary_crossentropy_data_random_['uniform', 'normal', 'gamma', 'beta', 'poisson']_Car_STANDARDNORMAL;dt_scores_binary_crossentropy_data_random_['uniform', 'normal', 'gamma', 'beta', 'poisson']_Car_STANDARDNORMAL;dt_scores_accuracy_data_random_['uniform', 'normal', 'gamma', 'beta', 'poisson']_Car_STANDARDNORMAL;dt_scores_f1_score_data_random_['uniform', 'normal', 'gamma', 'beta', 'poisson']_Car_STANDARDNORMAL;dt_scores_roc_auc_score_data_random_['uniform', 'normal', 'gamma', 'beta', 'poisson']_Car_STANDARDNORMAL;dt_scores_runtime_['uniform', 'normal', 'gamma', 'beta', 'poisson']_Car_STANDARDNORMAL;dt_scores_soft_binary_crossentropy_Car_STANDARDNORMAL;dt_scores_binary_crossentropy_Car_STANDARDNORMAL;dt_scores_accuracy_Car_STANDARDNORMAL;dt_scores_f1_score_Car_STANDARDNORMAL;dt_scores_roc_auc_score_Car_STANDARDNORMAL;dt_scores_soft_binary_crossentropy_data_random_Car_STANDARDNORMAL;dt_scores_binary_crossentropy_data_random_Car_STANDARDNORMAL;dt_scores_accuracy_data_random_Car_STANDARDNORMAL;dt_scores_f1_score_data_random_Car_STANDARDNORMAL;dt_scores_roc_auc_score_data_random_Car_STANDARDNORMAL;dt_scores_soft_binary_crossentropy_std_Car_STANDARDNORMAL;dt_scores_binary_crossentropy_std_Car_STANDARDNORMAL;dt_scores_accuracy_std_Car_STANDARDNORMAL;dt_scores_f1_score_std_Car_STANDARDNORMAL;dt_scores_roc_auc_score_std_Car_STANDARDNORMAL;dt_scores_soft_binary_crossentropy_data_random_std_Car_STANDARDNORMAL;dt_scores_binary_crossentropy_data_random_std_Car_STANDARDNORMAL;dt_scores_accuracy_data_random_std_Car_STANDARDNORMAL;dt_scores_f1_score_data_random_std_Car_STANDARDNORMAL;dt_scores_roc_auc_score_data_random_std_Car_STANDARDNORMAL;dt_scores_runtime_Car_STANDARDNORMAL;inet_scores_soft_binary_crossentropy_Car_STANDARDNORMAL;inet_scores_binary_crossentropy_Car_STANDARDNORMAL;inet_scores_accuracy_Car_STANDARDNORMAL;inet_scores_f1_score_Car_STANDARDNORMAL;inet_scores_roc_auc_score_Car_STANDARDNORMAL;inet_scores_runtime_Car_STANDARDNORMAL;model_scores_soft_binary_crossentropy_Car_STANDARDNORMAL;model_scores_binary_crossentropy_Car_STANDARDNORMAL;model_scores_accuracy_Car_STANDARDNORMAL;model_scores_f1_score_Car_STANDARDNORMAL;model_scores_roc_auc_score_Car_STANDARDNORMAL;model_scores_runtime_Car_STANDARDNORMAL;dt_scores_soft_binary_crossentropy_['uniform', 'normal', 'gamma', 'beta', 'poisson']_Heart Disease_STANDARDNORMAL;dt_scores_binary_crossentropy_['uniform', 'normal', 'gamma', 'beta', 'poisson']_Heart Disease_STANDARDNORMAL;dt_scores_accuracy_['uniform', 'normal', 'gamma', 'beta', 'poisson']_Heart Disease_STANDARDNORMAL;dt_scores_f1_score_['uniform', 'normal', 'gamma', 'beta', 'poisson']_Heart Disease_STANDARDNORMAL;dt_scores_roc_auc_score_['uniform', 'normal', 'gamma', 'beta', 'poisson']_Heart Disease_STANDARDNORMAL;dt_scores_soft_binary_crossentropy_data_random_['uniform', 'normal', 'gamma', 'beta', 'poisson']_Heart Disease_STANDARDNORMAL;dt_scores_binary_crossentropy_data_random_['uniform', 'normal', 'gamma', 'beta', 'poisson']_Heart Disease_STANDARDNORMAL;dt_scores_accuracy_data_random_['uniform', 'normal', 'gamma', 'beta', 'poisson']_Heart Disease_STANDARDNORMAL;dt_scores_f1_score_data_random_['uniform', 'normal', 'gamma', 'beta', 'poisson']_Heart Disease_STANDARDNORMAL;dt_scores_roc_auc_score_data_random_['uniform', 'normal', 'gamma', 'beta', 'poisson']_Heart Disease_STANDARDNORMAL;dt_scores_runtime_['uniform', 'normal', 'gamma', 'beta', 'poisson']_Heart Disease_STANDARDNORMAL;dt_scores_soft_binary_crossentropy_Heart Disease_STANDARDNORMAL;dt_scores_binary_crossentropy_Heart Disease_STANDARDNORMAL;dt_scores_accuracy_Heart Disease_STANDARDNORMAL;dt_scores_f1_score_Heart Disease_STANDARDNORMAL;dt_scores_roc_auc_score_Heart Disease_STANDARDNORMAL;dt_scores_soft_binary_crossentropy_data_random_Heart Disease_STANDARDNORMAL;dt_scores_binary_crossentropy_data_random_Heart Disease_STANDARDNORMAL;dt_scores_accuracy_data_random_Heart Disease_STANDARDNORMAL;dt_scores_f1_score_data_random_Heart Disease_STANDARDNORMAL;dt_scores_roc_auc_score_data_random_Heart Disease_STANDARDNORMAL;dt_scores_soft_binary_crossentropy_std_Heart Disease_STANDARDNORMAL;dt_scores_binary_crossentropy_std_Heart Disease_STANDARDNORMAL;dt_scores_accuracy_std_Heart Disease_STANDARDNORMAL;dt_scores_f1_score_std_Heart Disease_STANDARDNORMAL;dt_scores_roc_auc_score_std_Heart Disease_STANDARDNORMAL;dt_scores_soft_binary_crossentropy_data_random_std_Heart Disease_STANDARDNORMAL;dt_scores_binary_crossentropy_data_random_std_Heart Disease_STANDARDNORMAL;dt_scores_accuracy_data_random_std_Heart Disease_STANDARDNORMAL;dt_scores_f1_score_data_random_std_Heart Disease_STANDARDNORMAL;dt_scores_roc_auc_score_data_random_std_Heart Disease_STANDARDNORMAL;dt_scores_runtime_Heart Disease_STANDARDNORMAL;inet_scores_soft_binary_crossentropy_Heart Disease_STANDARDNORMAL;inet_scores_binary_crossentropy_Heart Disease_STANDARDNORMAL;inet_scores_accuracy_Heart Disease_STANDARDNORMAL;inet_scores_f1_score_Heart Disease_STANDARDNORMAL;inet_scores_roc_auc_score_Heart Disease_STANDARDNORMAL;inet_scores_runtime_Heart Disease_STANDARDNORMAL;model_scores_soft_binary_crossentropy_Heart Disease_STANDARDNORMAL;model_scores_binary_crossentropy_Heart Disease_STANDARDNORMAL;model_scores_accuracy_Heart Disease_STANDARDNORMAL;model_scores_f1_score_Heart Disease_STANDARDNORMAL;model_scores_roc_auc_score_Heart Disease_STANDARDNORMAL;model_scores_runtime_Heart Disease_STANDARDNORMAL;dt_scores_soft_binary_crossentropy_['uniform', 'normal', 'gamma', 'beta', 'poisson']_Credit Card_STANDARDNORMAL;dt_scores_binary_crossentropy_['uniform', 'normal', 'gamma', 'beta', 'poisson']_Credit Card_STANDARDNORMAL;dt_scores_accuracy_['uniform', 'normal', 'gamma', 'beta', 'poisson']_Credit Card_STANDARDNORMAL;dt_scores_f1_score_['uniform', 'normal', 'gamma', 'beta', 'poisson']_Credit Card_STANDARDNORMAL;dt_scores_roc_auc_score_['uniform', 'normal', 'gamma', 'beta', 'poisson']_Credit Card_STANDARDNORMAL;dt_scores_soft_binary_crossentropy_data_random_['uniform', 'normal', 'gamma', 'beta', 'poisson']_Credit Card_STANDARDNORMAL;dt_scores_binary_crossentropy_data_random_['uniform', 'normal', 'gamma', 'beta', 'poisson']_Credit Card_STANDARDNORMAL;dt_scores_accuracy_data_random_['uniform', 'normal', 'gamma', 'beta', 'poisson']_Credit Card_STANDARDNORMAL;dt_scores_f1_score_data_random_['uniform', 'normal', 'gamma', 'beta', 'poisson']_Credit Card_STANDARDNORMAL;dt_scores_roc_auc_score_data_random_['uniform', 'normal', 'gamma', 'beta', 'poisson']_Credit Card_STANDARDNORMAL;dt_scores_runtime_['uniform', 'normal', 'gamma', 'beta', 'poisson']_Credit Card_STANDARDNORMAL;dt_scores_soft_binary_crossentropy_Credit Card_STANDARDNORMAL;dt_scores_binary_crossentropy_Credit Card_STANDARDNORMAL;dt_scores_accuracy_Credit Card_STANDARDNORMAL;dt_scores_f1_score_Credit Card_STANDARDNORMAL;dt_scores_roc_auc_score_Credit Card_STANDARDNORMAL;dt_scores_soft_binary_crossentropy_data_random_Credit Card_STANDARDNORMAL;dt_scores_binary_crossentropy_data_random_Credit Card_STANDARDNORMAL;dt_scores_accuracy_data_random_Credit Card_STANDARDNORMAL;dt_scores_f1_score_data_random_Credit Card_STANDARDNORMAL;dt_scores_roc_auc_score_data_random_Credit Card_STANDARDNORMAL;dt_scores_soft_binary_crossentropy_std_Credit Card_STANDARDNORMAL;dt_scores_binary_crossentropy_std_Credit Card_STANDARDNORMAL;dt_scores_accuracy_std_Credit Card_STANDARDNORMAL;dt_scores_f1_score_std_Credit Card_STANDARDNORMAL;dt_scores_roc_auc_score_std_Credit Card_STANDARDNORMAL;dt_scores_soft_binary_crossentropy_data_random_std_Credit Card_STANDARDNORMAL;dt_scores_binary_crossentropy_data_random_std_Credit Card_STANDARDNORMAL;dt_scores_accuracy_data_random_std_Credit Card_STANDARDNORMAL;dt_scores_f1_score_data_random_std_Credit Card_STANDARDNORMAL;dt_scores_roc_auc_score_data_random_std_Credit Card_STANDARDNORMAL;dt_scores_runtime_Credit Card_STANDARDNORMAL;inet_scores_soft_binary_crossentropy_Credit Card_STANDARDNORMAL;inet_scores_binary_crossentropy_Credit Card_STANDARDNORMAL;inet_scores_accuracy_Credit Card_STANDARDNORMAL;inet_scores_f1_score_Credit Card_STANDARDNORMAL;inet_scores_roc_auc_score_Credit Card_STANDARDNORMAL;inet_scores_runtime_Credit Card_STANDARDNORMAL;model_scores_soft_binary_crossentropy_Credit Card_STANDARDNORMAL;model_scores_binary_crossentropy_Credit Card_STANDARDNORMAL;model_scores_accuracy_Credit Card_STANDARDNORMAL;model_scores_f1_score_Credit Card_STANDARDNORMAL;model_scores_roc_auc_score_Credit Card_STANDARDNORMAL;model_scores_runtime_Credit Card_STANDARDNORMAL;dt_scores_soft_binary_crossentropy_['uniform', 'normal', 'gamma', 'beta', 'poisson']_Haberman_STANDARDNORMAL;dt_scores_binary_crossentropy_['uniform', 'normal', 'gamma', 'beta', 'poisson']_Haberman_STANDARDNORMAL;dt_scores_accuracy_['uniform', 'normal', 'gamma', 'beta', 'poisson']_Haberman_STANDARDNORMAL;dt_scores_f1_score_['uniform', 'normal', 'gamma', 'beta', 'poisson']_Haberman_STANDARDNORMAL;dt_scores_roc_auc_score_['uniform', 'normal', 'gamma', 'beta', 'poisson']_Haberman_STANDARDNORMAL;dt_scores_soft_binary_crossentropy_data_random_['uniform', 'normal', 'gamma', 'beta', 'poisson']_Haberman_STANDARDNORMAL;dt_scores_binary_crossentropy_data_random_['uniform', 'normal', 'gamma', 'beta', 'poisson']_Haberman_STANDARDNORMAL;dt_scores_accuracy_data_random_['uniform', 'normal', 'gamma', 'beta', 'poisson']_Haberman_STANDARDNORMAL;dt_scores_f1_score_data_random_['uniform', 'normal', 'gamma', 'beta', 'poisson']_Haberman_STANDARDNORMAL;dt_scores_roc_auc_score_data_random_['uniform', 'normal', 'gamma', 'beta', 'poisson']_Haberman_STANDARDNORMAL;dt_scores_runtime_['uniform', 'normal', 'gamma', 'beta', 'poisson']_Haberman_STANDARDNORMAL;dt_scores_soft_binary_crossentropy_Haberman_STANDARDNORMAL;dt_scores_binary_crossentropy_Haberman_STANDARDNORMAL;dt_scores_accuracy_Haberman_STANDARDNORMAL;dt_scores_f1_score_Haberman_STANDARDNORMAL;dt_scores_roc_auc_score_Haberman_STANDARDNORMAL;dt_scores_soft_binary_crossentropy_data_random_Haberman_STANDARDNORMAL;dt_scores_binary_crossentropy_data_random_Haberman_STANDARDNORMAL;dt_scores_accuracy_data_random_Haberman_STANDARDNORMAL;dt_scores_f1_score_data_random_Haberman_STANDARDNORMAL;dt_scores_roc_auc_score_data_random_Haberman_STANDARDNORMAL;dt_scores_soft_binary_crossentropy_std_Haberman_STANDARDNORMAL;dt_scores_binary_crossentropy_std_Haberman_STANDARDNORMAL;dt_scores_accuracy_std_Haberman_STANDARDNORMAL;dt_scores_f1_score_std_Haberman_STANDARDNORMAL;dt_scores_roc_auc_score_std_Haberman_STANDARDNORMAL;dt_scores_soft_binary_crossentropy_data_random_std_Haberman_STANDARDNORMAL;dt_scores_binary_crossentropy_data_random_std_Haberman_STANDARDNORMAL;dt_scores_accuracy_data_random_std_Haberman_STANDARDNORMAL;dt_scores_f1_score_data_random_std_Haberman_STANDARDNORMAL;dt_scores_roc_auc_score_data_random_std_Haberman_STANDARDNORMAL;dt_scores_runtime_Haberman_STANDARDNORMAL;inet_scores_soft_binary_crossentropy_Haberman_STANDARDNORMAL;inet_scores_binary_crossentropy_Haberman_STANDARDNORMAL;inet_scores_accuracy_Haberman_STANDARDNORMAL;inet_scores_f1_score_Haberman_STANDARDNORMAL;inet_scores_roc_auc_score_Haberman_STANDARDNORMAL;inet_scores_runtime_Haberman_STANDARDNORMAL;model_scores_soft_binary_crossentropy_Haberman_STANDARDNORMAL;model_scores_binary_crossentropy_Haberman_STANDARDNORMAL;model_scores_accuracy_Haberman_STANDARDNORMAL;model_scores_f1_score_Haberman_STANDARDNORMAL;model_scores_roc_auc_score_Haberman_STANDARDNORMAL;model_scores_runtime_Haberman_STANDARDNORMAL;dt_scores_soft_binary_crossentropy_['uniform', 'normal', 'gamma', 'beta', 'poisson']_Adult_STANDARDNORMAL;dt_scores_binary_crossentropy_['uniform', 'normal', 'gamma', 'beta', 'poisson']_Adult_STANDARDNORMAL;dt_scores_accuracy_['uniform', 'normal', 'gamma', 'beta', 'poisson']_Adult_STANDARDNORMAL;dt_scores_f1_score_['uniform', 'normal', 'gamma', 'beta', 'poisson']_Adult_STANDARDNORMAL;dt_scores_roc_auc_score_['uniform', 'normal', 'gamma', 'beta', 'poisson']_Adult_STANDARDNORMAL;dt_scores_soft_binary_crossentropy_data_random_['uniform', 'normal', 'gamma', 'beta', 'poisson']_Adult_STANDARDNORMAL;dt_scores_binary_crossentropy_data_random_['uniform', 'normal', 'gamma', 'beta', 'poisson']_Adult_STANDARDNORMAL;dt_scores_accuracy_data_random_['uniform', 'normal', 'gamma', 'beta', 'poisson']_Adult_STANDARDNORMAL;dt_scores_f1_score_data_random_['uniform', 'normal', 'gamma', 'beta', 'poisson']_Adult_STANDARDNORMAL;dt_scores_roc_auc_score_data_random_['uniform', 'normal', 'gamma', 'beta', 'poisson']_Adult_STANDARDNORMAL;dt_scores_runtime_['uniform', 'normal', 'gamma', 'beta', 'poisson']_Adult_STANDARDNORMAL;dt_scores_soft_binary_crossentropy_Adult_STANDARDNORMAL;dt_scores_binary_crossentropy_Adult_STANDARDNORMAL;dt_scores_accuracy_Adult_STANDARDNORMAL;dt_scores_f1_score_Adult_STANDARDNORMAL;dt_scores_roc_auc_score_Adult_STANDARDNORMAL;dt_scores_soft_binary_crossentropy_data_random_Adult_STANDARDNORMAL;dt_scores_binary_crossentropy_data_random_Adult_STANDARDNORMAL;dt_scores_accuracy_data_random_Adult_STANDARDNORMAL;dt_scores_f1_score_data_random_Adult_STANDARDNORMAL;dt_scores_roc_auc_score_data_random_Adult_STANDARDNORMAL;dt_scores_soft_binary_crossentropy_std_Adult_STANDARDNORMAL;dt_scores_binary_crossentropy_std_Adult_STANDARDNORMAL;dt_scores_accuracy_std_Adult_STANDARDNORMAL;dt_scores_f1_score_std_Adult_STANDARDNORMAL;dt_scores_roc_auc_score_std_Adult_STANDARDNORMAL;dt_scores_soft_binary_crossentropy_data_random_std_Adult_STANDARDNORMAL;dt_scores_binary_crossentropy_data_random_std_Adult_STANDARDNORMAL;dt_scores_accuracy_data_random_std_Adult_STANDARDNORMAL;dt_scores_f1_score_data_random_std_Adult_STANDARDNORMAL;dt_scores_roc_auc_score_data_random_std_Adult_STANDARDNORMAL;dt_scores_runtime_Adult_STANDARDNORMAL;inet_scores_soft_binary_crossentropy_Adult_STANDARDNORMAL;inet_scores_binary_crossentropy_Adult_STANDARDNORMAL;inet_scores_accuracy_Adult_STANDARDNORMAL;inet_scores_f1_score_Adult_STANDARDNORMAL;inet_scores_roc_auc_score_Adult_STANDARDNORMAL;inet_scores_runtime_Adult_STANDARDNORMAL;model_scores_soft_binary_crossentropy_Adult_STANDARDNORMAL;model_scores_binary_crossentropy_Adult_STANDARDNORMAL;model_scores_accuracy_Adult_STANDARDNORMAL;model_scores_f1_score_Adult_STANDARDNORMAL;model_scores_roc_auc_score_Adult_STANDARDNORMAL;model_scores_runtime_Adult_STANDARDNORMAL;dt_scores_soft_binary_crossentropy_['uniform', 'normal', 'gamma', 'beta', 'poisson']_Titanic_STANDARDNORMAL;dt_scores_binary_crossentropy_['uniform', 'normal', 'gamma', 'beta', 'poisson']_Titanic_STANDARDNORMAL;dt_scores_accuracy_['uniform', 'normal', 'gamma', 'beta', 'poisson']_Titanic_STANDARDNORMAL;dt_scores_f1_score_['uniform', 'normal', 'gamma', 'beta', 'poisson']_Titanic_STANDARDNORMAL;dt_scores_roc_auc_score_['uniform', 'normal', 'gamma', 'beta', 'poisson']_Titanic_STANDARDNORMAL;dt_scores_soft_binary_crossentropy_data_random_['uniform', 'normal', 'gamma', 'beta', 'poisson']_Titanic_STANDARDNORMAL;dt_scores_binary_crossentropy_data_random_['uniform', 'normal', 'gamma', 'beta', 'poisson']_Titanic_STANDARDNORMAL;dt_scores_accuracy_data_random_['uniform', 'normal', 'gamma', 'beta', 'poisson']_Titanic_STANDARDNORMAL;dt_scores_f1_score_data_random_['uniform', 'normal', 'gamma', 'beta', 'poisson']_Titanic_STANDARDNORMAL;dt_scores_roc_auc_score_data_random_['uniform', 'normal', 'gamma', 'beta', 'poisson']_Titanic_STANDARDNORMAL;dt_scores_runtime_['uniform', 'normal', 'gamma', 'beta', 'poisson']_Titanic_STANDARDNORMAL;dt_scores_soft_binary_crossentropy_Titanic_STANDARDNORMAL;dt_scores_binary_crossentropy_Titanic_STANDARDNORMAL;dt_scores_accuracy_Titanic_STANDARDNORMAL;dt_scores_f1_score_Titanic_STANDARDNORMAL;dt_scores_roc_auc_score_Titanic_STANDARDNORMAL;dt_scores_soft_binary_crossentropy_data_random_Titanic_STANDARDNORMAL;dt_scores_binary_crossentropy_data_random_Titanic_STANDARDNORMAL;dt_scores_accuracy_data_random_Titanic_STANDARDNORMAL;dt_scores_f1_score_data_random_Titanic_STANDARDNORMAL;dt_scores_roc_auc_score_data_random_Titanic_STANDARDNORMAL;dt_scores_soft_binary_crossentropy_std_Titanic_STANDARDNORMAL;dt_scores_binary_crossentropy_std_Titanic_STANDARDNORMAL;dt_scores_accuracy_std_Titanic_STANDARDNORMAL;dt_scores_f1_score_std_Titanic_STANDARDNORMAL;dt_scores_roc_auc_score_std_Titanic_STANDARDNORMAL;dt_scores_soft_binary_crossentropy_data_random_std_Titanic_STANDARDNORMAL;dt_scores_binary_crossentropy_data_random_std_Titanic_STANDARDNORMAL;dt_scores_accuracy_data_random_std_Titanic_STANDARDNORMAL;dt_scores_f1_score_data_random_std_Titanic_STANDARDNORMAL;dt_scores_roc_auc_score_data_random_std_Titanic_STANDARDNORMAL;dt_scores_runtime_Titanic_STANDARDNORMAL;inet_scores_soft_binary_crossentropy_Titanic_STANDARDNORMAL;inet_scores_binary_crossentropy_Titanic_STANDARDNORMAL;inet_scores_accuracy_Titanic_STANDARDNORMAL;inet_scores_f1_score_Titanic_STANDARDNORMAL;inet_scores_roc_auc_score_Titanic_STANDARDNORMAL;inet_scores_runtime_Titanic_STANDARDNORMAL;model_scores_soft_binary_crossentropy_Titanic_STANDARDNORMAL;model_scores_binary_crossentropy_Titanic_STANDARDNORMAL;model_scores_accuracy_Titanic_STANDARDNORMAL;model_scores_f1_score_Titanic_STANDARDNORMAL;model_scores_roc_auc_score_Titanic_STANDARDNORMAL;model_scores_runtime_Titanic_STANDARDNORMAL;dt_scores_soft_binary_crossentropy_['uniform', 'normal', 'gamma', 'beta', 'poisson']_Absenteeism_STANDARDNORMAL;dt_scores_binary_crossentropy_['uniform', 'normal', 'gamma', 'beta', 'poisson']_Absenteeism_STANDARDNORMAL;dt_scores_accuracy_['uniform', 'normal', 'gamma', 'beta', 'poisson']_Absenteeism_STANDARDNORMAL;dt_scores_f1_score_['uniform', 'normal', 'gamma', 'beta', 'poisson']_Absenteeism_STANDARDNORMAL;dt_scores_roc_auc_score_['uniform', 'normal', 'gamma', 'beta', 'poisson']_Absenteeism_STANDARDNORMAL;dt_scores_soft_binary_crossentropy_data_random_['uniform', 'normal', 'gamma', 'beta', 'poisson']_Absenteeism_STANDARDNORMAL;dt_scores_binary_crossentropy_data_random_['uniform', 'normal', 'gamma', 'beta', 'poisson']_Absenteeism_STANDARDNORMAL;dt_scores_accuracy_data_random_['uniform', 'normal', 'gamma', 'beta', 'poisson']_Absenteeism_STANDARDNORMAL;dt_scores_f1_score_data_random_['uniform', 'normal', 'gamma', 'beta', 'poisson']_Absenteeism_STANDARDNORMAL;dt_scores_roc_auc_score_data_random_['uniform', 'normal', 'gamma', 'beta', 'poisson']_Absenteeism_STANDARDNORMAL;dt_scores_runtime_['uniform', 'normal', 'gamma', 'beta', 'poisson']_Absenteeism_STANDARDNORMAL;dt_scores_soft_binary_crossentropy_Absenteeism_STANDARDNORMAL;dt_scores_binary_crossentropy_Absenteeism_STANDARDNORMAL;dt_scores_accuracy_Absenteeism_STANDARDNORMAL;dt_scores_f1_score_Absenteeism_STANDARDNORMAL;dt_scores_roc_auc_score_Absenteeism_STANDARDNORMAL;dt_scores_soft_binary_crossentropy_data_random_Absenteeism_STANDARDNORMAL;dt_scores_binary_crossentropy_data_random_Absenteeism_STANDARDNORMAL;dt_scores_accuracy_data_random_Absenteeism_STANDARDNORMAL;dt_scores_f1_score_data_random_Absenteeism_STANDARDNORMAL;dt_scores_roc_auc_score_data_random_Absenteeism_STANDARDNORMAL;dt_scores_soft_binary_crossentropy_std_Absenteeism_STANDARDNORMAL;dt_scores_binary_crossentropy_std_Absenteeism_STANDARDNORMAL;dt_scores_accuracy_std_Absenteeism_STANDARDNORMAL;dt_scores_f1_score_std_Absenteeism_STANDARDNORMAL;dt_scores_roc_auc_score_std_Absenteeism_STANDARDNORMAL;dt_scores_soft_binary_crossentropy_data_random_std_Absenteeism_STANDARDNORMAL;dt_scores_binary_crossentropy_data_random_std_Absenteeism_STANDARDNORMAL;dt_scores_accuracy_data_random_std_Absenteeism_STANDARDNORMAL;dt_scores_f1_score_data_random_std_Absenteeism_STANDARDNORMAL;dt_scores_roc_auc_score_data_random_std_Absenteeism_STANDARDNORMAL;dt_scores_runtime_Absenteeism_STANDARDNORMAL;inet_scores_soft_binary_crossentropy_Absenteeism_STANDARDNORMAL;inet_scores_binary_crossentropy_Absenteeism_STANDARDNORMAL;inet_scores_accuracy_Absenteeism_STANDARDNORMAL;inet_scores_f1_score_Absenteeism_STANDARDNORMAL;inet_scores_roc_auc_score_Absenteeism_STANDARDNORMAL;inet_scores_runtime_Absenteeism_STANDARDNORMAL;model_scores_soft_binary_crossentropy_Absenteeism_STANDARDNORMAL;model_scores_binary_crossentropy_Absenteeism_STANDARDNORMAL;model_scores_accuracy_Absenteeism_STANDARDNORMAL;model_scores_f1_score_Absenteeism_STANDARDNORMAL;model_scores_roc_auc_score_Absenteeism_STANDARDNORMAL;model_scores_runtime_Absenteeism_STANDARDNORMAL;dt_scores_soft_binary_crossentropy_['uniform', 'normal', 'gamma', 'beta', 'poisson']_Loan House_STANDARDNORMAL;dt_scores_binary_crossentropy_['uniform', 'normal', 'gamma', 'beta', 'poisson']_Loan House_STANDARDNORMAL;dt_scores_accuracy_['uniform', 'normal', 'gamma', 'beta', 'poisson']_Loan House_STANDARDNORMAL;dt_scores_f1_score_['uniform', 'normal', 'gamma', 'beta', 'poisson']_Loan House_STANDARDNORMAL;dt_scores_roc_auc_score_['uniform', 'normal', 'gamma', 'beta', 'poisson']_Loan House_STANDARDNORMAL;dt_scores_soft_binary_crossentropy_data_random_['uniform', 'normal', 'gamma', 'beta', 'poisson']_Loan House_STANDARDNORMAL;dt_scores_binary_crossentropy_data_random_['uniform', 'normal', 'gamma', 'beta', 'poisson']_Loan House_STANDARDNORMAL;dt_scores_accuracy_data_random_['uniform', 'normal', 'gamma', 'beta', 'poisson']_Loan House_STANDARDNORMAL;dt_scores_f1_score_data_random_['uniform', 'normal', 'gamma', 'beta', 'poisson']_Loan House_STANDARDNORMAL;dt_scores_roc_auc_score_data_random_['uniform', 'normal', 'gamma', 'beta', 'poisson']_Loan House_STANDARDNORMAL;dt_scores_runtime_['uniform', 'normal', 'gamma', 'beta', 'poisson']_Loan House_STANDARDNORMAL;dt_scores_soft_binary_crossentropy_Loan House_STANDARDNORMAL;dt_scores_binary_crossentropy_Loan House_STANDARDNORMAL;dt_scores_accuracy_Loan House_STANDARDNORMAL;dt_scores_f1_score_Loan House_STANDARDNORMAL;dt_scores_roc_auc_score_Loan House_STANDARDNORMAL;dt_scores_soft_binary_crossentropy_data_random_Loan House_STANDARDNORMAL;dt_scores_binary_crossentropy_data_random_Loan House_STANDARDNORMAL;dt_scores_accuracy_data_random_Loan House_STANDARDNORMAL;dt_scores_f1_score_data_random_Loan House_STANDARDNORMAL;dt_scores_roc_auc_score_data_random_Loan House_STANDARDNORMAL;dt_scores_soft_binary_crossentropy_std_Loan House_STANDARDNORMAL;dt_scores_binary_crossentropy_std_Loan House_STANDARDNORMAL;dt_scores_accuracy_std_Loan House_STANDARDNORMAL;dt_scores_f1_score_std_Loan House_STANDARDNORMAL;dt_scores_roc_auc_score_std_Loan House_STANDARDNORMAL;dt_scores_soft_binary_crossentropy_data_random_std_Loan House_STANDARDNORMAL;dt_scores_binary_crossentropy_data_random_std_Loan House_STANDARDNORMAL;dt_scores_accuracy_data_random_std_Loan House_STANDARDNORMAL;dt_scores_f1_score_data_random_std_Loan House_STANDARDNORMAL;dt_scores_roc_auc_score_data_random_std_Loan House_STANDARDNORMAL;dt_scores_runtime_Loan House_STANDARDNORMAL;inet_scores_soft_binary_crossentropy_Loan House_STANDARDNORMAL;inet_scores_binary_crossentropy_Loan House_STANDARDNORMAL;inet_scores_accuracy_Loan House_STANDARDNORMAL;inet_scores_f1_score_Loan House_STANDARDNORMAL;inet_scores_roc_auc_score_Loan House_STANDARDNORMAL;inet_scores_runtime_Loan House_STANDARDNORMAL;model_scores_soft_binary_crossentropy_Loan House_STANDARDNORMAL;model_scores_binary_crossentropy_Loan House_STANDARDNORMAL;model_scores_accuracy_Loan House_STANDARDNORMAL;model_scores_f1_score_Loan House_STANDARDNORMAL;model_scores_roc_auc_score_Loan House_STANDARDNORMAL;model_scores_runtime_Loan House_STANDARDNORMAL;dt_scores_soft_binary_crossentropy_['uniform', 'normal', 'gamma', 'beta', 'poisson']_Loan Credit_STANDARDNORMAL;dt_scores_binary_crossentropy_['uniform', 'normal', 'gamma', 'beta', 'poisson']_Loan Credit_STANDARDNORMAL;dt_scores_accuracy_['uniform', 'normal', 'gamma', 'beta', 'poisson']_Loan Credit_STANDARDNORMAL;dt_scores_f1_score_['uniform', 'normal', 'gamma', 'beta', 'poisson']_Loan Credit_STANDARDNORMAL;dt_scores_roc_auc_score_['uniform', 'normal', 'gamma', 'beta', 'poisson']_Loan Credit_STANDARDNORMAL;dt_scores_soft_binary_crossentropy_data_random_['uniform', 'normal', 'gamma', 'beta', 'poisson']_Loan Credit_STANDARDNORMAL;dt_scores_binary_crossentropy_data_random_['uniform', 'normal', 'gamma', 'beta', 'poisson']_Loan Credit_STANDARDNORMAL;dt_scores_accuracy_data_random_['uniform', 'normal', 'gamma', 'beta', 'poisson']_Loan Credit_STANDARDNORMAL;dt_scores_f1_score_data_random_['uniform', 'normal', 'gamma', 'beta', 'poisson']_Loan Credit_STANDARDNORMAL;dt_scores_roc_auc_score_data_random_['uniform', 'normal', 'gamma', 'beta', 'poisson']_Loan Credit_STANDARDNORMAL;dt_scores_runtime_['uniform', 'normal', 'gamma', 'beta', 'poisson']_Loan Credit_STANDARDNORMAL;dt_scores_soft_binary_crossentropy_Loan Credit_STANDARDNORMAL;dt_scores_binary_crossentropy_Loan Credit_STANDARDNORMAL;dt_scores_accuracy_Loan Credit_STANDARDNORMAL;dt_scores_f1_score_Loan Credit_STANDARDNORMAL;dt_scores_roc_auc_score_Loan Credit_STANDARDNORMAL;dt_scores_soft_binary_crossentropy_data_random_Loan Credit_STANDARDNORMAL;dt_scores_binary_crossentropy_data_random_Loan Credit_STANDARDNORMAL;dt_scores_accuracy_data_random_Loan Credit_STANDARDNORMAL;dt_scores_f1_score_data_random_Loan Credit_STANDARDNORMAL;dt_scores_roc_auc_score_data_random_Loan Credit_STANDARDNORMAL;dt_scores_soft_binary_crossentropy_std_Loan Credit_STANDARDNORMAL;dt_scores_binary_crossentropy_std_Loan Credit_STANDARDNORMAL;dt_scores_accuracy_std_Loan Credit_STANDARDNORMAL;dt_scores_f1_score_std_Loan Credit_STANDARDNORMAL;dt_scores_roc_auc_score_std_Loan Credit_STANDARDNORMAL;dt_scores_soft_binary_crossentropy_data_random_std_Loan Credit_STANDARDNORMAL;dt_scores_binary_crossentropy_data_random_std_Loan Credit_STANDARDNORMAL;dt_scores_accuracy_data_random_std_Loan Credit_STANDARDNORMAL;dt_scores_f1_score_data_random_std_Loan Credit_STANDARDNORMAL;dt_scores_roc_auc_score_data_random_std_Loan Credit_STANDARDNORMAL;dt_scores_runtime_Loan Credit_STANDARDNORMAL;inet_scores_soft_binary_crossentropy_Loan Credit_STANDARDNORMAL;inet_scores_binary_crossentropy_Loan Credit_STANDARDNORMAL;inet_scores_accuracy_Loan Credit_STANDARDNORMAL;inet_scores_f1_score_Loan Credit_STANDARDNORMAL;inet_scores_roc_auc_score_Loan Credit_STANDARDNORMAL;inet_scores_runtime_Loan Credit_STANDARDNORMAL;model_scores_soft_binary_crossentropy_Loan Credit_STANDARDNORMAL;model_scores_binary_crossentropy_Loan Credit_STANDARDNORMAL;model_scores_accuracy_Loan Credit_STANDARDNORMAL;model_scores_f1_score_Loan Credit_STANDARDNORMAL;model_scores_roc_auc_score_Loan Credit_STANDARDNORMAL;model_scores_runtime_Loan Credit_STANDARDNORMAL;dt_scores_soft_binary_crossentropy_['uniform', 'normal', 'gamma', 'beta', 'poisson']_Medical Insurance_STANDARDNORMAL;dt_scores_binary_crossentropy_['uniform', 'normal', 'gamma', 'beta', 'poisson']_Medical Insurance_STANDARDNORMAL;dt_scores_accuracy_['uniform', 'normal', 'gamma', 'beta', 'poisson']_Medical Insurance_STANDARDNORMAL;dt_scores_f1_score_['uniform', 'normal', 'gamma', 'beta', 'poisson']_Medical Insurance_STANDARDNORMAL;dt_scores_roc_auc_score_['uniform', 'normal', 'gamma', 'beta', 'poisson']_Medical Insurance_STANDARDNORMAL;dt_scores_soft_binary_crossentropy_data_random_['uniform', 'normal', 'gamma', 'beta', 'poisson']_Medical Insurance_STANDARDNORMAL;dt_scores_binary_crossentropy_data_random_['uniform', 'normal', 'gamma', 'beta', 'poisson']_Medical Insurance_STANDARDNORMAL;dt_scores_accuracy_data_random_['uniform', 'normal', 'gamma', 'beta', 'poisson']_Medical Insurance_STANDARDNORMAL;dt_scores_f1_score_data_random_['uniform', 'normal', 'gamma', 'beta', 'poisson']_Medical Insurance_STANDARDNORMAL;dt_scores_roc_auc_score_data_random_['uniform', 'normal', 'gamma', 'beta', 'poisson']_Medical Insurance_STANDARDNORMAL;dt_scores_runtime_['uniform', 'normal', 'gamma', 'beta', 'poisson']_Medical Insurance_STANDARDNORMAL;dt_scores_soft_binary_crossentropy_Medical Insurance_STANDARDNORMAL;dt_scores_binary_crossentropy_Medical Insurance_STANDARDNORMAL;dt_scores_accuracy_Medical Insurance_STANDARDNORMAL;dt_scores_f1_score_Medical Insurance_STANDARDNORMAL;dt_scores_roc_auc_score_Medical Insurance_STANDARDNORMAL;dt_scores_soft_binary_crossentropy_data_random_Medical Insurance_STANDARDNORMAL;dt_scores_binary_crossentropy_data_random_Medical Insurance_STANDARDNORMAL;dt_scores_accuracy_data_random_Medical Insurance_STANDARDNORMAL;dt_scores_f1_score_data_random_Medical Insurance_STANDARDNORMAL;dt_scores_roc_auc_score_data_random_Medical Insurance_STANDARDNORMAL;dt_scores_soft_binary_crossentropy_std_Medical Insurance_STANDARDNORMAL;dt_scores_binary_crossentropy_std_Medical Insurance_STANDARDNORMAL;dt_scores_accuracy_std_Medical Insurance_STANDARDNORMAL;dt_scores_f1_score_std_Medical Insurance_STANDARDNORMAL;dt_scores_roc_auc_score_std_Medical Insurance_STANDARDNORMAL;dt_scores_soft_binary_crossentropy_data_random_std_Medical Insurance_STANDARDNORMAL;dt_scores_binary_crossentropy_data_random_std_Medical Insurance_STANDARDNORMAL;dt_scores_accuracy_data_random_std_Medical Insurance_STANDARDNORMAL;dt_scores_f1_score_data_random_std_Medical Insurance_STANDARDNORMAL;dt_scores_roc_auc_score_data_random_std_Medical Insurance_STANDARDNORMAL;dt_scores_runtime_Medical Insurance_STANDARDNORMAL;inet_scores_soft_binary_crossentropy_Medical Insurance_STANDARDNORMAL;inet_scores_binary_crossentropy_Medical Insurance_STANDARDNORMAL;inet_scores_accuracy_Medical Insurance_STANDARDNORMAL;inet_scores_f1_score_Medical Insurance_STANDARDNORMAL;inet_scores_roc_auc_score_Medical Insurance_STANDARDNORMAL;inet_scores_runtime_Medical Insurance_STANDARDNORMAL;model_scores_soft_binary_crossentropy_Medical Insurance_STANDARDNORMAL;model_scores_binary_crossentropy_Medical Insurance_STANDARDNORMAL;model_scores_accuracy_Medical Insurance_STANDARDNORMAL;model_scores_f1_score_Medical Insurance_STANDARDNORMAL;model_scores_roc_auc_score_Medical Insurance_STANDARDNORMAL;model_scores_runtime_Medical Insurance_STANDARDNORMAL;dt_scores_soft_binary_crossentropy_['uniform', 'normal', 'gamma', 'beta', 'poisson']_Bank Marketing_STANDARDNORMAL;dt_scores_binary_crossentropy_['uniform', 'normal', 'gamma', 'beta', 'poisson']_Bank Marketing_STANDARDNORMAL;dt_scores_accuracy_['uniform', 'normal', 'gamma', 'beta', 'poisson']_Bank Marketing_STANDARDNORMAL;dt_scores_f1_score_['uniform', 'normal', 'gamma', 'beta', 'poisson']_Bank Marketing_STANDARDNORMAL;dt_scores_roc_auc_score_['uniform', 'normal', 'gamma', 'beta', 'poisson']_Bank Marketing_STANDARDNORMAL;dt_scores_soft_binary_crossentropy_data_random_['uniform', 'normal', 'gamma', 'beta', 'poisson']_Bank Marketing_STANDARDNORMAL;dt_scores_binary_crossentropy_data_random_['uniform', 'normal', 'gamma', 'beta', 'poisson']_Bank Marketing_STANDARDNORMAL;dt_scores_accuracy_data_random_['uniform', 'normal', 'gamma', 'beta', 'poisson']_Bank Marketing_STANDARDNORMAL;dt_scores_f1_score_data_random_['uniform', 'normal', 'gamma', 'beta', 'poisson']_Bank Marketing_STANDARDNORMAL;dt_scores_roc_auc_score_data_random_['uniform', 'normal', 'gamma', 'beta', 'poisson']_Bank Marketing_STANDARDNORMAL;dt_scores_runtime_['uniform', 'normal', 'gamma', 'beta', 'poisson']_Bank Marketing_STANDARDNORMAL;dt_scores_soft_binary_crossentropy_Bank Marketing_STANDARDNORMAL;dt_scores_binary_crossentropy_Bank Marketing_STANDARDNORMAL;dt_scores_accuracy_Bank Marketing_STANDARDNORMAL;dt_scores_f1_score_Bank Marketing_STANDARDNORMAL;dt_scores_roc_auc_score_Bank Marketing_STANDARDNORMAL;dt_scores_soft_binary_crossentropy_data_random_Bank Marketing_STANDARDNORMAL;dt_scores_binary_crossentropy_data_random_Bank Marketing_STANDARDNORMAL;dt_scores_accuracy_data_random_Bank Marketing_STANDARDNORMAL;dt_scores_f1_score_data_random_Bank Marketing_STANDARDNORMAL;dt_scores_roc_auc_score_data_random_Bank Marketing_STANDARDNORMAL;dt_scores_soft_binary_crossentropy_std_Bank Marketing_STANDARDNORMAL;dt_scores_binary_crossentropy_std_Bank Marketing_STANDARDNORMAL;dt_scores_accuracy_std_Bank Marketing_STANDARDNORMAL;dt_scores_f1_score_std_Bank Marketing_STANDARDNORMAL;dt_scores_roc_auc_score_std_Bank Marketing_STANDARDNORMAL;dt_scores_soft_binary_crossentropy_data_random_std_Bank Marketing_STANDARDNORMAL;dt_scores_binary_crossentropy_data_random_std_Bank Marketing_STANDARDNORMAL;dt_scores_accuracy_data_random_std_Bank Marketing_STANDARDNORMAL;dt_scores_f1_score_data_random_std_Bank Marketing_STANDARDNORMAL;dt_scores_roc_auc_score_data_random_std_Bank Marketing_STANDARDNORMAL;dt_scores_runtime_Bank Marketing_STANDARDNORMAL;inet_scores_soft_binary_crossentropy_Bank Marketing_STANDARDNORMAL;inet_scores_binary_crossentropy_Bank Marketing_STANDARDNORMAL;inet_scores_accuracy_Bank Marketing_STANDARDNORMAL;inet_scores_f1_score_Bank Marketing_STANDARDNORMAL;inet_scores_roc_auc_score_Bank Marketing_STANDARDNORMAL;inet_scores_runtime_Bank Marketing_STANDARDNORMAL;model_scores_soft_binary_crossentropy_Bank Marketing_STANDARDNORMAL;model_scores_binary_crossentropy_Bank Marketing_STANDARDNORMAL;model_scores_accuracy_Bank Marketing_STANDARDNORMAL;model_scores_f1_score_Bank Marketing_STANDARDNORMAL;model_scores_roc_auc_score_Bank Marketing_STANDARDNORMAL;model_scores_runtime_Bank Marketing_STANDARDNORMAL;dt_scores_soft_binary_crossentropy_['uniform', 'normal', 'gamma', 'beta', 'poisson']_Cervical Cancer_STANDARDNORMAL;dt_scores_binary_crossentropy_['uniform', 'normal', 'gamma', 'beta', 'poisson']_Cervical Cancer_STANDARDNORMAL;dt_scores_accuracy_['uniform', 'normal', 'gamma', 'beta', 'poisson']_Cervical Cancer_STANDARDNORMAL;dt_scores_f1_score_['uniform', 'normal', 'gamma', 'beta', 'poisson']_Cervical Cancer_STANDARDNORMAL;dt_scores_roc_auc_score_['uniform', 'normal', 'gamma', 'beta', 'poisson']_Cervical Cancer_STANDARDNORMAL;dt_scores_soft_binary_crossentropy_data_random_['uniform', 'normal', 'gamma', 'beta', 'poisson']_Cervical Cancer_STANDARDNORMAL;dt_scores_binary_crossentropy_data_random_['uniform', 'normal', 'gamma', 'beta', 'poisson']_Cervical Cancer_STANDARDNORMAL;dt_scores_accuracy_data_random_['uniform', 'normal', 'gamma', 'beta', 'poisson']_Cervical Cancer_STANDARDNORMAL;dt_scores_f1_score_data_random_['uniform', 'normal', 'gamma', 'beta', 'poisson']_Cervical Cancer_STANDARDNORMAL;dt_scores_roc_auc_score_data_random_['uniform', 'normal', 'gamma', 'beta', 'poisson']_Cervical Cancer_STANDARDNORMAL;dt_scores_runtime_['uniform', 'normal', 'gamma', 'beta', 'poisson']_Cervical Cancer_STANDARDNORMAL;dt_scores_soft_binary_crossentropy_Cervical Cancer_STANDARDNORMAL;dt_scores_binary_crossentropy_Cervical Cancer_STANDARDNORMAL;dt_scores_accuracy_Cervical Cancer_STANDARDNORMAL;dt_scores_f1_score_Cervical Cancer_STANDARDNORMAL;dt_scores_roc_auc_score_Cervical Cancer_STANDARDNORMAL;dt_scores_soft_binary_crossentropy_data_random_Cervical Cancer_STANDARDNORMAL;dt_scores_binary_crossentropy_data_random_Cervical Cancer_STANDARDNORMAL;dt_scores_accuracy_data_random_Cervical Cancer_STANDARDNORMAL;dt_scores_f1_score_data_random_Cervical Cancer_STANDARDNORMAL;dt_scores_roc_auc_score_data_random_Cervical Cancer_STANDARDNORMAL;dt_scores_soft_binary_crossentropy_std_Cervical Cancer_STANDARDNORMAL;dt_scores_binary_crossentropy_std_Cervical Cancer_STANDARDNORMAL;dt_scores_accuracy_std_Cervical Cancer_STANDARDNORMAL;dt_scores_f1_score_std_Cervical Cancer_STANDARDNORMAL;dt_scores_roc_auc_score_std_Cervical Cancer_STANDARDNORMAL;dt_scores_soft_binary_crossentropy_data_random_std_Cervical Cancer_STANDARDNORMAL;dt_scores_binary_crossentropy_data_random_std_Cervical Cancer_STANDARDNORMAL;dt_scores_accuracy_data_random_std_Cervical Cancer_STANDARDNORMAL;dt_scores_f1_score_data_random_std_Cervical Cancer_STANDARDNORMAL;dt_scores_roc_auc_score_data_random_std_Cervical Cancer_STANDARDNORMAL;dt_scores_runtime_Cervical Cancer_STANDARDNORMAL;inet_scores_soft_binary_crossentropy_Cervical Cancer_STANDARDNORMAL;inet_scores_binary_crossentropy_Cervical Cancer_STANDARDNORMAL;inet_scores_accuracy_Cervical Cancer_STANDARDNORMAL;inet_scores_f1_score_Cervical Cancer_STANDARDNORMAL;inet_scores_roc_auc_score_Cervical Cancer_STANDARDNORMAL;inet_scores_runtime_Cervical Cancer_STANDARDNORMAL;model_scores_soft_binary_crossentropy_Cervical Cancer_STANDARDNORMAL;model_scores_binary_crossentropy_Cervical Cancer_STANDARDNORMAL;model_scores_accuracy_Cervical Cancer_STANDARDNORMAL;model_scores_f1_score_Cervical Cancer_STANDARDNORMAL;model_scores_roc_auc_score_Cervical Cancer_STANDARDNORMAL;model_scores_runtime_Cervical Cancer_STANDARDNORMAL;dt_scores_soft_binary_crossentropy_['uniform', 'normal', 'gamma', 'beta', 'poisson']_Brest Cancer Wisconsin_STANDARDNORMAL;dt_scores_binary_crossentropy_['uniform', 'normal', 'gamma', 'beta', 'poisson']_Brest Cancer Wisconsin_STANDARDNORMAL;dt_scores_accuracy_['uniform', 'normal', 'gamma', 'beta', 'poisson']_Brest Cancer Wisconsin_STANDARDNORMAL;dt_scores_f1_score_['uniform', 'normal', 'gamma', 'beta', 'poisson']_Brest Cancer Wisconsin_STANDARDNORMAL;dt_scores_roc_auc_score_['uniform', 'normal', 'gamma', 'beta', 'poisson']_Brest Cancer Wisconsin_STANDARDNORMAL;dt_scores_soft_binary_crossentropy_data_random_['uniform', 'normal', 'gamma', 'beta', 'poisson']_Brest Cancer Wisconsin_STANDARDNORMAL;dt_scores_binary_crossentropy_data_random_['uniform', 'normal', 'gamma', 'beta', 'poisson']_Brest Cancer Wisconsin_STANDARDNORMAL;dt_scores_accuracy_data_random_['uniform', 'normal', 'gamma', 'beta', 'poisson']_Brest Cancer Wisconsin_STANDARDNORMAL;dt_scores_f1_score_data_random_['uniform', 'normal', 'gamma', 'beta', 'poisson']_Brest Cancer Wisconsin_STANDARDNORMAL;dt_scores_roc_auc_score_data_random_['uniform', 'normal', 'gamma', 'beta', 'poisson']_Brest Cancer Wisconsin_STANDARDNORMAL;dt_scores_runtime_['uniform', 'normal', 'gamma', 'beta', 'poisson']_Brest Cancer Wisconsin_STANDARDNORMAL;dt_scores_soft_binary_crossentropy_Brest Cancer Wisconsin_STANDARDNORMAL;dt_scores_binary_crossentropy_Brest Cancer Wisconsin_STANDARDNORMAL;dt_scores_accuracy_Brest Cancer Wisconsin_STANDARDNORMAL;dt_scores_f1_score_Brest Cancer Wisconsin_STANDARDNORMAL;dt_scores_roc_auc_score_Brest Cancer Wisconsin_STANDARDNORMAL;dt_scores_soft_binary_crossentropy_data_random_Brest Cancer Wisconsin_STANDARDNORMAL;dt_scores_binary_crossentropy_data_random_Brest Cancer Wisconsin_STANDARDNORMAL;dt_scores_accuracy_data_random_Brest Cancer Wisconsin_STANDARDNORMAL;dt_scores_f1_score_data_random_Brest Cancer Wisconsin_STANDARDNORMAL;dt_scores_roc_auc_score_data_random_Brest Cancer Wisconsin_STANDARDNORMAL;dt_scores_soft_binary_crossentropy_std_Brest Cancer Wisconsin_STANDARDNORMAL;dt_scores_binary_crossentropy_std_Brest Cancer Wisconsin_STANDARDNORMAL;dt_scores_accuracy_std_Brest Cancer Wisconsin_STANDARDNORMAL;dt_scores_f1_score_std_Brest Cancer Wisconsin_STANDARDNORMAL;dt_scores_roc_auc_score_std_Brest Cancer Wisconsin_STANDARDNORMAL;dt_scores_soft_binary_crossentropy_data_random_std_Brest Cancer Wisconsin_STANDARDNORMAL;dt_scores_binary_crossentropy_data_random_std_Brest Cancer Wisconsin_STANDARDNORMAL;dt_scores_accuracy_data_random_std_Brest Cancer Wisconsin_STANDARDNORMAL;dt_scores_f1_score_data_random_std_Brest Cancer Wisconsin_STANDARDNORMAL;dt_scores_roc_auc_score_data_random_std_Brest Cancer Wisconsin_STANDARDNORMAL;dt_scores_runtime_Brest Cancer Wisconsin_STANDARDNORMAL;inet_scores_soft_binary_crossentropy_Brest Cancer Wisconsin_STANDARDNORMAL;inet_scores_binary_crossentropy_Brest Cancer Wisconsin_STANDARDNORMAL;inet_scores_accuracy_Brest Cancer Wisconsin_STANDARDNORMAL;inet_scores_f1_score_Brest Cancer Wisconsin_STANDARDNORMAL;inet_scores_roc_auc_score_Brest Cancer Wisconsin_STANDARDNORMAL;inet_scores_runtime_Brest Cancer Wisconsin_STANDARDNORMAL;model_scores_soft_binary_crossentropy_Brest Cancer Wisconsin_STANDARDNORMAL;model_scores_binary_crossentropy_Brest Cancer Wisconsin_STANDARDNORMAL;model_scores_accuracy_Brest Cancer Wisconsin_STANDARDNORMAL;model_scores_f1_score_Brest Cancer Wisconsin_STANDARDNORMAL;model_scores_roc_auc_score_Brest Cancer Wisconsin_STANDARDNORMAL;model_scores_runtime_Brest Cancer Wisconsin_STANDARDNORMAL;dt_scores_soft_binary_crossentropy_['uniform', 'normal', 'gamma', 'beta', 'poisson']_Wisconsin Diagnostic Breast Cancer_STANDARDNORMAL;dt_scores_binary_crossentropy_['uniform', 'normal', 'gamma', 'beta', 'poisson']_Wisconsin Diagnostic Breast Cancer_STANDARDNORMAL;dt_scores_accuracy_['uniform', 'normal', 'gamma', 'beta', 'poisson']_Wisconsin Diagnostic Breast Cancer_STANDARDNORMAL;dt_scores_f1_score_['uniform', 'normal', 'gamma', 'beta', 'poisson']_Wisconsin Diagnostic Breast Cancer_STANDARDNORMAL;dt_scores_roc_auc_score_['uniform', 'normal', 'gamma', 'beta', 'poisson']_Wisconsin Diagnostic Breast Cancer_STANDARDNORMAL;dt_scores_soft_binary_crossentropy_data_random_['uniform', 'normal', 'gamma', 'beta', 'poisson']_Wisconsin Diagnostic Breast Cancer_STANDARDNORMAL;dt_scores_binary_crossentropy_data_random_['uniform', 'normal', 'gamma', 'beta', 'poisson']_Wisconsin Diagnostic Breast Cancer_STANDARDNORMAL;dt_scores_accuracy_data_random_['uniform', 'normal', 'gamma', 'beta', 'poisson']_Wisconsin Diagnostic Breast Cancer_STANDARDNORMAL;dt_scores_f1_score_data_random_['uniform', 'normal', 'gamma', 'beta', 'poisson']_Wisconsin Diagnostic Breast Cancer_STANDARDNORMAL;dt_scores_roc_auc_score_data_random_['uniform', 'normal', 'gamma', 'beta', 'poisson']_Wisconsin Diagnostic Breast Cancer_STANDARDNORMAL;dt_scores_runtime_['uniform', 'normal', 'gamma', 'beta', 'poisson']_Wisconsin Diagnostic Breast Cancer_STANDARDNORMAL;dt_scores_soft_binary_crossentropy_Wisconsin Diagnostic Breast Cancer_STANDARDNORMAL;dt_scores_binary_crossentropy_Wisconsin Diagnostic Breast Cancer_STANDARDNORMAL;dt_scores_accuracy_Wisconsin Diagnostic Breast Cancer_STANDARDNORMAL;dt_scores_f1_score_Wisconsin Diagnostic Breast Cancer_STANDARDNORMAL;dt_scores_roc_auc_score_Wisconsin Diagnostic Breast Cancer_STANDARDNORMAL;dt_scores_soft_binary_crossentropy_data_random_Wisconsin Diagnostic Breast Cancer_STANDARDNORMAL;dt_scores_binary_crossentropy_data_random_Wisconsin Diagnostic Breast Cancer_STANDARDNORMAL;dt_scores_accuracy_data_random_Wisconsin Diagnostic Breast Cancer_STANDARDNORMAL;dt_scores_f1_score_data_random_Wisconsin Diagnostic Breast Cancer_STANDARDNORMAL;dt_scores_roc_auc_score_data_random_Wisconsin Diagnostic Breast Cancer_STANDARDNORMAL;dt_scores_soft_binary_crossentropy_std_Wisconsin Diagnostic Breast Cancer_STANDARDNORMAL;dt_scores_binary_crossentropy_std_Wisconsin Diagnostic Breast Cancer_STANDARDNORMAL;dt_scores_accuracy_std_Wisconsin Diagnostic Breast Cancer_STANDARDNORMAL;dt_scores_f1_score_std_Wisconsin Diagnostic Breast Cancer_STANDARDNORMAL;dt_scores_roc_auc_score_std_Wisconsin Diagnostic Breast Cancer_STANDARDNORMAL;dt_scores_soft_binary_crossentropy_data_random_std_Wisconsin Diagnostic Breast Cancer_STANDARDNORMAL;dt_scores_binary_crossentropy_data_random_std_Wisconsin Diagnostic Breast Cancer_STANDARDNORMAL;dt_scores_accuracy_data_random_std_Wisconsin Diagnostic Breast Cancer_STANDARDNORMAL;dt_scores_f1_score_data_random_std_Wisconsin Diagnostic Breast Cancer_STANDARDNORMAL;dt_scores_roc_auc_score_data_random_std_Wisconsin Diagnostic Breast Cancer_STANDARDNORMAL;dt_scores_runtime_Wisconsin Diagnostic Breast Cancer_STANDARDNORMAL;inet_scores_soft_binary_crossentropy_Wisconsin Diagnostic Breast Cancer_STANDARDNORMAL;inet_scores_binary_crossentropy_Wisconsin Diagnostic Breast Cancer_STANDARDNORMAL;inet_scores_accuracy_Wisconsin Diagnostic Breast Cancer_STANDARDNORMAL;inet_scores_f1_score_Wisconsin Diagnostic Breast Cancer_STANDARDNORMAL;inet_scores_roc_auc_score_Wisconsin Diagnostic Breast Cancer_STANDARDNORMAL;inet_scores_runtime_Wisconsin Diagnostic Breast Cancer_STANDARDNORMAL;model_scores_soft_binary_crossentropy_Wisconsin Diagnostic Breast Cancer_STANDARDNORMAL;model_scores_binary_crossentropy_Wisconsin Diagnostic Breast Cancer_STANDARDNORMAL;model_scores_accuracy_Wisconsin Diagnostic Breast Cancer_STANDARDNORMAL;model_scores_f1_score_Wisconsin Diagnostic Breast Cancer_STANDARDNORMAL;model_scores_roc_auc_score_Wisconsin Diagnostic Breast Cancer_STANDARDNORMAL;model_scores_runtime_Wisconsin Diagnostic Breast Cancer_STANDARDNORMAL;dt_scores_soft_binary_crossentropy_['uniform', 'normal', 'gamma', 'beta', 'poisson']_Wisconsin Prognostic Breast Cancer_STANDARDNORMAL;dt_scores_binary_crossentropy_['uniform', 'normal', 'gamma', 'beta', 'poisson']_Wisconsin Prognostic Breast Cancer_STANDARDNORMAL;dt_scores_accuracy_['uniform', 'normal', 'gamma', 'beta', 'poisson']_Wisconsin Prognostic Breast Cancer_STANDARDNORMAL;dt_scores_f1_score_['uniform', 'normal', 'gamma', 'beta', 'poisson']_Wisconsin Prognostic Breast Cancer_STANDARDNORMAL;dt_scores_roc_auc_score_['uniform', 'normal', 'gamma', 'beta', 'poisson']_Wisconsin Prognostic Breast Cancer_STANDARDNORMAL;dt_scores_soft_binary_crossentropy_data_random_['uniform', 'normal', 'gamma', 'beta', 'poisson']_Wisconsin Prognostic Breast Cancer_STANDARDNORMAL;dt_scores_binary_crossentropy_data_random_['uniform', 'normal', 'gamma', 'beta', 'poisson']_Wisconsin Prognostic Breast Cancer_STANDARDNORMAL;dt_scores_accuracy_data_random_['uniform', 'normal', 'gamma', 'beta', 'poisson']_Wisconsin Prognostic Breast Cancer_STANDARDNORMAL;dt_scores_f1_score_data_random_['uniform', 'normal', 'gamma', 'beta', 'poisson']_Wisconsin Prognostic Breast Cancer_STANDARDNORMAL;dt_scores_roc_auc_score_data_random_['uniform', 'normal', 'gamma', 'beta', 'poisson']_Wisconsin Prognostic Breast Cancer_STANDARDNORMAL;dt_scores_runtime_['uniform', 'normal', 'gamma', 'beta', 'poisson']_Wisconsin Prognostic Breast Cancer_STANDARDNORMAL;dt_scores_soft_binary_crossentropy_Wisconsin Prognostic Breast Cancer_STANDARDNORMAL;dt_scores_binary_crossentropy_Wisconsin Prognostic Breast Cancer_STANDARDNORMAL;dt_scores_accuracy_Wisconsin Prognostic Breast Cancer_STANDARDNORMAL;dt_scores_f1_score_Wisconsin Prognostic Breast Cancer_STANDARDNORMAL;dt_scores_roc_auc_score_Wisconsin Prognostic Breast Cancer_STANDARDNORMAL;dt_scores_soft_binary_crossentropy_data_random_Wisconsin Prognostic Breast Cancer_STANDARDNORMAL;dt_scores_binary_crossentropy_data_random_Wisconsin Prognostic Breast Cancer_STANDARDNORMAL;dt_scores_accuracy_data_random_Wisconsin Prognostic Breast Cancer_STANDARDNORMAL;dt_scores_f1_score_data_random_Wisconsin Prognostic Breast Cancer_STANDARDNORMAL;dt_scores_roc_auc_score_data_random_Wisconsin Prognostic Breast Cancer_STANDARDNORMAL;dt_scores_soft_binary_crossentropy_std_Wisconsin Prognostic Breast Cancer_STANDARDNORMAL;dt_scores_binary_crossentropy_std_Wisconsin Prognostic Breast Cancer_STANDARDNORMAL;dt_scores_accuracy_std_Wisconsin Prognostic Breast Cancer_STANDARDNORMAL;dt_scores_f1_score_std_Wisconsin Prognostic Breast Cancer_STANDARDNORMAL;dt_scores_roc_auc_score_std_Wisconsin Prognostic Breast Cancer_STANDARDNORMAL;dt_scores_soft_binary_crossentropy_data_random_std_Wisconsin Prognostic Breast Cancer_STANDARDNORMAL;dt_scores_binary_crossentropy_data_random_std_Wisconsin Prognostic Breast Cancer_STANDARDNORMAL;dt_scores_accuracy_data_random_std_Wisconsin Prognostic Breast Cancer_STANDARDNORMAL;dt_scores_f1_score_data_random_std_Wisconsin Prognostic Breast Cancer_STANDARDNORMAL;dt_scores_roc_auc_score_data_random_std_Wisconsin Prognostic Breast Cancer_STANDARDNORMAL;dt_scores_runtime_Wisconsin Prognostic Breast Cancer_STANDARDNORMAL;inet_scores_soft_binary_crossentropy_Wisconsin Prognostic Breast Cancer_STANDARDNORMAL;inet_scores_binary_crossentropy_Wisconsin Prognostic Breast Cancer_STANDARDNORMAL;inet_scores_accuracy_Wisconsin Prognostic Breast Cancer_STANDARDNORMAL;inet_scores_f1_score_Wisconsin Prognostic Breast Cancer_STANDARDNORMAL;inet_scores_roc_auc_score_Wisconsin Prognostic Breast Cancer_STANDARDNORMAL;inet_scores_runtime_Wisconsin Prognostic Breast Cancer_STANDARDNORMAL;model_scores_soft_binary_crossentropy_Wisconsin Prognostic Breast Cancer_STANDARDNORMAL;model_scores_binary_crossentropy_Wisconsin Prognostic Breast Cancer_STANDARDNORMAL;model_scores_accuracy_Wisconsin Prognostic Breast Cancer_STANDARDNORMAL;model_scores_f1_score_Wisconsin Prognostic Breast Cancer_STANDARDNORMAL;model_scores_roc_auc_score_Wisconsin Prognostic Breast Cancer_STANDARDNORMAL;model_scores_runtime_Wisconsin Prognostic Breast Cancer_STANDARDNORMAL;dt_scores_soft_binary_crossentropy_['uniform', 'normal', 'gamma', 'beta', 'poisson']_Abalone_STANDARDNORMAL;dt_scores_binary_crossentropy_['uniform', 'normal', 'gamma', 'beta', 'poisson']_Abalone_STANDARDNORMAL;dt_scores_accuracy_['uniform', 'normal', 'gamma', 'beta', 'poisson']_Abalone_STANDARDNORMAL;dt_scores_f1_score_['uniform', 'normal', 'gamma', 'beta', 'poisson']_Abalone_STANDARDNORMAL;dt_scores_roc_auc_score_['uniform', 'normal', 'gamma', 'beta', 'poisson']_Abalone_STANDARDNORMAL;dt_scores_soft_binary_crossentropy_data_random_['uniform', 'normal', 'gamma', 'beta', 'poisson']_Abalone_STANDARDNORMAL;dt_scores_binary_crossentropy_data_random_['uniform', 'normal', 'gamma', 'beta', 'poisson']_Abalone_STANDARDNORMAL;dt_scores_accuracy_data_random_['uniform', 'normal', 'gamma', 'beta', 'poisson']_Abalone_STANDARDNORMAL;dt_scores_f1_score_data_random_['uniform', 'normal', 'gamma', 'beta', 'poisson']_Abalone_STANDARDNORMAL;dt_scores_roc_auc_score_data_random_['uniform', 'normal', 'gamma', 'beta', 'poisson']_Abalone_STANDARDNORMAL;dt_scores_runtime_['uniform', 'normal', 'gamma', 'beta', 'poisson']_Abalone_STANDARDNORMAL;dt_scores_soft_binary_crossentropy_Abalone_STANDARDNORMAL;dt_scores_binary_crossentropy_Abalone_STANDARDNORMAL;dt_scores_accuracy_Abalone_STANDARDNORMAL;dt_scores_f1_score_Abalone_STANDARDNORMAL;dt_scores_roc_auc_score_Abalone_STANDARDNORMAL;dt_scores_soft_binary_crossentropy_data_random_Abalone_STANDARDNORMAL;dt_scores_binary_crossentropy_data_random_Abalone_STANDARDNORMAL;dt_scores_accuracy_data_random_Abalone_STANDARDNORMAL;dt_scores_f1_score_data_random_Abalone_STANDARDNORMAL;dt_scores_roc_auc_score_data_random_Abalone_STANDARDNORMAL;dt_scores_soft_binary_crossentropy_std_Abalone_STANDARDNORMAL;dt_scores_binary_crossentropy_std_Abalone_STANDARDNORMAL;dt_scores_accuracy_std_Abalone_STANDARDNORMAL;dt_scores_f1_score_std_Abalone_STANDARDNORMAL;dt_scores_roc_auc_score_std_Abalone_STANDARDNORMAL;dt_scores_soft_binary_crossentropy_data_random_std_Abalone_STANDARDNORMAL;dt_scores_binary_crossentropy_data_random_std_Abalone_STANDARDNORMAL;dt_scores_accuracy_data_random_std_Abalone_STANDARDNORMAL;dt_scores_f1_score_data_random_std_Abalone_STANDARDNORMAL;dt_scores_roc_auc_score_data_random_std_Abalone_STANDARDNORMAL;dt_scores_runtime_Abalone_STANDARDNORMAL;inet_scores_soft_binary_crossentropy_Abalone_STANDARDNORMAL;inet_scores_binary_crossentropy_Abalone_STANDARDNORMAL;inet_scores_accuracy_Abalone_STANDARDNORMAL;inet_scores_f1_score_Abalone_STANDARDNORMAL;inet_scores_roc_auc_score_Abalone_STANDARDNORMAL;inet_scores_runtime_Abalone_STANDARDNORMAL;model_scores_soft_binary_crossentropy_Abalone_STANDARDNORMAL;model_scores_binary_crossentropy_Abalone_STANDARDNORMAL;model_scores_accuracy_Abalone_STANDARDNORMAL;model_scores_f1_score_Abalone_STANDARDNORMAL;model_scores_roc_auc_score_Abalone_STANDARDNORMAL;model_scores_runtime_Abalone_STANDARDNORMAL;dt_scores_soft_binary_crossentropy_['uniform', 'normal', 'gamma', 'beta', 'poisson']_Car_STANDARDNORMAL;dt_scores_binary_crossentropy_['uniform', 'normal', 'gamma', 'beta', 'poisson']_Car_STANDARDNORMAL;dt_scores_accuracy_['uniform', 'normal', 'gamma', 'beta', 'poisson']_Car_STANDARDNORMAL;dt_scores_f1_score_['uniform', 'normal', 'gamma', 'beta', 'poisson']_Car_STANDARDNORMAL;dt_scores_roc_auc_score_['uniform', 'normal', 'gamma', 'beta', 'poisson']_Car_STANDARDNORMAL;dt_scores_soft_binary_crossentropy_data_random_['uniform', 'normal', 'gamma', 'beta', 'poisson']_Car_STANDARDNORMAL;dt_scores_binary_crossentropy_data_random_['uniform', 'normal', 'gamma', 'beta', 'poisson']_Car_STANDARDNORMAL;dt_scores_accuracy_data_random_['uniform', 'normal', 'gamma', 'beta', 'poisson']_Car_STANDARDNORMAL;dt_scores_f1_score_data_random_['uniform', 'normal', 'gamma', 'beta', 'poisson']_Car_STANDARDNORMAL;dt_scores_roc_auc_score_data_random_['uniform', 'normal', 'gamma', 'beta', 'poisson']_Car_STANDARDNORMAL;dt_scores_runtime_['uniform', 'normal', 'gamma', 'beta', 'poisson']_Car_STANDARDNORMAL;dt_scores_soft_binary_crossentropy_Car_STANDARDNORMAL;dt_scores_binary_crossentropy_Car_STANDARDNORMAL;dt_scores_accuracy_Car_STANDARDNORMAL;dt_scores_f1_score_Car_STANDARDNORMAL;dt_scores_roc_auc_score_Car_STANDARDNORMAL;dt_scores_soft_binary_crossentropy_data_random_Car_STANDARDNORMAL;dt_scores_binary_crossentropy_data_random_Car_STANDARDNORMAL;dt_scores_accuracy_data_random_Car_STANDARDNORMAL;dt_scores_f1_score_data_random_Car_STANDARDNORMAL;dt_scores_roc_auc_score_data_random_Car_STANDARDNORMAL;dt_scores_soft_binary_crossentropy_std_Car_STANDARDNORMAL;dt_scores_binary_crossentropy_std_Car_STANDARDNORMAL;dt_scores_accuracy_std_Car_STANDARDNORMAL;dt_scores_f1_score_std_Car_STANDARDNORMAL;dt_scores_roc_auc_score_std_Car_STANDARDNORMAL;dt_scores_soft_binary_crossentropy_data_random_std_Car_STANDARDNORMAL;dt_scores_binary_crossentropy_data_random_std_Car_STANDARDNORMAL;dt_scores_accuracy_data_random_std_Car_STANDARDNORMAL;dt_scores_f1_score_data_random_std_Car_STANDARDNORMAL;dt_scores_roc_auc_score_data_random_std_Car_STANDARDNORMAL;dt_scores_runtime_Car_STANDARDNORMAL;inet_scores_soft_binary_crossentropy_Car_STANDARDNORMAL;inet_scores_binary_crossentropy_Car_STANDARDNORMAL;inet_scores_accuracy_Car_STANDARDNORMAL;inet_scores_f1_score_Car_STANDARDNORMAL;inet_scores_roc_auc_score_Car_STANDARDNORMAL;inet_scores_runtime_Car_STANDARDNORMAL;model_scores_soft_binary_crossentropy_Car_STANDARDNORMAL;model_scores_binary_crossentropy_Car_STANDARDNORMAL;model_scores_accuracy_Car_STANDARDNORMAL;model_scores_f1_score_Car_STANDARDNORMAL;model_scores_roc_auc_score_Car_STANDARDNORMAL;model_scores_runtime_Car_STANDARDNORMAL;dt_scores_soft_binary_crossentropy_['uniform', 'normal', 'gamma', 'beta', 'poisson']_Heart Disease_STANDARDNORMAL;dt_scores_binary_crossentropy_['uniform', 'normal', 'gamma', 'beta', 'poisson']_Heart Disease_STANDARDNORMAL;dt_scores_accuracy_['uniform', 'normal', 'gamma', 'beta', 'poisson']_Heart Disease_STANDARDNORMAL;dt_scores_f1_score_['uniform', 'normal', 'gamma', 'beta', 'poisson']_Heart Disease_STANDARDNORMAL;dt_scores_roc_auc_score_['uniform', 'normal', 'gamma', 'beta', 'poisson']_Heart Disease_STANDARDNORMAL;dt_scores_soft_binary_crossentropy_data_random_['uniform', 'normal', 'gamma', 'beta', 'poisson']_Heart Disease_STANDARDNORMAL;dt_scores_binary_crossentropy_data_random_['uniform', 'normal', 'gamma', 'beta', 'poisson']_Heart Disease_STANDARDNORMAL;dt_scores_accuracy_data_random_['uniform', 'normal', 'gamma', 'beta', 'poisson']_Heart Disease_STANDARDNORMAL;dt_scores_f1_score_data_random_['uniform', 'normal', 'gamma', 'beta', 'poisson']_Heart Disease_STANDARDNORMAL;dt_scores_roc_auc_score_data_random_['uniform', 'normal', 'gamma', 'beta', 'poisson']_Heart Disease_STANDARDNORMAL;dt_scores_runtime_['uniform', 'normal', 'gamma', 'beta', 'poisson']_Heart Disease_STANDARDNORMAL;dt_scores_soft_binary_crossentropy_Heart Disease_STANDARDNORMAL;dt_scores_binary_crossentropy_Heart Disease_STANDARDNORMAL;dt_scores_accuracy_Heart Disease_STANDARDNORMAL;dt_scores_f1_score_Heart Disease_STANDARDNORMAL;dt_scores_roc_auc_score_Heart Disease_STANDARDNORMAL;dt_scores_soft_binary_crossentropy_data_random_Heart Disease_STANDARDNORMAL;dt_scores_binary_crossentropy_data_random_Heart Disease_STANDARDNORMAL;dt_scores_accuracy_data_random_Heart Disease_STANDARDNORMAL;dt_scores_f1_score_data_random_Heart Disease_STANDARDNORMAL;dt_scores_roc_auc_score_data_random_Heart Disease_STANDARDNORMAL;dt_scores_soft_binary_crossentropy_std_Heart Disease_STANDARDNORMAL;dt_scores_binary_crossentropy_std_Heart Disease_STANDARDNORMAL;dt_scores_accuracy_std_Heart Disease_STANDARDNORMAL;dt_scores_f1_score_std_Heart Disease_STANDARDNORMAL;dt_scores_roc_auc_score_std_Heart Disease_STANDARDNORMAL;dt_scores_soft_binary_crossentropy_data_random_std_Heart Disease_STANDARDNORMAL;dt_scores_binary_crossentropy_data_random_std_Heart Disease_STANDARDNORMAL;dt_scores_accuracy_data_random_std_Heart Disease_STANDARDNORMAL;dt_scores_f1_score_data_random_std_Heart Disease_STANDARDNORMAL;dt_scores_roc_auc_score_data_random_std_Heart Disease_STANDARDNORMAL;dt_scores_runtime_Heart Disease_STANDARDNORMAL;inet_scores_soft_binary_crossentropy_Heart Disease_STANDARDNORMAL;inet_scores_binary_crossentropy_Heart Disease_STANDARDNORMAL;inet_scores_accuracy_Heart Disease_STANDARDNORMAL;inet_scores_f1_score_Heart Disease_STANDARDNORMAL;inet_scores_roc_auc_score_Heart Disease_STANDARDNORMAL;inet_scores_runtime_Heart Disease_STANDARDNORMAL;model_scores_soft_binary_crossentropy_Heart Disease_STANDARDNORMAL;model_scores_binary_crossentropy_Heart Disease_STANDARDNORMAL;model_scores_accuracy_Heart Disease_STANDARDNORMAL;model_scores_f1_score_Heart Disease_STANDARDNORMAL;model_scores_roc_auc_score_Heart Disease_STANDARDNORMAL;model_scores_runtime_Heart Disease_STANDARDNORMAL;dt_scores_soft_binary_crossentropy_['uniform', 'normal', 'gamma', 'beta', 'poisson']_Credit Card_STANDARDNORMAL;dt_scores_binary_crossentropy_['uniform', 'normal', 'gamma', 'beta', 'poisson']_Credit Card_STANDARDNORMAL;dt_scores_accuracy_['uniform', 'normal', 'gamma', 'beta', 'poisson']_Credit Card_STANDARDNORMAL;dt_scores_f1_score_['uniform', 'normal', 'gamma', 'beta', 'poisson']_Credit Card_STANDARDNORMAL;dt_scores_roc_auc_score_['uniform', 'normal', 'gamma', 'beta', 'poisson']_Credit Card_STANDARDNORMAL;dt_scores_soft_binary_crossentropy_data_random_['uniform', 'normal', 'gamma', 'beta', 'poisson']_Credit Card_STANDARDNORMAL;dt_scores_binary_crossentropy_data_random_['uniform', 'normal', 'gamma', 'beta', 'poisson']_Credit Card_STANDARDNORMAL;dt_scores_accuracy_data_random_['uniform', 'normal', 'gamma', 'beta', 'poisson']_Credit Card_STANDARDNORMAL;dt_scores_f1_score_data_random_['uniform', 'normal', 'gamma', 'beta', 'poisson']_Credit Card_STANDARDNORMAL;dt_scores_roc_auc_score_data_random_['uniform', 'normal', 'gamma', 'beta', 'poisson']_Credit Card_STANDARDNORMAL;dt_scores_runtime_['uniform', 'normal', 'gamma', 'beta', 'poisson']_Credit Card_STANDARDNORMAL;dt_scores_soft_binary_crossentropy_Credit Card_STANDARDNORMAL;dt_scores_binary_crossentropy_Credit Card_STANDARDNORMAL;dt_scores_accuracy_Credit Card_STANDARDNORMAL;dt_scores_f1_score_Credit Card_STANDARDNORMAL;dt_scores_roc_auc_score_Credit Card_STANDARDNORMAL;dt_scores_soft_binary_crossentropy_data_random_Credit Card_STANDARDNORMAL;dt_scores_binary_crossentropy_data_random_Credit Card_STANDARDNORMAL;dt_scores_accuracy_data_random_Credit Card_STANDARDNORMAL;dt_scores_f1_score_data_random_Credit Card_STANDARDNORMAL;dt_scores_roc_auc_score_data_random_Credit Card_STANDARDNORMAL;dt_scores_soft_binary_crossentropy_std_Credit Card_STANDARDNORMAL;dt_scores_binary_crossentropy_std_Credit Card_STANDARDNORMAL;dt_scores_accuracy_std_Credit Card_STANDARDNORMAL;dt_scores_f1_score_std_Credit Card_STANDARDNORMAL;dt_scores_roc_auc_score_std_Credit Card_STANDARDNORMAL;dt_scores_soft_binary_crossentropy_data_random_std_Credit Card_STANDARDNORMAL;dt_scores_binary_crossentropy_data_random_std_Credit Card_STANDARDNORMAL;dt_scores_accuracy_data_random_std_Credit Card_STANDARDNORMAL;dt_scores_f1_score_data_random_std_Credit Card_STANDARDNORMAL;dt_scores_roc_auc_score_data_random_std_Credit Card_STANDARDNORMAL;dt_scores_runtime_Credit Card_STANDARDNORMAL;inet_scores_soft_binary_crossentropy_Credit Card_STANDARDNORMAL;inet_scores_binary_crossentropy_Credit Card_STANDARDNORMAL;inet_scores_accuracy_Credit Card_STANDARDNORMAL;inet_scores_f1_score_Credit Card_STANDARDNORMAL;inet_scores_roc_auc_score_Credit Card_STANDARDNORMAL;inet_scores_runtime_Credit Card_STANDARDNORMAL;model_scores_soft_binary_crossentropy_Credit Card_STANDARDNORMAL;model_scores_binary_crossentropy_Credit Card_STANDARDNORMAL;model_scores_accuracy_Credit Card_STANDARDNORMAL;model_scores_f1_score_Credit Card_STANDARDNORMAL;model_scores_roc_auc_score_Credit Card_STANDARDNORMAL;model_scores_runtime_Credit Card_STANDARDNORMAL;dt_scores_soft_binary_crossentropy_['uniform', 'normal', 'gamma', 'beta', 'poisson']_Haberman_STANDARDNORMAL;dt_scores_binary_crossentropy_['uniform', 'normal', 'gamma', 'beta', 'poisson']_Haberman_STANDARDNORMAL;dt_scores_accuracy_['uniform', 'normal', 'gamma', 'beta', 'poisson']_Haberman_STANDARDNORMAL;dt_scores_f1_score_['uniform', 'normal', 'gamma', 'beta', 'poisson']_Haberman_STANDARDNORMAL;dt_scores_roc_auc_score_['uniform', 'normal', 'gamma', 'beta', 'poisson']_Haberman_STANDARDNORMAL;dt_scores_soft_binary_crossentropy_data_random_['uniform', 'normal', 'gamma', 'beta', 'poisson']_Haberman_STANDARDNORMAL;dt_scores_binary_crossentropy_data_random_['uniform', 'normal', 'gamma', 'beta', 'poisson']_Haberman_STANDARDNORMAL;dt_scores_accuracy_data_random_['uniform', 'normal', 'gamma', 'beta', 'poisson']_Haberman_STANDARDNORMAL;dt_scores_f1_score_data_random_['uniform', 'normal', 'gamma', 'beta', 'poisson']_Haberman_STANDARDNORMAL;dt_scores_roc_auc_score_data_random_['uniform', 'normal', 'gamma', 'beta', 'poisson']_Haberman_STANDARDNORMAL;dt_scores_runtime_['uniform', 'normal', 'gamma', 'beta', 'poisson']_Haberman_STANDARDNORMAL;dt_scores_soft_binary_crossentropy_Haberman_STANDARDNORMAL;dt_scores_binary_crossentropy_Haberman_STANDARDNORMAL;dt_scores_accuracy_Haberman_STANDARDNORMAL;dt_scores_f1_score_Haberman_STANDARDNORMAL;dt_scores_roc_auc_score_Haberman_STANDARDNORMAL;dt_scores_soft_binary_crossentropy_data_random_Haberman_STANDARDNORMAL;dt_scores_binary_crossentropy_data_random_Haberman_STANDARDNORMAL;dt_scores_accuracy_data_random_Haberman_STANDARDNORMAL;dt_scores_f1_score_data_random_Haberman_STANDARDNORMAL;dt_scores_roc_auc_score_data_random_Haberman_STANDARDNORMAL;dt_scores_soft_binary_crossentropy_std_Haberman_STANDARDNORMAL;dt_scores_binary_crossentropy_std_Haberman_STANDARDNORMAL;dt_scores_accuracy_std_Haberman_STANDARDNORMAL;dt_scores_f1_score_std_Haberman_STANDARDNORMAL;dt_scores_roc_auc_score_std_Haberman_STANDARDNORMAL;dt_scores_soft_binary_crossentropy_data_random_std_Haberman_STANDARDNORMAL;dt_scores_binary_crossentropy_data_random_std_Haberman_STANDARDNORMAL;dt_scores_accuracy_data_random_std_Haberman_STANDARDNORMAL;dt_scores_f1_score_data_random_std_Haberman_STANDARDNORMAL;dt_scores_roc_auc_score_data_random_std_Haberman_STANDARDNORMAL;dt_scores_runtime_Haberman_STANDARDNORMAL;inet_scores_soft_binary_crossentropy_Haberman_STANDARDNORMAL;inet_scores_binary_crossentropy_Haberman_STANDARDNORMAL;inet_scores_accuracy_Haberman_STANDARDNORMAL;inet_scores_f1_score_Haberman_STANDARDNORMAL;inet_scores_roc_auc_score_Haberman_STANDARDNORMAL;inet_scores_runtime_Haberman_STANDARDNORMAL;model_scores_soft_binary_crossentropy_Haberman_STANDARDNORMAL;model_scores_binary_crossentropy_Haberman_STANDARDNORMAL;model_scores_accuracy_Haberman_STANDARDNORMAL;model_scores_f1_score_Haberman_STANDARDNORMAL;model_scores_roc_auc_score_Haberman_STANDARDNORMAL;model_scores_runtime_Haberman_STANDARDNORMAL;dt_scores_soft_binary_crossentropy_['uniform', 'normal', 'gamma', 'beta', 'poisson']_Adult_STANDARDNORMAL;dt_scores_binary_crossentropy_['uniform', 'normal', 'gamma', 'beta', 'poisson']_Adult_STANDARDNORMAL;dt_scores_accuracy_['uniform', 'normal', 'gamma', 'beta', 'poisson']_Adult_STANDARDNORMAL;dt_scores_f1_score_['uniform', 'normal', 'gamma', 'beta', 'poisson']_Adult_STANDARDNORMAL;dt_scores_roc_auc_score_['uniform', 'normal', 'gamma', 'beta', 'poisson']_Adult_STANDARDNORMAL;dt_scores_soft_binary_crossentropy_data_random_['uniform', 'normal', 'gamma', 'beta', 'poisson']_Adult_STANDARDNORMAL;dt_scores_binary_crossentropy_data_random_['uniform', 'normal', 'gamma', 'beta', 'poisson']_Adult_STANDARDNORMAL;dt_scores_accuracy_data_random_['uniform', 'normal', 'gamma', 'beta', 'poisson']_Adult_STANDARDNORMAL;dt_scores_f1_score_data_random_['uniform', 'normal', 'gamma', 'beta', 'poisson']_Adult_STANDARDNORMAL;dt_scores_roc_auc_score_data_random_['uniform', 'normal', 'gamma', 'beta', 'poisson']_Adult_STANDARDNORMAL;dt_scores_runtime_['uniform', 'normal', 'gamma', 'beta', 'poisson']_Adult_STANDARDNORMAL;dt_scores_soft_binary_crossentropy_Adult_STANDARDNORMAL;dt_scores_binary_crossentropy_Adult_STANDARDNORMAL;dt_scores_accuracy_Adult_STANDARDNORMAL;dt_scores_f1_score_Adult_STANDARDNORMAL;dt_scores_roc_auc_score_Adult_STANDARDNORMAL;dt_scores_soft_binary_crossentropy_data_random_Adult_STANDARDNORMAL;dt_scores_binary_crossentropy_data_random_Adult_STANDARDNORMAL;dt_scores_accuracy_data_random_Adult_STANDARDNORMAL;dt_scores_f1_score_data_random_Adult_STANDARDNORMAL;dt_scores_roc_auc_score_data_random_Adult_STANDARDNORMAL;dt_scores_soft_binary_crossentropy_std_Adult_STANDARDNORMAL;dt_scores_binary_crossentropy_std_Adult_STANDARDNORMAL;dt_scores_accuracy_std_Adult_STANDARDNORMAL;dt_scores_f1_score_std_Adult_STANDARDNORMAL;dt_scores_roc_auc_score_std_Adult_STANDARDNORMAL;dt_scores_soft_binary_crossentropy_data_random_std_Adult_STANDARDNORMAL;dt_scores_binary_crossentropy_data_random_std_Adult_STANDARDNORMAL;dt_scores_accuracy_data_random_std_Adult_STANDARDNORMAL;dt_scores_f1_score_data_random_std_Adult_STANDARDNORMAL;dt_scores_roc_auc_score_data_random_std_Adult_STANDARDNORMAL;dt_scores_runtime_Adult_STANDARDNORMAL;inet_scores_soft_binary_crossentropy_Adult_STANDARDNORMAL;inet_scores_binary_crossentropy_Adult_STANDARDNORMAL;inet_scores_accuracy_Adult_STANDARDNORMAL;inet_scores_f1_score_Adult_STANDARDNORMAL;inet_scores_roc_auc_score_Adult_STANDARDNORMAL;inet_scores_runtime_Adult_STANDARDNORMAL;model_scores_soft_binary_crossentropy_Adult_STANDARDNORMAL;model_scores_binary_crossentropy_Adult_STANDARDNORMAL;model_scores_accuracy_Adult_STANDARDNORMAL;model_scores_f1_score_Adult_STANDARDNORMAL;model_scores_roc_auc_score_Adult_STANDARDNORMAL;model_scores_runtime_Adult_STANDARDNORMAL;dt_scores_soft_binary_crossentropy_['uniform', 'normal', 'gamma', 'beta', 'poisson']_Titanic_STANDARDNORMAL;dt_scores_binary_crossentropy_['uniform', 'normal', 'gamma', 'beta', 'poisson']_Titanic_STANDARDNORMAL;dt_scores_accuracy_['uniform', 'normal', 'gamma', 'beta', 'poisson']_Titanic_STANDARDNORMAL;dt_scores_f1_score_['uniform', 'normal', 'gamma', 'beta', 'poisson']_Titanic_STANDARDNORMAL;dt_scores_roc_auc_score_['uniform', 'normal', 'gamma', 'beta', 'poisson']_Titanic_STANDARDNORMAL;dt_scores_soft_binary_crossentropy_data_random_['uniform', 'normal', 'gamma', 'beta', 'poisson']_Titanic_STANDARDNORMAL;dt_scores_binary_crossentropy_data_random_['uniform', 'normal', 'gamma', 'beta', 'poisson']_Titanic_STANDARDNORMAL;dt_scores_accuracy_data_random_['uniform', 'normal', 'gamma', 'beta', 'poisson']_Titanic_STANDARDNORMAL;dt_scores_f1_score_data_random_['uniform', 'normal', 'gamma', 'beta', 'poisson']_Titanic_STANDARDNORMAL;dt_scores_roc_auc_score_data_random_['uniform', 'normal', 'gamma', 'beta', 'poisson']_Titanic_STANDARDNORMAL;dt_scores_runtime_['uniform', 'normal', 'gamma', 'beta', 'poisson']_Titanic_STANDARDNORMAL;dt_scores_soft_binary_crossentropy_Titanic_STANDARDNORMAL;dt_scores_binary_crossentropy_Titanic_STANDARDNORMAL;dt_scores_accuracy_Titanic_STANDARDNORMAL;dt_scores_f1_score_Titanic_STANDARDNORMAL;dt_scores_roc_auc_score_Titanic_STANDARDNORMAL;dt_scores_soft_binary_crossentropy_data_random_Titanic_STANDARDNORMAL;dt_scores_binary_crossentropy_data_random_Titanic_STANDARDNORMAL;dt_scores_accuracy_data_random_Titanic_STANDARDNORMAL;dt_scores_f1_score_data_random_Titanic_STANDARDNORMAL;dt_scores_roc_auc_score_data_random_Titanic_STANDARDNORMAL;dt_scores_soft_binary_crossentropy_std_Titanic_STANDARDNORMAL;dt_scores_binary_crossentropy_std_Titanic_STANDARDNORMAL;dt_scores_accuracy_std_Titanic_STANDARDNORMAL;dt_scores_f1_score_std_Titanic_STANDARDNORMAL;dt_scores_roc_auc_score_std_Titanic_STANDARDNORMAL;dt_scores_soft_binary_crossentropy_data_random_std_Titanic_STANDARDNORMAL;dt_scores_binary_crossentropy_data_random_std_Titanic_STANDARDNORMAL;dt_scores_accuracy_data_random_std_Titanic_STANDARDNORMAL;dt_scores_f1_score_data_random_std_Titanic_STANDARDNORMAL;dt_scores_roc_auc_score_data_random_std_Titanic_STANDARDNORMAL;dt_scores_runtime_Titanic_STANDARDNORMAL;inet_scores_soft_binary_crossentropy_Titanic_STANDARDNORMAL;inet_scores_binary_crossentropy_Titanic_STANDARDNORMAL;inet_scores_accuracy_Titanic_STANDARDNORMAL;inet_scores_f1_score_Titanic_STANDARDNORMAL;inet_scores_roc_auc_score_Titanic_STANDARDNORMAL;inet_scores_runtime_Titanic_STANDARDNORMAL;model_scores_soft_binary_crossentropy_Titanic_STANDARDNORMAL;model_scores_binary_crossentropy_Titanic_STANDARDNORMAL;model_scores_accuracy_Titanic_STANDARDNORMAL;model_scores_f1_score_Titanic_STANDARDNORMAL;model_scores_roc_auc_score_Titanic_STANDARDNORMAL;model_scores_runtime_Titanic_STANDARDNORMAL;dt_scores_soft_binary_crossentropy_['uniform', 'normal', 'gamma', 'beta', 'poisson']_Absenteeism_STANDARDNORMAL;dt_scores_binary_crossentropy_['uniform', 'normal', 'gamma', 'beta', 'poisson']_Absenteeism_STANDARDNORMAL;dt_scores_accuracy_['uniform', 'normal', 'gamma', 'beta', 'poisson']_Absenteeism_STANDARDNORMAL;dt_scores_f1_score_['uniform', 'normal', 'gamma', 'beta', 'poisson']_Absenteeism_STANDARDNORMAL;dt_scores_roc_auc_score_['uniform', 'normal', 'gamma', 'beta', 'poisson']_Absenteeism_STANDARDNORMAL;dt_scores_soft_binary_crossentropy_data_random_['uniform', 'normal', 'gamma', 'beta', 'poisson']_Absenteeism_STANDARDNORMAL;dt_scores_binary_crossentropy_data_random_['uniform', 'normal', 'gamma', 'beta', 'poisson']_Absenteeism_STANDARDNORMAL;dt_scores_accuracy_data_random_['uniform', 'normal', 'gamma', 'beta', 'poisson']_Absenteeism_STANDARDNORMAL;dt_scores_f1_score_data_random_['uniform', 'normal', 'gamma', 'beta', 'poisson']_Absenteeism_STANDARDNORMAL;dt_scores_roc_auc_score_data_random_['uniform', 'normal', 'gamma', 'beta', 'poisson']_Absenteeism_STANDARDNORMAL;dt_scores_runtime_['uniform', 'normal', 'gamma', 'beta', 'poisson']_Absenteeism_STANDARDNORMAL;dt_scores_soft_binary_crossentropy_Absenteeism_STANDARDNORMAL;dt_scores_binary_crossentropy_Absenteeism_STANDARDNORMAL;dt_scores_accuracy_Absenteeism_STANDARDNORMAL;dt_scores_f1_score_Absenteeism_STANDARDNORMAL;dt_scores_roc_auc_score_Absenteeism_STANDARDNORMAL;dt_scores_soft_binary_crossentropy_data_random_Absenteeism_STANDARDNORMAL;dt_scores_binary_crossentropy_data_random_Absenteeism_STANDARDNORMAL;dt_scores_accuracy_data_random_Absenteeism_STANDARDNORMAL;dt_scores_f1_score_data_random_Absenteeism_STANDARDNORMAL;dt_scores_roc_auc_score_data_random_Absenteeism_STANDARDNORMAL;dt_scores_soft_binary_crossentropy_std_Absenteeism_STANDARDNORMAL;dt_scores_binary_crossentropy_std_Absenteeism_STANDARDNORMAL;dt_scores_accuracy_std_Absenteeism_STANDARDNORMAL;dt_scores_f1_score_std_Absenteeism_STANDARDNORMAL;dt_scores_roc_auc_score_std_Absenteeism_STANDARDNORMAL;dt_scores_soft_binary_crossentropy_data_random_std_Absenteeism_STANDARDNORMAL;dt_scores_binary_crossentropy_data_random_std_Absenteeism_STANDARDNORMAL;dt_scores_accuracy_data_random_std_Absenteeism_STANDARDNORMAL;dt_scores_f1_score_data_random_std_Absenteeism_STANDARDNORMAL;dt_scores_roc_auc_score_data_random_std_Absenteeism_STANDARDNORMAL;dt_scores_runtime_Absenteeism_STANDARDNORMAL;inet_scores_soft_binary_crossentropy_Absenteeism_STANDARDNORMAL;inet_scores_binary_crossentropy_Absenteeism_STANDARDNORMAL;inet_scores_accuracy_Absenteeism_STANDARDNORMAL;inet_scores_f1_score_Absenteeism_STANDARDNORMAL;inet_scores_roc_auc_score_Absenteeism_STANDARDNORMAL;inet_scores_runtime_Absenteeism_STANDARDNORMAL;model_scores_soft_binary_crossentropy_Absenteeism_STANDARDNORMAL;model_scores_binary_crossentropy_Absenteeism_STANDARDNORMAL;model_scores_accuracy_Absenteeism_STANDARDNORMAL;model_scores_f1_score_Absenteeism_STANDARDNORMAL;model_scores_roc_auc_score_Absenteeism_STANDARDNORMAL;model_scores_runtime_Absenteeism_STANDARDNORMAL;dt_scores_soft_binary_crossentropy_['uniform', 'normal', 'gamma', 'beta', 'poisson']_Loan House_STANDARDNORMAL;dt_scores_binary_crossentropy_['uniform', 'normal', 'gamma', 'beta', 'poisson']_Loan House_STANDARDNORMAL;dt_scores_accuracy_['uniform', 'normal', 'gamma', 'beta', 'poisson']_Loan House_STANDARDNORMAL;dt_scores_f1_score_['uniform', 'normal', 'gamma', 'beta', 'poisson']_Loan House_STANDARDNORMAL;dt_scores_roc_auc_score_['uniform', 'normal', 'gamma', 'beta', 'poisson']_Loan House_STANDARDNORMAL;dt_scores_soft_binary_crossentropy_data_random_['uniform', 'normal', 'gamma', 'beta', 'poisson']_Loan House_STANDARDNORMAL;dt_scores_binary_crossentropy_data_random_['uniform', 'normal', 'gamma', 'beta', 'poisson']_Loan House_STANDARDNORMAL;dt_scores_accuracy_data_random_['uniform', 'normal', 'gamma', 'beta', 'poisson']_Loan House_STANDARDNORMAL;dt_scores_f1_score_data_random_['uniform', 'normal', 'gamma', 'beta', 'poisson']_Loan House_STANDARDNORMAL;dt_scores_roc_auc_score_data_random_['uniform', 'normal', 'gamma', 'beta', 'poisson']_Loan House_STANDARDNORMAL;dt_scores_runtime_['uniform', 'normal', 'gamma', 'beta', 'poisson']_Loan House_STANDARDNORMAL;dt_scores_soft_binary_crossentropy_Loan House_STANDARDNORMAL;dt_scores_binary_crossentropy_Loan House_STANDARDNORMAL;dt_scores_accuracy_Loan House_STANDARDNORMAL;dt_scores_f1_score_Loan House_STANDARDNORMAL;dt_scores_roc_auc_score_Loan House_STANDARDNORMAL;dt_scores_soft_binary_crossentropy_data_random_Loan House_STANDARDNORMAL;dt_scores_binary_crossentropy_data_random_Loan House_STANDARDNORMAL;dt_scores_accuracy_data_random_Loan House_STANDARDNORMAL;dt_scores_f1_score_data_random_Loan House_STANDARDNORMAL;dt_scores_roc_auc_score_data_random_Loan House_STANDARDNORMAL;dt_scores_soft_binary_crossentropy_std_Loan House_STANDARDNORMAL;dt_scores_binary_crossentropy_std_Loan House_STANDARDNORMAL;dt_scores_accuracy_std_Loan House_STANDARDNORMAL;dt_scores_f1_score_std_Loan House_STANDARDNORMAL;dt_scores_roc_auc_score_std_Loan House_STANDARDNORMAL;dt_scores_soft_binary_crossentropy_data_random_std_Loan House_STANDARDNORMAL;dt_scores_binary_crossentropy_data_random_std_Loan House_STANDARDNORMAL;dt_scores_accuracy_data_random_std_Loan House_STANDARDNORMAL;dt_scores_f1_score_data_random_std_Loan House_STANDARDNORMAL;dt_scores_roc_auc_score_data_random_std_Loan House_STANDARDNORMAL;dt_scores_runtime_Loan House_STANDARDNORMAL;inet_scores_soft_binary_crossentropy_Loan House_STANDARDNORMAL;inet_scores_binary_crossentropy_Loan House_STANDARDNORMAL;inet_scores_accuracy_Loan House_STANDARDNORMAL;inet_scores_f1_score_Loan House_STANDARDNORMAL;inet_scores_roc_auc_score_Loan House_STANDARDNORMAL;inet_scores_runtime_Loan House_STANDARDNORMAL;model_scores_soft_binary_crossentropy_Loan House_STANDARDNORMAL;model_scores_binary_crossentropy_Loan House_STANDARDNORMAL;model_scores_accuracy_Loan House_STANDARDNORMAL;model_scores_f1_score_Loan House_STANDARDNORMAL;model_scores_roc_auc_score_Loan House_STANDARDNORMAL;model_scores_runtime_Loan House_STANDARDNORMAL;dt_scores_soft_binary_crossentropy_['uniform', 'normal', 'gamma', 'beta', 'poisson']_Loan Credit_STANDARDNORMAL;dt_scores_binary_crossentropy_['uniform', 'normal', 'gamma', 'beta', 'poisson']_Loan Credit_STANDARDNORMAL;dt_scores_accuracy_['uniform', 'normal', 'gamma', 'beta', 'poisson']_Loan Credit_STANDARDNORMAL;dt_scores_f1_score_['uniform', 'normal', 'gamma', 'beta', 'poisson']_Loan Credit_STANDARDNORMAL;dt_scores_roc_auc_score_['uniform', 'normal', 'gamma', 'beta', 'poisson']_Loan Credit_STANDARDNORMAL;dt_scores_soft_binary_crossentropy_data_random_['uniform', 'normal', 'gamma', 'beta', 'poisson']_Loan Credit_STANDARDNORMAL;dt_scores_binary_crossentropy_data_random_['uniform', 'normal', 'gamma', 'beta', 'poisson']_Loan Credit_STANDARDNORMAL;dt_scores_accuracy_data_random_['uniform', 'normal', 'gamma', 'beta', 'poisson']_Loan Credit_STANDARDNORMAL;dt_scores_f1_score_data_random_['uniform', 'normal', 'gamma', 'beta', 'poisson']_Loan Credit_STANDARDNORMAL;dt_scores_roc_auc_score_data_random_['uniform', 'normal', 'gamma', 'beta', 'poisson']_Loan Credit_STANDARDNORMAL;dt_scores_runtime_['uniform', 'normal', 'gamma', 'beta', 'poisson']_Loan Credit_STANDARDNORMAL;dt_scores_soft_binary_crossentropy_Loan Credit_STANDARDNORMAL;dt_scores_binary_crossentropy_Loan Credit_STANDARDNORMAL;dt_scores_accuracy_Loan Credit_STANDARDNORMAL;dt_scores_f1_score_Loan Credit_STANDARDNORMAL;dt_scores_roc_auc_score_Loan Credit_STANDARDNORMAL;dt_scores_soft_binary_crossentropy_data_random_Loan Credit_STANDARDNORMAL;dt_scores_binary_crossentropy_data_random_Loan Credit_STANDARDNORMAL;dt_scores_accuracy_data_random_Loan Credit_STANDARDNORMAL;dt_scores_f1_score_data_random_Loan Credit_STANDARDNORMAL;dt_scores_roc_auc_score_data_random_Loan Credit_STANDARDNORMAL;dt_scores_soft_binary_crossentropy_std_Loan Credit_STANDARDNORMAL;dt_scores_binary_crossentropy_std_Loan Credit_STANDARDNORMAL;dt_scores_accuracy_std_Loan Credit_STANDARDNORMAL;dt_scores_f1_score_std_Loan Credit_STANDARDNORMAL;dt_scores_roc_auc_score_std_Loan Credit_STANDARDNORMAL;dt_scores_soft_binary_crossentropy_data_random_std_Loan Credit_STANDARDNORMAL;dt_scores_binary_crossentropy_data_random_std_Loan Credit_STANDARDNORMAL;dt_scores_accuracy_data_random_std_Loan Credit_STANDARDNORMAL;dt_scores_f1_score_data_random_std_Loan Credit_STANDARDNORMAL;dt_scores_roc_auc_score_data_random_std_Loan Credit_STANDARDNORMAL;dt_scores_runtime_Loan Credit_STANDARDNORMAL;inet_scores_soft_binary_crossentropy_Loan Credit_STANDARDNORMAL;inet_scores_binary_crossentropy_Loan Credit_STANDARDNORMAL;inet_scores_accuracy_Loan Credit_STANDARDNORMAL;inet_scores_f1_score_Loan Credit_STANDARDNORMAL;inet_scores_roc_auc_score_Loan Credit_STANDARDNORMAL;inet_scores_runtime_Loan Credit_STANDARDNORMAL;model_scores_soft_binary_crossentropy_Loan Credit_STANDARDNORMAL;model_scores_binary_crossentropy_Loan Credit_STANDARDNORMAL;model_scores_accuracy_Loan Credit_STANDARDNORMAL;model_scores_f1_score_Loan Credit_STANDARDNORMAL;model_scores_roc_auc_score_Loan Credit_STANDARDNORMAL;model_scores_runtime_Loan Credit_STANDARDNORMAL;dt_scores_soft_binary_crossentropy_['uniform', 'normal', 'gamma', 'beta', 'poisson']_Medical Insurance_STANDARDNORMAL;dt_scores_binary_crossentropy_['uniform', 'normal', 'gamma', 'beta', 'poisson']_Medical Insurance_STANDARDNORMAL;dt_scores_accuracy_['uniform', 'normal', 'gamma', 'beta', 'poisson']_Medical Insurance_STANDARDNORMAL;dt_scores_f1_score_['uniform', 'normal', 'gamma', 'beta', 'poisson']_Medical Insurance_STANDARDNORMAL;dt_scores_roc_auc_score_['uniform', 'normal', 'gamma', 'beta', 'poisson']_Medical Insurance_STANDARDNORMAL;dt_scores_soft_binary_crossentropy_data_random_['uniform', 'normal', 'gamma', 'beta', 'poisson']_Medical Insurance_STANDARDNORMAL;dt_scores_binary_crossentropy_data_random_['uniform', 'normal', 'gamma', 'beta', 'poisson']_Medical Insurance_STANDARDNORMAL;dt_scores_accuracy_data_random_['uniform', 'normal', 'gamma', 'beta', 'poisson']_Medical Insurance_STANDARDNORMAL;dt_scores_f1_score_data_random_['uniform', 'normal', 'gamma', 'beta', 'poisson']_Medical Insurance_STANDARDNORMAL;dt_scores_roc_auc_score_data_random_['uniform', 'normal', 'gamma', 'beta', 'poisson']_Medical Insurance_STANDARDNORMAL;dt_scores_runtime_['uniform', 'normal', 'gamma', 'beta', 'poisson']_Medical Insurance_STANDARDNORMAL;dt_scores_soft_binary_crossentropy_Medical Insurance_STANDARDNORMAL;dt_scores_binary_crossentropy_Medical Insurance_STANDARDNORMAL;dt_scores_accuracy_Medical Insurance_STANDARDNORMAL;dt_scores_f1_score_Medical Insurance_STANDARDNORMAL;dt_scores_roc_auc_score_Medical Insurance_STANDARDNORMAL;dt_scores_soft_binary_crossentropy_data_random_Medical Insurance_STANDARDNORMAL;dt_scores_binary_crossentropy_data_random_Medical Insurance_STANDARDNORMAL;dt_scores_accuracy_data_random_Medical Insurance_STANDARDNORMAL;dt_scores_f1_score_data_random_Medical Insurance_STANDARDNORMAL;dt_scores_roc_auc_score_data_random_Medical Insurance_STANDARDNORMAL;dt_scores_soft_binary_crossentropy_std_Medical Insurance_STANDARDNORMAL;dt_scores_binary_crossentropy_std_Medical Insurance_STANDARDNORMAL;dt_scores_accuracy_std_Medical Insurance_STANDARDNORMAL;dt_scores_f1_score_std_Medical Insurance_STANDARDNORMAL;dt_scores_roc_auc_score_std_Medical Insurance_STANDARDNORMAL;dt_scores_soft_binary_crossentropy_data_random_std_Medical Insurance_STANDARDNORMAL;dt_scores_binary_crossentropy_data_random_std_Medical Insurance_STANDARDNORMAL;dt_scores_accuracy_data_random_std_Medical Insurance_STANDARDNORMAL;dt_scores_f1_score_data_random_std_Medical Insurance_STANDARDNORMAL;dt_scores_roc_auc_score_data_random_std_Medical Insurance_STANDARDNORMAL;dt_scores_runtime_Medical Insurance_STANDARDNORMAL;inet_scores_soft_binary_crossentropy_Medical Insurance_STANDARDNORMAL;inet_scores_binary_crossentropy_Medical Insurance_STANDARDNORMAL;inet_scores_accuracy_Medical Insurance_STANDARDNORMAL;inet_scores_f1_score_Medical Insurance_STANDARDNORMAL;inet_scores_roc_auc_score_Medical Insurance_STANDARDNORMAL;inet_scores_runtime_Medical Insurance_STANDARDNORMAL;model_scores_soft_binary_crossentropy_Medical Insurance_STANDARDNORMAL;model_scores_binary_crossentropy_Medical Insurance_STANDARDNORMAL;model_scores_accuracy_Medical Insurance_STANDARDNORMAL;model_scores_f1_score_Medical Insurance_STANDARDNORMAL;model_scores_roc_auc_score_Medical Insurance_STANDARDNORMAL;model_scores_runtime_Medical Insurance_STANDARDNORMAL;dt_scores_soft_binary_crossentropy_['uniform', 'normal', 'gamma', 'beta', 'poisson']_Bank Marketing_STANDARDNORMAL;dt_scores_binary_crossentropy_['uniform', 'normal', 'gamma', 'beta', 'poisson']_Bank Marketing_STANDARDNORMAL;dt_scores_accuracy_['uniform', 'normal', 'gamma', 'beta', 'poisson']_Bank Marketing_STANDARDNORMAL;dt_scores_f1_score_['uniform', 'normal', 'gamma', 'beta', 'poisson']_Bank Marketing_STANDARDNORMAL;dt_scores_roc_auc_score_['uniform', 'normal', 'gamma', 'beta', 'poisson']_Bank Marketing_STANDARDNORMAL;dt_scores_soft_binary_crossentropy_data_random_['uniform', 'normal', 'gamma', 'beta', 'poisson']_Bank Marketing_STANDARDNORMAL;dt_scores_binary_crossentropy_data_random_['uniform', 'normal', 'gamma', 'beta', 'poisson']_Bank Marketing_STANDARDNORMAL;dt_scores_accuracy_data_random_['uniform', 'normal', 'gamma', 'beta', 'poisson']_Bank Marketing_STANDARDNORMAL;dt_scores_f1_score_data_random_['uniform', 'normal', 'gamma', 'beta', 'poisson']_Bank Marketing_STANDARDNORMAL;dt_scores_roc_auc_score_data_random_['uniform', 'normal', 'gamma', 'beta', 'poisson']_Bank Marketing_STANDARDNORMAL;dt_scores_runtime_['uniform', 'normal', 'gamma', 'beta', 'poisson']_Bank Marketing_STANDARDNORMAL;dt_scores_soft_binary_crossentropy_Bank Marketing_STANDARDNORMAL;dt_scores_binary_crossentropy_Bank Marketing_STANDARDNORMAL;dt_scores_accuracy_Bank Marketing_STANDARDNORMAL;dt_scores_f1_score_Bank Marketing_STANDARDNORMAL;dt_scores_roc_auc_score_Bank Marketing_STANDARDNORMAL;dt_scores_soft_binary_crossentropy_data_random_Bank Marketing_STANDARDNORMAL;dt_scores_binary_crossentropy_data_random_Bank Marketing_STANDARDNORMAL;dt_scores_accuracy_data_random_Bank Marketing_STANDARDNORMAL;dt_scores_f1_score_data_random_Bank Marketing_STANDARDNORMAL;dt_scores_roc_auc_score_data_random_Bank Marketing_STANDARDNORMAL;dt_scores_soft_binary_crossentropy_std_Bank Marketing_STANDARDNORMAL;dt_scores_binary_crossentropy_std_Bank Marketing_STANDARDNORMAL;dt_scores_accuracy_std_Bank Marketing_STANDARDNORMAL;dt_scores_f1_score_std_Bank Marketing_STANDARDNORMAL;dt_scores_roc_auc_score_std_Bank Marketing_STANDARDNORMAL;dt_scores_soft_binary_crossentropy_data_random_std_Bank Marketing_STANDARDNORMAL;dt_scores_binary_crossentropy_data_random_std_Bank Marketing_STANDARDNORMAL;dt_scores_accuracy_data_random_std_Bank Marketing_STANDARDNORMAL;dt_scores_f1_score_data_random_std_Bank Marketing_STANDARDNORMAL;dt_scores_roc_auc_score_data_random_std_Bank Marketing_STANDARDNORMAL;dt_scores_runtime_Bank Marketing_STANDARDNORMAL;inet_scores_soft_binary_crossentropy_Bank Marketing_STANDARDNORMAL;inet_scores_binary_crossentropy_Bank Marketing_STANDARDNORMAL;inet_scores_accuracy_Bank Marketing_STANDARDNORMAL;inet_scores_f1_score_Bank Marketing_STANDARDNORMAL;inet_scores_roc_auc_score_Bank Marketing_STANDARDNORMAL;inet_scores_runtime_Bank Marketing_STANDARDNORMAL;model_scores_soft_binary_crossentropy_Bank Marketing_STANDARDNORMAL;model_scores_binary_crossentropy_Bank Marketing_STANDARDNORMAL;model_scores_accuracy_Bank Marketing_STANDARDNORMAL;model_scores_f1_score_Bank Marketing_STANDARDNORMAL;model_scores_roc_auc_score_Bank Marketing_STANDARDNORMAL;model_scores_runtime_Bank Marketing_STANDARDNORMAL;dt_scores_soft_binary_crossentropy_['uniform', 'normal', 'gamma', 'beta', 'poisson']_Cervical Cancer_STANDARDNORMAL;dt_scores_binary_crossentropy_['uniform', 'normal', 'gamma', 'beta', 'poisson']_Cervical Cancer_STANDARDNORMAL;dt_scores_accuracy_['uniform', 'normal', 'gamma', 'beta', 'poisson']_Cervical Cancer_STANDARDNORMAL;dt_scores_f1_score_['uniform', 'normal', 'gamma', 'beta', 'poisson']_Cervical Cancer_STANDARDNORMAL;dt_scores_roc_auc_score_['uniform', 'normal', 'gamma', 'beta', 'poisson']_Cervical Cancer_STANDARDNORMAL;dt_scores_soft_binary_crossentropy_data_random_['uniform', 'normal', 'gamma', 'beta', 'poisson']_Cervical Cancer_STANDARDNORMAL;dt_scores_binary_crossentropy_data_random_['uniform', 'normal', 'gamma', 'beta', 'poisson']_Cervical Cancer_STANDARDNORMAL;dt_scores_accuracy_data_random_['uniform', 'normal', 'gamma', 'beta', 'poisson']_Cervical Cancer_STANDARDNORMAL;dt_scores_f1_score_data_random_['uniform', 'normal', 'gamma', 'beta', 'poisson']_Cervical Cancer_STANDARDNORMAL;dt_scores_roc_auc_score_data_random_['uniform', 'normal', 'gamma', 'beta', 'poisson']_Cervical Cancer_STANDARDNORMAL;dt_scores_runtime_['uniform', 'normal', 'gamma', 'beta', 'poisson']_Cervical Cancer_STANDARDNORMAL;dt_scores_soft_binary_crossentropy_Cervical Cancer_STANDARDNORMAL;dt_scores_binary_crossentropy_Cervical Cancer_STANDARDNORMAL;dt_scores_accuracy_Cervical Cancer_STANDARDNORMAL;dt_scores_f1_score_Cervical Cancer_STANDARDNORMAL;dt_scores_roc_auc_score_Cervical Cancer_STANDARDNORMAL;dt_scores_soft_binary_crossentropy_data_random_Cervical Cancer_STANDARDNORMAL;dt_scores_binary_crossentropy_data_random_Cervical Cancer_STANDARDNORMAL;dt_scores_accuracy_data_random_Cervical Cancer_STANDARDNORMAL;dt_scores_f1_score_data_random_Cervical Cancer_STANDARDNORMAL;dt_scores_roc_auc_score_data_random_Cervical Cancer_STANDARDNORMAL;dt_scores_soft_binary_crossentropy_std_Cervical Cancer_STANDARDNORMAL;dt_scores_binary_crossentropy_std_Cervical Cancer_STANDARDNORMAL;dt_scores_accuracy_std_Cervical Cancer_STANDARDNORMAL;dt_scores_f1_score_std_Cervical Cancer_STANDARDNORMAL;dt_scores_roc_auc_score_std_Cervical Cancer_STANDARDNORMAL;dt_scores_soft_binary_crossentropy_data_random_std_Cervical Cancer_STANDARDNORMAL;dt_scores_binary_crossentropy_data_random_std_Cervical Cancer_STANDARDNORMAL;dt_scores_accuracy_data_random_std_Cervical Cancer_STANDARDNORMAL;dt_scores_f1_score_data_random_std_Cervical Cancer_STANDARDNORMAL;dt_scores_roc_auc_score_data_random_std_Cervical Cancer_STANDARDNORMAL;dt_scores_runtime_Cervical Cancer_STANDARDNORMAL;inet_scores_soft_binary_crossentropy_Cervical Cancer_STANDARDNORMAL;inet_scores_binary_crossentropy_Cervical Cancer_STANDARDNORMAL;inet_scores_accuracy_Cervical Cancer_STANDARDNORMAL;inet_scores_f1_score_Cervical Cancer_STANDARDNORMAL;inet_scores_roc_auc_score_Cervical Cancer_STANDARDNORMAL;inet_scores_runtime_Cervical Cancer_STANDARDNORMAL;model_scores_soft_binary_crossentropy_Cervical Cancer_STANDARDNORMAL;model_scores_binary_crossentropy_Cervical Cancer_STANDARDNORMAL;model_scores_accuracy_Cervical Cancer_STANDARDNORMAL;model_scores_f1_score_Cervical Cancer_STANDARDNORMAL;model_scores_roc_auc_score_Cervical Cancer_STANDARDNORMAL;model_scores_runtime_Cervical Cancer_STANDARDNORMAL;dt_scores_soft_binary_crossentropy_['uniform', 'normal', 'gamma', 'beta', 'poisson']_Brest Cancer Wisconsin_STANDARDNORMAL;dt_scores_binary_crossentropy_['uniform', 'normal', 'gamma', 'beta', 'poisson']_Brest Cancer Wisconsin_STANDARDNORMAL;dt_scores_accuracy_['uniform', 'normal', 'gamma', 'beta', 'poisson']_Brest Cancer Wisconsin_STANDARDNORMAL;dt_scores_f1_score_['uniform', 'normal', 'gamma', 'beta', 'poisson']_Brest Cancer Wisconsin_STANDARDNORMAL;dt_scores_roc_auc_score_['uniform', 'normal', 'gamma', 'beta', 'poisson']_Brest Cancer Wisconsin_STANDARDNORMAL;dt_scores_soft_binary_crossentropy_data_random_['uniform', 'normal', 'gamma', 'beta', 'poisson']_Brest Cancer Wisconsin_STANDARDNORMAL;dt_scores_binary_crossentropy_data_random_['uniform', 'normal', 'gamma', 'beta', 'poisson']_Brest Cancer Wisconsin_STANDARDNORMAL;dt_scores_accuracy_data_random_['uniform', 'normal', 'gamma', 'beta', 'poisson']_Brest Cancer Wisconsin_STANDARDNORMAL;dt_scores_f1_score_data_random_['uniform', 'normal', 'gamma', 'beta', 'poisson']_Brest Cancer Wisconsin_STANDARDNORMAL;dt_scores_roc_auc_score_data_random_['uniform', 'normal', 'gamma', 'beta', 'poisson']_Brest Cancer Wisconsin_STANDARDNORMAL;dt_scores_runtime_['uniform', 'normal', 'gamma', 'beta', 'poisson']_Brest Cancer Wisconsin_STANDARDNORMAL;dt_scores_soft_binary_crossentropy_Brest Cancer Wisconsin_STANDARDNORMAL;dt_scores_binary_crossentropy_Brest Cancer Wisconsin_STANDARDNORMAL;dt_scores_accuracy_Brest Cancer Wisconsin_STANDARDNORMAL;dt_scores_f1_score_Brest Cancer Wisconsin_STANDARDNORMAL;dt_scores_roc_auc_score_Brest Cancer Wisconsin_STANDARDNORMAL;dt_scores_soft_binary_crossentropy_data_random_Brest Cancer Wisconsin_STANDARDNORMAL;dt_scores_binary_crossentropy_data_random_Brest Cancer Wisconsin_STANDARDNORMAL;dt_scores_accuracy_data_random_Brest Cancer Wisconsin_STANDARDNORMAL;dt_scores_f1_score_data_random_Brest Cancer Wisconsin_STANDARDNORMAL;dt_scores_roc_auc_score_data_random_Brest Cancer Wisconsin_STANDARDNORMAL;dt_scores_soft_binary_crossentropy_std_Brest Cancer Wisconsin_STANDARDNORMAL;dt_scores_binary_crossentropy_std_Brest Cancer Wisconsin_STANDARDNORMAL;dt_scores_accuracy_std_Brest Cancer Wisconsin_STANDARDNORMAL;dt_scores_f1_score_std_Brest Cancer Wisconsin_STANDARDNORMAL;dt_scores_roc_auc_score_std_Brest Cancer Wisconsin_STANDARDNORMAL;dt_scores_soft_binary_crossentropy_data_random_std_Brest Cancer Wisconsin_STANDARDNORMAL;dt_scores_binary_crossentropy_data_random_std_Brest Cancer Wisconsin_STANDARDNORMAL;dt_scores_accuracy_data_random_std_Brest Cancer Wisconsin_STANDARDNORMAL;dt_scores_f1_score_data_random_std_Brest Cancer Wisconsin_STANDARDNORMAL;dt_scores_roc_auc_score_data_random_std_Brest Cancer Wisconsin_STANDARDNORMAL;dt_scores_runtime_Brest Cancer Wisconsin_STANDARDNORMAL;inet_scores_soft_binary_crossentropy_Brest Cancer Wisconsin_STANDARDNORMAL;inet_scores_binary_crossentropy_Brest Cancer Wisconsin_STANDARDNORMAL;inet_scores_accuracy_Brest Cancer Wisconsin_STANDARDNORMAL;inet_scores_f1_score_Brest Cancer Wisconsin_STANDARDNORMAL;inet_scores_roc_auc_score_Brest Cancer Wisconsin_STANDARDNORMAL;inet_scores_runtime_Brest Cancer Wisconsin_STANDARDNORMAL;model_scores_soft_binary_crossentropy_Brest Cancer Wisconsin_STANDARDNORMAL;model_scores_binary_crossentropy_Brest Cancer Wisconsin_STANDARDNORMAL;model_scores_accuracy_Brest Cancer Wisconsin_STANDARDNORMAL;model_scores_f1_score_Brest Cancer Wisconsin_STANDARDNORMAL;model_scores_roc_auc_score_Brest Cancer Wisconsin_STANDARDNORMAL;model_scores_runtime_Brest Cancer Wisconsin_STANDARDNORMAL;dt_scores_soft_binary_crossentropy_['uniform', 'normal', 'gamma', 'beta', 'poisson']_Wisconsin Diagnostic Breast Cancer_STANDARDNORMAL;dt_scores_binary_crossentropy_['uniform', 'normal', 'gamma', 'beta', 'poisson']_Wisconsin Diagnostic Breast Cancer_STANDARDNORMAL;dt_scores_accuracy_['uniform', 'normal', 'gamma', 'beta', 'poisson']_Wisconsin Diagnostic Breast Cancer_STANDARDNORMAL;dt_scores_f1_score_['uniform', 'normal', 'gamma', 'beta', 'poisson']_Wisconsin Diagnostic Breast Cancer_STANDARDNORMAL;dt_scores_roc_auc_score_['uniform', 'normal', 'gamma', 'beta', 'poisson']_Wisconsin Diagnostic Breast Cancer_STANDARDNORMAL;dt_scores_soft_binary_crossentropy_data_random_['uniform', 'normal', 'gamma', 'beta', 'poisson']_Wisconsin Diagnostic Breast Cancer_STANDARDNORMAL;dt_scores_binary_crossentropy_data_random_['uniform', 'normal', 'gamma', 'beta', 'poisson']_Wisconsin Diagnostic Breast Cancer_STANDARDNORMAL;dt_scores_accuracy_data_random_['uniform', 'normal', 'gamma', 'beta', 'poisson']_Wisconsin Diagnostic Breast Cancer_STANDARDNORMAL;dt_scores_f1_score_data_random_['uniform', 'normal', 'gamma', 'beta', 'poisson']_Wisconsin Diagnostic Breast Cancer_STANDARDNORMAL;dt_scores_roc_auc_score_data_random_['uniform', 'normal', 'gamma', 'beta', 'poisson']_Wisconsin Diagnostic Breast Cancer_STANDARDNORMAL;dt_scores_runtime_['uniform', 'normal', 'gamma', 'beta', 'poisson']_Wisconsin Diagnostic Breast Cancer_STANDARDNORMAL;dt_scores_soft_binary_crossentropy_Wisconsin Diagnostic Breast Cancer_STANDARDNORMAL;dt_scores_binary_crossentropy_Wisconsin Diagnostic Breast Cancer_STANDARDNORMAL;dt_scores_accuracy_Wisconsin Diagnostic Breast Cancer_STANDARDNORMAL;dt_scores_f1_score_Wisconsin Diagnostic Breast Cancer_STANDARDNORMAL;dt_scores_roc_auc_score_Wisconsin Diagnostic Breast Cancer_STANDARDNORMAL;dt_scores_soft_binary_crossentropy_data_random_Wisconsin Diagnostic Breast Cancer_STANDARDNORMAL;dt_scores_binary_crossentropy_data_random_Wisconsin Diagnostic Breast Cancer_STANDARDNORMAL;dt_scores_accuracy_data_random_Wisconsin Diagnostic Breast Cancer_STANDARDNORMAL;dt_scores_f1_score_data_random_Wisconsin Diagnostic Breast Cancer_STANDARDNORMAL;dt_scores_roc_auc_score_data_random_Wisconsin Diagnostic Breast Cancer_STANDARDNORMAL;dt_scores_soft_binary_crossentropy_std_Wisconsin Diagnostic Breast Cancer_STANDARDNORMAL;dt_scores_binary_crossentropy_std_Wisconsin Diagnostic Breast Cancer_STANDARDNORMAL;dt_scores_accuracy_std_Wisconsin Diagnostic Breast Cancer_STANDARDNORMAL;dt_scores_f1_score_std_Wisconsin Diagnostic Breast Cancer_STANDARDNORMAL;dt_scores_roc_auc_score_std_Wisconsin Diagnostic Breast Cancer_STANDARDNORMAL;dt_scores_soft_binary_crossentropy_data_random_std_Wisconsin Diagnostic Breast Cancer_STANDARDNORMAL;dt_scores_binary_crossentropy_data_random_std_Wisconsin Diagnostic Breast Cancer_STANDARDNORMAL;dt_scores_accuracy_data_random_std_Wisconsin Diagnostic Breast Cancer_STANDARDNORMAL;dt_scores_f1_score_data_random_std_Wisconsin Diagnostic Breast Cancer_STANDARDNORMAL;dt_scores_roc_auc_score_data_random_std_Wisconsin Diagnostic Breast Cancer_STANDARDNORMAL;dt_scores_runtime_Wisconsin Diagnostic Breast Cancer_STANDARDNORMAL;inet_scores_soft_binary_crossentropy_Wisconsin Diagnostic Breast Cancer_STANDARDNORMAL;inet_scores_binary_crossentropy_Wisconsin Diagnostic Breast Cancer_STANDARDNORMAL;inet_scores_accuracy_Wisconsin Diagnostic Breast Cancer_STANDARDNORMAL;inet_scores_f1_score_Wisconsin Diagnostic Breast Cancer_STANDARDNORMAL;inet_scores_roc_auc_score_Wisconsin Diagnostic Breast Cancer_STANDARDNORMAL;inet_scores_runtime_Wisconsin Diagnostic Breast Cancer_STANDARDNORMAL;model_scores_soft_binary_crossentropy_Wisconsin Diagnostic Breast Cancer_STANDARDNORMAL;model_scores_binary_crossentropy_Wisconsin Diagnostic Breast Cancer_STANDARDNORMAL;model_scores_accuracy_Wisconsin Diagnostic Breast Cancer_STANDARDNORMAL;model_scores_f1_score_Wisconsin Diagnostic Breast Cancer_STANDARDNORMAL;model_scores_roc_auc_score_Wisconsin Diagnostic Breast Cancer_STANDARDNORMAL;model_scores_runtime_Wisconsin Diagnostic Breast Cancer_STANDARDNORMAL;dt_scores_soft_binary_crossentropy_['uniform', 'normal', 'gamma', 'beta', 'poisson']_Wisconsin Prognostic Breast Cancer_STANDARDNORMAL;dt_scores_binary_crossentropy_['uniform', 'normal', 'gamma', 'beta', 'poisson']_Wisconsin Prognostic Breast Cancer_STANDARDNORMAL;dt_scores_accuracy_['uniform', 'normal', 'gamma', 'beta', 'poisson']_Wisconsin Prognostic Breast Cancer_STANDARDNORMAL;dt_scores_f1_score_['uniform', 'normal', 'gamma', 'beta', 'poisson']_Wisconsin Prognostic Breast Cancer_STANDARDNORMAL;dt_scores_roc_auc_score_['uniform', 'normal', 'gamma', 'beta', 'poisson']_Wisconsin Prognostic Breast Cancer_STANDARDNORMAL;dt_scores_soft_binary_crossentropy_data_random_['uniform', 'normal', 'gamma', 'beta', 'poisson']_Wisconsin Prognostic Breast Cancer_STANDARDNORMAL;dt_scores_binary_crossentropy_data_random_['uniform', 'normal', 'gamma', 'beta', 'poisson']_Wisconsin Prognostic Breast Cancer_STANDARDNORMAL;dt_scores_accuracy_data_random_['uniform', 'normal', 'gamma', 'beta', 'poisson']_Wisconsin Prognostic Breast Cancer_STANDARDNORMAL;dt_scores_f1_score_data_random_['uniform', 'normal', 'gamma', 'beta', 'poisson']_Wisconsin Prognostic Breast Cancer_STANDARDNORMAL;dt_scores_roc_auc_score_data_random_['uniform', 'normal', 'gamma', 'beta', 'poisson']_Wisconsin Prognostic Breast Cancer_STANDARDNORMAL;dt_scores_runtime_['uniform', 'normal', 'gamma', 'beta', 'poisson']_Wisconsin Prognostic Breast Cancer_STANDARDNORMAL;dt_scores_soft_binary_crossentropy_Wisconsin Prognostic Breast Cancer_STANDARDNORMAL;dt_scores_binary_crossentropy_Wisconsin Prognostic Breast Cancer_STANDARDNORMAL;dt_scores_accuracy_Wisconsin Prognostic Breast Cancer_STANDARDNORMAL;dt_scores_f1_score_Wisconsin Prognostic Breast Cancer_STANDARDNORMAL;dt_scores_roc_auc_score_Wisconsin Prognostic Breast Cancer_STANDARDNORMAL;dt_scores_soft_binary_crossentropy_data_random_Wisconsin Prognostic Breast Cancer_STANDARDNORMAL;dt_scores_binary_crossentropy_data_random_Wisconsin Prognostic Breast Cancer_STANDARDNORMAL;dt_scores_accuracy_data_random_Wisconsin Prognostic Breast Cancer_STANDARDNORMAL;dt_scores_f1_score_data_random_Wisconsin Prognostic Breast Cancer_STANDARDNORMAL;dt_scores_roc_auc_score_data_random_Wisconsin Prognostic Breast Cancer_STANDARDNORMAL;dt_scores_soft_binary_crossentropy_std_Wisconsin Prognostic Breast Cancer_STANDARDNORMAL;dt_scores_binary_crossentropy_std_Wisconsin Prognostic Breast Cancer_STANDARDNORMAL;dt_scores_accuracy_std_Wisconsin Prognostic Breast Cancer_STANDARDNORMAL;dt_scores_f1_score_std_Wisconsin Prognostic Breast Cancer_STANDARDNORMAL;dt_scores_roc_auc_score_std_Wisconsin Prognostic Breast Cancer_STANDARDNORMAL;dt_scores_soft_binary_crossentropy_data_random_std_Wisconsin Prognostic Breast Cancer_STANDARDNORMAL;dt_scores_binary_crossentropy_data_random_std_Wisconsin Prognostic Breast Cancer_STANDARDNORMAL;dt_scores_accuracy_data_random_std_Wisconsin Prognostic Breast Cancer_STANDARDNORMAL;dt_scores_f1_score_data_random_std_Wisconsin Prognostic Breast Cancer_STANDARDNORMAL;dt_scores_roc_auc_score_data_random_std_Wisconsin Prognostic Breast Cancer_STANDARDNORMAL;dt_scores_runtime_Wisconsin Prognostic Breast Cancer_STANDARDNORMAL;inet_scores_soft_binary_crossentropy_Wisconsin Prognostic Breast Cancer_STANDARDNORMAL;inet_scores_binary_crossentropy_Wisconsin Prognostic Breast Cancer_STANDARDNORMAL;inet_scores_accuracy_Wisconsin Prognostic Breast Cancer_STANDARDNORMAL;inet_scores_f1_score_Wisconsin Prognostic Breast Cancer_STANDARDNORMAL;inet_scores_roc_auc_score_Wisconsin Prognostic Breast Cancer_STANDARDNORMAL;inet_scores_runtime_Wisconsin Prognostic Breast Cancer_STANDARDNORMAL;model_scores_soft_binary_crossentropy_Wisconsin Prognostic Breast Cancer_STANDARDNORMAL;model_scores_binary_crossentropy_Wisconsin Prognostic Breast Cancer_STANDARDNORMAL;model_scores_accuracy_Wisconsin Prognostic Breast Cancer_STANDARDNORMAL;model_scores_f1_score_Wisconsin Prognostic Breast Cancer_STANDARDNORMAL;model_scores_roc_auc_score_Wisconsin Prognostic Breast Cancer_STANDARDNORMAL;model_scores_runtime_Wisconsin Prognostic Breast Cancer_STANDARDNORMAL;dt_scores_soft_binary_crossentropy_['uniform', 'normal', 'gamma', 'beta', 'poisson']_Abalone_STANDARDNORMAL;dt_scores_binary_crossentropy_['uniform', 'normal', 'gamma', 'beta', 'poisson']_Abalone_STANDARDNORMAL;dt_scores_accuracy_['uniform', 'normal', 'gamma', 'beta', 'poisson']_Abalone_STANDARDNORMAL;dt_scores_f1_score_['uniform', 'normal', 'gamma', 'beta', 'poisson']_Abalone_STANDARDNORMAL;dt_scores_roc_auc_score_['uniform', 'normal', 'gamma', 'beta', 'poisson']_Abalone_STANDARDNORMAL;dt_scores_soft_binary_crossentropy_data_random_['uniform', 'normal', 'gamma', 'beta', 'poisson']_Abalone_STANDARDNORMAL;dt_scores_binary_crossentropy_data_random_['uniform', 'normal', 'gamma', 'beta', 'poisson']_Abalone_STANDARDNORMAL;dt_scores_accuracy_data_random_['uniform', 'normal', 'gamma', 'beta', 'poisson']_Abalone_STANDARDNORMAL;dt_scores_f1_score_data_random_['uniform', 'normal', 'gamma', 'beta', 'poisson']_Abalone_STANDARDNORMAL;dt_scores_roc_auc_score_data_random_['uniform', 'normal', 'gamma', 'beta', 'poisson']_Abalone_STANDARDNORMAL;dt_scores_runtime_['uniform', 'normal', 'gamma', 'beta', 'poisson']_Abalone_STANDARDNORMAL;dt_scores_soft_binary_crossentropy_Abalone_STANDARDNORMAL;dt_scores_binary_crossentropy_Abalone_STANDARDNORMAL;dt_scores_accuracy_Abalone_STANDARDNORMAL;dt_scores_f1_score_Abalone_STANDARDNORMAL;dt_scores_roc_auc_score_Abalone_STANDARDNORMAL;dt_scores_soft_binary_crossentropy_data_random_Abalone_STANDARDNORMAL;dt_scores_binary_crossentropy_data_random_Abalone_STANDARDNORMAL;dt_scores_accuracy_data_random_Abalone_STANDARDNORMAL;dt_scores_f1_score_data_random_Abalone_STANDARDNORMAL;dt_scores_roc_auc_score_data_random_Abalone_STANDARDNORMAL;dt_scores_soft_binary_crossentropy_std_Abalone_STANDARDNORMAL;dt_scores_binary_crossentropy_std_Abalone_STANDARDNORMAL;dt_scores_accuracy_std_Abalone_STANDARDNORMAL;dt_scores_f1_score_std_Abalone_STANDARDNORMAL;dt_scores_roc_auc_score_std_Abalone_STANDARDNORMAL;dt_scores_soft_binary_crossentropy_data_random_std_Abalone_STANDARDNORMAL;dt_scores_binary_crossentropy_data_random_std_Abalone_STANDARDNORMAL;dt_scores_accuracy_data_random_std_Abalone_STANDARDNORMAL;dt_scores_f1_score_data_random_std_Abalone_STANDARDNORMAL;dt_scores_roc_auc_score_data_random_std_Abalone_STANDARDNORMAL;dt_scores_runtime_Abalone_STANDARDNORMAL;inet_scores_soft_binary_crossentropy_Abalone_STANDARDNORMAL;inet_scores_binary_crossentropy_Abalone_STANDARDNORMAL;inet_scores_accuracy_Abalone_STANDARDNORMAL;inet_scores_f1_score_Abalone_STANDARDNORMAL;inet_scores_roc_auc_score_Abalone_STANDARDNORMAL;inet_scores_runtime_Abalone_STANDARDNORMAL;model_scores_soft_binary_crossentropy_Abalone_STANDARDNORMAL;model_scores_binary_crossentropy_Abalone_STANDARDNORMAL;model_scores_accuracy_Abalone_STANDARDNORMAL;model_scores_f1_score_Abalone_STANDARDNORMAL;model_scores_roc_auc_score_Abalone_STANDARDNORMAL;model_scores_runtime_Abalone_STANDARDNORMAL;dt_scores_soft_binary_crossentropy_['uniform', 'normal', 'gamma', 'beta', 'poisson']_Car_STANDARDNORMAL;dt_scores_binary_crossentropy_['uniform', 'normal', 'gamma', 'beta', 'poisson']_Car_STANDARDNORMAL;dt_scores_accuracy_['uniform', 'normal', 'gamma', 'beta', 'poisson']_Car_STANDARDNORMAL;dt_scores_f1_score_['uniform', 'normal', 'gamma', 'beta', 'poisson']_Car_STANDARDNORMAL;dt_scores_roc_auc_score_['uniform', 'normal', 'gamma', 'beta', 'poisson']_Car_STANDARDNORMAL;dt_scores_soft_binary_crossentropy_data_random_['uniform', 'normal', 'gamma', 'beta', 'poisson']_Car_STANDARDNORMAL;dt_scores_binary_crossentropy_data_random_['uniform', 'normal', 'gamma', 'beta', 'poisson']_Car_STANDARDNORMAL;dt_scores_accuracy_data_random_['uniform', 'normal', 'gamma', 'beta', 'poisson']_Car_STANDARDNORMAL;dt_scores_f1_score_data_random_['uniform', 'normal', 'gamma', 'beta', 'poisson']_Car_STANDARDNORMAL;dt_scores_roc_auc_score_data_random_['uniform', 'normal', 'gamma', 'beta', 'poisson']_Car_STANDARDNORMAL;dt_scores_runtime_['uniform', 'normal', 'gamma', 'beta', 'poisson']_Car_STANDARDNORMAL;dt_scores_soft_binary_crossentropy_Car_STANDARDNORMAL;dt_scores_binary_crossentropy_Car_STANDARDNORMAL;dt_scores_accuracy_Car_STANDARDNORMAL;dt_scores_f1_score_Car_STANDARDNORMAL;dt_scores_roc_auc_score_Car_STANDARDNORMAL;dt_scores_soft_binary_crossentropy_data_random_Car_STANDARDNORMAL;dt_scores_binary_crossentropy_data_random_Car_STANDARDNORMAL;dt_scores_accuracy_data_random_Car_STANDARDNORMAL;dt_scores_f1_score_data_random_Car_STANDARDNORMAL;dt_scores_roc_auc_score_data_random_Car_STANDARDNORMAL;dt_scores_soft_binary_crossentropy_std_Car_STANDARDNORMAL;dt_scores_binary_crossentropy_std_Car_STANDARDNORMAL;dt_scores_accuracy_std_Car_STANDARDNORMAL;dt_scores_f1_score_std_Car_STANDARDNORMAL;dt_scores_roc_auc_score_std_Car_STANDARDNORMAL;dt_scores_soft_binary_crossentropy_data_random_std_Car_STANDARDNORMAL;dt_scores_binary_crossentropy_data_random_std_Car_STANDARDNORMAL;dt_scores_accuracy_data_random_std_Car_STANDARDNORMAL;dt_scores_f1_score_data_random_std_Car_STANDARDNORMAL;dt_scores_roc_auc_score_data_random_std_Car_STANDARDNORMAL;dt_scores_runtime_Car_STANDARDNORMAL;inet_scores_soft_binary_crossentropy_Car_STANDARDNORMAL;inet_scores_binary_crossentropy_Car_STANDARDNORMAL;inet_scores_accuracy_Car_STANDARDNORMAL;inet_scores_f1_score_Car_STANDARDNORMAL;inet_scores_roc_auc_score_Car_STANDARDNORMAL;inet_scores_runtime_Car_STANDARDNORMAL;model_scores_soft_binary_crossentropy_Car_STANDARDNORMAL;model_scores_binary_crossentropy_Car_STANDARDNORMAL;model_scores_accuracy_Car_STANDARDNORMAL;model_scores_f1_score_Car_STANDARDNORMAL;model_scores_roc_auc_score_Car_STANDARDNORMAL;model_scores_runtime_Car_STANDARDNORMAL;dt_scores_soft_binary_crossentropy_['uniform', 'normal', 'gamma', 'beta', 'poisson']_Heart Disease_STANDARDNORMAL;dt_scores_binary_crossentropy_['uniform', 'normal', 'gamma', 'beta', 'poisson']_Heart Disease_STANDARDNORMAL;dt_scores_accuracy_['uniform', 'normal', 'gamma', 'beta', 'poisson']_Heart Disease_STANDARDNORMAL;dt_scores_f1_score_['uniform', 'normal', 'gamma', 'beta', 'poisson']_Heart Disease_STANDARDNORMAL;dt_scores_roc_auc_score_['uniform', 'normal', 'gamma', 'beta', 'poisson']_Heart Disease_STANDARDNORMAL;dt_scores_soft_binary_crossentropy_data_random_['uniform', 'normal', 'gamma', 'beta', 'poisson']_Heart Disease_STANDARDNORMAL;dt_scores_binary_crossentropy_data_random_['uniform', 'normal', 'gamma', 'beta', 'poisson']_Heart Disease_STANDARDNORMAL;dt_scores_accuracy_data_random_['uniform', 'normal', 'gamma', 'beta', 'poisson']_Heart Disease_STANDARDNORMAL;dt_scores_f1_score_data_random_['uniform', 'normal', 'gamma', 'beta', 'poisson']_Heart Disease_STANDARDNORMAL;dt_scores_roc_auc_score_data_random_['uniform', 'normal', 'gamma', 'beta', 'poisson']_Heart Disease_STANDARDNORMAL;dt_scores_runtime_['uniform', 'normal', 'gamma', 'beta', 'poisson']_Heart Disease_STANDARDNORMAL;dt_scores_soft_binary_crossentropy_Heart Disease_STANDARDNORMAL;dt_scores_binary_crossentropy_Heart Disease_STANDARDNORMAL;dt_scores_accuracy_Heart Disease_STANDARDNORMAL;dt_scores_f1_score_Heart Disease_STANDARDNORMAL;dt_scores_roc_auc_score_Heart Disease_STANDARDNORMAL;dt_scores_soft_binary_crossentropy_data_random_Heart Disease_STANDARDNORMAL;dt_scores_binary_crossentropy_data_random_Heart Disease_STANDARDNORMAL;dt_scores_accuracy_data_random_Heart Disease_STANDARDNORMAL;dt_scores_f1_score_data_random_Heart Disease_STANDARDNORMAL;dt_scores_roc_auc_score_data_random_Heart Disease_STANDARDNORMAL;dt_scores_soft_binary_crossentropy_std_Heart Disease_STANDARDNORMAL;dt_scores_binary_crossentropy_std_Heart Disease_STANDARDNORMAL;dt_scores_accuracy_std_Heart Disease_STANDARDNORMAL;dt_scores_f1_score_std_Heart Disease_STANDARDNORMAL;dt_scores_roc_auc_score_std_Heart Disease_STANDARDNORMAL;dt_scores_soft_binary_crossentropy_data_random_std_Heart Disease_STANDARDNORMAL;dt_scores_binary_crossentropy_data_random_std_Heart Disease_STANDARDNORMAL;dt_scores_accuracy_data_random_std_Heart Disease_STANDARDNORMAL;dt_scores_f1_score_data_random_std_Heart Disease_STANDARDNORMAL;dt_scores_roc_auc_score_data_random_std_Heart Disease_STANDARDNORMAL;dt_scores_runtime_Heart Disease_STANDARDNORMAL;inet_scores_soft_binary_crossentropy_Heart Disease_STANDARDNORMAL;inet_scores_binary_crossentropy_Heart Disease_STANDARDNORMAL;inet_scores_accuracy_Heart Disease_STANDARDNORMAL;inet_scores_f1_score_Heart Disease_STANDARDNORMAL;inet_scores_roc_auc_score_Heart Disease_STANDARDNORMAL;inet_scores_runtime_Heart Disease_STANDARDNORMAL;model_scores_soft_binary_crossentropy_Heart Disease_STANDARDNORMAL;model_scores_binary_crossentropy_Heart Disease_STANDARDNORMAL;model_scores_accuracy_Heart Disease_STANDARDNORMAL;model_scores_f1_score_Heart Disease_STANDARDNORMAL;model_scores_roc_auc_score_Heart Disease_STANDARDNORMAL;model_scores_runtime_Heart Disease_STANDARDNORMAL;dt_scores_soft_binary_crossentropy_['uniform', 'normal', 'gamma', 'beta', 'poisson']_Credit Card_STANDARDNORMAL;dt_scores_binary_crossentropy_['uniform', 'normal', 'gamma', 'beta', 'poisson']_Credit Card_STANDARDNORMAL;dt_scores_accuracy_['uniform', 'normal', 'gamma', 'beta', 'poisson']_Credit Card_STANDARDNORMAL;dt_scores_f1_score_['uniform', 'normal', 'gamma', 'beta', 'poisson']_Credit Card_STANDARDNORMAL;dt_scores_roc_auc_score_['uniform', 'normal', 'gamma', 'beta', 'poisson']_Credit Card_STANDARDNORMAL;dt_scores_soft_binary_crossentropy_data_random_['uniform', 'normal', 'gamma', 'beta', 'poisson']_Credit Card_STANDARDNORMAL;dt_scores_binary_crossentropy_data_random_['uniform', 'normal', 'gamma', 'beta', 'poisson']_Credit Card_STANDARDNORMAL;dt_scores_accuracy_data_random_['uniform', 'normal', 'gamma', 'beta', 'poisson']_Credit Card_STANDARDNORMAL;dt_scores_f1_score_data_random_['uniform', 'normal', 'gamma', 'beta', 'poisson']_Credit Card_STANDARDNORMAL;dt_scores_roc_auc_score_data_random_['uniform', 'normal', 'gamma', 'beta', 'poisson']_Credit Card_STANDARDNORMAL;dt_scores_runtime_['uniform', 'normal', 'gamma', 'beta', 'poisson']_Credit Card_STANDARDNORMAL;dt_scores_soft_binary_crossentropy_Credit Card_STANDARDNORMAL;dt_scores_binary_crossentropy_Credit Card_STANDARDNORMAL;dt_scores_accuracy_Credit Card_STANDARDNORMAL;dt_scores_f1_score_Credit Card_STANDARDNORMAL;dt_scores_roc_auc_score_Credit Card_STANDARDNORMAL;dt_scores_soft_binary_crossentropy_data_random_Credit Card_STANDARDNORMAL;dt_scores_binary_crossentropy_data_random_Credit Card_STANDARDNORMAL;dt_scores_accuracy_data_random_Credit Card_STANDARDNORMAL;dt_scores_f1_score_data_random_Credit Card_STANDARDNORMAL;dt_scores_roc_auc_score_data_random_Credit Card_STANDARDNORMAL;dt_scores_soft_binary_crossentropy_std_Credit Card_STANDARDNORMAL;dt_scores_binary_crossentropy_std_Credit Card_STANDARDNORMAL;dt_scores_accuracy_std_Credit Card_STANDARDNORMAL;dt_scores_f1_score_std_Credit Card_STANDARDNORMAL;dt_scores_roc_auc_score_std_Credit Card_STANDARDNORMAL;dt_scores_soft_binary_crossentropy_data_random_std_Credit Card_STANDARDNORMAL;dt_scores_binary_crossentropy_data_random_std_Credit Card_STANDARDNORMAL;dt_scores_accuracy_data_random_std_Credit Card_STANDARDNORMAL;dt_scores_f1_score_data_random_std_Credit Card_STANDARDNORMAL;dt_scores_roc_auc_score_data_random_std_Credit Card_STANDARDNORMAL;dt_scores_runtime_Credit Card_STANDARDNORMAL;inet_scores_soft_binary_crossentropy_Credit Card_STANDARDNORMAL;inet_scores_binary_crossentropy_Credit Card_STANDARDNORMAL;inet_scores_accuracy_Credit Card_STANDARDNORMAL;inet_scores_f1_score_Credit Card_STANDARDNORMAL;inet_scores_roc_auc_score_Credit Card_STANDARDNORMAL;inet_scores_runtime_Credit Card_STANDARDNORMAL;model_scores_soft_binary_crossentropy_Credit Card_STANDARDNORMAL;model_scores_binary_crossentropy_Credit Card_STANDARDNORMAL;model_scores_accuracy_Credit Card_STANDARDNORMAL;model_scores_f1_score_Credit Card_STANDARDNORMAL;model_scores_roc_auc_score_Credit Card_STANDARDNORMAL;model_scores_runtime_Credit Card_STANDARDNORMAL;dt_scores_soft_binary_crossentropy_['uniform', 'normal', 'gamma', 'beta', 'poisson']_Haberman_STANDARDNORMAL;dt_scores_binary_crossentropy_['uniform', 'normal', 'gamma', 'beta', 'poisson']_Haberman_STANDARDNORMAL;dt_scores_accuracy_['uniform', 'normal', 'gamma', 'beta', 'poisson']_Haberman_STANDARDNORMAL;dt_scores_f1_score_['uniform', 'normal', 'gamma', 'beta', 'poisson']_Haberman_STANDARDNORMAL;dt_scores_roc_auc_score_['uniform', 'normal', 'gamma', 'beta', 'poisson']_Haberman_STANDARDNORMAL;dt_scores_soft_binary_crossentropy_data_random_['uniform', 'normal', 'gamma', 'beta', 'poisson']_Haberman_STANDARDNORMAL;dt_scores_binary_crossentropy_data_random_['uniform', 'normal', 'gamma', 'beta', 'poisson']_Haberman_STANDARDNORMAL;dt_scores_accuracy_data_random_['uniform', 'normal', 'gamma', 'beta', 'poisson']_Haberman_STANDARDNORMAL;dt_scores_f1_score_data_random_['uniform', 'normal', 'gamma', 'beta', 'poisson']_Haberman_STANDARDNORMAL;dt_scores_roc_auc_score_data_random_['uniform', 'normal', 'gamma', 'beta', 'poisson']_Haberman_STANDARDNORMAL;dt_scores_runtime_['uniform', 'normal', 'gamma', 'beta', 'poisson']_Haberman_STANDARDNORMAL;dt_scores_soft_binary_crossentropy_Haberman_STANDARDNORMAL;dt_scores_binary_crossentropy_Haberman_STANDARDNORMAL;dt_scores_accuracy_Haberman_STANDARDNORMAL;dt_scores_f1_score_Haberman_STANDARDNORMAL;dt_scores_roc_auc_score_Haberman_STANDARDNORMAL;dt_scores_soft_binary_crossentropy_data_random_Haberman_STANDARDNORMAL;dt_scores_binary_crossentropy_data_random_Haberman_STANDARDNORMAL;dt_scores_accuracy_data_random_Haberman_STANDARDNORMAL;dt_scores_f1_score_data_random_Haberman_STANDARDNORMAL;dt_scores_roc_auc_score_data_random_Haberman_STANDARDNORMAL;dt_scores_soft_binary_crossentropy_std_Haberman_STANDARDNORMAL;dt_scores_binary_crossentropy_std_Haberman_STANDARDNORMAL;dt_scores_accuracy_std_Haberman_STANDARDNORMAL;dt_scores_f1_score_std_Haberman_STANDARDNORMAL;dt_scores_roc_auc_score_std_Haberman_STANDARDNORMAL;dt_scores_soft_binary_crossentropy_data_random_std_Haberman_STANDARDNORMAL;dt_scores_binary_crossentropy_data_random_std_Haberman_STANDARDNORMAL;dt_scores_accuracy_data_random_std_Haberman_STANDARDNORMAL;dt_scores_f1_score_data_random_std_Haberman_STANDARDNORMAL;dt_scores_roc_auc_score_data_random_std_Haberman_STANDARDNORMAL;dt_scores_runtime_Haberman_STANDARDNORMAL;inet_scores_soft_binary_crossentropy_Haberman_STANDARDNORMAL;inet_scores_binary_crossentropy_Haberman_STANDARDNORMAL;inet_scores_accuracy_Haberman_STANDARDNORMAL;inet_scores_f1_score_Haberman_STANDARDNORMAL;inet_scores_roc_auc_score_Haberman_STANDARDNORMAL;inet_scores_runtime_Haberman_STANDARDNORMAL;model_scores_soft_binary_crossentropy_Haberman_STANDARDNORMAL;model_scores_binary_crossentropy_Haberman_STANDARDNORMAL;model_scores_accuracy_Haberman_STANDARDNORMAL;model_scores_f1_score_Haberman_STANDARDNORMAL;model_scores_roc_auc_score_Haberman_STANDARDNORMAL;model_scores_runtime_Haberman_STANDARDNORMAL;dt_scores_soft_binary_crossentropy_['uniform', 'normal', 'gamma', 'beta', 'poisson']_Adult_STANDARDNORMAL;dt_scores_binary_crossentropy_['uniform', 'normal', 'gamma', 'beta', 'poisson']_Adult_STANDARDNORMAL;dt_scores_accuracy_['uniform', 'normal', 'gamma', 'beta', 'poisson']_Adult_STANDARDNORMAL;dt_scores_f1_score_['uniform', 'normal', 'gamma', 'beta', 'poisson']_Adult_STANDARDNORMAL;dt_scores_roc_auc_score_['uniform', 'normal', 'gamma', 'beta', 'poisson']_Adult_STANDARDNORMAL;dt_scores_soft_binary_crossentropy_data_random_['uniform', 'normal', 'gamma', 'beta', 'poisson']_Adult_STANDARDNORMAL;dt_scores_binary_crossentropy_data_random_['uniform', 'normal', 'gamma', 'beta', 'poisson']_Adult_STANDARDNORMAL;dt_scores_accuracy_data_random_['uniform', 'normal', 'gamma', 'beta', 'poisson']_Adult_STANDARDNORMAL;dt_scores_f1_score_data_random_['uniform', 'normal', 'gamma', 'beta', 'poisson']_Adult_STANDARDNORMAL;dt_scores_roc_auc_score_data_random_['uniform', 'normal', 'gamma', 'beta', 'poisson']_Adult_STANDARDNORMAL;dt_scores_runtime_['uniform', 'normal', 'gamma', 'beta', 'poisson']_Adult_STANDARDNORMAL;dt_scores_soft_binary_crossentropy_Adult_STANDARDNORMAL;dt_scores_binary_crossentropy_Adult_STANDARDNORMAL;dt_scores_accuracy_Adult_STANDARDNORMAL;dt_scores_f1_score_Adult_STANDARDNORMAL;dt_scores_roc_auc_score_Adult_STANDARDNORMAL;dt_scores_soft_binary_crossentropy_data_random_Adult_STANDARDNORMAL;dt_scores_binary_crossentropy_data_random_Adult_STANDARDNORMAL;dt_scores_accuracy_data_random_Adult_STANDARDNORMAL;dt_scores_f1_score_data_random_Adult_STANDARDNORMAL;dt_scores_roc_auc_score_data_random_Adult_STANDARDNORMAL;dt_scores_soft_binary_crossentropy_std_Adult_STANDARDNORMAL;dt_scores_binary_crossentropy_std_Adult_STANDARDNORMAL;dt_scores_accuracy_std_Adult_STANDARDNORMAL;dt_scores_f1_score_std_Adult_STANDARDNORMAL;dt_scores_roc_auc_score_std_Adult_STANDARDNORMAL;dt_scores_soft_binary_crossentropy_data_random_std_Adult_STANDARDNORMAL;dt_scores_binary_crossentropy_data_random_std_Adult_STANDARDNORMAL;dt_scores_accuracy_data_random_std_Adult_STANDARDNORMAL;dt_scores_f1_score_data_random_std_Adult_STANDARDNORMAL;dt_scores_roc_auc_score_data_random_std_Adult_STANDARDNORMAL;dt_scores_runtime_Adult_STANDARDNORMAL;inet_scores_soft_binary_crossentropy_Adult_STANDARDNORMAL;inet_scores_binary_crossentropy_Adult_STANDARDNORMAL;inet_scores_accuracy_Adult_STANDARDNORMAL;inet_scores_f1_score_Adult_STANDARDNORMAL;inet_scores_roc_auc_score_Adult_STANDARDNORMAL;inet_scores_runtime_Adult_STANDARDNORMAL;model_scores_soft_binary_crossentropy_Adult_STANDARDNORMAL;model_scores_binary_crossentropy_Adult_STANDARDNORMAL;model_scores_accuracy_Adult_STANDARDNORMAL;model_scores_f1_score_Adult_STANDARDNORMAL;model_scores_roc_auc_score_Adult_STANDARDNORMAL;model_scores_runtime_Adult_STANDARDNORMAL;dt_scores_soft_binary_crossentropy_['uniform', 'normal', 'gamma', 'beta', 'poisson']_Titanic_STANDARDNORMAL;dt_scores_binary_crossentropy_['uniform', 'normal', 'gamma', 'beta', 'poisson']_Titanic_STANDARDNORMAL;dt_scores_accuracy_['uniform', 'normal', 'gamma', 'beta', 'poisson']_Titanic_STANDARDNORMAL;dt_scores_f1_score_['uniform', 'normal', 'gamma', 'beta', 'poisson']_Titanic_STANDARDNORMAL;dt_scores_roc_auc_score_['uniform', 'normal', 'gamma', 'beta', 'poisson']_Titanic_STANDARDNORMAL;dt_scores_soft_binary_crossentropy_data_random_['uniform', 'normal', 'gamma', 'beta', 'poisson']_Titanic_STANDARDNORMAL;dt_scores_binary_crossentropy_data_random_['uniform', 'normal', 'gamma', 'beta', 'poisson']_Titanic_STANDARDNORMAL;dt_scores_accuracy_data_random_['uniform', 'normal', 'gamma', 'beta', 'poisson']_Titanic_STANDARDNORMAL;dt_scores_f1_score_data_random_['uniform', 'normal', 'gamma', 'beta', 'poisson']_Titanic_STANDARDNORMAL;dt_scores_roc_auc_score_data_random_['uniform', 'normal', 'gamma', 'beta', 'poisson']_Titanic_STANDARDNORMAL;dt_scores_runtime_['uniform', 'normal', 'gamma', 'beta', 'poisson']_Titanic_STANDARDNORMAL;dt_scores_soft_binary_crossentropy_Titanic_STANDARDNORMAL;dt_scores_binary_crossentropy_Titanic_STANDARDNORMAL;dt_scores_accuracy_Titanic_STANDARDNORMAL;dt_scores_f1_score_Titanic_STANDARDNORMAL;dt_scores_roc_auc_score_Titanic_STANDARDNORMAL;dt_scores_soft_binary_crossentropy_data_random_Titanic_STANDARDNORMAL;dt_scores_binary_crossentropy_data_random_Titanic_STANDARDNORMAL;dt_scores_accuracy_data_random_Titanic_STANDARDNORMAL;dt_scores_f1_score_data_random_Titanic_STANDARDNORMAL;dt_scores_roc_auc_score_data_random_Titanic_STANDARDNORMAL;dt_scores_soft_binary_crossentropy_std_Titanic_STANDARDNORMAL;dt_scores_binary_crossentropy_std_Titanic_STANDARDNORMAL;dt_scores_accuracy_std_Titanic_STANDARDNORMAL;dt_scores_f1_score_std_Titanic_STANDARDNORMAL;dt_scores_roc_auc_score_std_Titanic_STANDARDNORMAL;dt_scores_soft_binary_crossentropy_data_random_std_Titanic_STANDARDNORMAL;dt_scores_binary_crossentropy_data_random_std_Titanic_STANDARDNORMAL;dt_scores_accuracy_data_random_std_Titanic_STANDARDNORMAL;dt_scores_f1_score_data_random_std_Titanic_STANDARDNORMAL;dt_scores_roc_auc_score_data_random_std_Titanic_STANDARDNORMAL;dt_scores_runtime_Titanic_STANDARDNORMAL;inet_scores_soft_binary_crossentropy_Titanic_STANDARDNORMAL;inet_scores_binary_crossentropy_Titanic_STANDARDNORMAL;inet_scores_accuracy_Titanic_STANDARDNORMAL;inet_scores_f1_score_Titanic_STANDARDNORMAL;inet_scores_roc_auc_score_Titanic_STANDARDNORMAL;inet_scores_runtime_Titanic_STANDARDNORMAL;model_scores_soft_binary_crossentropy_Titanic_STANDARDNORMAL;model_scores_binary_crossentropy_Titanic_STANDARDNORMAL;model_scores_accuracy_Titanic_STANDARDNORMAL;model_scores_f1_score_Titanic_STANDARDNORMAL;model_scores_roc_auc_score_Titanic_STANDARDNORMAL;model_scores_runtime_Titanic_STANDARDNORMAL;dt_scores_soft_binary_crossentropy_['uniform', 'normal', 'gamma', 'beta', 'poisson']_Absenteeism_STANDARDNORMAL;dt_scores_binary_crossentropy_['uniform', 'normal', 'gamma', 'beta', 'poisson']_Absenteeism_STANDARDNORMAL;dt_scores_accuracy_['uniform', 'normal', 'gamma', 'beta', 'poisson']_Absenteeism_STANDARDNORMAL;dt_scores_f1_score_['uniform', 'normal', 'gamma', 'beta', 'poisson']_Absenteeism_STANDARDNORMAL;dt_scores_roc_auc_score_['uniform', 'normal', 'gamma', 'beta', 'poisson']_Absenteeism_STANDARDNORMAL;dt_scores_soft_binary_crossentropy_data_random_['uniform', 'normal', 'gamma', 'beta', 'poisson']_Absenteeism_STANDARDNORMAL;dt_scores_binary_crossentropy_data_random_['uniform', 'normal', 'gamma', 'beta', 'poisson']_Absenteeism_STANDARDNORMAL;dt_scores_accuracy_data_random_['uniform', 'normal', 'gamma', 'beta', 'poisson']_Absenteeism_STANDARDNORMAL;dt_scores_f1_score_data_random_['uniform', 'normal', 'gamma', 'beta', 'poisson']_Absenteeism_STANDARDNORMAL;dt_scores_roc_auc_score_data_random_['uniform', 'normal', 'gamma', 'beta', 'poisson']_Absenteeism_STANDARDNORMAL;dt_scores_runtime_['uniform', 'normal', 'gamma', 'beta', 'poisson']_Absenteeism_STANDARDNORMAL;dt_scores_soft_binary_crossentropy_Absenteeism_STANDARDNORMAL;dt_scores_binary_crossentropy_Absenteeism_STANDARDNORMAL;dt_scores_accuracy_Absenteeism_STANDARDNORMAL;dt_scores_f1_score_Absenteeism_STANDARDNORMAL;dt_scores_roc_auc_score_Absenteeism_STANDARDNORMAL;dt_scores_soft_binary_crossentropy_data_random_Absenteeism_STANDARDNORMAL;dt_scores_binary_crossentropy_data_random_Absenteeism_STANDARDNORMAL;dt_scores_accuracy_data_random_Absenteeism_STANDARDNORMAL;dt_scores_f1_score_data_random_Absenteeism_STANDARDNORMAL;dt_scores_roc_auc_score_data_random_Absenteeism_STANDARDNORMAL;dt_scores_soft_binary_crossentropy_std_Absenteeism_STANDARDNORMAL;dt_scores_binary_crossentropy_std_Absenteeism_STANDARDNORMAL;dt_scores_accuracy_std_Absenteeism_STANDARDNORMAL;dt_scores_f1_score_std_Absenteeism_STANDARDNORMAL;dt_scores_roc_auc_score_std_Absenteeism_STANDARDNORMAL;dt_scores_soft_binary_crossentropy_data_random_std_Absenteeism_STANDARDNORMAL;dt_scores_binary_crossentropy_data_random_std_Absenteeism_STANDARDNORMAL;dt_scores_accuracy_data_random_std_Absenteeism_STANDARDNORMAL;dt_scores_f1_score_data_random_std_Absenteeism_STANDARDNORMAL;dt_scores_roc_auc_score_data_random_std_Absenteeism_STANDARDNORMAL;dt_scores_runtime_Absenteeism_STANDARDNORMAL;inet_scores_soft_binary_crossentropy_Absenteeism_STANDARDNORMAL;inet_scores_binary_crossentropy_Absenteeism_STANDARDNORMAL;inet_scores_accuracy_Absenteeism_STANDARDNORMAL;inet_scores_f1_score_Absenteeism_STANDARDNORMAL;inet_scores_roc_auc_score_Absenteeism_STANDARDNORMAL;inet_scores_runtime_Absenteeism_STANDARDNORMAL;model_scores_soft_binary_crossentropy_Absenteeism_STANDARDNORMAL;model_scores_binary_crossentropy_Absenteeism_STANDARDNORMAL;model_scores_accuracy_Absenteeism_STANDARDNORMAL;model_scores_f1_score_Absenteeism_STANDARDNORMAL;model_scores_roc_auc_score_Absenteeism_STANDARDNORMAL;model_scores_runtime_Absenteeism_STANDARDNORMAL;dt_scores_soft_binary_crossentropy_['uniform', 'normal', 'gamma', 'beta', 'poisson']_Loan House_STANDARDNORMAL;dt_scores_binary_crossentropy_['uniform', 'normal', 'gamma', 'beta', 'poisson']_Loan House_STANDARDNORMAL;dt_scores_accuracy_['uniform', 'normal', 'gamma', 'beta', 'poisson']_Loan House_STANDARDNORMAL;dt_scores_f1_score_['uniform', 'normal', 'gamma', 'beta', 'poisson']_Loan House_STANDARDNORMAL;dt_scores_roc_auc_score_['uniform', 'normal', 'gamma', 'beta', 'poisson']_Loan House_STANDARDNORMAL;dt_scores_soft_binary_crossentropy_data_random_['uniform', 'normal', 'gamma', 'beta', 'poisson']_Loan House_STANDARDNORMAL;dt_scores_binary_crossentropy_data_random_['uniform', 'normal', 'gamma', 'beta', 'poisson']_Loan House_STANDARDNORMAL;dt_scores_accuracy_data_random_['uniform', 'normal', 'gamma', 'beta', 'poisson']_Loan House_STANDARDNORMAL;dt_scores_f1_score_data_random_['uniform', 'normal', 'gamma', 'beta', 'poisson']_Loan House_STANDARDNORMAL;dt_scores_roc_auc_score_data_random_['uniform', 'normal', 'gamma', 'beta', 'poisson']_Loan House_STANDARDNORMAL;dt_scores_runtime_['uniform', 'normal', 'gamma', 'beta', 'poisson']_Loan House_STANDARDNORMAL;dt_scores_soft_binary_crossentropy_Loan House_STANDARDNORMAL;dt_scores_binary_crossentropy_Loan House_STANDARDNORMAL;dt_scores_accuracy_Loan House_STANDARDNORMAL;dt_scores_f1_score_Loan House_STANDARDNORMAL;dt_scores_roc_auc_score_Loan House_STANDARDNORMAL;dt_scores_soft_binary_crossentropy_data_random_Loan House_STANDARDNORMAL;dt_scores_binary_crossentropy_data_random_Loan House_STANDARDNORMAL;dt_scores_accuracy_data_random_Loan House_STANDARDNORMAL;dt_scores_f1_score_data_random_Loan House_STANDARDNORMAL;dt_scores_roc_auc_score_data_random_Loan House_STANDARDNORMAL;dt_scores_soft_binary_crossentropy_std_Loan House_STANDARDNORMAL;dt_scores_binary_crossentropy_std_Loan House_STANDARDNORMAL;dt_scores_accuracy_std_Loan House_STANDARDNORMAL;dt_scores_f1_score_std_Loan House_STANDARDNORMAL;dt_scores_roc_auc_score_std_Loan House_STANDARDNORMAL;dt_scores_soft_binary_crossentropy_data_random_std_Loan House_STANDARDNORMAL;dt_scores_binary_crossentropy_data_random_std_Loan House_STANDARDNORMAL;dt_scores_accuracy_data_random_std_Loan House_STANDARDNORMAL;dt_scores_f1_score_data_random_std_Loan House_STANDARDNORMAL;dt_scores_roc_auc_score_data_random_std_Loan House_STANDARDNORMAL;dt_scores_runtime_Loan House_STANDARDNORMAL;inet_scores_soft_binary_crossentropy_Loan House_STANDARDNORMAL;inet_scores_binary_crossentropy_Loan House_STANDARDNORMAL;inet_scores_accuracy_Loan House_STANDARDNORMAL;inet_scores_f1_score_Loan House_STANDARDNORMAL;inet_scores_roc_auc_score_Loan House_STANDARDNORMAL;inet_scores_runtime_Loan House_STANDARDNORMAL;model_scores_soft_binary_crossentropy_Loan House_STANDARDNORMAL;model_scores_binary_crossentropy_Loan House_STANDARDNORMAL;model_scores_accuracy_Loan House_STANDARDNORMAL;model_scores_f1_score_Loan House_STANDARDNORMAL;model_scores_roc_auc_score_Loan House_STANDARDNORMAL;model_scores_runtime_Loan House_STANDARDNORMAL;dt_scores_soft_binary_crossentropy_['uniform', 'normal', 'gamma', 'beta', 'poisson']_Loan Credit_STANDARDNORMAL;dt_scores_binary_crossentropy_['uniform', 'normal', 'gamma', 'beta', 'poisson']_Loan Credit_STANDARDNORMAL;dt_scores_accuracy_['uniform', 'normal', 'gamma', 'beta', 'poisson']_Loan Credit_STANDARDNORMAL;dt_scores_f1_score_['uniform', 'normal', 'gamma', 'beta', 'poisson']_Loan Credit_STANDARDNORMAL;dt_scores_roc_auc_score_['uniform', 'normal', 'gamma', 'beta', 'poisson']_Loan Credit_STANDARDNORMAL;dt_scores_soft_binary_crossentropy_data_random_['uniform', 'normal', 'gamma', 'beta', 'poisson']_Loan Credit_STANDARDNORMAL;dt_scores_binary_crossentropy_data_random_['uniform', 'normal', 'gamma', 'beta', 'poisson']_Loan Credit_STANDARDNORMAL;dt_scores_accuracy_data_random_['uniform', 'normal', 'gamma', 'beta', 'poisson']_Loan Credit_STANDARDNORMAL;dt_scores_f1_score_data_random_['uniform', 'normal', 'gamma', 'beta', 'poisson']_Loan Credit_STANDARDNORMAL;dt_scores_roc_auc_score_data_random_['uniform', 'normal', 'gamma', 'beta', 'poisson']_Loan Credit_STANDARDNORMAL;dt_scores_runtime_['uniform', 'normal', 'gamma', 'beta', 'poisson']_Loan Credit_STANDARDNORMAL;dt_scores_soft_binary_crossentropy_Loan Credit_STANDARDNORMAL;dt_scores_binary_crossentropy_Loan Credit_STANDARDNORMAL;dt_scores_accuracy_Loan Credit_STANDARDNORMAL;dt_scores_f1_score_Loan Credit_STANDARDNORMAL;dt_scores_roc_auc_score_Loan Credit_STANDARDNORMAL;dt_scores_soft_binary_crossentropy_data_random_Loan Credit_STANDARDNORMAL;dt_scores_binary_crossentropy_data_random_Loan Credit_STANDARDNORMAL;dt_scores_accuracy_data_random_Loan Credit_STANDARDNORMAL;dt_scores_f1_score_data_random_Loan Credit_STANDARDNORMAL;dt_scores_roc_auc_score_data_random_Loan Credit_STANDARDNORMAL;dt_scores_soft_binary_crossentropy_std_Loan Credit_STANDARDNORMAL;dt_scores_binary_crossentropy_std_Loan Credit_STANDARDNORMAL;dt_scores_accuracy_std_Loan Credit_STANDARDNORMAL;dt_scores_f1_score_std_Loan Credit_STANDARDNORMAL;dt_scores_roc_auc_score_std_Loan Credit_STANDARDNORMAL;dt_scores_soft_binary_crossentropy_data_random_std_Loan Credit_STANDARDNORMAL;dt_scores_binary_crossentropy_data_random_std_Loan Credit_STANDARDNORMAL;dt_scores_accuracy_data_random_std_Loan Credit_STANDARDNORMAL;dt_scores_f1_score_data_random_std_Loan Credit_STANDARDNORMAL;dt_scores_roc_auc_score_data_random_std_Loan Credit_STANDARDNORMAL;dt_scores_runtime_Loan Credit_STANDARDNORMAL;inet_scores_soft_binary_crossentropy_Loan Credit_STANDARDNORMAL;inet_scores_binary_crossentropy_Loan Credit_STANDARDNORMAL;inet_scores_accuracy_Loan Credit_STANDARDNORMAL;inet_scores_f1_score_Loan Credit_STANDARDNORMAL;inet_scores_roc_auc_score_Loan Credit_STANDARDNORMAL;inet_scores_runtime_Loan Credit_STANDARDNORMAL;model_scores_soft_binary_crossentropy_Loan Credit_STANDARDNORMAL;model_scores_binary_crossentropy_Loan Credit_STANDARDNORMAL;model_scores_accuracy_Loan Credit_STANDARDNORMAL;model_scores_f1_score_Loan Credit_STANDARDNORMAL;model_scores_roc_auc_score_Loan Credit_STANDARDNORMAL;model_scores_runtime_Loan Credit_STANDARDNORMAL;dt_scores_soft_binary_crossentropy_['uniform', 'normal', 'gamma', 'beta', 'poisson']_Medical Insurance_STANDARDNORMAL;dt_scores_binary_crossentropy_['uniform', 'normal', 'gamma', 'beta', 'poisson']_Medical Insurance_STANDARDNORMAL;dt_scores_accuracy_['uniform', 'normal', 'gamma', 'beta', 'poisson']_Medical Insurance_STANDARDNORMAL;dt_scores_f1_score_['uniform', 'normal', 'gamma', 'beta', 'poisson']_Medical Insurance_STANDARDNORMAL;dt_scores_roc_auc_score_['uniform', 'normal', 'gamma', 'beta', 'poisson']_Medical Insurance_STANDARDNORMAL;dt_scores_soft_binary_crossentropy_data_random_['uniform', 'normal', 'gamma', 'beta', 'poisson']_Medical Insurance_STANDARDNORMAL;dt_scores_binary_crossentropy_data_random_['uniform', 'normal', 'gamma', 'beta', 'poisson']_Medical Insurance_STANDARDNORMAL;dt_scores_accuracy_data_random_['uniform', 'normal', 'gamma', 'beta', 'poisson']_Medical Insurance_STANDARDNORMAL;dt_scores_f1_score_data_random_['uniform', 'normal', 'gamma', 'beta', 'poisson']_Medical Insurance_STANDARDNORMAL;dt_scores_roc_auc_score_data_random_['uniform', 'normal', 'gamma', 'beta', 'poisson']_Medical Insurance_STANDARDNORMAL;dt_scores_runtime_['uniform', 'normal', 'gamma', 'beta', 'poisson']_Medical Insurance_STANDARDNORMAL;dt_scores_soft_binary_crossentropy_Medical Insurance_STANDARDNORMAL;dt_scores_binary_crossentropy_Medical Insurance_STANDARDNORMAL;dt_scores_accuracy_Medical Insurance_STANDARDNORMAL;dt_scores_f1_score_Medical Insurance_STANDARDNORMAL;dt_scores_roc_auc_score_Medical Insurance_STANDARDNORMAL;dt_scores_soft_binary_crossentropy_data_random_Medical Insurance_STANDARDNORMAL;dt_scores_binary_crossentropy_data_random_Medical Insurance_STANDARDNORMAL;dt_scores_accuracy_data_random_Medical Insurance_STANDARDNORMAL;dt_scores_f1_score_data_random_Medical Insurance_STANDARDNORMAL;dt_scores_roc_auc_score_data_random_Medical Insurance_STANDARDNORMAL;dt_scores_soft_binary_crossentropy_std_Medical Insurance_STANDARDNORMAL;dt_scores_binary_crossentropy_std_Medical Insurance_STANDARDNORMAL;dt_scores_accuracy_std_Medical Insurance_STANDARDNORMAL;dt_scores_f1_score_std_Medical Insurance_STANDARDNORMAL;dt_scores_roc_auc_score_std_Medical Insurance_STANDARDNORMAL;dt_scores_soft_binary_crossentropy_data_random_std_Medical Insurance_STANDARDNORMAL;dt_scores_binary_crossentropy_data_random_std_Medical Insurance_STANDARDNORMAL;dt_scores_accuracy_data_random_std_Medical Insurance_STANDARDNORMAL;dt_scores_f1_score_data_random_std_Medical Insurance_STANDARDNORMAL;dt_scores_roc_auc_score_data_random_std_Medical Insurance_STANDARDNORMAL;dt_scores_runtime_Medical Insurance_STANDARDNORMAL;inet_scores_soft_binary_crossentropy_Medical Insurance_STANDARDNORMAL;inet_scores_binary_crossentropy_Medical Insurance_STANDARDNORMAL;inet_scores_accuracy_Medical Insurance_STANDARDNORMAL;inet_scores_f1_score_Medical Insurance_STANDARDNORMAL;inet_scores_roc_auc_score_Medical Insurance_STANDARDNORMAL;inet_scores_runtime_Medical Insurance_STANDARDNORMAL;model_scores_soft_binary_crossentropy_Medical Insurance_STANDARDNORMAL;model_scores_binary_crossentropy_Medical Insurance_STANDARDNORMAL;model_scores_accuracy_Medical Insurance_STANDARDNORMAL;model_scores_f1_score_Medical Insurance_STANDARDNORMAL;model_scores_roc_auc_score_Medical Insurance_STANDARDNORMAL;model_scores_runtime_Medical Insurance_STANDARDNORMAL;dt_scores_soft_binary_crossentropy_['uniform', 'normal', 'gamma', 'beta', 'poisson']_Bank Marketing_STANDARDNORMAL;dt_scores_binary_crossentropy_['uniform', 'normal', 'gamma', 'beta', 'poisson']_Bank Marketing_STANDARDNORMAL;dt_scores_accuracy_['uniform', 'normal', 'gamma', 'beta', 'poisson']_Bank Marketing_STANDARDNORMAL;dt_scores_f1_score_['uniform', 'normal', 'gamma', 'beta', 'poisson']_Bank Marketing_STANDARDNORMAL;dt_scores_roc_auc_score_['uniform', 'normal', 'gamma', 'beta', 'poisson']_Bank Marketing_STANDARDNORMAL;dt_scores_soft_binary_crossentropy_data_random_['uniform', 'normal', 'gamma', 'beta', 'poisson']_Bank Marketing_STANDARDNORMAL;dt_scores_binary_crossentropy_data_random_['uniform', 'normal', 'gamma', 'beta', 'poisson']_Bank Marketing_STANDARDNORMAL;dt_scores_accuracy_data_random_['uniform', 'normal', 'gamma', 'beta', 'poisson']_Bank Marketing_STANDARDNORMAL;dt_scores_f1_score_data_random_['uniform', 'normal', 'gamma', 'beta', 'poisson']_Bank Marketing_STANDARDNORMAL;dt_scores_roc_auc_score_data_random_['uniform', 'normal', 'gamma', 'beta', 'poisson']_Bank Marketing_STANDARDNORMAL;dt_scores_runtime_['uniform', 'normal', 'gamma', 'beta', 'poisson']_Bank Marketing_STANDARDNORMAL;dt_scores_soft_binary_crossentropy_Bank Marketing_STANDARDNORMAL;dt_scores_binary_crossentropy_Bank Marketing_STANDARDNORMAL;dt_scores_accuracy_Bank Marketing_STANDARDNORMAL;dt_scores_f1_score_Bank Marketing_STANDARDNORMAL;dt_scores_roc_auc_score_Bank Marketing_STANDARDNORMAL;dt_scores_soft_binary_crossentropy_data_random_Bank Marketing_STANDARDNORMAL;dt_scores_binary_crossentropy_data_random_Bank Marketing_STANDARDNORMAL;dt_scores_accuracy_data_random_Bank Marketing_STANDARDNORMAL;dt_scores_f1_score_data_random_Bank Marketing_STANDARDNORMAL;dt_scores_roc_auc_score_data_random_Bank Marketing_STANDARDNORMAL;dt_scores_soft_binary_crossentropy_std_Bank Marketing_STANDARDNORMAL;dt_scores_binary_crossentropy_std_Bank Marketing_STANDARDNORMAL;dt_scores_accuracy_std_Bank Marketing_STANDARDNORMAL;dt_scores_f1_score_std_Bank Marketing_STANDARDNORMAL;dt_scores_roc_auc_score_std_Bank Marketing_STANDARDNORMAL;dt_scores_soft_binary_crossentropy_data_random_std_Bank Marketing_STANDARDNORMAL;dt_scores_binary_crossentropy_data_random_std_Bank Marketing_STANDARDNORMAL;dt_scores_accuracy_data_random_std_Bank Marketing_STANDARDNORMAL;dt_scores_f1_score_data_random_std_Bank Marketing_STANDARDNORMAL;dt_scores_roc_auc_score_data_random_std_Bank Marketing_STANDARDNORMAL;dt_scores_runtime_Bank Marketing_STANDARDNORMAL;inet_scores_soft_binary_crossentropy_Bank Marketing_STANDARDNORMAL;inet_scores_binary_crossentropy_Bank Marketing_STANDARDNORMAL;inet_scores_accuracy_Bank Marketing_STANDARDNORMAL;inet_scores_f1_score_Bank Marketing_STANDARDNORMAL;inet_scores_roc_auc_score_Bank Marketing_STANDARDNORMAL;inet_scores_runtime_Bank Marketing_STANDARDNORMAL;model_scores_soft_binary_crossentropy_Bank Marketing_STANDARDNORMAL;model_scores_binary_crossentropy_Bank Marketing_STANDARDNORMAL;model_scores_accuracy_Bank Marketing_STANDARDNORMAL;model_scores_f1_score_Bank Marketing_STANDARDNORMAL;model_scores_roc_auc_score_Bank Marketing_STANDARDNORMAL;model_scores_runtime_Bank Marketing_STANDARDNORMAL;dt_scores_soft_binary_crossentropy_['uniform', 'normal', 'gamma', 'beta', 'poisson']_Cervical Cancer_STANDARDNORMAL;dt_scores_binary_crossentropy_['uniform', 'normal', 'gamma', 'beta', 'poisson']_Cervical Cancer_STANDARDNORMAL;dt_scores_accuracy_['uniform', 'normal', 'gamma', 'beta', 'poisson']_Cervical Cancer_STANDARDNORMAL;dt_scores_f1_score_['uniform', 'normal', 'gamma', 'beta', 'poisson']_Cervical Cancer_STANDARDNORMAL;dt_scores_roc_auc_score_['uniform', 'normal', 'gamma', 'beta', 'poisson']_Cervical Cancer_STANDARDNORMAL;dt_scores_soft_binary_crossentropy_data_random_['uniform', 'normal', 'gamma', 'beta', 'poisson']_Cervical Cancer_STANDARDNORMAL;dt_scores_binary_crossentropy_data_random_['uniform', 'normal', 'gamma', 'beta', 'poisson']_Cervical Cancer_STANDARDNORMAL;dt_scores_accuracy_data_random_['uniform', 'normal', 'gamma', 'beta', 'poisson']_Cervical Cancer_STANDARDNORMAL;dt_scores_f1_score_data_random_['uniform', 'normal', 'gamma', 'beta', 'poisson']_Cervical Cancer_STANDARDNORMAL;dt_scores_roc_auc_score_data_random_['uniform', 'normal', 'gamma', 'beta', 'poisson']_Cervical Cancer_STANDARDNORMAL;dt_scores_runtime_['uniform', 'normal', 'gamma', 'beta', 'poisson']_Cervical Cancer_STANDARDNORMAL;dt_scores_soft_binary_crossentropy_Cervical Cancer_STANDARDNORMAL;dt_scores_binary_crossentropy_Cervical Cancer_STANDARDNORMAL;dt_scores_accuracy_Cervical Cancer_STANDARDNORMAL;dt_scores_f1_score_Cervical Cancer_STANDARDNORMAL;dt_scores_roc_auc_score_Cervical Cancer_STANDARDNORMAL;dt_scores_soft_binary_crossentropy_data_random_Cervical Cancer_STANDARDNORMAL;dt_scores_binary_crossentropy_data_random_Cervical Cancer_STANDARDNORMAL;dt_scores_accuracy_data_random_Cervical Cancer_STANDARDNORMAL;dt_scores_f1_score_data_random_Cervical Cancer_STANDARDNORMAL;dt_scores_roc_auc_score_data_random_Cervical Cancer_STANDARDNORMAL;dt_scores_soft_binary_crossentropy_std_Cervical Cancer_STANDARDNORMAL;dt_scores_binary_crossentropy_std_Cervical Cancer_STANDARDNORMAL;dt_scores_accuracy_std_Cervical Cancer_STANDARDNORMAL;dt_scores_f1_score_std_Cervical Cancer_STANDARDNORMAL;dt_scores_roc_auc_score_std_Cervical Cancer_STANDARDNORMAL;dt_scores_soft_binary_crossentropy_data_random_std_Cervical Cancer_STANDARDNORMAL;dt_scores_binary_crossentropy_data_random_std_Cervical Cancer_STANDARDNORMAL;dt_scores_accuracy_data_random_std_Cervical Cancer_STANDARDNORMAL;dt_scores_f1_score_data_random_std_Cervical Cancer_STANDARDNORMAL;dt_scores_roc_auc_score_data_random_std_Cervical Cancer_STANDARDNORMAL;dt_scores_runtime_Cervical Cancer_STANDARDNORMAL;inet_scores_soft_binary_crossentropy_Cervical Cancer_STANDARDNORMAL;inet_scores_binary_crossentropy_Cervical Cancer_STANDARDNORMAL;inet_scores_accuracy_Cervical Cancer_STANDARDNORMAL;inet_scores_f1_score_Cervical Cancer_STANDARDNORMAL;inet_scores_roc_auc_score_Cervical Cancer_STANDARDNORMAL;inet_scores_runtime_Cervical Cancer_STANDARDNORMAL;model_scores_soft_binary_crossentropy_Cervical Cancer_STANDARDNORMAL;model_scores_binary_crossentropy_Cervical Cancer_STANDARDNORMAL;model_scores_accuracy_Cervical Cancer_STANDARDNORMAL;model_scores_f1_score_Cervical Cancer_STANDARDNORMAL;model_scores_roc_auc_score_Cervical Cancer_STANDARDNORMAL;model_scores_runtime_Cervical Cancer_STANDARDNORMAL;dt_scores_soft_binary_crossentropy_['uniform', 'normal', 'gamma', 'beta', 'poisson']_Brest Cancer Wisconsin_STANDARDNORMAL;dt_scores_binary_crossentropy_['uniform', 'normal', 'gamma', 'beta', 'poisson']_Brest Cancer Wisconsin_STANDARDNORMAL;dt_scores_accuracy_['uniform', 'normal', 'gamma', 'beta', 'poisson']_Brest Cancer Wisconsin_STANDARDNORMAL;dt_scores_f1_score_['uniform', 'normal', 'gamma', 'beta', 'poisson']_Brest Cancer Wisconsin_STANDARDNORMAL;dt_scores_roc_auc_score_['uniform', 'normal', 'gamma', 'beta', 'poisson']_Brest Cancer Wisconsin_STANDARDNORMAL;dt_scores_soft_binary_crossentropy_data_random_['uniform', 'normal', 'gamma', 'beta', 'poisson']_Brest Cancer Wisconsin_STANDARDNORMAL;dt_scores_binary_crossentropy_data_random_['uniform', 'normal', 'gamma', 'beta', 'poisson']_Brest Cancer Wisconsin_STANDARDNORMAL;dt_scores_accuracy_data_random_['uniform', 'normal', 'gamma', 'beta', 'poisson']_Brest Cancer Wisconsin_STANDARDNORMAL;dt_scores_f1_score_data_random_['uniform', 'normal', 'gamma', 'beta', 'poisson']_Brest Cancer Wisconsin_STANDARDNORMAL;dt_scores_roc_auc_score_data_random_['uniform', 'normal', 'gamma', 'beta', 'poisson']_Brest Cancer Wisconsin_STANDARDNORMAL;dt_scores_runtime_['uniform', 'normal', 'gamma', 'beta', 'poisson']_Brest Cancer Wisconsin_STANDARDNORMAL;dt_scores_soft_binary_crossentropy_Brest Cancer Wisconsin_STANDARDNORMAL;dt_scores_binary_crossentropy_Brest Cancer Wisconsin_STANDARDNORMAL;dt_scores_accuracy_Brest Cancer Wisconsin_STANDARDNORMAL;dt_scores_f1_score_Brest Cancer Wisconsin_STANDARDNORMAL;dt_scores_roc_auc_score_Brest Cancer Wisconsin_STANDARDNORMAL;dt_scores_soft_binary_crossentropy_data_random_Brest Cancer Wisconsin_STANDARDNORMAL;dt_scores_binary_crossentropy_data_random_Brest Cancer Wisconsin_STANDARDNORMAL;dt_scores_accuracy_data_random_Brest Cancer Wisconsin_STANDARDNORMAL;dt_scores_f1_score_data_random_Brest Cancer Wisconsin_STANDARDNORMAL;dt_scores_roc_auc_score_data_random_Brest Cancer Wisconsin_STANDARDNORMAL;dt_scores_soft_binary_crossentropy_std_Brest Cancer Wisconsin_STANDARDNORMAL;dt_scores_binary_crossentropy_std_Brest Cancer Wisconsin_STANDARDNORMAL;dt_scores_accuracy_std_Brest Cancer Wisconsin_STANDARDNORMAL;dt_scores_f1_score_std_Brest Cancer Wisconsin_STANDARDNORMAL;dt_scores_roc_auc_score_std_Brest Cancer Wisconsin_STANDARDNORMAL;dt_scores_soft_binary_crossentropy_data_random_std_Brest Cancer Wisconsin_STANDARDNORMAL;dt_scores_binary_crossentropy_data_random_std_Brest Cancer Wisconsin_STANDARDNORMAL;dt_scores_accuracy_data_random_std_Brest Cancer Wisconsin_STANDARDNORMAL;dt_scores_f1_score_data_random_std_Brest Cancer Wisconsin_STANDARDNORMAL;dt_scores_roc_auc_score_data_random_std_Brest Cancer Wisconsin_STANDARDNORMAL;dt_scores_runtime_Brest Cancer Wisconsin_STANDARDNORMAL;inet_scores_soft_binary_crossentropy_Brest Cancer Wisconsin_STANDARDNORMAL;inet_scores_binary_crossentropy_Brest Cancer Wisconsin_STANDARDNORMAL;inet_scores_accuracy_Brest Cancer Wisconsin_STANDARDNORMAL;inet_scores_f1_score_Brest Cancer Wisconsin_STANDARDNORMAL;inet_scores_roc_auc_score_Brest Cancer Wisconsin_STANDARDNORMAL;inet_scores_runtime_Brest Cancer Wisconsin_STANDARDNORMAL;model_scores_soft_binary_crossentropy_Brest Cancer Wisconsin_STANDARDNORMAL;model_scores_binary_crossentropy_Brest Cancer Wisconsin_STANDARDNORMAL;model_scores_accuracy_Brest Cancer Wisconsin_STANDARDNORMAL;model_scores_f1_score_Brest Cancer Wisconsin_STANDARDNORMAL;model_scores_roc_auc_score_Brest Cancer Wisconsin_STANDARDNORMAL;model_scores_runtime_Brest Cancer Wisconsin_STANDARDNORMAL;dt_scores_soft_binary_crossentropy_['uniform', 'normal', 'gamma', 'beta', 'poisson']_Wisconsin Diagnostic Breast Cancer_STANDARDNORMAL;dt_scores_binary_crossentropy_['uniform', 'normal', 'gamma', 'beta', 'poisson']_Wisconsin Diagnostic Breast Cancer_STANDARDNORMAL;dt_scores_accuracy_['uniform', 'normal', 'gamma', 'beta', 'poisson']_Wisconsin Diagnostic Breast Cancer_STANDARDNORMAL;dt_scores_f1_score_['uniform', 'normal', 'gamma', 'beta', 'poisson']_Wisconsin Diagnostic Breast Cancer_STANDARDNORMAL;dt_scores_roc_auc_score_['uniform', 'normal', 'gamma', 'beta', 'poisson']_Wisconsin Diagnostic Breast Cancer_STANDARDNORMAL;dt_scores_soft_binary_crossentropy_data_random_['uniform', 'normal', 'gamma', 'beta', 'poisson']_Wisconsin Diagnostic Breast Cancer_STANDARDNORMAL;dt_scores_binary_crossentropy_data_random_['uniform', 'normal', 'gamma', 'beta', 'poisson']_Wisconsin Diagnostic Breast Cancer_STANDARDNORMAL;dt_scores_accuracy_data_random_['uniform', 'normal', 'gamma', 'beta', 'poisson']_Wisconsin Diagnostic Breast Cancer_STANDARDNORMAL;dt_scores_f1_score_data_random_['uniform', 'normal', 'gamma', 'beta', 'poisson']_Wisconsin Diagnostic Breast Cancer_STANDARDNORMAL;dt_scores_roc_auc_score_data_random_['uniform', 'normal', 'gamma', 'beta', 'poisson']_Wisconsin Diagnostic Breast Cancer_STANDARDNORMAL;dt_scores_runtime_['uniform', 'normal', 'gamma', 'beta', 'poisson']_Wisconsin Diagnostic Breast Cancer_STANDARDNORMAL;dt_scores_soft_binary_crossentropy_Wisconsin Diagnostic Breast Cancer_STANDARDNORMAL;dt_scores_binary_crossentropy_Wisconsin Diagnostic Breast Cancer_STANDARDNORMAL;dt_scores_accuracy_Wisconsin Diagnostic Breast Cancer_STANDARDNORMAL;dt_scores_f1_score_Wisconsin Diagnostic Breast Cancer_STANDARDNORMAL;dt_scores_roc_auc_score_Wisconsin Diagnostic Breast Cancer_STANDARDNORMAL;dt_scores_soft_binary_crossentropy_data_random_Wisconsin Diagnostic Breast Cancer_STANDARDNORMAL;dt_scores_binary_crossentropy_data_random_Wisconsin Diagnostic Breast Cancer_STANDARDNORMAL;dt_scores_accuracy_data_random_Wisconsin Diagnostic Breast Cancer_STANDARDNORMAL;dt_scores_f1_score_data_random_Wisconsin Diagnostic Breast Cancer_STANDARDNORMAL;dt_scores_roc_auc_score_data_random_Wisconsin Diagnostic Breast Cancer_STANDARDNORMAL;dt_scores_soft_binary_crossentropy_std_Wisconsin Diagnostic Breast Cancer_STANDARDNORMAL;dt_scores_binary_crossentropy_std_Wisconsin Diagnostic Breast Cancer_STANDARDNORMAL;dt_scores_accuracy_std_Wisconsin Diagnostic Breast Cancer_STANDARDNORMAL;dt_scores_f1_score_std_Wisconsin Diagnostic Breast Cancer_STANDARDNORMAL;dt_scores_roc_auc_score_std_Wisconsin Diagnostic Breast Cancer_STANDARDNORMAL;dt_scores_soft_binary_crossentropy_data_random_std_Wisconsin Diagnostic Breast Cancer_STANDARDNORMAL;dt_scores_binary_crossentropy_data_random_std_Wisconsin Diagnostic Breast Cancer_STANDARDNORMAL;dt_scores_accuracy_data_random_std_Wisconsin Diagnostic Breast Cancer_STANDARDNORMAL;dt_scores_f1_score_data_random_std_Wisconsin Diagnostic Breast Cancer_STANDARDNORMAL;dt_scores_roc_auc_score_data_random_std_Wisconsin Diagnostic Breast Cancer_STANDARDNORMAL;dt_scores_runtime_Wisconsin Diagnostic Breast Cancer_STANDARDNORMAL;inet_scores_soft_binary_crossentropy_Wisconsin Diagnostic Breast Cancer_STANDARDNORMAL;inet_scores_binary_crossentropy_Wisconsin Diagnostic Breast Cancer_STANDARDNORMAL;inet_scores_accuracy_Wisconsin Diagnostic Breast Cancer_STANDARDNORMAL;inet_scores_f1_score_Wisconsin Diagnostic Breast Cancer_STANDARDNORMAL;inet_scores_roc_auc_score_Wisconsin Diagnostic Breast Cancer_STANDARDNORMAL;inet_scores_runtime_Wisconsin Diagnostic Breast Cancer_STANDARDNORMAL;model_scores_soft_binary_crossentropy_Wisconsin Diagnostic Breast Cancer_STANDARDNORMAL;model_scores_binary_crossentropy_Wisconsin Diagnostic Breast Cancer_STANDARDNORMAL;model_scores_accuracy_Wisconsin Diagnostic Breast Cancer_STANDARDNORMAL;model_scores_f1_score_Wisconsin Diagnostic Breast Cancer_STANDARDNORMAL;model_scores_roc_auc_score_Wisconsin Diagnostic Breast Cancer_STANDARDNORMAL;model_scores_runtime_Wisconsin Diagnostic Breast Cancer_STANDARDNORMAL;dt_scores_soft_binary_crossentropy_['uniform', 'normal', 'gamma', 'beta', 'poisson']_Wisconsin Prognostic Breast Cancer_STANDARDNORMAL;dt_scores_binary_crossentropy_['uniform', 'normal', 'gamma', 'beta', 'poisson']_Wisconsin Prognostic Breast Cancer_STANDARDNORMAL;dt_scores_accuracy_['uniform', 'normal', 'gamma', 'beta', 'poisson']_Wisconsin Prognostic Breast Cancer_STANDARDNORMAL;dt_scores_f1_score_['uniform', 'normal', 'gamma', 'beta', 'poisson']_Wisconsin Prognostic Breast Cancer_STANDARDNORMAL;dt_scores_roc_auc_score_['uniform', 'normal', 'gamma', 'beta', 'poisson']_Wisconsin Prognostic Breast Cancer_STANDARDNORMAL;dt_scores_soft_binary_crossentropy_data_random_['uniform', 'normal', 'gamma', 'beta', 'poisson']_Wisconsin Prognostic Breast Cancer_STANDARDNORMAL;dt_scores_binary_crossentropy_data_random_['uniform', 'normal', 'gamma', 'beta', 'poisson']_Wisconsin Prognostic Breast Cancer_STANDARDNORMAL;dt_scores_accuracy_data_random_['uniform', 'normal', 'gamma', 'beta', 'poisson']_Wisconsin Prognostic Breast Cancer_STANDARDNORMAL;dt_scores_f1_score_data_random_['uniform', 'normal', 'gamma', 'beta', 'poisson']_Wisconsin Prognostic Breast Cancer_STANDARDNORMAL;dt_scores_roc_auc_score_data_random_['uniform', 'normal', 'gamma', 'beta', 'poisson']_Wisconsin Prognostic Breast Cancer_STANDARDNORMAL;dt_scores_runtime_['uniform', 'normal', 'gamma', 'beta', 'poisson']_Wisconsin Prognostic Breast Cancer_STANDARDNORMAL;dt_scores_soft_binary_crossentropy_Wisconsin Prognostic Breast Cancer_STANDARDNORMAL;dt_scores_binary_crossentropy_Wisconsin Prognostic Breast Cancer_STANDARDNORMAL;dt_scores_accuracy_Wisconsin Prognostic Breast Cancer_STANDARDNORMAL;dt_scores_f1_score_Wisconsin Prognostic Breast Cancer_STANDARDNORMAL;dt_scores_roc_auc_score_Wisconsin Prognostic Breast Cancer_STANDARDNORMAL;dt_scores_soft_binary_crossentropy_data_random_Wisconsin Prognostic Breast Cancer_STANDARDNORMAL;dt_scores_binary_crossentropy_data_random_Wisconsin Prognostic Breast Cancer_STANDARDNORMAL;dt_scores_accuracy_data_random_Wisconsin Prognostic Breast Cancer_STANDARDNORMAL;dt_scores_f1_score_data_random_Wisconsin Prognostic Breast Cancer_STANDARDNORMAL;dt_scores_roc_auc_score_data_random_Wisconsin Prognostic Breast Cancer_STANDARDNORMAL;dt_scores_soft_binary_crossentropy_std_Wisconsin Prognostic Breast Cancer_STANDARDNORMAL;dt_scores_binary_crossentropy_std_Wisconsin Prognostic Breast Cancer_STANDARDNORMAL;dt_scores_accuracy_std_Wisconsin Prognostic Breast Cancer_STANDARDNORMAL;dt_scores_f1_score_std_Wisconsin Prognostic Breast Cancer_STANDARDNORMAL;dt_scores_roc_auc_score_std_Wisconsin Prognostic Breast Cancer_STANDARDNORMAL;dt_scores_soft_binary_crossentropy_data_random_std_Wisconsin Prognostic Breast Cancer_STANDARDNORMAL;dt_scores_binary_crossentropy_data_random_std_Wisconsin Prognostic Breast Cancer_STANDARDNORMAL;dt_scores_accuracy_data_random_std_Wisconsin Prognostic Breast Cancer_STANDARDNORMAL;dt_scores_f1_score_data_random_std_Wisconsin Prognostic Breast Cancer_STANDARDNORMAL;dt_scores_roc_auc_score_data_random_std_Wisconsin Prognostic Breast Cancer_STANDARDNORMAL;dt_scores_runtime_Wisconsin Prognostic Breast Cancer_STANDARDNORMAL;inet_scores_soft_binary_crossentropy_Wisconsin Prognostic Breast Cancer_STANDARDNORMAL;inet_scores_binary_crossentropy_Wisconsin Prognostic Breast Cancer_STANDARDNORMAL;inet_scores_accuracy_Wisconsin Prognostic Breast Cancer_STANDARDNORMAL;inet_scores_f1_score_Wisconsin Prognostic Breast Cancer_STANDARDNORMAL;inet_scores_roc_auc_score_Wisconsin Prognostic Breast Cancer_STANDARDNORMAL;inet_scores_runtime_Wisconsin Prognostic Breast Cancer_STANDARDNORMAL;model_scores_soft_binary_crossentropy_Wisconsin Prognostic Breast Cancer_STANDARDNORMAL;model_scores_binary_crossentropy_Wisconsin Prognostic Breast Cancer_STANDARDNORMAL;model_scores_accuracy_Wisconsin Prognostic Breast Cancer_STANDARDNORMAL;model_scores_f1_score_Wisconsin Prognostic Breast Cancer_STANDARDNORMAL;model_scores_roc_auc_score_Wisconsin Prognostic Breast Cancer_STANDARDNORMAL;model_scores_runtime_Wisconsin Prognostic Breast Cancer_STANDARDNORMAL;dt_scores_soft_binary_crossentropy_['uniform', 'normal', 'gamma', 'beta', 'poisson']_Abalone_STANDARDNORMAL;dt_scores_binary_crossentropy_['uniform', 'normal', 'gamma', 'beta', 'poisson']_Abalone_STANDARDNORMAL;dt_scores_accuracy_['uniform', 'normal', 'gamma', 'beta', 'poisson']_Abalone_STANDARDNORMAL;dt_scores_f1_score_['uniform', 'normal', 'gamma', 'beta', 'poisson']_Abalone_STANDARDNORMAL;dt_scores_roc_auc_score_['uniform', 'normal', 'gamma', 'beta', 'poisson']_Abalone_STANDARDNORMAL;dt_scores_soft_binary_crossentropy_data_random_['uniform', 'normal', 'gamma', 'beta', 'poisson']_Abalone_STANDARDNORMAL;dt_scores_binary_crossentropy_data_random_['uniform', 'normal', 'gamma', 'beta', 'poisson']_Abalone_STANDARDNORMAL;dt_scores_accuracy_data_random_['uniform', 'normal', 'gamma', 'beta', 'poisson']_Abalone_STANDARDNORMAL;dt_scores_f1_score_data_random_['uniform', 'normal', 'gamma', 'beta', 'poisson']_Abalone_STANDARDNORMAL;dt_scores_roc_auc_score_data_random_['uniform', 'normal', 'gamma', 'beta', 'poisson']_Abalone_STANDARDNORMAL;dt_scores_runtime_['uniform', 'normal', 'gamma', 'beta', 'poisson']_Abalone_STANDARDNORMAL;dt_scores_soft_binary_crossentropy_Abalone_STANDARDNORMAL;dt_scores_binary_crossentropy_Abalone_STANDARDNORMAL;dt_scores_accuracy_Abalone_STANDARDNORMAL;dt_scores_f1_score_Abalone_STANDARDNORMAL;dt_scores_roc_auc_score_Abalone_STANDARDNORMAL;dt_scores_soft_binary_crossentropy_data_random_Abalone_STANDARDNORMAL;dt_scores_binary_crossentropy_data_random_Abalone_STANDARDNORMAL;dt_scores_accuracy_data_random_Abalone_STANDARDNORMAL;dt_scores_f1_score_data_random_Abalone_STANDARDNORMAL;dt_scores_roc_auc_score_data_random_Abalone_STANDARDNORMAL;dt_scores_soft_binary_crossentropy_std_Abalone_STANDARDNORMAL;dt_scores_binary_crossentropy_std_Abalone_STANDARDNORMAL;dt_scores_accuracy_std_Abalone_STANDARDNORMAL;dt_scores_f1_score_std_Abalone_STANDARDNORMAL;dt_scores_roc_auc_score_std_Abalone_STANDARDNORMAL;dt_scores_soft_binary_crossentropy_data_random_std_Abalone_STANDARDNORMAL;dt_scores_binary_crossentropy_data_random_std_Abalone_STANDARDNORMAL;dt_scores_accuracy_data_random_std_Abalone_STANDARDNORMAL;dt_scores_f1_score_data_random_std_Abalone_STANDARDNORMAL;dt_scores_roc_auc_score_data_random_std_Abalone_STANDARDNORMAL;dt_scores_runtime_Abalone_STANDARDNORMAL;inet_scores_soft_binary_crossentropy_Abalone_STANDARDNORMAL;inet_scores_binary_crossentropy_Abalone_STANDARDNORMAL;inet_scores_accuracy_Abalone_STANDARDNORMAL;inet_scores_f1_score_Abalone_STANDARDNORMAL;inet_scores_roc_auc_score_Abalone_STANDARDNORMAL;inet_scores_runtime_Abalone_STANDARDNORMAL;model_scores_soft_binary_crossentropy_Abalone_STANDARDNORMAL;model_scores_binary_crossentropy_Abalone_STANDARDNORMAL;model_scores_accuracy_Abalone_STANDARDNORMAL;model_scores_f1_score_Abalone_STANDARDNORMAL;model_scores_roc_auc_score_Abalone_STANDARDNORMAL;model_scores_runtime_Abalone_STANDARDNORMAL;dt_scores_soft_binary_crossentropy_['uniform', 'normal', 'gamma', 'beta', 'poisson']_Car_STANDARDNORMAL;dt_scores_binary_crossentropy_['uniform', 'normal', 'gamma', 'beta', 'poisson']_Car_STANDARDNORMAL;dt_scores_accuracy_['uniform', 'normal', 'gamma', 'beta', 'poisson']_Car_STANDARDNORMAL;dt_scores_f1_score_['uniform', 'normal', 'gamma', 'beta', 'poisson']_Car_STANDARDNORMAL;dt_scores_roc_auc_score_['uniform', 'normal', 'gamma', 'beta', 'poisson']_Car_STANDARDNORMAL;dt_scores_soft_binary_crossentropy_data_random_['uniform', 'normal', 'gamma', 'beta', 'poisson']_Car_STANDARDNORMAL;dt_scores_binary_crossentropy_data_random_['uniform', 'normal', 'gamma', 'beta', 'poisson']_Car_STANDARDNORMAL;dt_scores_accuracy_data_random_['uniform', 'normal', 'gamma', 'beta', 'poisson']_Car_STANDARDNORMAL;dt_scores_f1_score_data_random_['uniform', 'normal', 'gamma', 'beta', 'poisson']_Car_STANDARDNORMAL;dt_scores_roc_auc_score_data_random_['uniform', 'normal', 'gamma', 'beta', 'poisson']_Car_STANDARDNORMAL;dt_scores_runtime_['uniform', 'normal', 'gamma', 'beta', 'poisson']_Car_STANDARDNORMAL;dt_scores_soft_binary_crossentropy_Car_STANDARDNORMAL;dt_scores_binary_crossentropy_Car_STANDARDNORMAL;dt_scores_accuracy_Car_STANDARDNORMAL;dt_scores_f1_score_Car_STANDARDNORMAL;dt_scores_roc_auc_score_Car_STANDARDNORMAL;dt_scores_soft_binary_crossentropy_data_random_Car_STANDARDNORMAL;dt_scores_binary_crossentropy_data_random_Car_STANDARDNORMAL;dt_scores_accuracy_data_random_Car_STANDARDNORMAL;dt_scores_f1_score_data_random_Car_STANDARDNORMAL;dt_scores_roc_auc_score_data_random_Car_STANDARDNORMAL;dt_scores_soft_binary_crossentropy_std_Car_STANDARDNORMAL;dt_scores_binary_crossentropy_std_Car_STANDARDNORMAL;dt_scores_accuracy_std_Car_STANDARDNORMAL;dt_scores_f1_score_std_Car_STANDARDNORMAL;dt_scores_roc_auc_score_std_Car_STANDARDNORMAL;dt_scores_soft_binary_crossentropy_data_random_std_Car_STANDARDNORMAL;dt_scores_binary_crossentropy_data_random_std_Car_STANDARDNORMAL;dt_scores_accuracy_data_random_std_Car_STANDARDNORMAL;dt_scores_f1_score_data_random_std_Car_STANDARDNORMAL;dt_scores_roc_auc_score_data_random_std_Car_STANDARDNORMAL;dt_scores_runtime_Car_STANDARDNORMAL;inet_scores_soft_binary_crossentropy_Car_STANDARDNORMAL;inet_scores_binary_crossentropy_Car_STANDARDNORMAL;inet_scores_accuracy_Car_STANDARDNORMAL;inet_scores_f1_score_Car_STANDARDNORMAL;inet_scores_roc_auc_score_Car_STANDARDNORMAL;inet_scores_runtime_Car_STANDARDNORMAL;model_scores_soft_binary_crossentropy_Car_STANDARDNORMAL;model_scores_binary_crossentropy_Car_STANDARDNORMAL;model_scores_accuracy_Car_STANDARDNORMAL;model_scores_f1_score_Car_STANDARDNORMAL;model_scores_roc_auc_score_Car_STANDARDNORMAL;model_scores_runtime_Car_STANDARDNORMAL;dt_scores_soft_binary_crossentropy_['uniform', 'normal', 'gamma', 'beta', 'poisson']_Heart Disease_STANDARDNORMAL;dt_scores_binary_crossentropy_['uniform', 'normal', 'gamma', 'beta', 'poisson']_Heart Disease_STANDARDNORMAL;dt_scores_accuracy_['uniform', 'normal', 'gamma', 'beta', 'poisson']_Heart Disease_STANDARDNORMAL;dt_scores_f1_score_['uniform', 'normal', 'gamma', 'beta', 'poisson']_Heart Disease_STANDARDNORMAL;dt_scores_roc_auc_score_['uniform', 'normal', 'gamma', 'beta', 'poisson']_Heart Disease_STANDARDNORMAL;dt_scores_soft_binary_crossentropy_data_random_['uniform', 'normal', 'gamma', 'beta', 'poisson']_Heart Disease_STANDARDNORMAL;dt_scores_binary_crossentropy_data_random_['uniform', 'normal', 'gamma', 'beta', 'poisson']_Heart Disease_STANDARDNORMAL;dt_scores_accuracy_data_random_['uniform', 'normal', 'gamma', 'beta', 'poisson']_Heart Disease_STANDARDNORMAL;dt_scores_f1_score_data_random_['uniform', 'normal', 'gamma', 'beta', 'poisson']_Heart Disease_STANDARDNORMAL;dt_scores_roc_auc_score_data_random_['uniform', 'normal', 'gamma', 'beta', 'poisson']_Heart Disease_STANDARDNORMAL;dt_scores_runtime_['uniform', 'normal', 'gamma', 'beta', 'poisson']_Heart Disease_STANDARDNORMAL;dt_scores_soft_binary_crossentropy_Heart Disease_STANDARDNORMAL;dt_scores_binary_crossentropy_Heart Disease_STANDARDNORMAL;dt_scores_accuracy_Heart Disease_STANDARDNORMAL;dt_scores_f1_score_Heart Disease_STANDARDNORMAL;dt_scores_roc_auc_score_Heart Disease_STANDARDNORMAL;dt_scores_soft_binary_crossentropy_data_random_Heart Disease_STANDARDNORMAL;dt_scores_binary_crossentropy_data_random_Heart Disease_STANDARDNORMAL;dt_scores_accuracy_data_random_Heart Disease_STANDARDNORMAL;dt_scores_f1_score_data_random_Heart Disease_STANDARDNORMAL;dt_scores_roc_auc_score_data_random_Heart Disease_STANDARDNORMAL;dt_scores_soft_binary_crossentropy_std_Heart Disease_STANDARDNORMAL;dt_scores_binary_crossentropy_std_Heart Disease_STANDARDNORMAL;dt_scores_accuracy_std_Heart Disease_STANDARDNORMAL;dt_scores_f1_score_std_Heart Disease_STANDARDNORMAL;dt_scores_roc_auc_score_std_Heart Disease_STANDARDNORMAL;dt_scores_soft_binary_crossentropy_data_random_std_Heart Disease_STANDARDNORMAL;dt_scores_binary_crossentropy_data_random_std_Heart Disease_STANDARDNORMAL;dt_scores_accuracy_data_random_std_Heart Disease_STANDARDNORMAL;dt_scores_f1_score_data_random_std_Heart Disease_STANDARDNORMAL;dt_scores_roc_auc_score_data_random_std_Heart Disease_STANDARDNORMAL;dt_scores_runtime_Heart Disease_STANDARDNORMAL;inet_scores_soft_binary_crossentropy_Heart Disease_STANDARDNORMAL;inet_scores_binary_crossentropy_Heart Disease_STANDARDNORMAL;inet_scores_accuracy_Heart Disease_STANDARDNORMAL;inet_scores_f1_score_Heart Disease_STANDARDNORMAL;inet_scores_roc_auc_score_Heart Disease_STANDARDNORMAL;inet_scores_runtime_Heart Disease_STANDARDNORMAL;model_scores_soft_binary_crossentropy_Heart Disease_STANDARDNORMAL;model_scores_binary_crossentropy_Heart Disease_STANDARDNORMAL;model_scores_accuracy_Heart Disease_STANDARDNORMAL;model_scores_f1_score_Heart Disease_STANDARDNORMAL;model_scores_roc_auc_score_Heart Disease_STANDARDNORMAL;model_scores_runtime_Heart Disease_STANDARDNORMAL;dt_scores_soft_binary_crossentropy_['uniform', 'normal', 'gamma', 'beta', 'poisson']_Credit Card_STANDARDNORMAL;dt_scores_binary_crossentropy_['uniform', 'normal', 'gamma', 'beta', 'poisson']_Credit Card_STANDARDNORMAL;dt_scores_accuracy_['uniform', 'normal', 'gamma', 'beta', 'poisson']_Credit Card_STANDARDNORMAL;dt_scores_f1_score_['uniform', 'normal', 'gamma', 'beta', 'poisson']_Credit Card_STANDARDNORMAL;dt_scores_roc_auc_score_['uniform', 'normal', 'gamma', 'beta', 'poisson']_Credit Card_STANDARDNORMAL;dt_scores_soft_binary_crossentropy_data_random_['uniform', 'normal', 'gamma', 'beta', 'poisson']_Credit Card_STANDARDNORMAL;dt_scores_binary_crossentropy_data_random_['uniform', 'normal', 'gamma', 'beta', 'poisson']_Credit Card_STANDARDNORMAL;dt_scores_accuracy_data_random_['uniform', 'normal', 'gamma', 'beta', 'poisson']_Credit Card_STANDARDNORMAL;dt_scores_f1_score_data_random_['uniform', 'normal', 'gamma', 'beta', 'poisson']_Credit Card_STANDARDNORMAL;dt_scores_roc_auc_score_data_random_['uniform', 'normal', 'gamma', 'beta', 'poisson']_Credit Card_STANDARDNORMAL;dt_scores_runtime_['uniform', 'normal', 'gamma', 'beta', 'poisson']_Credit Card_STANDARDNORMAL;dt_scores_soft_binary_crossentropy_Credit Card_STANDARDNORMAL;dt_scores_binary_crossentropy_Credit Card_STANDARDNORMAL;dt_scores_accuracy_Credit Card_STANDARDNORMAL;dt_scores_f1_score_Credit Card_STANDARDNORMAL;dt_scores_roc_auc_score_Credit Card_STANDARDNORMAL;dt_scores_soft_binary_crossentropy_data_random_Credit Card_STANDARDNORMAL;dt_scores_binary_crossentropy_data_random_Credit Card_STANDARDNORMAL;dt_scores_accuracy_data_random_Credit Card_STANDARDNORMAL;dt_scores_f1_score_data_random_Credit Card_STANDARDNORMAL;dt_scores_roc_auc_score_data_random_Credit Card_STANDARDNORMAL;dt_scores_soft_binary_crossentropy_std_Credit Card_STANDARDNORMAL;dt_scores_binary_crossentropy_std_Credit Card_STANDARDNORMAL;dt_scores_accuracy_std_Credit Card_STANDARDNORMAL;dt_scores_f1_score_std_Credit Card_STANDARDNORMAL;dt_scores_roc_auc_score_std_Credit Card_STANDARDNORMAL;dt_scores_soft_binary_crossentropy_data_random_std_Credit Card_STANDARDNORMAL;dt_scores_binary_crossentropy_data_random_std_Credit Card_STANDARDNORMAL;dt_scores_accuracy_data_random_std_Credit Card_STANDARDNORMAL;dt_scores_f1_score_data_random_std_Credit Card_STANDARDNORMAL;dt_scores_roc_auc_score_data_random_std_Credit Card_STANDARDNORMAL;dt_scores_runtime_Credit Card_STANDARDNORMAL;inet_scores_soft_binary_crossentropy_Credit Card_STANDARDNORMAL;inet_scores_binary_crossentropy_Credit Card_STANDARDNORMAL;inet_scores_accuracy_Credit Card_STANDARDNORMAL;inet_scores_f1_score_Credit Card_STANDARDNORMAL;inet_scores_roc_auc_score_Credit Card_STANDARDNORMAL;inet_scores_runtime_Credit Card_STANDARDNORMAL;model_scores_soft_binary_crossentropy_Credit Card_STANDARDNORMAL;model_scores_binary_crossentropy_Credit Card_STANDARDNORMAL;model_scores_accuracy_Credit Card_STANDARDNORMAL;model_scores_f1_score_Credit Card_STANDARDNORMAL;model_scores_roc_auc_score_Credit Card_STANDARDNORMAL;model_scores_runtime_Credit Card_STANDARDNORMAL;dt_scores_soft_binary_crossentropy_['uniform', 'normal', 'gamma', 'beta', 'poisson']_Haberman_STANDARDNORMAL;dt_scores_binary_crossentropy_['uniform', 'normal', 'gamma', 'beta', 'poisson']_Haberman_STANDARDNORMAL;dt_scores_accuracy_['uniform', 'normal', 'gamma', 'beta', 'poisson']_Haberman_STANDARDNORMAL;dt_scores_f1_score_['uniform', 'normal', 'gamma', 'beta', 'poisson']_Haberman_STANDARDNORMAL;dt_scores_roc_auc_score_['uniform', 'normal', 'gamma', 'beta', 'poisson']_Haberman_STANDARDNORMAL;dt_scores_soft_binary_crossentropy_data_random_['uniform', 'normal', 'gamma', 'beta', 'poisson']_Haberman_STANDARDNORMAL;dt_scores_binary_crossentropy_data_random_['uniform', 'normal', 'gamma', 'beta', 'poisson']_Haberman_STANDARDNORMAL;dt_scores_accuracy_data_random_['uniform', 'normal', 'gamma', 'beta', 'poisson']_Haberman_STANDARDNORMAL;dt_scores_f1_score_data_random_['uniform', 'normal', 'gamma', 'beta', 'poisson']_Haberman_STANDARDNORMAL;dt_scores_roc_auc_score_data_random_['uniform', 'normal', 'gamma', 'beta', 'poisson']_Haberman_STANDARDNORMAL;dt_scores_runtime_['uniform', 'normal', 'gamma', 'beta', 'poisson']_Haberman_STANDARDNORMAL;dt_scores_soft_binary_crossentropy_Haberman_STANDARDNORMAL;dt_scores_binary_crossentropy_Haberman_STANDARDNORMAL;dt_scores_accuracy_Haberman_STANDARDNORMAL;dt_scores_f1_score_Haberman_STANDARDNORMAL;dt_scores_roc_auc_score_Haberman_STANDARDNORMAL;dt_scores_soft_binary_crossentropy_data_random_Haberman_STANDARDNORMAL;dt_scores_binary_crossentropy_data_random_Haberman_STANDARDNORMAL;dt_scores_accuracy_data_random_Haberman_STANDARDNORMAL;dt_scores_f1_score_data_random_Haberman_STANDARDNORMAL;dt_scores_roc_auc_score_data_random_Haberman_STANDARDNORMAL;dt_scores_soft_binary_crossentropy_std_Haberman_STANDARDNORMAL;dt_scores_binary_crossentropy_std_Haberman_STANDARDNORMAL;dt_scores_accuracy_std_Haberman_STANDARDNORMAL;dt_scores_f1_score_std_Haberman_STANDARDNORMAL;dt_scores_roc_auc_score_std_Haberman_STANDARDNORMAL;dt_scores_soft_binary_crossentropy_data_random_std_Haberman_STANDARDNORMAL;dt_scores_binary_crossentropy_data_random_std_Haberman_STANDARDNORMAL;dt_scores_accuracy_data_random_std_Haberman_STANDARDNORMAL;dt_scores_f1_score_data_random_std_Haberman_STANDARDNORMAL;dt_scores_roc_auc_score_data_random_std_Haberman_STANDARDNORMAL;dt_scores_runtime_Haberman_STANDARDNORMAL;inet_scores_soft_binary_crossentropy_Haberman_STANDARDNORMAL;inet_scores_binary_crossentropy_Haberman_STANDARDNORMAL;inet_scores_accuracy_Haberman_STANDARDNORMAL;inet_scores_f1_score_Haberman_STANDARDNORMAL;inet_scores_roc_auc_score_Haberman_STANDARDNORMAL;inet_scores_runtime_Haberman_STANDARDNORMAL;model_scores_soft_binary_crossentropy_Haberman_STANDARDNORMAL;model_scores_binary_crossentropy_Haberman_STANDARDNORMAL;model_scores_accuracy_Haberman_STANDARDNORMAL;model_scores_f1_score_Haberman_STANDARDNORMAL;model_scores_roc_auc_score_Haberman_STANDARDNORMAL;model_scores_runtime_Haberman_STANDARDNORMAL;z_score_aggregate_Adult;z_score_aggregate_Titanic;z_score_aggregate_Absenteeism;z_score_aggregate_Loan House;z_score_aggregate_Loan Credit;z_score_aggregate_Medical Insurance;z_score_aggregate_Bank Marketing;z_score_aggregate_Cervical Cancer;z_score_aggregate_Brest Cancer Wisconsin;z_score_aggregate_Wisconsin Diagnostic Breast Cancer;z_score_aggregate_Wisconsin Prognostic Breast Cancer;z_score_aggregate_Abalone;z_score_aggregate_Car;z_score_aggregate_Heart Disease;z_score_aggregate_Credit Card;z_score_aggregate_Haberman;z_score_aggregate_train;z_score_aggregate_valid;z_score_aggregate_test;distance_to_initialization_aggregate_Adult;distance_to_initialization_aggregate_Titanic;distance_to_initialization_aggregate_Absenteeism;distance_to_initialization_aggregate_Loan House;distance_to_initialization_aggregate_Loan Credit;distance_to_initialization_aggregate_Medical Insurance;distance_to_initialization_aggregate_Bank Marketing;distance_to_initialization_aggregate_Cervical Cancer;distance_to_initialization_aggregate_Brest Cancer Wisconsin;distance_to_initialization_aggregate_Wisconsin Diagnostic Breast Cancer;distance_to_initialization_aggregate_Wisconsin Prognostic Breast Cancer;distance_to_initialization_aggregate_Abalone;distance_to_initialization_aggregate_Car;distance_to_initialization_aggregate_Heart Disease;distance_to_initialization_aggregate_Credit Card;distance_to_initialization_aggregate_Haberman;distance_to_initialization_aggregate_train;distance_to_initialization_aggregate_valid;distance_to_initialization_aggregate_test;distance_to_sample_average_Adult;distance_to_sample_average_Titanic;distance_to_sample_average_Absenteeism;distance_to_sample_average_Loan House;distance_to_sample_average_Loan Credit;distance_to_sample_average_Medical Insurance;distance_to_sample_average_Bank Marketing;distance_to_sample_average_Cervical Cancer;distance_to_sample_average_Brest Cancer Wisconsin;distance_to_sample_average_Wisconsin Diagnostic Breast Cancer;distance_to_sample_average_Wisconsin Prognostic Breast Cancer;distance_to_sample_average_Abalone;distance_to_sample_average_Car;distance_to_sample_average_Heart Disease;distance_to_sample_average_Credit Card;distance_to_sample_average_Haberman;distance_to_sample_average_train;distance_to_sample_average_valid;distance_to_sample_average_test;distance_to_sample_min_Adult;distance_to_sample_min_Titanic;distance_to_sample_min_Absenteeism;distance_to_sample_min_Loan House;distance_to_sample_min_Loan Credit;distance_to_sample_min_Medical Insurance;distance_to_sample_min_Bank Marketing;distance_to_sample_min_Cervical Cancer;distance_to_sample_min_Brest Cancer Wisconsin;distance_to_sample_min_Wisconsin Diagnostic Breast Cancer;distance_to_sample_min_Wisconsin Prognostic Breast Cancer;distance_to_sample_min_Abalone;distance_to_sample_min_Car;distance_to_sample_min_Heart Disease;distance_to_sample_min_Credit Card;distance_to_sample_min_Haberman;distance_to_sample_min_train;distance_to_sample_min_valid;distance_to_sample_min_test;max_distance_to_neuron_average_Adult;max_distance_to_neuron_average_Titanic;max_distance_to_neuron_average_Absenteeism;max_distance_to_neuron_average_Loan House;max_distance_to_neuron_average_Loan Credit;max_distance_to_neuron_average_Medical Insurance;max_distance_to_neuron_average_Bank Marketing;max_distance_to_neuron_average_Cervical Cancer;max_distance_to_neuron_average_Brest Cancer Wisconsin;max_distance_to_neuron_average_Wisconsin Diagnostic Breast Cancer;max_distance_to_neuron_average_Wisconsin Prognostic Breast Cancer;max_distance_to_neuron_average_Abalone;max_distance_to_neuron_average_Car;max_distance_to_neuron_average_Heart Disease;max_distance_to_neuron_average_Credit Card;max_distance_to_neuron_average_Haberman;max_distance_to_neuron_average_train;max_distance_to_neuron_average_valid;max_distance_to_neuron_average_test;max_distance_to_neuron_min_Adult;max_distance_to_neuron_min_Titanic;max_distance_to_neuron_min_Absenteeism;max_distance_to_neuron_min_Loan House;max_distance_to_neuron_min_Loan Credit;max_distance_to_neuron_min_Medical Insurance;max_distance_to_neuron_min_Bank Marketing;max_distance_to_neuron_min_Cervical Cancer;max_distance_to_neuron_min_Brest Cancer Wisconsin;max_distance_to_neuron_min_Wisconsin Diagnostic Breast Cancer;max_distance_to_neuron_min_Wisconsin Prognostic Breast Cancer;max_distance_to_neuron_min_Abalone;max_distance_to_neuron_min_Car;max_distance_to_neuron_min_Heart Disease;max_distance_to_neuron_min_Credit Card;max_distance_to_neuron_min_Haberman;max_distance_to_neuron_min_train;max_distance_to_neuron_min_valid;max_distance_to_neuron_min_test;
3;1;1;True;vanilla;22;50;3;2;[];True;True;1;True;False;False;True;False;False;vanilla;3;1;distribution;True;[['uniform', 'normal', 'gamma', 'beta', 'poisson']];[['uniform', 'normal', 'gamma', 'beta', 'poisson']];classification;1;0;uniform;5000;10000;0;flip_percentage;0;5;1000;True;0.001;True;50;64;0;[128];False;adam;binary_crossentropy;641;1;10000;[1792, 512, 512];[0, 0, 0.5];['sigmoid', 'sigmoid', 'sigmoid'];adam;0.001;False;None;None;False;binary_crossentropy;['binary_accuracy'];500;True;256;10000;10;True;False;5;False;True;True;None;None;0.25;False;SEQUENTIAL;60;greedy;10;False;500;['uniform', 'normal', 'gamma', 'beta', 'poisson'];5000;False;make_classification;5000;0;flip_percentage;100;100;False;8;False;2;42;0;0.6377668;0.6518087;0.5368887;0.5030362;2.20987476407061;0.5226667980153995;0.0671464430919996;0.06259918583501187;0.8650399999999999;0.9236;0.9774;0.9796;0.850946340855393;0.9240765786242744;0.9763046506222167;0.978646842498086;0.8723124361670674;0.9439633121181161;0.9778342250631757;0.988062950255463;0.004299020767211914;0.004340529441833496;0.6669459;0.69087505;0.5932532968331874;0.5879443169780075;0.6771999999999999;0.6912;0.6429835550965772;0.6564013023504973;0.6625129237297251;0.6162889448513723;0.006507015228271485;0.006507015228271485;0.6025252;0.6172948;0.50566214;0.49752414;0.5232088830975439;0.3581184722550757;0.06412453043290196;0.011898309776501715;0.9005599999999999;0.9476;0.9767999999999999;0.9956;0.8862539975256528;0.9455999339450162;0.9765504139499533;0.9954146587061838;0.9104454085812981;0.961176882308177;0.9880323114013354;0.9978506233036593;0.004789185523986816;0.0043146610260009766;0.6411144;0.6792355;0.4972467858761549;0.4994165830343962;0.76016;0.78;0.6958309816882127;0.683842719802422;0.7133189924292789;0.6860219894987791;0.01039550304412842;0.010395503044128418;0.54018295;0.5986293;0.43313456;0.445294;1.4094514684837811;0.26323074306969235;0.0653261793472765;0.06988682224154091;0.9128000000000001;0.93;0.9771599999999999;0.9714;0.9097864226370254;0.9303703950438953;0.9772630443738155;0.9718258043200141;0.9160162639254701;0.9466937724369127;0.9909670437814093;0.991980876159112;0.011705327033996581;0.011786580085754395;0.52021086;0.56428325;0.08830824580116632;0.07741914111487552;0.9790000000000001;0.981;0.97895415704719;0.9810334037625021;0.9853126299080511;0.9915982172266139;0.5401337;0.5991355;0.27548021151837776;0.21766887958172787;0.8476000000000001;0.938;0.8194251259562219;0.9350896779284715;0.942977496294296;0.9449504017268963;0.5424603;0.57092047;0.7829011527591673;0.49210994143434306;0.9252;0.943;0.9236219136907607;0.9416285620206086;0.9188557809177818;0.9226218302640363;0.64904106;0.6651757;0.551296802336257;0.5698445690870285;0.6746000000000001;0.7030000000000001;0.6248656119389386;0.6552641640373549;0.7514239400725589;0.7822551831723028;5.021063327789307;0.1771453619003296;nan;nan;nan;nan;nan;nan;nan;nan;nan;nan;nan;nan;nan;nan;nan;nan;nan;nan;nan;nan;nan;nan;nan;nan;nan;nan;nan;nan;nan;nan;nan;nan;nan;nan;nan;nan;nan;nan;nan;nan;nan;nan;nan;nan;nan;nan;nan;nan;nan;nan;nan;nan;nan;nan;nan;nan;nan;nan;nan;nan;nan;nan;nan;nan;nan;nan;nan;nan;nan;nan;nan;nan;nan;nan;nan;nan;nan;nan;nan;nan;nan;nan;nan;nan;nan;nan;nan;nan;nan;nan;nan;nan;nan;nan;nan;nan;nan;nan;nan;nan;nan;nan;nan;nan;nan;nan;nan;nan;nan;nan;nan;nan;nan;nan;nan;nan;nan;nan;nan;nan;nan;nan;nan;nan;nan;nan;nan;nan;nan;nan;nan;nan;nan;nan;nan;nan;nan;nan;nan;nan;nan;nan;nan;nan;nan;nan;nan;nan;nan;nan;nan;nan;nan;nan;nan;nan;nan;nan;nan;nan;nan;nan;nan;nan;nan;nan;nan;nan;nan;nan;nan;nan;nan;nan;nan;nan;nan;nan;nan;nan;nan;nan;nan;nan;nan;nan;nan;nan;nan;nan;nan;nan;nan;nan;nan;nan;nan;nan;nan;nan;nan;nan;nan;nan;nan;nan;nan;nan;nan;nan;nan;nan;nan;nan;nan;nan;nan;nan;nan;nan;nan;nan;nan;nan;nan;nan;nan;nan;nan;nan;nan;nan;nan;nan;nan;nan;nan;nan;nan;nan;nan;nan;nan;nan;nan;nan;nan;nan;nan;nan;nan;nan;nan;nan;nan;nan;nan;nan;nan;nan;nan;nan;nan;nan;nan;nan;nan;nan;nan;nan;nan;nan;nan;nan;nan;nan;nan;nan;nan;nan;nan;nan;nan;nan;nan;nan;nan;nan;nan;nan;nan;nan;nan;nan;nan;nan;nan;nan;nan;nan;nan;nan;nan;nan;nan;nan;nan;nan;nan;nan;nan;nan;nan;nan;nan;nan;nan;nan;nan;nan;nan;nan;nan;nan;nan;nan;nan;nan;nan;nan;nan;nan;nan;nan;nan;nan;nan;nan;nan;nan;nan;nan;nan;nan;nan;nan;nan;nan;nan;nan;nan;nan;nan;nan;nan;nan;nan;nan;nan;nan;nan;nan;nan;nan;nan;nan;nan;nan;nan;nan;nan;nan;nan;nan;nan;nan;nan;nan;nan;nan;nan;nan;nan;nan;nan;nan;nan;nan;nan;nan;nan;nan;nan;nan;nan;nan;nan;nan;nan;nan;nan;nan;nan;nan;nan;nan;nan;nan;nan;nan;nan;nan;nan;nan;nan;nan;nan;nan;nan;nan;nan;nan;nan;nan;nan;nan;nan;nan;nan;nan;nan;nan;nan;nan;nan;nan;nan;nan;nan;nan;nan;nan;nan;nan;nan;nan;nan;nan;nan;nan;nan;nan;nan;nan;nan;nan;nan;nan;nan;nan;nan;nan;nan;nan;nan;nan;nan;nan;nan;nan;nan;nan;nan;nan;nan;nan;nan;nan;nan;nan;nan;nan;nan;nan;nan;nan;nan;nan;nan;nan;nan;nan;nan;nan;nan;nan;nan;nan;nan;nan;nan;nan;nan;nan;nan;nan;nan;nan;nan;nan;nan;nan;nan;nan;nan;nan;nan;nan;nan;nan;nan;nan;nan;nan;nan;nan;nan;nan;nan;nan;nan;nan;nan;nan;nan;nan;nan;nan;nan;nan;nan;nan;nan;nan;nan;nan;nan;nan;nan;nan;nan;nan;nan;nan;nan;nan;nan;nan;nan;nan;nan;nan;nan;nan;nan;nan;nan;nan;nan;nan;nan;nan;nan;nan;nan;nan;nan;nan;nan;nan;nan;nan;nan;nan;nan;nan;nan;nan;nan;nan;nan;nan;nan;nan;nan;nan;nan;nan;nan;nan;nan;nan;nan;nan;nan;nan;nan;nan;nan;nan;nan;nan;nan;nan;nan;nan;nan;nan;nan;nan;nan;nan;nan;nan;nan;nan;nan;nan;nan;nan;nan;nan;nan;nan;nan;nan;nan;nan;nan;nan;nan;nan;nan;nan;nan;nan;nan;nan;nan;nan;nan;nan;nan;nan;nan;nan;nan;nan;nan;nan;0.7193742;3.7768651750568383;0.6666666666666666;0.6815523657628921;0.7175480769230769;0.47636557;0.011521422145876828;0.9958;0.995859743852459;0.9948580905044622;0.014344215393066406;0.7193742;3.7768651750568383;0.6666666666666666;0.6815523657628921;0.7175480769230769;0.47636557;0.011521422145876828;0.9958;0.995859743852459;0.9948580905044622;0.0;0.0;0.0;0.0;0.0;0.0;0.0;0.0;0.0;0.0;0.014344215393066406;0.6877688;0.6349135789606306;0.5111111111111111;0.5227513227513227;0.7560096153846154;0.1380925178527832;122.23382;0.6982849640978708;0.6;0.6;0.5024038461538461;14.457440376281738;nan;nan;nan;nan;nan;nan;nan;nan;nan;nan;nan;nan;nan;nan;nan;nan;nan;nan;nan;nan;nan;nan;nan;nan;nan;nan;nan;nan;nan;nan;nan;nan;nan;nan;nan;nan;nan;nan;nan;nan;nan;nan;nan;nan;nan;nan;nan;nan;nan;nan;nan;nan;nan;nan;nan;nan;nan;nan;nan;nan;nan;nan;nan;nan;nan;nan;nan;nan;nan;nan;nan;nan;nan;nan;nan;nan;nan;nan;nan;nan;nan;nan;nan;nan;nan;nan;nan;nan;nan;nan;nan;nan;nan;nan;nan;nan;nan;nan;nan;nan;nan;nan;nan;nan;nan;nan;nan;nan;nan;nan;nan;nan;nan;nan;nan;nan;nan;nan;nan;nan;nan;nan;nan;nan;nan;nan;nan;nan;nan;nan;nan;nan;nan;nan;nan;nan;nan;nan;nan;nan;nan;nan;nan;nan;nan;nan;nan;nan;nan;nan;nan;nan;nan;nan;nan;nan;nan;nan;nan;nan;nan;nan;nan;nan;nan;nan;nan;nan;nan;nan;nan;nan;nan;nan;nan;nan;nan;nan;nan;nan;nan;nan;nan;nan;nan;nan;nan;nan;nan;nan;nan;nan;nan;nan;nan;nan;nan;nan;nan;nan;nan;nan;nan;nan;nan;nan;nan;nan;nan;nan;nan;nan;nan;nan;nan;nan;nan;nan;nan;nan;nan;nan;nan;nan;nan;nan;nan;nan;nan;nan;nan;nan;nan;nan;nan;nan;nan;nan;nan;nan;nan;nan;nan;nan;nan;nan;nan;nan;nan;nan;nan;nan;nan;nan;nan;nan;nan;nan;nan;nan;nan;nan;nan;nan;nan;nan;nan;nan;nan;nan;nan;nan;nan;nan;nan;nan;nan;nan;nan;nan;nan;nan;nan;nan;nan;nan;nan;nan;nan;nan;nan;nan;nan;nan;nan;nan;nan;nan;nan;nan;nan;nan;nan;nan;nan;nan;nan;nan;nan;nan;nan;nan;nan;nan;nan;nan;nan;nan;nan;nan;nan;nan;nan;nan;nan;nan;nan;nan;nan;nan;nan;nan;nan;nan;nan;nan;nan;nan;nan;nan;nan;nan;nan;nan;nan;nan;nan;nan;nan;nan;nan;nan;nan;nan;nan;nan;nan;nan;nan;nan;nan;nan;nan;nan;nan;nan;nan;nan;nan;nan;nan;nan;nan;nan;nan;nan;nan;nan;nan;nan;nan;nan;nan;nan;nan;nan;nan;nan;nan;nan;nan;nan;nan;nan;nan;nan;nan;nan;nan;nan;nan;nan;nan;nan;nan;nan;nan;nan;nan;nan;nan;nan;nan;nan;nan;nan;nan;nan;nan;nan;nan;nan;nan;nan;nan;nan;nan;nan;nan;nan;nan;nan;nan;nan;nan;nan;nan;nan;nan;nan;nan;nan;nan;nan;nan;nan;nan;nan;nan;nan;nan;nan;nan;nan;nan;nan;nan;nan;nan;nan;nan;nan;nan;nan;nan;nan;nan;nan;nan;nan;nan;nan;nan;nan;nan;nan;nan;nan;nan;nan;nan;nan;nan;nan;nan;nan;nan;nan;nan;nan;nan;nan;nan;nan;nan;nan;nan;nan;nan;nan;nan;nan;nan;nan;nan;nan;nan;nan;nan;nan;nan;nan;nan;nan;nan;nan;nan;nan;nan;nan;nan;nan;nan;nan;nan;nan;nan;nan;nan;nan;nan;nan;nan;nan;nan;nan;nan;nan;nan;nan;nan;nan;nan;nan;nan;nan;nan;nan;nan;nan;nan;nan;nan;nan;nan;nan;nan;nan;nan;nan;nan;nan;nan;nan;nan;nan;nan;nan;nan;nan;nan;nan;nan;nan;nan;nan;nan;nan;nan;nan;nan;nan;nan;nan;nan;nan;nan;nan;nan;nan;nan;nan;nan;nan;nan;nan;nan;nan;nan;nan;nan;nan;nan;nan;nan;nan;nan;nan;nan;nan;nan;nan;nan;nan;nan;nan;nan;nan;nan;nan;nan;nan;nan;nan;nan;nan;nan;nan;nan;nan;nan;nan;nan;nan;nan;nan;nan;nan;nan;nan;nan;nan;nan;nan;nan;nan;nan;nan;nan;nan;nan;nan;nan;nan;nan;nan;nan;nan;nan;nan;0.66894877;0.2971950789577337;0.8666666666666667;0.8666666666666667;0.9483173076923077;0.667827;0.06503564245101089;0.9821;0.982115403045894;0.9938608801363232;0.009152650833129883;0.66894877;0.2971950789577337;0.8666666666666667;0.8666666666666667;0.9483173076923077;0.667827;0.06503564245101089;0.9821;0.982115403045894;0.9938608801363232;0.0;0.0;0.0;0.0;0.0;0.0;0.0;0.0;0.0;0.0;0.009152650833129883;0.6877688;0.6349135789606306;0.5111111111111111;0.5227513227513227;0.7560096153846154;0.1380925178527832;122.23382;0.6982849640978708;0.6;0.6;0.5024038461538461;14.457440376281738;nan;nan;nan;nan;nan;nan;nan;nan;nan;nan;nan;nan;nan;nan;nan;nan;nan;nan;nan;nan;nan;nan;nan;nan;nan;nan;nan;nan;nan;nan;nan;nan;nan;nan;nan;nan;nan;nan;nan;nan;nan;nan;nan;nan;nan;nan;nan;nan;nan;nan;nan;nan;nan;nan;nan;nan;nan;nan;nan;nan;nan;nan;nan;nan;nan;nan;nan;nan;nan;nan;nan;nan;nan;nan;nan;nan;nan;nan;nan;nan;nan;nan;nan;nan;nan;nan;nan;nan;nan;nan;nan;nan;nan;nan;nan;nan;nan;nan;nan;nan;nan;nan;nan;nan;nan;nan;nan;nan;nan;nan;nan;nan;nan;nan;nan;nan;nan;nan;nan;nan;nan;nan;nan;nan;nan;nan;nan;nan;nan;nan;nan;nan;nan;nan;nan;nan;nan;nan;nan;nan;nan;nan;nan;nan;nan;nan;nan;nan;nan;nan;nan;nan;nan;nan;nan;nan;nan;nan;nan;nan;nan;nan;nan;nan;nan;nan;nan;nan;nan;nan;nan;nan;nan;nan;nan;nan;nan;nan;nan;nan;nan;nan;nan;nan;nan;nan;nan;nan;nan;nan;nan;nan;nan;nan;nan;nan;nan;nan;nan;nan;nan;nan;nan;nan;nan;nan;nan;nan;nan;nan;nan;nan;nan;nan;nan;nan;nan;nan;nan;nan;nan;nan;nan;nan;nan;nan;nan;nan;nan;nan;nan;nan;nan;nan;nan;nan;nan;nan;nan;nan;nan;nan;nan;nan;nan;nan;nan;nan;nan;nan;nan;nan;nan;nan;nan;nan;nan;nan;nan;nan;nan;nan;nan;nan;nan;nan;nan;nan;nan;nan;nan;nan;nan;nan;nan;nan;nan;nan;nan;nan;nan;nan;nan;nan;nan;nan;nan;nan;nan;nan;nan;nan;nan;nan;nan;nan;nan;nan;nan;nan;nan;nan;nan;nan;nan;nan;nan;nan;nan;nan;nan;nan;nan;nan;nan;nan;nan;nan;nan;nan;nan;nan;nan;nan;nan;nan;nan;nan;nan;nan;nan;nan;nan;nan;nan;nan;nan;nan;nan;nan;nan;nan;nan;nan;nan;nan;nan;nan;nan;nan;nan;nan;nan;nan;nan;nan;nan;nan;nan;nan;nan;nan;nan;nan;nan;nan;nan;nan;nan;nan;nan;nan;nan;nan;nan;nan;nan;nan;nan;nan;nan;nan;nan;nan;nan;nan;nan;nan;nan;nan;nan;nan;nan;nan;nan;nan;nan;nan;nan;nan;nan;nan;nan;nan;nan;nan;nan;nan;nan;nan;nan;nan;nan;nan;nan;nan;nan;nan;nan;nan;nan;nan;nan;nan;nan;nan;nan;nan;nan;nan;nan;nan;nan;nan;nan;nan;nan;nan;nan;nan;nan;nan;nan;nan;nan;nan;nan;nan;nan;nan;nan;nan;nan;nan;nan;nan;nan;nan;nan;nan;nan;nan;nan;nan;nan;nan;nan;nan;nan;nan;nan;nan;nan;nan;nan;nan;nan;nan;nan;nan;nan;nan;nan;nan;nan;nan;nan;nan;nan;nan;nan;nan;nan;nan;nan;nan;nan;nan;nan;nan;nan;nan;nan;nan;nan;nan;nan;nan;nan;nan;nan;nan;nan;nan;nan;nan;nan;nan;nan;nan;nan;nan;nan;nan;nan;nan;nan;nan;nan;nan;nan;nan;nan;nan;nan;nan;nan;nan;nan;nan;nan;nan;nan;nan;nan;nan;nan;nan;nan;nan;nan;nan;nan;nan;nan;nan;nan;nan;nan;nan;nan;nan;nan;nan;nan;nan;nan;nan;nan;nan;nan;nan;nan;nan;nan;nan;nan;nan;nan;nan;nan;nan;nan;nan;nan;nan;nan;nan;nan;nan;nan;nan;nan;nan;nan;nan;nan;nan;nan;nan;nan;nan;nan;nan;nan;nan;nan;nan;nan;nan;nan;nan;nan;nan;nan;nan;nan;nan;nan;nan;nan;nan;nan;nan;nan;nan;nan;nan;nan;nan;nan;nan;nan;nan;nan;nan;nan;nan;nan;nan;nan;nan;nan;nan;nan;nan;nan;nan;nan;nan;nan;nan;nan;nan;nan;nan;nan;nan;nan;nan;0.72568095;2.999300187123674;0.7555555555555555;0.7525470085470085;0.671875;0.7373027;0.2754198128575661;0.8953;0.890733945513816;0.9099421931422713;0.013109683990478516;0.72568095;2.999300187123674;0.7555555555555555;0.7525470085470085;0.671875;0.7373027;0.2754198128575661;0.8953;0.890733945513816;0.9099421931422713;0.0;0.0;0.0;0.0;0.0;0.0;0.0;0.0;0.0;0.0;0.013109683990478516;0.6877688;0.6349135789606306;0.5111111111111111;0.5227513227513227;0.7560096153846154;0.1380925178527832;122.23382;0.6982849640978708;0.6;0.6;0.5024038461538461;14.457440376281738;nan;nan;nan;nan;nan;nan;nan;nan;nan;nan;nan;nan;nan;nan;nan;nan;nan;nan;nan;nan;nan;nan;nan;nan;nan;nan;nan;nan;nan;nan;nan;nan;nan;nan;nan;nan;nan;nan;nan;nan;nan;nan;nan;nan;nan;nan;nan;nan;nan;nan;nan;nan;nan;nan;nan;nan;nan;nan;nan;nan;nan;nan;nan;nan;nan;nan;nan;nan;nan;nan;nan;nan;nan;nan;nan;nan;nan;nan;nan;nan;nan;nan;nan;nan;nan;nan;nan;nan;nan;nan;nan;nan;nan;nan;nan;nan;nan;nan;nan;nan;nan;nan;nan;nan;nan;nan;nan;nan;nan;nan;nan;nan;nan;nan;nan;nan;nan;nan;nan;nan;nan;nan;nan;nan;nan;nan;nan;nan;nan;nan;nan;nan;nan;nan;nan;nan;nan;nan;nan;nan;nan;nan;nan;nan;nan;nan;nan;nan;nan;nan;nan;nan;nan;nan;nan;nan;nan;nan;nan;nan;nan;nan;nan;nan;nan;nan;nan;nan;nan;nan;nan;nan;nan;nan;nan;nan;nan;nan;nan;nan;nan;nan;nan;nan;nan;nan;nan;nan;nan;nan;nan;nan;nan;nan;nan;nan;nan;nan;nan;nan;nan;nan;nan;nan;nan;nan;nan;nan;nan;nan;nan;nan;nan;nan;nan;nan;nan;nan;nan;nan;nan;nan;nan;nan;nan;nan;nan;nan;nan;nan;nan;nan;nan;nan;nan;nan;nan;nan;nan;nan;nan;nan;nan;nan;nan;nan;nan;nan;nan;nan;nan;nan;nan;nan;nan;nan;nan;nan;nan;nan;nan;nan;nan;nan;nan;nan;nan;nan;nan;nan;nan;nan;nan;nan;nan;nan;nan;nan;nan;nan;nan;nan;nan;nan;nan;nan;nan;nan;nan;nan;nan;nan;nan;nan;nan;nan;nan;nan;nan;nan;nan;nan;nan;nan;nan;nan;nan;nan;nan;nan;nan;nan;nan;nan;nan;nan;nan;nan;nan;nan;nan;nan;nan;nan;nan;nan;nan;nan;nan;nan;nan;nan;nan;nan;nan;nan;nan;nan;nan;nan;nan;nan;nan;nan;nan;nan;nan;nan;nan;nan;nan;nan;nan;nan;nan;nan;nan;nan;nan;nan;nan;nan;nan;nan;nan;nan;nan;nan;nan;nan;nan;nan;nan;nan;nan;nan;nan;nan;nan;nan;nan;nan;nan;nan;nan;nan;nan;nan;nan;nan;nan;nan;nan;nan;nan;nan;nan;nan;nan;nan;nan;nan;nan;nan;nan;nan;nan;nan;nan;nan;nan;nan;nan;nan;nan;nan;nan;nan;nan;nan;nan;nan;nan;nan;nan;nan;nan;nan;nan;nan;nan;nan;nan;nan;nan;nan;nan;nan;nan;nan;nan;nan;nan;nan;nan;nan;nan;nan;nan;nan;nan;nan;nan;nan;nan;nan;nan;nan;nan;nan;nan;nan;nan;nan;nan;nan;nan;nan;nan;nan;nan;nan;nan;nan;nan;nan;nan;nan;nan;nan;nan;nan;nan;nan;nan;nan;nan;nan;nan;nan;nan;nan;nan;nan;nan;nan;nan;nan;nan;nan;nan;nan;nan;nan;nan;nan;nan;nan;nan;nan;nan;nan;nan;nan;nan;nan;nan;nan;nan;nan;nan;nan;nan;nan;nan;nan;nan;nan;nan;nan;nan;nan;nan;nan;nan;nan;nan;nan;nan;nan;nan;nan;nan;nan;nan;nan;nan;nan;nan;nan;nan;nan;nan;nan;nan;nan;nan;nan;nan;nan;nan;nan;nan;nan;nan;nan;nan;nan;nan;nan;nan;nan;nan;nan;nan;nan;nan;nan;nan;nan;nan;nan;nan;nan;nan;nan;nan;nan;nan;nan;nan;nan;nan;nan;nan;nan;nan;nan;nan;nan;nan;nan;nan;nan;nan;nan;nan;nan;nan;nan;nan;nan;nan;nan;nan;nan;nan;nan;nan;nan;nan;nan;nan;nan;nan;nan;nan;nan;nan;nan;nan;nan;nan;nan;nan;nan;nan;nan;nan;nan;nan;nan;nan;nan;nan;nan;nan;nan;nan;nan;nan;nan;nan;nan;nan;nan;nan;nan;nan;nan;0.6712104;0.5561670378958923;0.8;0.7914341336794289;0.7668269230769231;0.6075272;0.09077248097558084;0.9695;0.9696474341540344;0.9895383328681259;0.013520956039428711;0.6712104;0.5561670378958923;0.8;0.7914341336794289;0.7668269230769231;0.6075272;0.09077248097558084;0.9695;0.9696474341540344;0.9895383328681259;0.0;0.0;0.0;0.0;0.0;0.0;0.0;0.0;0.0;0.0;0.013520956039428711;0.6877688;0.6349135789606306;0.5111111111111111;0.5227513227513227;0.7560096153846154;0.1380925178527832;122.23382;0.6982849640978708;0.6;0.6;0.5024038461538461;14.457440376281738;nan;nan;nan;nan;nan;nan;nan;nan;nan;nan;nan;nan;nan;nan;nan;nan;nan;nan;nan;nan;nan;nan;nan;nan;nan;nan;nan;nan;nan;nan;nan;nan;nan;nan;nan;nan;nan;nan;nan;nan;nan;nan;nan;nan;nan;nan;nan;nan;nan;nan;nan;nan;nan;nan;nan;nan;nan;nan;nan;nan;nan;nan;nan;nan;nan;nan;nan;nan;nan;nan;nan;nan;nan;nan;nan;nan;nan;nan;nan;nan;nan;nan;nan;nan;nan;nan;nan;nan;nan;nan;nan;nan;nan;nan;nan;nan;nan;nan;nan;nan;nan;nan;nan;nan;nan;nan;nan;nan;nan;nan;nan;nan;nan;nan;nan;nan;nan;nan;nan;nan;nan;nan;nan;nan;nan;nan;nan;nan;nan;nan;nan;nan;nan;nan;nan;nan;nan;nan;nan;nan;nan;nan;nan;nan;nan;nan;nan;nan;nan;nan;nan;nan;nan;nan;nan;nan;nan;nan;nan;nan;nan;nan;nan;nan;nan;nan;nan;nan;nan;nan;nan;nan;nan;nan;nan;nan;nan;nan;nan;nan;nan;nan;nan;nan;nan;nan;nan;nan;nan;nan;nan;nan;nan;nan;nan;nan;nan;nan;nan;nan;nan;nan;nan;nan;nan;nan;nan;nan;nan;nan;nan;nan;nan;nan;nan;nan;nan;nan;nan;nan;nan;nan;nan;nan;nan;nan;nan;nan;nan;nan;nan;nan;nan;nan;nan;nan;nan;nan;nan;nan;nan;nan;nan;nan;nan;nan;nan;nan;nan;nan;nan;nan;nan;nan;nan;nan;nan;nan;nan;nan;nan;nan;nan;nan;nan;nan;nan;nan;nan;nan;nan;nan;nan;nan;nan;nan;nan;nan;nan;nan;nan;nan;nan;nan;nan;nan;nan;nan;nan;nan;nan;nan;nan;nan;nan;nan;nan;nan;nan;nan;nan;nan;nan;nan;nan;nan;nan;nan;nan;nan;nan;nan;nan;nan;nan;nan;nan;nan;nan;nan;nan;nan;nan;nan;nan;nan;nan;nan;nan;nan;nan;nan;nan;nan;nan;nan;nan;nan;nan;nan;nan;nan;nan;nan;nan;nan;nan;nan;nan;nan;nan;nan;nan;nan;nan;nan;nan;nan;nan;nan;nan;nan;nan;nan;nan;nan;nan;nan;nan;nan;nan;nan;nan;nan;nan;nan;nan;nan;nan;nan;nan;nan;nan;nan;nan;nan;nan;nan;nan;nan;nan;nan;nan;nan;nan;nan;nan;nan;nan;nan;nan;nan;nan;nan;nan;nan;nan;nan;nan;nan;nan;nan;nan;nan;nan;nan;nan;nan;nan;nan;nan;nan;nan;nan;nan;nan;nan;nan;nan;nan;nan;nan;nan;nan;nan;nan;nan;nan;nan;nan;nan;nan;nan;nan;nan;nan;nan;nan;nan;nan;nan;nan;nan;nan;nan;nan;nan;nan;nan;nan;nan;nan;nan;nan;nan;nan;nan;nan;nan;nan;nan;nan;nan;nan;nan;nan;nan;nan;nan;nan;nan;nan;nan;nan;nan;nan;nan;nan;nan;nan;nan;nan;nan;nan;nan;nan;nan;nan;nan;nan;nan;nan;nan;nan;nan;nan;nan;nan;nan;nan;nan;nan;nan;nan;nan;nan;nan;nan;nan;nan;nan;nan;nan;nan;nan;nan;nan;nan;nan;nan;nan;nan;nan;nan;nan;nan;nan;nan;nan;nan;nan;nan;nan;nan;nan;nan;nan;nan;nan;nan;nan;nan;nan;nan;nan;nan;nan;nan;nan;nan;nan;nan;nan;nan;nan;nan;nan;nan;nan;nan;nan;nan;nan;nan;nan;nan;nan;nan;nan;nan;nan;nan;nan;nan;nan;nan;nan;nan;nan;nan;nan;nan;nan;nan;nan;nan;nan;nan;nan;nan;nan;nan;nan;nan;nan;nan;nan;nan;nan;nan;nan;nan;nan;nan;nan;nan;nan;nan;nan;nan;nan;nan;nan;nan;nan;nan;nan;nan;nan;nan;nan;nan;nan;nan;nan;nan;nan;nan;nan;nan;nan;nan;nan;nan;nan;nan;nan;nan;nan;nan;nan;nan;nan;nan;nan;nan;nan;nan;nan;nan;0.7691736;2.221110413932157;0.5777777777777777;0.5777777777777777;0.7127403846153846;0.5414014;0.1265173374239502;0.9544;0.9551970167522091;0.9698605695629741;0.010080099105834961;0.7691736;2.221110413932157;0.5777777777777777;0.5777777777777777;0.7127403846153846;0.5414014;0.1265173374239502;0.9544;0.9551970167522091;0.9698605695629741;0.0;0.0;0.0;0.0;0.0;0.0;0.0;0.0;0.0;0.0;0.010080099105834961;0.6877688;0.6349135789606306;0.5111111111111111;0.5227513227513227;0.7560096153846154;0.1380925178527832;122.23382;0.6982849640978708;0.6;0.6;0.5024038461538461;14.457440376281738;nan;nan;nan;nan;nan;nan;nan;nan;nan;nan;nan;nan;nan;nan;nan;nan;nan;nan;nan;nan;nan;nan;nan;nan;nan;nan;nan;nan;nan;nan;nan;nan;nan;nan;nan;nan;nan;nan;nan;nan;nan;nan;nan;nan;nan;nan;nan;nan;nan;nan;nan;nan;nan;nan;nan;nan;nan;nan;nan;nan;nan;nan;nan;nan;nan;nan;nan;nan;nan;nan;nan;nan;nan;nan;nan;nan;nan;nan;nan;nan;nan;nan;nan;nan;nan;nan;nan;nan;nan;nan;nan;nan;nan;nan;nan;nan;nan;nan;nan;nan;nan;nan;nan;nan;nan;nan;nan;nan;nan;nan;nan;nan;nan;nan;nan;nan;nan;nan;nan;nan;nan;nan;nan;nan;nan;nan;nan;nan;nan;nan;nan;nan;nan;nan;nan;nan;nan;nan;nan;nan;nan;nan;nan;nan;nan;nan;nan;nan;nan;nan;nan;nan;nan;nan;nan;nan;nan;nan;nan;nan;nan;nan;nan;nan;nan;nan;nan;nan;nan;nan;nan;nan;nan;nan;nan;nan;nan;nan;nan;nan;nan;nan;nan;nan;nan;nan;nan;nan;nan;nan;nan;nan;nan;nan;nan;nan;nan;nan;nan;nan;nan;nan;nan;nan;nan;nan;nan;nan;nan;nan;nan;nan;nan;nan;nan;nan;nan;nan;nan;nan;nan;nan;nan;nan;nan;nan;nan;nan;nan;nan;nan;nan;nan;nan;nan;nan;nan;nan;nan;nan;nan;nan;nan;nan;nan;nan;nan;nan;nan;nan;nan;nan;nan;nan;nan;nan;nan;nan;nan;nan;nan;nan;nan;nan;nan;nan;nan;nan;nan;nan;nan;nan;nan;nan;nan;nan;nan;nan;nan;nan;nan;nan;nan;nan;nan;nan;nan;nan;nan;nan;nan;nan;nan;nan;nan;nan;nan;nan;nan;nan;nan;nan;nan;nan;nan;nan;nan;nan;nan;nan;nan;nan;nan;nan;nan;nan;nan;nan;nan;nan;nan;nan;nan;nan;nan;nan;nan;nan;nan;nan;nan;nan;nan;nan;nan;nan;nan;nan;nan;nan;nan;nan;nan;nan;nan;nan;nan;nan;nan;nan;nan;nan;nan;nan;nan;nan;nan;nan;nan;nan;nan;nan;nan;nan;nan;nan;nan;nan;nan;nan;nan;nan;nan;nan;nan;nan;nan;nan;nan;nan;nan;nan;nan;nan;nan;nan;nan;nan;nan;nan;nan;nan;nan;nan;nan;nan;nan;nan;nan;nan;nan;nan;nan;nan;nan;nan;nan;nan;nan;nan;nan;nan;nan;nan;nan;nan;nan;nan;nan;nan;nan;nan;nan;nan;nan;nan;nan;nan;nan;nan;nan;nan;nan;nan;nan;nan;nan;nan;nan;nan;nan;nan;nan;nan;nan;nan;nan;nan;nan;nan;nan;nan;nan;nan;nan;nan;nan;nan;nan;nan;nan;nan;nan;nan;nan;nan;nan;nan;nan;nan;nan;nan;nan;nan;nan;nan;nan;nan;nan;nan;nan;nan;nan;nan;nan;nan;nan;nan;nan;nan;nan;nan;nan;nan;nan;nan;nan;nan;nan;nan;nan;nan;nan;nan;nan;nan;nan;nan;nan;nan;nan;nan;nan;nan;nan;nan;nan;nan;nan;nan;nan;nan;nan;nan;nan;nan;nan;nan;nan;nan;nan;nan;nan;nan;nan;nan;nan;nan;nan;nan;nan;nan;nan;nan;nan;nan;nan;nan;nan;nan;nan;nan;nan;nan;nan;nan;nan;nan;nan;nan;nan;nan;nan;nan;nan;nan;nan;nan;nan;nan;nan;nan;nan;nan;nan;nan;nan;nan;nan;nan;nan;nan;nan;nan;nan;nan;nan;nan;nan;nan;nan;nan;nan;nan;nan;nan;nan;nan;nan;nan;nan;nan;nan;nan;nan;nan;nan;nan;nan;nan;nan;nan;nan;nan;nan;nan;nan;nan;nan;nan;nan;nan;nan;nan;nan;nan;nan;nan;nan;nan;nan;nan;nan;nan;nan;nan;nan;nan;nan;nan;nan;nan;nan;nan;nan;nan;nan;nan;nan;nan;nan;nan;nan;nan;nan;nan;nan;nan;nan;nan;0.6651817;0.4112103548369611;0.8666666666666667;0.8631313131313132;0.8569711538461539;0.6160739;0.0929200227414229;0.9722;0.971523748757301;0.9745850372721091;0.016283035278320312;0.6651817;0.4112103548369611;0.8666666666666667;0.8631313131313132;0.8569711538461539;0.6160739;0.0929200227414229;0.9722;0.971523748757301;0.9745850372721091;0.0;0.0;0.0;0.0;0.0;0.0;0.0;0.0;0.0;0.0;0.016283035278320312;0.6877688;0.6349135789606306;0.5111111111111111;0.5227513227513227;0.7560096153846154;0.1380925178527832;122.23382;0.6982849640978708;0.6;0.6;0.5024038461538461;14.457440376281738;nan;nan;nan;nan;nan;nan;nan;nan;nan;nan;nan;nan;nan;nan;nan;nan;nan;nan;nan;nan;nan;nan;nan;nan;nan;nan;nan;nan;nan;nan;nan;nan;nan;nan;nan;nan;nan;nan;nan;nan;nan;nan;nan;nan;nan;nan;nan;nan;nan;nan;nan;nan;nan;nan;nan;nan;nan;nan;nan;nan;nan;nan;nan;nan;nan;nan;nan;nan;nan;nan;nan;nan;nan;nan;nan;nan;nan;nan;nan;nan;nan;nan;nan;nan;nan;nan;nan;nan;nan;nan;nan;nan;nan;nan;nan;nan;nan;nan;nan;nan;nan;nan;nan;nan;nan;nan;nan;nan;nan;nan;nan;nan;nan;nan;nan;nan;nan;nan;nan;nan;nan;nan;nan;nan;nan;nan;nan;nan;nan;nan;nan;nan;nan;nan;nan;nan;nan;nan;nan;nan;nan;nan;nan;nan;nan;nan;nan;nan;nan;nan;nan;nan;nan;nan;nan;nan;nan;nan;nan;nan;nan;nan;nan;nan;nan;nan;nan;nan;nan;nan;nan;nan;nan;nan;nan;nan;nan;nan;nan;nan;nan;nan;nan;nan;nan;nan;nan;nan;nan;nan;nan;nan;nan;nan;nan;nan;nan;nan;nan;nan;nan;nan;nan;nan;nan;nan;nan;nan;nan;nan;nan;nan;nan;nan;nan;nan;nan;nan;nan;nan;nan;nan;nan;nan;nan;nan;nan;nan;nan;nan;nan;nan;nan;nan;nan;nan;nan;nan;nan;nan;nan;nan;nan;nan;nan;nan;nan;nan;nan;nan;nan;nan;nan;nan;nan;nan;nan;nan;nan;nan;nan;nan;nan;nan;nan;nan;nan;nan;nan;nan;nan;nan;nan;nan;nan;nan;nan;nan;nan;nan;nan;nan;nan;nan;nan;nan;nan;nan;nan;nan;nan;nan;nan;nan;nan;nan;nan;nan;nan;nan;nan;nan;nan;nan;nan;nan;nan;nan;nan;nan;nan;nan;nan;nan;nan;nan;nan;nan;nan;nan;nan;nan;nan;nan;nan;nan;nan;nan;nan;nan;nan;nan;nan;nan;nan;nan;nan;nan;nan;nan;nan;nan;nan;nan;nan;nan;nan;nan;nan;nan;nan;nan;nan;nan;nan;nan;nan;nan;nan;nan;nan;nan;nan;nan;nan;nan;nan;nan;nan;nan;nan;nan;nan;nan;nan;nan;nan;nan;nan;nan;nan;nan;nan;nan;nan;nan;nan;nan;nan;nan;nan;nan;nan;nan;nan;nan;nan;nan;nan;nan;nan;nan;nan;nan;nan;nan;nan;nan;nan;nan;nan;nan;nan;nan;nan;nan;nan;nan;nan;nan;nan;nan;nan;nan;nan;nan;nan;nan;nan;nan;nan;nan;nan;nan;nan;nan;nan;nan;nan;nan;nan;nan;nan;nan;nan;nan;nan;nan;nan;nan;nan;nan;nan;nan;nan;nan;nan;nan;nan;nan;nan;nan;nan;nan;nan;nan;nan;nan;nan;nan;nan;nan;nan;nan;nan;nan;nan;nan;nan;nan;nan;nan;nan;nan;nan;nan;nan;nan;nan;nan;nan;nan;nan;nan;nan;nan;nan;nan;nan;nan;nan;nan;nan;nan;nan;nan;nan;nan;nan;nan;nan;nan;nan;nan;nan;nan;nan;nan;nan;nan;nan;nan;nan;nan;nan;nan;nan;nan;nan;nan;nan;nan;nan;nan;nan;nan;nan;nan;nan;nan;nan;nan;nan;nan;nan;nan;nan;nan;nan;nan;nan;nan;nan;nan;nan;nan;nan;nan;nan;nan;nan;nan;nan;nan;nan;nan;nan;nan;nan;nan;nan;nan;nan;nan;nan;nan;nan;nan;nan;nan;nan;nan;nan;nan;nan;nan;nan;nan;nan;nan;nan;nan;nan;nan;nan;nan;nan;nan;nan;nan;nan;nan;nan;nan;nan;nan;nan;nan;nan;nan;nan;nan;nan;nan;nan;nan;nan;nan;nan;nan;nan;nan;nan;nan;nan;nan;nan;nan;nan;nan;nan;nan;nan;nan;nan;nan;nan;nan;nan;nan;nan;nan;nan;nan;nan;nan;nan;nan;nan;nan;nan;nan;nan;nan;nan;nan;nan;nan;nan;nan;0.67703855;0.5218315388580552;0.7555555555555555;0.7525470085470085;0.8545673076923077;0.6551078;0.18274656643401088;0.9422;0.9391940899558696;0.9039355773334646;0.013651132583618164;0.67703855;0.5218315388580552;0.7555555555555555;0.7525470085470085;0.8545673076923077;0.6551078;0.18274656643401088;0.9422;0.9391940899558696;0.9039355773334646;0.0;0.0;0.0;0.0;0.0;0.0;0.0;0.0;0.0;0.0;0.013651132583618164;0.6877688;0.6349135789606306;0.5111111111111111;0.5227513227513227;0.7560096153846154;0.1380925178527832;122.23382;0.6982849640978708;0.6;0.6;0.5024038461538461;14.457440376281738;nan;nan;nan;nan;nan;nan;nan;nan;nan;nan;nan;nan;nan;nan;nan;nan;nan;nan;nan;nan;nan;nan;nan;nan;nan;nan;nan;nan;nan;nan;nan;nan;nan;nan;nan;nan;nan;nan;nan;nan;nan;nan;nan;nan;nan;nan;nan;nan;nan;nan;nan;nan;nan;nan;nan;nan;nan;nan;nan;nan;nan;nan;nan;nan;nan;nan;nan;nan;nan;nan;nan;nan;nan;nan;nan;nan;nan;nan;nan;nan;nan;nan;nan;nan;nan;nan;nan;nan;nan;nan;nan;nan;nan;nan;nan;nan;nan;nan;nan;nan;nan;nan;nan;nan;nan;nan;nan;nan;nan;nan;nan;nan;nan;nan;nan;nan;nan;nan;nan;nan;nan;nan;nan;nan;nan;nan;nan;nan;nan;nan;nan;nan;nan;nan;nan;nan;nan;nan;nan;nan;nan;nan;nan;nan;nan;nan;nan;nan;nan;nan;nan;nan;nan;nan;nan;nan;nan;nan;nan;nan;nan;nan;nan;nan;nan;nan;nan;nan;nan;nan;nan;nan;nan;nan;nan;nan;nan;nan;nan;nan;nan;nan;nan;nan;nan;nan;nan;nan;nan;nan;nan;nan;nan;nan;nan;nan;nan;nan;nan;nan;nan;nan;nan;nan;nan;nan;nan;nan;nan;nan;nan;nan;nan;nan;nan;nan;nan;nan;nan;nan;nan;nan;nan;nan;nan;nan;nan;nan;nan;nan;nan;nan;nan;nan;nan;nan;nan;nan;nan;nan;nan;nan;nan;nan;nan;nan;nan;nan;nan;nan;nan;nan;nan;nan;nan;nan;nan;nan;nan;nan;nan;nan;nan;nan;nan;nan;nan;nan;nan;nan;nan;nan;nan;nan;nan;nan;nan;nan;nan;nan;nan;nan;nan;nan;nan;nan;nan;nan;nan;nan;nan;nan;nan;nan;nan;nan;nan;nan;nan;nan;nan;nan;nan;nan;nan;nan;nan;nan;nan;nan;nan;nan;nan;nan;nan;nan;nan;nan;nan;nan;nan;nan;nan;nan;nan;nan;nan;nan;nan;nan;nan;nan;nan;nan;nan;nan;nan;nan;nan;nan;nan;nan;nan;nan;nan;nan;nan;nan;nan;nan;nan;nan;nan;nan;nan;nan;nan;nan;nan;nan;nan;nan;nan;nan;nan;nan;nan;nan;nan;nan;nan;nan;nan;nan;nan;nan;nan;nan;nan;nan;nan;nan;nan;nan;nan;nan;nan;nan;nan;nan;nan;nan;nan;nan;nan;nan;nan;nan;nan;nan;nan;nan;nan;nan;nan;nan;nan;nan;nan;nan;nan;nan;nan;nan;nan;nan;nan;nan;nan;nan;nan;nan;nan;nan;nan;nan;nan;nan;nan;nan;nan;nan;nan;nan;nan;nan;nan;nan;nan;nan;nan;nan;nan;nan;nan;nan;nan;nan;nan;nan;nan;nan;nan;nan;nan;nan;nan;nan;nan;nan;nan;nan;nan;nan;nan;nan;nan;nan;nan;nan;nan;nan;nan;nan;nan;nan;nan;nan;nan;nan;nan;nan;nan;nan;nan;nan;nan;nan;nan;nan;nan;nan;nan;nan;nan;nan;nan;nan;nan;nan;nan;nan;nan;nan;nan;nan;nan;nan;nan;nan;nan;nan;nan;nan;nan;nan;nan;nan;nan;nan;nan;nan;nan;nan;nan;nan;nan;nan;nan;nan;nan;nan;nan;nan;nan;nan;nan;nan;nan;nan;nan;nan;nan;nan;nan;nan;nan;nan;nan;nan;nan;nan;nan;nan;nan;nan;nan;nan;nan;nan;nan;nan;nan;nan;nan;nan;nan;nan;nan;nan;nan;nan;nan;nan;nan;nan;nan;nan;nan;nan;nan;nan;nan;nan;nan;nan;nan;nan;nan;nan;nan;nan;nan;nan;nan;nan;nan;nan;nan;nan;nan;nan;nan;nan;nan;nan;nan;nan;nan;nan;nan;nan;nan;nan;nan;nan;nan;nan;nan;nan;nan;nan;nan;nan;nan;nan;nan;nan;nan;nan;nan;nan;nan;nan;nan;nan;nan;nan;nan;nan;nan;nan;nan;nan;nan;nan;nan;nan;nan;nan;nan;nan;nan;nan;nan;nan;nan;nan;nan;nan;0.76064074;3.380708467511239;0.6;0.6095238095238096;0.6862980769230769;0.56593466;0.008431252031919861;0.9982;0.9981716109774016;0.9780841107040747;0.01188516616821289;0.76064074;3.380708467511239;0.6;0.6095238095238096;0.6862980769230769;0.56593466;0.008431252031919861;0.9982;0.9981716109774016;0.9780841107040747;0.0;0.0;0.0;0.0;0.0;0.0;0.0;0.0;0.0;0.0;0.01188516616821289;0.6877688;0.6349135789606306;0.5111111111111111;0.5227513227513227;0.7560096153846154;0.1380925178527832;122.23382;0.6982849640978708;0.6;0.6;0.5024038461538461;14.457440376281738;nan;nan;nan;nan;nan;nan;nan;nan;nan;nan;nan;nan;nan;nan;nan;nan;nan;nan;nan;nan;nan;nan;nan;nan;nan;nan;nan;nan;nan;nan;nan;nan;nan;nan;nan;nan;nan;nan;nan;nan;nan;nan;nan;nan;nan;nan;nan;nan;nan;nan;nan;nan;nan;nan;nan;nan;nan;nan;nan;nan;nan;nan;nan;nan;nan;nan;nan;nan;nan;nan;nan;nan;nan;nan;nan;nan;nan;nan;nan;nan;nan;nan;nan;nan;nan;nan;nan;nan;nan;nan;nan;nan;nan;nan;nan;nan;nan;nan;nan;nan;nan;nan;nan;nan;nan;nan;nan;nan;nan;nan;nan;nan;nan;nan;nan;nan;nan;nan;nan;nan;nan;nan;nan;nan;nan;nan;nan;nan;nan;nan;nan;nan;nan;nan;nan;nan;nan;nan;nan;nan;nan;nan;nan;nan;nan;nan;nan;nan;nan;nan;nan;nan;nan;nan;nan;nan;nan;nan;nan;nan;nan;nan;nan;nan;nan;nan;nan;nan;nan;nan;nan;nan;nan;nan;nan;nan;nan;nan;nan;nan;nan;nan;nan;nan;nan;nan;nan;nan;nan;nan;nan;nan;nan;nan;nan;nan;nan;nan;nan;nan;nan;nan;nan;nan;nan;nan;nan;nan;nan;nan;nan;nan;nan;nan;nan;nan;nan;nan;nan;nan;nan;nan;nan;nan;nan;nan;nan;nan;nan;nan;nan;nan;nan;nan;nan;nan;nan;nan;nan;nan;nan;nan;nan;nan;nan;nan;nan;nan;nan;nan;nan;nan;nan;nan;nan;nan;nan;nan;nan;nan;nan;nan;nan;nan;nan;nan;nan;nan;nan;nan;nan;nan;nan;nan;nan;nan;nan;nan;nan;nan;nan;nan;nan;nan;nan;nan;nan;nan;nan;nan;nan;nan;nan;nan;nan;nan;nan;nan;nan;nan;nan;nan;nan;nan;nan;nan;nan;nan;nan;nan;nan;nan;nan;nan;nan;nan;nan;nan;nan;nan;nan;nan;nan;nan;nan;nan;nan;nan;nan;nan;nan;nan;nan;nan;nan;nan;nan;nan;nan;nan;nan;nan;nan;nan;nan;nan;nan;nan;nan;nan;nan;nan;nan;nan;nan;nan;nan;nan;nan;nan;nan;nan;nan;nan;nan;nan;nan;nan;nan;nan;nan;nan;nan;nan;nan;nan;nan;nan;nan;nan;nan;nan;nan;nan;nan;nan;nan;nan;nan;nan;nan;nan;nan;nan;nan;nan;nan;nan;nan;nan;nan;nan;nan;nan;nan;nan;nan;nan;nan;nan;nan;nan;nan;nan;nan;nan;nan;nan;nan;nan;nan;nan;nan;nan;nan;nan;nan;nan;nan;nan;nan;nan;nan;nan;nan;nan;nan;nan;nan;nan;nan;nan;nan;nan;nan;nan;nan;nan;nan;nan;nan;nan;nan;nan;nan;nan;nan;nan;nan;nan;nan;nan;nan;nan;nan;nan;nan;nan;nan;nan;nan;nan;nan;nan;nan;nan;nan;nan;nan;nan;nan;nan;nan;nan;nan;nan;nan;nan;nan;nan;nan;nan;nan;nan;nan;nan;nan;nan;nan;nan;nan;nan;nan;nan;nan;nan;nan;nan;nan;nan;nan;nan;nan;nan;nan;nan;nan;nan;nan;nan;nan;nan;nan;nan;nan;nan;nan;nan;nan;nan;nan;nan;nan;nan;nan;nan;nan;nan;nan;nan;nan;nan;nan;nan;nan;nan;nan;nan;nan;nan;nan;nan;nan;nan;nan;nan;nan;nan;nan;nan;nan;nan;nan;nan;nan;nan;nan;nan;nan;nan;nan;nan;nan;nan;nan;nan;nan;nan;nan;nan;nan;nan;nan;nan;nan;nan;nan;nan;nan;nan;nan;nan;nan;nan;nan;nan;nan;nan;nan;nan;nan;nan;nan;nan;nan;nan;nan;nan;nan;nan;nan;nan;nan;nan;nan;nan;nan;nan;nan;nan;nan;nan;nan;nan;nan;nan;nan;nan;nan;nan;nan;nan;nan;nan;nan;nan;nan;nan;nan;nan;nan;nan;nan;nan;nan;nan;nan;nan;nan;nan;nan;nan;nan;nan;nan;nan;nan;nan;nan;nan;0.67771155;1.258138305788792;0.8222222222222222;0.8112893642305407;0.7860576923076923;0.6784603;0.1924329665905644;0.9297;0.9281942987754148;0.9526207030123077;0.012598514556884766;0.67771155;1.258138305788792;0.8222222222222222;0.8112893642305407;0.7860576923076923;0.6784603;0.1924329665905644;0.9297;0.9281942987754148;0.9526207030123077;0.0;0.0;0.0;0.0;0.0;0.0;0.0;0.0;0.0;0.0;0.012598514556884766;0.6877688;0.6349135789606306;0.5111111111111111;0.5227513227513227;0.7560096153846154;0.1380925178527832;122.23382;0.6982849640978708;0.6;0.6;0.5024038461538461;14.457440376281738;nan;nan;nan;nan;nan;nan;nan;nan;nan;nan;nan;nan;nan;nan;nan;nan;nan;nan;nan;nan;nan;nan;nan;nan;nan;nan;nan;nan;nan;nan;nan;nan;nan;nan;nan;nan;nan;nan;nan;nan;nan;nan;nan;nan;nan;nan;nan;nan;nan;nan;nan;nan;nan;nan;nan;nan;nan;nan;nan;nan;nan;nan;nan;nan;nan;nan;nan;nan;nan;nan;nan;nan;nan;nan;nan;nan;nan;nan;nan;nan;nan;nan;nan;nan;nan;nan;nan;nan;nan;nan;nan;nan;nan;nan;nan;nan;nan;nan;nan;nan;nan;nan;nan;nan;nan;nan;nan;nan;nan;nan;nan;nan;nan;nan;nan;nan;nan;nan;nan;nan;nan;nan;nan;nan;nan;nan;nan;nan;nan;nan;nan;nan;nan;nan;nan;nan;nan;nan;nan;nan;nan;nan;nan;nan;nan;nan;nan;nan;nan;nan;nan;nan;nan;nan;nan;nan;nan;nan;nan;nan;nan;nan;nan;nan;nan;nan;nan;nan;nan;nan;nan;nan;nan;nan;nan;nan;nan;nan;nan;nan;nan;nan;nan;nan;nan;nan;nan;nan;nan;nan;nan;nan;nan;nan;nan;nan;nan;nan;nan;nan;nan;nan;nan;nan;nan;nan;nan;nan;nan;nan;nan;nan;nan;nan;nan;nan;nan;nan;nan;nan;nan;nan;nan;nan;nan;nan;nan;nan;nan;nan;nan;nan;nan;nan;nan;nan;nan;nan;nan;nan;nan;nan;nan;nan;nan;nan;nan;nan;nan;nan;nan;nan;nan;nan;nan;nan;nan;nan;nan;nan;nan;nan;nan;nan;nan;nan;nan;nan;nan;nan;nan;nan;nan;nan;nan;nan;nan;nan;nan;nan;nan;nan;nan;nan;nan;nan;nan;nan;nan;nan;nan;nan;nan;nan;nan;nan;nan;nan;nan;nan;nan;nan;nan;nan;nan;nan;nan;nan;nan;nan;nan;nan;nan;nan;nan;nan;nan;nan;nan;nan;nan;nan;nan;nan;nan;nan;nan;nan;nan;nan;nan;nan;nan;nan;nan;nan;nan;nan;nan;nan;nan;nan;nan;nan;nan;nan;nan;nan;nan;nan;nan;nan;nan;nan;nan;nan;nan;nan;nan;nan;nan;nan;nan;nan;nan;nan;nan;nan;nan;nan;nan;nan;nan;nan;nan;nan;nan;nan;nan;nan;nan;nan;nan;nan;nan;nan;nan;nan;nan;nan;nan;nan;nan;nan;nan;nan;nan;nan;nan;nan;nan;nan;nan;nan;nan;nan;nan;nan;nan;nan;nan;nan;nan;nan;nan;nan;nan;nan;nan;nan;nan;nan;nan;nan;nan;nan;nan;nan;nan;nan;nan;nan;nan;nan;nan;nan;nan;nan;nan;nan;nan;nan;nan;nan;nan;nan;nan;nan;nan;nan;nan;nan;nan;nan;nan;nan;nan;nan;nan;nan;nan;nan;nan;nan;nan;nan;nan;nan;nan;nan;nan;nan;nan;nan;nan;nan;nan;nan;nan;nan;nan;nan;nan;nan;nan;nan;nan;nan;nan;nan;nan;nan;nan;nan;nan;nan;nan;nan;nan;nan;nan;nan;nan;nan;nan;nan;nan;nan;nan;nan;nan;nan;nan;nan;nan;nan;nan;nan;nan;nan;nan;nan;nan;nan;nan;nan;nan;nan;nan;nan;nan;nan;nan;nan;nan;nan;nan;nan;nan;nan;nan;nan;nan;nan;nan;nan;nan;nan;nan;nan;nan;nan;nan;nan;nan;nan;nan;nan;nan;nan;nan;nan;nan;nan;nan;nan;nan;nan;nan;nan;nan;nan;nan;nan;nan;nan;nan;nan;nan;nan;nan;nan;nan;nan;nan;nan;nan;nan;nan;nan;nan;nan;nan;nan;nan;nan;nan;nan;nan;nan;nan;nan;nan;nan;nan;nan;nan;nan;nan;nan;nan;nan;nan;nan;nan;nan;nan;nan;nan;nan;nan;nan;nan;nan;nan;nan;nan;nan;nan;nan;nan;nan;nan;nan;nan;nan;nan;nan;nan;nan;nan;nan;nan;nan;nan;nan;nan;nan;nan;nan;nan;nan;nan;nan;nan;nan;nan;nan;nan;nan;0.672329;1.1275215437882897;0.8444444444444444;0.8503979102120163;0.8918269230769231;0.6488225;0.16099172426405192;0.9493;0.9470833132082785;0.9402092651425774;0.014523983001708984;0.672329;1.1275215437882897;0.8444444444444444;0.8503979102120163;0.8918269230769231;0.6488225;0.16099172426405192;0.9493;0.9470833132082785;0.9402092651425774;0.0;0.0;0.0;0.0;0.0;0.0;0.0;0.0;0.0;0.0;0.014523983001708984;0.6877688;0.6349135789606306;0.5111111111111111;0.5227513227513227;0.7560096153846154;0.1380925178527832;122.23382;0.6982849640978708;0.6;0.6;0.5024038461538461;14.457440376281738;nan;nan;nan;nan;nan;nan;nan;nan;nan;nan;nan;nan;nan;nan;nan;nan;nan;nan;nan;nan;nan;nan;nan;nan;nan;nan;nan;nan;nan;nan;nan;nan;nan;nan;nan;nan;nan;nan;nan;nan;nan;nan;nan;nan;nan;nan;nan;nan;nan;nan;nan;nan;nan;nan;nan;nan;nan;nan;nan;nan;nan;nan;nan;nan;nan;nan;nan;nan;nan;nan;nan;nan;nan;nan;nan;nan;nan;nan;nan;nan;nan;nan;nan;nan;nan;nan;nan;nan;nan;nan;nan;nan;nan;nan;nan;nan;nan;nan;nan;nan;nan;nan;nan;nan;nan;nan;nan;nan;nan;nan;nan;nan;nan;nan;nan;nan;nan;nan;nan;nan;nan;nan;nan;nan;nan;nan;nan;nan;nan;nan;nan;nan;nan;nan;nan;nan;nan;nan;nan;nan;nan;nan;nan;nan;nan;nan;nan;nan;nan;nan;nan;nan;nan;nan;nan;nan;nan;nan;nan;nan;nan;nan;nan;nan;nan;nan;nan;nan;nan;nan;nan;nan;nan;nan;nan;nan;nan;nan;nan;nan;nan;nan;nan;nan;nan;nan;nan;nan;nan;nan;nan;nan;nan;nan;nan;nan;nan;nan;nan;nan;nan;nan;nan;nan;nan;nan;nan;nan;nan;nan;nan;nan;nan;nan;nan;nan;nan;nan;nan;nan;nan;nan;nan;nan;nan;nan;nan;nan;nan;nan;nan;nan;nan;nan;nan;nan;nan;nan;nan;nan;nan;nan;nan;nan;nan;nan;nan;nan;nan;nan;nan;nan;nan;nan;nan;nan;nan;nan;nan;nan;nan;nan;nan;nan;nan;nan;nan;nan;nan;nan;nan;nan;nan;nan;nan;nan;nan;nan;nan;nan;nan;nan;nan;nan;nan;nan;nan;nan;nan;nan;nan;nan;nan;nan;nan;nan;nan;nan;nan;nan;nan;nan;nan;nan;nan;nan;nan;nan;nan;nan;nan;nan;nan;nan;nan;nan;nan;nan;nan;nan;nan;nan;nan;nan;nan;nan;nan;nan;nan;nan;nan;nan;nan;nan;nan;nan;nan;nan;nan;nan;nan;nan;nan;nan;nan;nan;nan;nan;nan;nan;nan;nan;nan;nan;nan;nan;nan;nan;nan;nan;nan;nan;nan;nan;nan;nan;nan;nan;nan;nan;nan;nan;nan;nan;nan;nan;nan;nan;nan;nan;nan;nan;nan;nan;nan;nan;nan;nan;nan;nan;nan;nan;nan;nan;nan;nan;nan;nan;nan;nan;nan;nan;nan;nan;nan;nan;nan;nan;nan;nan;nan;nan;nan;nan;nan;nan;nan;nan;nan;nan;nan;nan;nan;nan;nan;nan;nan;nan;nan;nan;nan;nan;nan;nan;nan;nan;nan;nan;nan;nan;nan;nan;nan;nan;nan;nan;nan;nan;nan;nan;nan;nan;nan;nan;nan;nan;nan;nan;nan;nan;nan;nan;nan;nan;nan;nan;nan;nan;nan;nan;nan;nan;nan;nan;nan;nan;nan;nan;nan;nan;nan;nan;nan;nan;nan;nan;nan;nan;nan;nan;nan;nan;nan;nan;nan;nan;nan;nan;nan;nan;nan;nan;nan;nan;nan;nan;nan;nan;nan;nan;nan;nan;nan;nan;nan;nan;nan;nan;nan;nan;nan;nan;nan;nan;nan;nan;nan;nan;nan;nan;nan;nan;nan;nan;nan;nan;nan;nan;nan;nan;nan;nan;nan;nan;nan;nan;nan;nan;nan;nan;nan;nan;nan;nan;nan;nan;nan;nan;nan;nan;nan;nan;nan;nan;nan;nan;nan;nan;nan;nan;nan;nan;nan;nan;nan;nan;nan;nan;nan;nan;nan;nan;nan;nan;nan;nan;nan;nan;nan;nan;nan;nan;nan;nan;nan;nan;nan;nan;nan;nan;nan;nan;nan;nan;nan;nan;nan;nan;nan;nan;nan;nan;nan;nan;nan;nan;nan;nan;nan;nan;nan;nan;nan;nan;nan;nan;nan;nan;nan;nan;nan;nan;nan;nan;nan;nan;nan;nan;nan;nan;nan;nan;nan;nan;nan;nan;nan;nan;nan;nan;nan;nan;nan;nan;nan;nan;nan;nan;nan;nan;0.67497265;2.398777516544587;0.8888888888888888;0.8900646678424455;0.890625;0.67880774;0.08825872717333952;0.9695121951219512;0.9695776861669124;0.992276238073603;0.0005130767822265625;0.67497265;2.398777516544587;0.8888888888888888;0.8900646678424455;0.890625;0.67880774;0.08825872717333952;0.9695121951219512;0.9695776861669124;0.992276238073603;0.0;0.0;0.0;0.0;0.0;0.0;0.0;0.0;0.0;0.0;0.0005130767822265625;0.6877688;0.6349135789606306;0.5111111111111111;0.5227513227513227;0.7560096153846154;0.1380925178527832;122.23382;0.6982849640978708;0.6;0.6;0.5024038461538461;14.457440376281738;nan;nan;nan;nan;nan;nan;nan;nan;nan;nan;nan;nan;nan;nan;nan;nan;nan;nan;nan;nan;nan;nan;nan;nan;nan;nan;nan;nan;nan;nan;nan;nan;nan;nan;nan;nan;nan;nan;nan;nan;nan;nan;nan;nan;nan;nan;nan;nan;nan;nan;nan;nan;nan;nan;nan;nan;nan;nan;nan;nan;nan;nan;nan;nan;nan;nan;nan;nan;nan;nan;nan;nan;nan;nan;nan;nan;nan;nan;nan;nan;nan;nan;nan;nan;nan;nan;nan;nan;nan;nan;nan;nan;nan;nan;nan;nan;nan;nan;nan;nan;nan;nan;nan;nan;nan;nan;nan;nan;nan;nan;nan;nan;nan;nan;nan;nan;nan;nan;nan;nan;nan;nan;nan;nan;nan;nan;nan;nan;nan;nan;nan;nan;nan;nan;nan;nan;nan;nan;nan;nan;nan;nan;nan;nan;nan;nan;nan;nan;nan;nan;nan;nan;nan;nan;nan;nan;nan;nan;nan;nan;nan;nan;nan;nan;nan;nan;nan;nan;nan;nan;nan;nan;nan;nan;nan;nan;nan;nan;nan;nan;nan;nan;nan;nan;nan;nan;nan;nan;nan;nan;nan;nan;nan;nan;nan;nan;nan;nan;nan;nan;nan;nan;nan;nan;nan;nan;nan;nan;nan;nan;nan;nan;nan;nan;nan;nan;nan;nan;nan;nan;nan;nan;nan;nan;nan;nan;nan;nan;nan;nan;nan;nan;nan;nan;nan;nan;nan;nan;nan;nan;nan;nan;nan;nan;nan;nan;nan;nan;nan;nan;nan;nan;nan;nan;nan;nan;nan;nan;nan;nan;nan;nan;nan;nan;nan;nan;nan;nan;nan;nan;nan;nan;nan;nan;nan;nan;nan;nan;nan;nan;nan;nan;nan;nan;nan;nan;nan;nan;nan;nan;nan;nan;nan;nan;nan;nan;nan;nan;nan;nan;nan;nan;nan;nan;nan;nan;nan;nan;nan;nan;nan;nan;nan;nan;nan;nan;nan;nan;nan;nan;nan;nan;nan;nan;nan;nan;nan;nan;nan;nan;nan;nan;nan;nan;nan;nan;nan;nan;nan;nan;nan;nan;nan;nan;nan;nan;nan;nan;nan;nan;nan;nan;nan;nan;nan;nan;nan;nan;nan;nan;nan;nan;nan;nan;nan;nan;nan;nan;nan;nan;nan;nan;nan;nan;nan;nan;nan;nan;nan;nan;nan;nan;nan;nan;nan;nan;nan;nan;nan;nan;nan;nan;nan;nan;nan;nan;nan;nan;nan;nan;nan;nan;nan;nan;nan;nan;nan;nan;nan;nan;nan;nan;nan;nan;nan;nan;nan;nan;nan;nan;nan;nan;nan;nan;nan;nan;nan;nan;nan;nan;nan;nan;nan;nan;nan;nan;nan;nan;nan;nan;nan;nan;nan;nan;nan;nan;nan;nan;nan;nan;nan;nan;nan;nan;nan;nan;nan;nan;nan;nan;nan;nan;nan;nan;nan;nan;nan;nan;nan;nan;nan;nan;nan;nan;nan;nan;nan;nan;nan;nan;nan;nan;nan;nan;nan;nan;nan;nan;nan;nan;nan;nan;nan;nan;nan;nan;nan;nan;nan;nan;nan;nan;nan;nan;nan;nan;nan;nan;nan;nan;nan;nan;nan;nan;nan;nan;nan;nan;nan;nan;nan;nan;nan;nan;nan;nan;nan;nan;nan;nan;nan;nan;nan;nan;nan;nan;nan;nan;nan;nan;nan;nan;nan;nan;nan;nan;nan;nan;nan;nan;nan;nan;nan;nan;nan;nan;nan;nan;nan;nan;nan;nan;nan;nan;nan;nan;nan;nan;nan;nan;nan;nan;nan;nan;nan;nan;nan;nan;nan;nan;nan;nan;nan;nan;nan;nan;nan;nan;nan;nan;nan;nan;nan;nan;nan;nan;nan;nan;nan;nan;nan;nan;nan;nan;nan;nan;nan;nan;nan;nan;nan;nan;nan;nan;nan;nan;nan;nan;nan;nan;nan;nan;nan;nan;nan;nan;nan;nan;nan;nan;nan;nan;nan;nan;nan;nan;nan;nan;nan;nan;nan;nan;nan;nan;nan;nan;nan;nan;nan;nan;nan;nan;nan;nan;nan;nan;nan;nan;nan;nan;0.66980255;0.4644505967046325;0.7777777777777778;0.7880485527544352;0.9122596153846154;0.58786607;0.19378848074817576;0.9288;0.9277230884437813;0.9631352644867681;0.013337135314941406;0.66980255;0.4644505967046325;0.7777777777777778;0.7880485527544352;0.9122596153846154;0.58786607;0.19378848074817576;0.9288;0.9277230884437813;0.9631352644867681;0.0;0.0;0.0;0.0;0.0;0.0;0.0;0.0;0.0;0.0;0.013337135314941406;0.6877688;0.6349135789606306;0.5111111111111111;0.5227513227513227;0.7560096153846154;0.1380925178527832;122.23382;0.6982849640978708;0.6;0.6;0.5024038461538461;14.457440376281738;nan;nan;nan;nan;nan;nan;nan;nan;nan;nan;nan;nan;nan;nan;nan;nan;nan;nan;nan;nan;nan;nan;nan;nan;nan;nan;nan;nan;nan;nan;nan;nan;nan;nan;nan;nan;nan;nan;nan;nan;nan;nan;nan;nan;nan;nan;nan;nan;nan;nan;nan;nan;nan;nan;nan;nan;nan;nan;nan;nan;nan;nan;nan;nan;nan;nan;nan;nan;nan;nan;nan;nan;nan;nan;nan;nan;nan;nan;nan;nan;nan;nan;nan;nan;nan;nan;nan;nan;nan;nan;nan;nan;nan;nan;nan;nan;nan;nan;nan;nan;nan;nan;nan;nan;nan;nan;nan;nan;nan;nan;nan;nan;nan;nan;nan;nan;nan;nan;nan;nan;nan;nan;nan;nan;nan;nan;nan;nan;nan;nan;nan;nan;nan;nan;nan;nan;nan;nan;nan;nan;nan;nan;nan;nan;nan;nan;nan;nan;nan;nan;nan;nan;nan;nan;nan;nan;nan;nan;nan;nan;nan;nan;nan;nan;nan;nan;nan;nan;nan;nan;nan;nan;nan;nan;nan;nan;nan;nan;nan;nan;nan;nan;nan;nan;nan;nan;nan;nan;nan;nan;nan;nan;nan;nan;nan;nan;nan;nan;nan;nan;nan;nan;nan;nan;nan;nan;nan;nan;nan;nan;nan;nan;nan;nan;nan;nan;nan;nan;nan;nan;nan;nan;nan;nan;nan;nan;nan;nan;nan;nan;nan;nan;nan;nan;nan;nan;nan;nan;nan;nan;nan;nan;nan;nan;nan;nan;nan;nan;nan;nan;nan;nan;nan;nan;nan;nan;nan;nan;nan;nan;nan;nan;nan;nan;nan;nan;nan;nan;nan;nan;nan;nan;nan;nan;nan;nan;nan;nan;nan;nan;nan;nan;nan;nan;nan;nan;nan;nan;nan;nan;nan;nan;nan;nan;nan;nan;nan;nan;nan;nan;nan;nan;nan;nan;nan;nan;nan;nan;nan;nan;nan;nan;nan;nan;nan;nan;nan;nan;nan;nan;nan;nan;nan;nan;nan;nan;nan;nan;nan;nan;nan;nan;nan;nan;nan;nan;nan;nan;nan;nan;nan;nan;nan;nan;nan;nan;nan;nan;nan;nan;nan;nan;nan;nan;nan;nan;nan;nan;nan;nan;nan;nan;nan;nan;nan;nan;nan;nan;nan;nan;nan;nan;nan;nan;nan;nan;nan;nan;nan;nan;nan;nan;nan;nan;nan;nan;nan;nan;nan;nan;nan;nan;nan;nan;nan;nan;nan;nan;nan;nan;nan;nan;nan;nan;nan;nan;nan;nan;nan;nan;nan;nan;nan;nan;nan;nan;nan;nan;nan;nan;nan;nan;nan;nan;nan;nan;nan;nan;nan;nan;nan;nan;nan;nan;nan;nan;nan;nan;nan;nan;nan;nan;nan;nan;nan;nan;nan;nan;nan;nan;nan;nan;nan;nan;nan;nan;nan;nan;nan;nan;nan;nan;nan;nan;nan;nan;nan;nan;nan;nan;nan;nan;nan;nan;nan;nan;nan;nan;nan;nan;nan;nan;nan;nan;nan;nan;nan;nan;nan;nan;nan;nan;nan;nan;nan;nan;nan;nan;nan;nan;nan;nan;nan;nan;nan;nan;nan;nan;nan;nan;nan;nan;nan;nan;nan;nan;nan;nan;nan;nan;nan;nan;nan;nan;nan;nan;nan;nan;nan;nan;nan;nan;nan;nan;nan;nan;nan;nan;nan;nan;nan;nan;nan;nan;nan;nan;nan;nan;nan;nan;nan;nan;nan;nan;nan;nan;nan;nan;nan;nan;nan;nan;nan;nan;nan;nan;nan;nan;nan;nan;nan;nan;nan;nan;nan;nan;nan;nan;nan;nan;nan;nan;nan;nan;nan;nan;nan;nan;nan;nan;nan;nan;nan;nan;nan;nan;nan;nan;nan;nan;nan;nan;nan;nan;nan;nan;nan;nan;nan;nan;nan;nan;nan;nan;nan;nan;nan;nan;nan;nan;nan;nan;nan;nan;nan;nan;nan;nan;nan;nan;nan;nan;nan;nan;nan;nan;nan;nan;nan;nan;nan;nan;nan;nan;nan;nan;nan;nan;nan;nan;nan;nan;nan;nan;nan;nan;nan;nan;nan;nan;0.6685527;0.49585562448459536;0.7111111111111111;0.7246176046176045;0.8209134615384615;0.5858196;0.1833833652704853;0.9307;0.9300498272849176;0.9697383146050189;0.013987541198730469;0.6685527;0.49585562448459536;0.7111111111111111;0.7246176046176045;0.8209134615384615;0.5858196;0.1833833652704853;0.9307;0.9300498272849176;0.9697383146050189;0.0;0.0;0.0;0.0;0.0;0.0;0.0;0.0;0.0;0.0;0.013987541198730469;0.6877688;0.6349135789606306;0.5111111111111111;0.5227513227513227;0.7560096153846154;0.1380925178527832;122.23382;0.6982849640978708;0.6;0.6;0.5024038461538461;14.457440376281738;nan;nan;nan;nan;nan;nan;nan;nan;nan;nan;nan;nan;nan;nan;nan;nan;nan;nan;nan;nan;nan;nan;nan;nan;nan;nan;nan;nan;nan;nan;nan;nan;nan;nan;nan;nan;nan;nan;nan;nan;nan;nan;nan;nan;nan;nan;nan;nan;nan;nan;nan;nan;nan;nan;nan;nan;nan;nan;nan;nan;nan;nan;nan;nan;nan;nan;nan;nan;nan;nan;nan;nan;nan;nan;nan;nan;nan;nan;nan;nan;nan;nan;nan;nan;nan;nan;nan;nan;nan;nan;nan;nan;nan;nan;nan;nan;nan;nan;nan;nan;nan;nan;nan;nan;nan;nan;nan;nan;nan;nan;nan;nan;nan;nan;nan;nan;nan;nan;nan;nan;nan;nan;nan;nan;nan;nan;nan;nan;nan;nan;nan;nan;nan;nan;nan;nan;nan;nan;nan;nan;nan;nan;nan;nan;nan;nan;nan;nan;nan;nan;nan;nan;nan;nan;nan;nan;nan;nan;nan;nan;nan;nan;nan;nan;nan;nan;nan;nan;nan;nan;nan;nan;nan;nan;nan;nan;nan;nan;nan;nan;nan;nan;nan;nan;nan;nan;nan;nan;nan;nan;nan;nan;nan;nan;nan;nan;nan;nan;nan;nan;nan;nan;nan;nan;nan;nan;nan;nan;nan;nan;nan;nan;nan;nan;nan;nan;nan;nan;nan;nan;nan;nan;nan;nan;nan;nan;nan;nan;nan;nan;nan;nan;nan;nan;nan;nan;nan;nan;nan;nan;nan;nan;nan;nan;nan;nan;nan;nan;nan;nan;nan;nan;nan;nan;nan;nan;nan;nan;nan;nan;nan;nan;nan;nan;nan;nan;nan;nan;nan;nan;nan;nan;nan;nan;nan;nan;nan;nan;nan;nan;nan;nan;nan;nan;nan;nan;nan;nan;nan;nan;nan;nan;nan;nan;nan;nan;nan;nan;nan;nan;nan;nan;nan;nan;nan;nan;nan;nan;nan;nan;nan;nan;nan;nan;nan;nan;nan;nan;nan;nan;nan;nan;nan;nan;nan;nan;nan;nan;nan;nan;nan;nan;nan;nan;nan;nan;nan;nan;nan;nan;nan;nan;nan;nan;nan;nan;nan;nan;nan;nan;nan;nan;nan;nan;nan;nan;nan;nan;nan;nan;nan;nan;nan;nan;nan;nan;nan;nan;nan;nan;nan;nan;nan;nan;nan;nan;nan;nan;nan;nan;nan;nan;nan;nan;nan;nan;nan;nan;nan;nan;nan;nan;nan;nan;nan;nan;nan;nan;nan;nan;nan;nan;nan;nan;nan;nan;nan;nan;nan;nan;nan;nan;nan;nan;nan;nan;nan;nan;nan;nan;nan;nan;nan;nan;nan;nan;nan;nan;nan;nan;nan;nan;nan;nan;nan;nan;nan;nan;nan;nan;nan;nan;nan;nan;nan;nan;nan;nan;nan;nan;nan;nan;nan;nan;nan;nan;nan;nan;nan;nan;nan;nan;nan;nan;nan;nan;nan;nan;nan;nan;nan;nan;nan;nan;nan;nan;nan;nan;nan;nan;nan;nan;nan;nan;nan;nan;nan;nan;nan;nan;nan;nan;nan;nan;nan;nan;nan;nan;nan;nan;nan;nan;nan;nan;nan;nan;nan;nan;nan;nan;nan;nan;nan;nan;nan;nan;nan;nan;nan;nan;nan;nan;nan;nan;nan;nan;nan;nan;nan;nan;nan;nan;nan;nan;nan;nan;nan;nan;nan;nan;nan;nan;nan;nan;nan;nan;nan;nan;nan;nan;nan;nan;nan;nan;nan;nan;nan;nan;nan;nan;nan;nan;nan;nan;nan;nan;nan;nan;nan;nan;nan;nan;nan;nan;nan;nan;nan;nan;nan;nan;nan;nan;nan;nan;nan;nan;nan;nan;nan;nan;nan;nan;nan;nan;nan;nan;nan;nan;nan;nan;nan;nan;nan;nan;nan;nan;nan;nan;nan;nan;nan;nan;nan;nan;nan;nan;nan;nan;nan;nan;nan;nan;nan;nan;nan;nan;nan;nan;nan;nan;nan;nan;nan;nan;nan;nan;nan;nan;nan;nan;nan;nan;nan;nan;nan;nan;nan;nan;nan;nan;nan;nan;nan;nan;nan;nan;nan;nan;nan;nan;0.6660537;0.49166400902131224;0.7555555555555555;0.7664717348927875;0.8545673076923077;0.58478993;0.18147758185639973;0.9333;0.9331147325917114;0.9690122843330365;0.013054847717285156;0.6660537;0.49166400902131224;0.7555555555555555;0.7664717348927875;0.8545673076923077;0.58478993;0.18147758185639973;0.9333;0.9331147325917114;0.9690122843330365;0.0;0.0;0.0;0.0;0.0;0.0;0.0;0.0;0.0;0.0;0.013054847717285156;0.6877688;0.6349135789606306;0.5111111111111111;0.5227513227513227;0.7560096153846154;0.1380925178527832;122.23382;0.6982849640978708;0.6;0.6;0.5024038461538461;14.457440376281738;nan;nan;nan;nan;nan;nan;nan;nan;nan;nan;nan;nan;nan;nan;nan;nan;nan;nan;nan;nan;nan;nan;nan;nan;nan;nan;nan;nan;nan;nan;nan;nan;nan;nan;nan;nan;nan;nan;nan;nan;nan;nan;nan;nan;nan;nan;nan;nan;nan;nan;nan;nan;nan;nan;nan;nan;nan;nan;nan;nan;nan;nan;nan;nan;nan;nan;nan;nan;nan;nan;nan;nan;nan;nan;nan;nan;nan;nan;nan;nan;nan;nan;nan;nan;nan;nan;nan;nan;nan;nan;nan;nan;nan;nan;nan;nan;nan;nan;nan;nan;nan;nan;nan;nan;nan;nan;nan;nan;nan;nan;nan;nan;nan;nan;nan;nan;nan;nan;nan;nan;nan;nan;nan;nan;nan;nan;nan;nan;nan;nan;nan;nan;nan;nan;nan;nan;nan;nan;nan;nan;nan;nan;nan;nan;nan;nan;nan;nan;nan;nan;nan;nan;nan;nan;nan;nan;nan;nan;nan;nan;nan;nan;nan;nan;nan;nan;nan;nan;nan;nan;nan;nan;nan;nan;nan;nan;nan;nan;nan;nan;nan;nan;nan;nan;nan;nan;nan;nan;nan;nan;nan;nan;nan;nan;nan;nan;nan;nan;nan;nan;nan;nan;nan;nan;nan;nan;nan;nan;nan;nan;nan;nan;nan;nan;nan;nan;nan;nan;nan;nan;nan;nan;nan;nan;nan;nan;nan;nan;nan;nan;nan;nan;nan;nan;nan;nan;nan;nan;nan;nan;nan;nan;nan;nan;nan;nan;nan;nan;nan;nan;nan;nan;nan;nan;nan;nan;nan;nan;nan;nan;nan;nan;nan;nan;nan;nan;nan;nan;nan;nan;nan;nan;nan;nan;nan;nan;nan;nan;nan;nan;nan;nan;nan;nan;nan;nan;nan;nan;nan;nan;nan;nan;nan;nan;nan;nan;nan;nan;nan;nan;nan;nan;nan;nan;nan;nan;nan;nan;nan;nan;nan;nan;nan;nan;nan;nan;nan;nan;nan;nan;nan;nan;nan;nan;nan;nan;nan;nan;nan;nan;nan;nan;nan;nan;nan;nan;nan;nan;nan;nan;nan;nan;nan;nan;nan;nan;nan;nan;nan;nan;nan;nan;nan;nan;nan;nan;nan;nan;nan;nan;nan;nan;nan;nan;nan;nan;nan;nan;nan;nan;nan;nan;nan;nan;nan;nan;nan;nan;nan;nan;nan;nan;nan;nan;nan;nan;nan;nan;nan;nan;nan;nan;nan;nan;nan;nan;nan;nan;nan;nan;nan;nan;nan;nan;nan;nan;nan;nan;nan;nan;nan;nan;nan;nan;nan;nan;nan;nan;nan;nan;nan;nan;nan;nan;nan;nan;nan;nan;nan;nan;nan;nan;nan;nan;nan;nan;nan;nan;nan;nan;nan;nan;nan;nan;nan;nan;nan;nan;nan;nan;nan;nan;nan;nan;nan;nan;nan;nan;nan;nan;nan;nan;nan;nan;nan;nan;nan;nan;nan;nan;nan;nan;nan;nan;nan;nan;nan;nan;nan;nan;nan;nan;nan;nan;nan;nan;nan;nan;nan;nan;nan;nan;nan;nan;nan;nan;nan;nan;nan;nan;nan;nan;nan;nan;nan;nan;nan;nan;nan;nan;nan;nan;nan;nan;nan;nan;nan;nan;nan;nan;nan;nan;nan;nan;nan;nan;nan;nan;nan;nan;nan;nan;nan;nan;nan;nan;nan;nan;nan;nan;nan;nan;nan;nan;nan;nan;nan;nan;nan;nan;nan;nan;nan;nan;nan;nan;nan;nan;nan;nan;nan;nan;nan;nan;nan;nan;nan;nan;nan;nan;nan;nan;nan;nan;nan;nan;nan;nan;nan;nan;nan;nan;nan;nan;nan;nan;nan;nan;nan;nan;nan;nan;nan;nan;nan;nan;nan;nan;nan;nan;nan;nan;nan;nan;nan;nan;nan;nan;nan;nan;nan;nan;nan;nan;nan;nan;nan;nan;nan;nan;nan;nan;nan;nan;nan;nan;nan;nan;nan;nan;nan;nan;nan;nan;nan;nan;nan;nan;nan;nan;nan;nan;nan;nan;nan;nan;nan;nan;nan;nan;nan;nan;nan;nan;nan;nan;nan;nan;nan;nan;0.66836494;0.4683698687784494;0.7555555555555555;0.7664717348927875;0.8737980769230769;0.587315;0.18981994640081148;0.9296;0.9295044044040518;0.9649630092517633;0.013712882995605469;0.66836494;0.4683698687784494;0.7555555555555555;0.7664717348927875;0.8737980769230769;0.587315;0.18981994640081148;0.9296;0.9295044044040518;0.9649630092517633;0.0;0.0;0.0;0.0;0.0;0.0;0.0;0.0;0.0;0.0;0.013712882995605469;0.6877688;0.6349135789606306;0.5111111111111111;0.5227513227513227;0.7560096153846154;0.1380925178527832;122.23382;0.6982849640978708;0.6;0.6;0.5024038461538461;14.457440376281738;nan;nan;nan;nan;nan;nan;nan;nan;nan;nan;nan;nan;nan;nan;nan;nan;nan;nan;nan;nan;nan;nan;nan;nan;nan;nan;nan;nan;nan;nan;nan;nan;nan;nan;nan;nan;nan;nan;nan;nan;nan;nan;nan;nan;nan;nan;nan;nan;nan;nan;nan;nan;nan;nan;nan;nan;nan;nan;nan;nan;nan;nan;nan;nan;nan;nan;nan;nan;nan;nan;nan;nan;nan;nan;nan;nan;nan;nan;nan;nan;nan;nan;nan;nan;nan;nan;nan;nan;nan;nan;nan;nan;nan;nan;nan;nan;nan;nan;nan;nan;nan;nan;nan;nan;nan;nan;nan;nan;nan;nan;nan;nan;nan;nan;nan;nan;nan;nan;nan;nan;nan;nan;nan;nan;nan;nan;nan;nan;nan;nan;nan;nan;nan;nan;nan;nan;nan;nan;nan;nan;nan;nan;nan;nan;nan;nan;nan;nan;nan;nan;nan;nan;nan;nan;nan;nan;nan;nan;nan;nan;nan;nan;nan;nan;nan;nan;nan;nan;nan;nan;nan;nan;nan;nan;nan;nan;nan;nan;nan;nan;nan;nan;nan;nan;nan;nan;nan;nan;nan;nan;nan;nan;nan;nan;nan;nan;nan;nan;nan;nan;nan;nan;nan;nan;nan;nan;nan;nan;nan;nan;nan;nan;nan;nan;nan;nan;nan;nan;nan;nan;nan;nan;nan;nan;nan;nan;nan;nan;nan;nan;nan;nan;nan;nan;nan;nan;nan;nan;nan;nan;nan;nan;nan;nan;nan;nan;nan;nan;nan;nan;nan;nan;nan;nan;nan;nan;nan;nan;nan;nan;nan;nan;nan;nan;nan;nan;nan;nan;nan;nan;nan;nan;nan;nan;nan;nan;nan;nan;nan;nan;nan;nan;nan;nan;nan;nan;nan;nan;nan;nan;nan;nan;nan;nan;nan;nan;nan;nan;nan;nan;nan;nan;nan;nan;nan;nan;nan;nan;nan;nan;nan;nan;nan;nan;nan;nan;nan;nan;nan;nan;nan;nan;nan;nan;nan;nan;nan;nan;nan;nan;nan;nan;nan;nan;nan;nan;nan;nan;nan;nan;nan;nan;nan;nan;nan;nan;nan;nan;nan;nan;nan;nan;nan;nan;nan;nan;nan;nan;nan;nan;nan;nan;nan;nan;nan;nan;nan;nan;nan;nan;nan;nan;nan;nan;nan;nan;nan;nan;nan;nan;nan;nan;nan;nan;nan;nan;nan;nan;nan;nan;nan;nan;nan;nan;nan;nan;nan;nan;nan;nan;nan;nan;nan;nan;nan;nan;nan;nan;nan;nan;nan;nan;nan;nan;nan;nan;nan;nan;nan;nan;nan;nan;nan;nan;nan;nan;nan;nan;nan;nan;nan;nan;nan;nan;nan;nan;nan;nan;nan;nan;nan;nan;nan;nan;nan;nan;nan;nan;nan;nan;nan;nan;nan;nan;nan;nan;nan;nan;nan;nan;nan;nan;nan;nan;nan;nan;nan;nan;nan;nan;nan;nan;nan;nan;nan;nan;nan;nan;nan;nan;nan;nan;nan;nan;nan;nan;nan;nan;nan;nan;nan;nan;nan;nan;nan;nan;nan;nan;nan;nan;nan;nan;nan;nan;nan;nan;nan;nan;nan;nan;nan;nan;nan;nan;nan;nan;nan;nan;nan;nan;nan;nan;nan;nan;nan;nan;nan;nan;nan;nan;nan;nan;nan;nan;nan;nan;nan;nan;nan;nan;nan;nan;nan;nan;nan;nan;nan;nan;nan;nan;nan;nan;nan;nan;nan;nan;nan;nan;nan;nan;nan;nan;nan;nan;nan;nan;nan;nan;nan;nan;nan;nan;nan;nan;nan;nan;nan;nan;nan;nan;nan;nan;nan;nan;nan;nan;nan;nan;nan;nan;nan;nan;nan;nan;nan;nan;nan;nan;nan;nan;nan;nan;nan;nan;nan;nan;nan;nan;nan;nan;nan;nan;nan;nan;nan;nan;nan;nan;nan;nan;nan;nan;nan;nan;nan;nan;nan;nan;nan;nan;nan;nan;nan;nan;nan;nan;nan;nan;nan;nan;nan;nan;nan;nan;nan;nan;nan;nan;nan;nan;nan;nan;nan;nan;nan;nan;nan;nan;nan;nan;0.6640504;0.4189395841993969;0.7777777777777778;0.7880485527544352;0.8882211538461539;0.5865477;0.18878733983936533;0.9304;0.9295221117226338;0.9656788830839834;0.014607906341552734;0.6640504;0.4189395841993969;0.7777777777777778;0.7880485527544352;0.8882211538461539;0.5865477;0.18878733983936533;0.9304;0.9295221117226338;0.9656788830839834;0.0;0.0;0.0;0.0;0.0;0.0;0.0;0.0;0.0;0.0;0.014607906341552734;0.6877688;0.6349135789606306;0.5111111111111111;0.5227513227513227;0.7560096153846154;0.1380925178527832;122.23382;0.6982849640978708;0.6;0.6;0.5024038461538461;14.457440376281738;nan;nan;nan;nan;nan;nan;nan;nan;nan;nan;nan;nan;nan;nan;nan;nan;nan;nan;nan;nan;nan;nan;nan;nan;nan;nan;nan;nan;nan;nan;nan;nan;nan;nan;nan;nan;nan;nan;nan;nan;nan;nan;nan;nan;nan;nan;nan;nan;nan;nan;nan;nan;nan;nan;nan;nan;nan;nan;nan;nan;nan;nan;nan;nan;nan;nan;nan;nan;nan;nan;nan;nan;nan;nan;nan;nan;nan;nan;nan;nan;nan;nan;nan;nan;nan;nan;nan;nan;nan;nan;nan;nan;nan;nan;nan;nan;nan;nan;nan;nan;nan;nan;nan;nan;nan;nan;nan;nan;nan;nan;nan;nan;nan;nan;nan;nan;nan;nan;nan;nan;nan;nan;nan;nan;nan;nan;nan;nan;nan;nan;nan;nan;nan;nan;nan;nan;nan;nan;nan;nan;nan;nan;nan;nan;nan;nan;nan;nan;nan;nan;nan;nan;nan;nan;nan;nan;nan;nan;nan;nan;nan;nan;nan;nan;nan;nan;nan;nan;nan;nan;nan;nan;nan;nan;nan;nan;nan;nan;nan;nan;nan;nan;nan;nan;nan;nan;nan;nan;nan;nan;nan;nan;nan;nan;nan;nan;nan;nan;nan;nan;nan;nan;nan;nan;nan;nan;nan;nan;nan;nan;nan;nan;nan;nan;nan;nan;nan;nan;nan;nan;nan;nan;nan;nan;nan;nan;nan;nan;nan;nan;nan;nan;nan;nan;nan;nan;nan;nan;nan;nan;nan;nan;nan;nan;nan;nan;nan;nan;nan;nan;nan;nan;nan;nan;nan;nan;nan;nan;nan;nan;nan;nan;nan;nan;nan;nan;nan;nan;nan;nan;nan;nan;nan;nan;nan;nan;nan;nan;nan;nan;nan;nan;nan;nan;nan;nan;nan;nan;nan;nan;nan;nan;nan;nan;nan;nan;nan;nan;nan;nan;nan;nan;nan;nan;nan;nan;nan;nan;nan;nan;nan;nan;nan;nan;nan;nan;nan;nan;nan;nan;nan;nan;nan;nan;nan;nan;nan;nan;nan;nan;nan;nan;nan;nan;nan;nan;nan;nan;nan;nan;nan;nan;nan;nan;nan;nan;nan;nan;nan;nan;nan;nan;nan;nan;nan;nan;nan;nan;nan;nan;nan;nan;nan;nan;nan;nan;nan;nan;nan;nan;nan;nan;nan;nan;nan;nan;nan;nan;nan;nan;nan;nan;nan;nan;nan;nan;nan;nan;nan;nan;nan;nan;nan;nan;nan;nan;nan;nan;nan;nan;nan;nan;nan;nan;nan;nan;nan;nan;nan;nan;nan;nan;nan;nan;nan;nan;nan;nan;nan;nan;nan;nan;nan;nan;nan;nan;nan;nan;nan;nan;nan;nan;nan;nan;nan;nan;nan;nan;nan;nan;nan;nan;nan;nan;nan;nan;nan;nan;nan;nan;nan;nan;nan;nan;nan;nan;nan;nan;nan;nan;nan;nan;nan;nan;nan;nan;nan;nan;nan;nan;nan;nan;nan;nan;nan;nan;nan;nan;nan;nan;nan;nan;nan;nan;nan;nan;nan;nan;nan;nan;nan;nan;nan;nan;nan;nan;nan;nan;nan;nan;nan;nan;nan;nan;nan;nan;nan;nan;nan;nan;nan;nan;nan;nan;nan;nan;nan;nan;nan;nan;nan;nan;nan;nan;nan;nan;nan;nan;nan;nan;nan;nan;nan;nan;nan;nan;nan;nan;nan;nan;nan;nan;nan;nan;nan;nan;nan;nan;nan;nan;nan;nan;nan;nan;nan;nan;nan;nan;nan;nan;nan;nan;nan;nan;nan;nan;nan;nan;nan;nan;nan;nan;nan;nan;nan;nan;nan;nan;nan;nan;nan;nan;nan;nan;nan;nan;nan;nan;nan;nan;nan;nan;nan;nan;nan;nan;nan;nan;nan;nan;nan;nan;nan;nan;nan;nan;nan;nan;nan;nan;nan;nan;nan;nan;nan;nan;nan;nan;nan;nan;nan;nan;nan;nan;nan;nan;nan;nan;nan;nan;nan;nan;nan;nan;nan;nan;nan;nan;nan;nan;nan;nan;nan;nan;nan;nan;nan;nan;nan;nan;nan;nan;nan;nan;nan;nan;nan;nan;nan;nan;0.6663835;0.4711290382647876;0.8;0.8054267947993217;0.9014423076923077;0.5886591;0.19809339474398616;0.9261;0.9261781521499161;0.9641111463912677;0.013198614120483398;0.6663835;0.4711290382647876;0.8;0.8054267947993217;0.9014423076923077;0.5886591;0.19809339474398616;0.9261;0.9261781521499161;0.9641111463912677;0.0;0.0;0.0;0.0;0.0;0.0;0.0;0.0;0.0;0.0;0.013198614120483398;0.6877688;0.6349135789606306;0.5111111111111111;0.5227513227513227;0.7560096153846154;0.1380925178527832;122.23382;0.6982849640978708;0.6;0.6;0.5024038461538461;14.457440376281738;nan;nan;nan;nan;nan;nan;nan;nan;nan;nan;nan;nan;nan;nan;nan;nan;nan;nan;nan;nan;nan;nan;nan;nan;nan;nan;nan;nan;nan;nan;nan;nan;nan;nan;nan;nan;nan;nan;nan;nan;nan;nan;nan;nan;nan;nan;nan;nan;nan;nan;nan;nan;nan;nan;nan;nan;nan;nan;nan;nan;nan;nan;nan;nan;nan;nan;nan;nan;nan;nan;nan;nan;nan;nan;nan;nan;nan;nan;nan;nan;nan;nan;nan;nan;nan;nan;nan;nan;nan;nan;nan;nan;nan;nan;nan;nan;nan;nan;nan;nan;nan;nan;nan;nan;nan;nan;nan;nan;nan;nan;nan;nan;nan;nan;nan;nan;nan;nan;nan;nan;nan;nan;nan;nan;nan;nan;nan;nan;nan;nan;nan;nan;nan;nan;nan;nan;nan;nan;nan;nan;nan;nan;nan;nan;nan;nan;nan;nan;nan;nan;nan;nan;nan;nan;nan;nan;nan;nan;nan;nan;nan;nan;nan;nan;nan;nan;nan;nan;nan;nan;nan;nan;nan;nan;nan;nan;nan;nan;nan;nan;nan;nan;nan;nan;nan;nan;nan;nan;nan;nan;nan;nan;nan;nan;nan;nan;nan;nan;nan;nan;nan;nan;nan;nan;nan;nan;nan;nan;nan;nan;nan;nan;nan;nan;nan;nan;nan;nan;nan;nan;nan;nan;nan;nan;nan;nan;nan;nan;nan;nan;nan;nan;nan;nan;nan;nan;nan;nan;nan;nan;nan;nan;nan;nan;nan;nan;nan;nan;nan;nan;nan;nan;nan;nan;nan;nan;nan;nan;nan;nan;nan;nan;nan;nan;nan;nan;nan;nan;nan;nan;nan;nan;nan;nan;nan;nan;nan;nan;nan;nan;nan;nan;nan;nan;nan;nan;nan;nan;nan;nan;nan;nan;nan;nan;nan;nan;nan;nan;nan;nan;nan;nan;nan;nan;nan;nan;nan;nan;nan;nan;nan;nan;nan;nan;nan;nan;nan;nan;nan;nan;nan;nan;nan;nan;nan;nan;nan;nan;nan;nan;nan;nan;nan;nan;nan;nan;nan;nan;nan;nan;nan;nan;nan;nan;nan;nan;nan;nan;nan;nan;nan;nan;nan;nan;nan;nan;nan;nan;nan;nan;nan;nan;nan;nan;nan;nan;nan;nan;nan;nan;nan;nan;nan;nan;nan;nan;nan;nan;nan;nan;nan;nan;nan;nan;nan;nan;nan;nan;nan;nan;nan;nan;nan;nan;nan;nan;nan;nan;nan;nan;nan;nan;nan;nan;nan;nan;nan;nan;nan;nan;nan;nan;nan;nan;nan;nan;nan;nan;nan;nan;nan;nan;nan;nan;nan;nan;nan;nan;nan;nan;nan;nan;nan;nan;nan;nan;nan;nan;nan;nan;nan;nan;nan;nan;nan;nan;nan;nan;nan;nan;nan;nan;nan;nan;nan;nan;nan;nan;nan;nan;nan;nan;nan;nan;nan;nan;nan;nan;nan;nan;nan;nan;nan;nan;nan;nan;nan;nan;nan;nan;nan;nan;nan;nan;nan;nan;nan;nan;nan;nan;nan;nan;nan;nan;nan;nan;nan;nan;nan;nan;nan;nan;nan;nan;nan;nan;nan;nan;nan;nan;nan;nan;nan;nan;nan;nan;nan;nan;nan;nan;nan;nan;nan;nan;nan;nan;nan;nan;nan;nan;nan;nan;nan;nan;nan;nan;nan;nan;nan;nan;nan;nan;nan;nan;nan;nan;nan;nan;nan;nan;nan;nan;nan;nan;nan;nan;nan;nan;nan;nan;nan;nan;nan;nan;nan;nan;nan;nan;nan;nan;nan;nan;nan;nan;nan;nan;nan;nan;nan;nan;nan;nan;nan;nan;nan;nan;nan;nan;nan;nan;nan;nan;nan;nan;nan;nan;nan;nan;nan;nan;nan;nan;nan;nan;nan;nan;nan;nan;nan;nan;nan;nan;nan;nan;nan;nan;nan;nan;nan;nan;nan;nan;nan;nan;nan;nan;nan;nan;nan;nan;nan;nan;nan;nan;nan;nan;nan;nan;nan;nan;nan;nan;nan;nan;nan;nan;nan;nan;nan;nan;nan;nan;nan;nan;nan;nan;nan;nan;nan;nan;0.65476334;0.3192652220168147;0.8666666666666667;0.8722701149425287;0.9567307692307692;0.5834999;0.18258874746315662;0.932;0.9310558950010088;0.9675383310317541;0.014841318130493164;0.65476334;0.3192652220168147;0.8666666666666667;0.8722701149425287;0.9567307692307692;0.5834999;0.18258874746315662;0.932;0.9310558950010088;0.9675383310317541;0.0;0.0;0.0;0.0;0.0;0.0;0.0;0.0;0.0;0.0;0.014841318130493164;0.6877688;0.6349135789606306;0.5111111111111111;0.5227513227513227;0.7560096153846154;0.1380925178527832;122.23382;0.6982849640978708;0.6;0.6;0.5024038461538461;14.457440376281738;nan;nan;nan;nan;nan;nan;nan;nan;nan;nan;nan;nan;nan;nan;nan;nan;nan;nan;nan;nan;nan;nan;nan;nan;nan;nan;nan;nan;nan;nan;nan;nan;nan;nan;nan;nan;nan;nan;nan;nan;nan;nan;nan;nan;nan;nan;nan;nan;nan;nan;nan;nan;nan;nan;nan;nan;nan;nan;nan;nan;nan;nan;nan;nan;nan;nan;nan;nan;nan;nan;nan;nan;nan;nan;nan;nan;nan;nan;nan;nan;nan;nan;nan;nan;nan;nan;nan;nan;nan;nan;nan;nan;nan;nan;nan;nan;nan;nan;nan;nan;nan;nan;nan;nan;nan;nan;nan;nan;nan;nan;nan;nan;nan;nan;nan;nan;nan;nan;nan;nan;nan;nan;nan;nan;nan;nan;nan;nan;nan;nan;nan;nan;nan;nan;nan;nan;nan;nan;nan;nan;nan;nan;nan;nan;nan;nan;nan;nan;nan;nan;nan;nan;nan;nan;nan;nan;nan;nan;nan;nan;nan;nan;nan;nan;nan;nan;nan;nan;nan;nan;nan;nan;nan;nan;nan;nan;nan;nan;nan;nan;nan;nan;nan;nan;nan;nan;nan;nan;nan;nan;nan;nan;nan;nan;nan;nan;nan;nan;nan;nan;nan;nan;nan;nan;nan;nan;nan;nan;nan;nan;nan;nan;nan;nan;nan;nan;nan;nan;nan;nan;nan;nan;nan;nan;nan;nan;nan;nan;nan;nan;nan;nan;nan;nan;nan;nan;nan;nan;nan;nan;nan;nan;nan;nan;nan;nan;nan;nan;nan;nan;nan;nan;nan;nan;nan;nan;nan;nan;nan;nan;nan;nan;nan;nan;nan;nan;nan;nan;nan;nan;nan;nan;nan;nan;nan;nan;nan;nan;nan;nan;nan;nan;nan;nan;nan;nan;nan;nan;nan;nan;nan;nan;nan;nan;nan;nan;nan;nan;nan;nan;nan;nan;nan;nan;nan;nan;nan;nan;nan;nan;nan;nan;nan;nan;nan;nan;nan;nan;nan;nan;nan;nan;nan;nan;nan;nan;nan;nan;nan;nan;nan;nan;nan;nan;nan;nan;nan;nan;nan;nan;nan;nan;nan;nan;nan;nan;nan;nan;nan;nan;nan;nan;nan;nan;nan;nan;nan;nan;nan;nan;nan;nan;nan;nan;nan;nan;nan;nan;nan;nan;nan;nan;nan;nan;nan;nan;nan;nan;nan;nan;nan;nan;nan;nan;nan;nan;nan;nan;nan;nan;nan;nan;nan;nan;nan;nan;nan;nan;nan;nan;nan;nan;nan;nan;nan;nan;nan;nan;nan;nan;nan;nan;nan;nan;nan;nan;nan;nan;nan;nan;nan;nan;nan;nan;nan;nan;nan;nan;nan;nan;nan;nan;nan;nan;nan;nan;nan;nan;nan;nan;nan;nan;nan;nan;nan;nan;nan;nan;nan;nan;nan;nan;nan;nan;nan;nan;nan;nan;nan;nan;nan;nan;nan;nan;nan;nan;nan;nan;nan;nan;nan;nan;nan;nan;nan;nan;nan;nan;nan;nan;nan;nan;nan;nan;nan;nan;nan;nan;nan;nan;nan;nan;nan;nan;nan;nan;nan;nan;nan;nan;nan;nan;nan;nan;nan;nan;nan;nan;nan;nan;nan;nan;nan;nan;nan;nan;nan;nan;nan;nan;nan;nan;nan;nan;nan;nan;nan;nan;nan;nan;nan;nan;nan;nan;nan;nan;nan;nan;nan;nan;nan;nan;nan;nan;nan;nan;nan;nan;nan;nan;nan;nan;nan;nan;nan;nan;nan;nan;nan;nan;nan;nan;nan;nan;nan;nan;nan;nan;nan;nan;nan;nan;nan;nan;nan;nan;nan;nan;nan;nan;nan;nan;nan;nan;nan;nan;nan;nan;nan;nan;nan;nan;nan;nan;nan;nan;nan;nan;nan;nan;nan;nan;nan;nan;nan;nan;nan;nan;nan;nan;nan;nan;nan;nan;nan;nan;nan;nan;nan;nan;nan;nan;nan;nan;nan;nan;nan;nan;nan;nan;nan;nan;nan;nan;nan;nan;nan;nan;nan;nan;nan;nan;nan;nan;nan;nan;nan;nan;nan;nan;nan;nan;nan;nan;nan;nan;nan;nan;nan;nan;0.6570914;0.3625943359182126;0.8222222222222222;0.8296934865900383;0.9194711538461539;0.5858078;0.1817189934407314;0.9327;0.9325241074220033;0.9704061329387688;0.013589143753051758;0.6570914;0.3625943359182126;0.8222222222222222;0.8296934865900383;0.9194711538461539;0.5858078;0.1817189934407314;0.9327;0.9325241074220033;0.9704061329387688;0.0;0.0;0.0;0.0;0.0;0.0;0.0;0.0;0.0;0.0;0.013589143753051758;0.6877688;0.6349135789606306;0.5111111111111111;0.5227513227513227;0.7560096153846154;0.1380925178527832;122.23382;0.6982849640978708;0.6;0.6;0.5024038461538461;14.457440376281738;nan;nan;nan;nan;nan;nan;nan;nan;nan;nan;nan;nan;nan;nan;nan;nan;nan;nan;nan;nan;nan;nan;nan;nan;nan;nan;nan;nan;nan;nan;nan;nan;nan;nan;nan;nan;nan;nan;nan;nan;nan;nan;nan;nan;nan;nan;nan;nan;nan;nan;nan;nan;nan;nan;nan;nan;nan;nan;nan;nan;nan;nan;nan;nan;nan;nan;nan;nan;nan;nan;nan;nan;nan;nan;nan;nan;nan;nan;nan;nan;nan;nan;nan;nan;nan;nan;nan;nan;nan;nan;nan;nan;nan;nan;nan;nan;nan;nan;nan;nan;nan;nan;nan;nan;nan;nan;nan;nan;nan;nan;nan;nan;nan;nan;nan;nan;nan;nan;nan;nan;nan;nan;nan;nan;nan;nan;nan;nan;nan;nan;nan;nan;nan;nan;nan;nan;nan;nan;nan;nan;nan;nan;nan;nan;nan;nan;nan;nan;nan;nan;nan;nan;nan;nan;nan;nan;nan;nan;nan;nan;nan;nan;nan;nan;nan;nan;nan;nan;nan;nan;nan;nan;nan;nan;nan;nan;nan;nan;nan;nan;nan;nan;nan;nan;nan;nan;nan;nan;nan;nan;nan;nan;nan;nan;nan;nan;nan;nan;nan;nan;nan;nan;nan;nan;nan;nan;nan;nan;nan;nan;nan;nan;nan;nan;nan;nan;nan;nan;nan;nan;nan;nan;nan;nan;nan;nan;nan;nan;nan;nan;nan;nan;nan;nan;nan;nan;nan;nan;nan;nan;nan;nan;nan;nan;nan;nan;nan;nan;nan;nan;nan;nan;nan;nan;nan;nan;nan;nan;nan;nan;nan;nan;nan;nan;nan;nan;nan;nan;nan;nan;nan;nan;nan;nan;nan;nan;nan;nan;nan;nan;nan;nan;nan;nan;nan;nan;nan;nan;nan;nan;nan;nan;nan;nan;nan;nan;nan;nan;nan;nan;nan;nan;nan;nan;nan;nan;nan;nan;nan;nan;nan;nan;nan;nan;nan;nan;nan;nan;nan;nan;nan;nan;nan;nan;nan;nan;nan;nan;nan;nan;nan;nan;nan;nan;nan;nan;nan;nan;nan;nan;nan;nan;nan;nan;nan;nan;nan;nan;nan;nan;nan;nan;nan;nan;nan;nan;nan;nan;nan;nan;nan;nan;nan;nan;nan;nan;nan;nan;nan;nan;nan;nan;nan;nan;nan;nan;nan;nan;nan;nan;nan;nan;nan;nan;nan;nan;nan;nan;nan;nan;nan;nan;nan;nan;nan;nan;nan;nan;nan;nan;nan;nan;nan;nan;nan;nan;nan;nan;nan;nan;nan;nan;nan;nan;nan;nan;nan;nan;nan;nan;nan;nan;nan;nan;nan;nan;nan;nan;nan;nan;nan;nan;nan;nan;nan;nan;nan;nan;nan;nan;nan;nan;nan;nan;nan;nan;nan;nan;nan;nan;nan;nan;nan;nan;nan;nan;nan;nan;nan;nan;nan;nan;nan;nan;nan;nan;nan;nan;nan;nan;nan;nan;nan;nan;nan;nan;nan;nan;nan;nan;nan;nan;nan;nan;nan;nan;nan;nan;nan;nan;nan;nan;nan;nan;nan;nan;nan;nan;nan;nan;nan;nan;nan;nan;nan;nan;nan;nan;nan;nan;nan;nan;nan;nan;nan;nan;nan;nan;nan;nan;nan;nan;nan;nan;nan;nan;nan;nan;nan;nan;nan;nan;nan;nan;nan;nan;nan;nan;nan;nan;nan;nan;nan;nan;nan;nan;nan;nan;nan;nan;nan;nan;nan;nan;nan;nan;nan;nan;nan;nan;nan;nan;nan;nan;nan;nan;nan;nan;nan;nan;nan;nan;nan;nan;nan;nan;nan;nan;nan;nan;nan;nan;nan;nan;nan;nan;nan;nan;nan;nan;nan;nan;nan;nan;nan;nan;nan;nan;nan;nan;nan;nan;nan;nan;nan;nan;nan;nan;nan;nan;nan;nan;nan;nan;nan;nan;nan;nan;nan;nan;nan;nan;nan;nan;nan;nan;nan;nan;nan;nan;nan;nan;nan;nan;nan;nan;nan;nan;nan;nan;nan;nan;nan;nan;nan;nan;nan;nan;nan;nan;nan;nan;nan;nan;nan;nan;nan;nan;nan;nan;0.6588911;0.3476118222678223;0.8444444444444444;0.8503979102120163;0.9399038461538461;0.5858664;0.1918300306641394;0.9294;0.9291370464255025;0.9645306788118044;0.018498897552490234;0.6588911;0.3476118222678223;0.8444444444444444;0.8503979102120163;0.9399038461538461;0.5858664;0.1918300306641394;0.9294;0.9291370464255025;0.9645306788118044;0.0;0.0;0.0;0.0;0.0;0.0;0.0;0.0;0.0;0.0;0.018498897552490234;0.6877688;0.6349135789606306;0.5111111111111111;0.5227513227513227;0.7560096153846154;0.1380925178527832;122.23382;0.6982849640978708;0.6;0.6;0.5024038461538461;14.457440376281738;nan;nan;nan;nan;nan;nan;nan;nan;nan;nan;nan;nan;nan;nan;nan;nan;nan;nan;nan;nan;nan;nan;nan;nan;nan;nan;nan;nan;nan;nan;nan;nan;nan;nan;nan;nan;nan;nan;nan;nan;nan;nan;nan;nan;nan;nan;nan;nan;nan;nan;nan;nan;nan;nan;nan;nan;nan;nan;nan;nan;nan;nan;nan;nan;nan;nan;nan;nan;nan;nan;nan;nan;nan;nan;nan;nan;nan;nan;nan;nan;nan;nan;nan;nan;nan;nan;nan;nan;nan;nan;nan;nan;nan;nan;nan;nan;nan;nan;nan;nan;nan;nan;nan;nan;nan;nan;nan;nan;nan;nan;nan;nan;nan;nan;nan;nan;nan;nan;nan;nan;nan;nan;nan;nan;nan;nan;nan;nan;nan;nan;nan;nan;nan;nan;nan;nan;nan;nan;nan;nan;nan;nan;nan;nan;nan;nan;nan;nan;nan;nan;nan;nan;nan;nan;nan;nan;nan;nan;nan;nan;nan;nan;nan;nan;nan;nan;nan;nan;nan;nan;nan;nan;nan;nan;nan;nan;nan;nan;nan;nan;nan;nan;nan;nan;nan;nan;nan;nan;nan;nan;nan;nan;nan;nan;nan;nan;nan;nan;nan;nan;nan;nan;nan;nan;nan;nan;nan;nan;nan;nan;nan;nan;nan;nan;nan;nan;nan;nan;nan;nan;nan;nan;nan;nan;nan;nan;nan;nan;nan;nan;nan;nan;nan;nan;nan;nan;nan;nan;nan;nan;nan;nan;nan;nan;nan;nan;nan;nan;nan;nan;nan;nan;nan;nan;nan;nan;nan;nan;nan;nan;nan;nan;nan;nan;nan;nan;nan;nan;nan;nan;nan;nan;nan;nan;nan;nan;nan;nan;nan;nan;nan;nan;nan;nan;nan;nan;nan;nan;nan;nan;nan;nan;nan;nan;nan;nan;nan;nan;nan;nan;nan;nan;nan;nan;nan;nan;nan;nan;nan;nan;nan;nan;nan;nan;nan;nan;nan;nan;nan;nan;nan;nan;nan;nan;nan;nan;nan;nan;nan;nan;nan;nan;nan;nan;nan;nan;nan;nan;nan;nan;nan;nan;nan;nan;nan;nan;nan;nan;nan;nan;nan;nan;nan;nan;nan;nan;nan;nan;nan;nan;nan;nan;nan;nan;nan;nan;nan;nan;nan;nan;nan;nan;nan;nan;nan;nan;nan;nan;nan;nan;nan;nan;nan;nan;nan;nan;nan;nan;nan;nan;nan;nan;nan;nan;nan;nan;nan;nan;nan;nan;nan;nan;nan;nan;nan;nan;nan;nan;nan;nan;nan;nan;nan;nan;nan;nan;nan;nan;nan;nan;nan;nan;nan;nan;nan;nan;nan;nan;nan;nan;nan;nan;nan;nan;nan;nan;nan;nan;nan;nan;nan;nan;nan;nan;nan;nan;nan;nan;nan;nan;nan;nan;nan;nan;nan;nan;nan;nan;nan;nan;nan;nan;nan;nan;nan;nan;nan;nan;nan;nan;nan;nan;nan;nan;nan;nan;nan;nan;nan;nan;nan;nan;nan;nan;nan;nan;nan;nan;nan;nan;nan;nan;nan;nan;nan;nan;nan;nan;nan;nan;nan;nan;nan;nan;nan;nan;nan;nan;nan;nan;nan;nan;nan;nan;nan;nan;nan;nan;nan;nan;nan;nan;nan;nan;nan;nan;nan;nan;nan;nan;nan;nan;nan;nan;nan;nan;nan;nan;nan;nan;nan;nan;nan;nan;nan;nan;nan;nan;nan;nan;nan;nan;nan;nan;nan;nan;nan;nan;nan;nan;nan;nan;nan;nan;nan;nan;nan;nan;nan;nan;nan;nan;nan;nan;nan;nan;nan;nan;nan;nan;nan;nan;nan;nan;nan;nan;nan;nan;nan;nan;nan;nan;nan;nan;nan;nan;nan;nan;nan;nan;nan;nan;nan;nan;nan;nan;nan;nan;nan;nan;nan;nan;nan;nan;nan;nan;nan;nan;nan;nan;nan;nan;nan;nan;nan;nan;nan;nan;nan;nan;nan;nan;nan;nan;nan;nan;nan;nan;nan;nan;nan;nan;nan;nan;nan;nan;nan;nan;nan;nan;nan;nan;nan;nan;nan;nan;nan;nan;nan;nan;0.66354406;0.49811369875618283;0.7555555555555555;0.7664717348927875;0.859375;0.58483624;0.18835150609937118;0.9259;0.9254930868551307;0.9685524717998835;0.012841939926147461;0.66354406;0.49811369875618283;0.7555555555555555;0.7664717348927875;0.859375;0.58483624;0.18835150609937118;0.9259;0.9254930868551307;0.9685524717998835;0.0;0.0;0.0;0.0;0.0;0.0;0.0;0.0;0.0;0.0;0.012841939926147461;0.6877688;0.6349135789606306;0.5111111111111111;0.5227513227513227;0.7560096153846154;0.1380925178527832;122.23382;0.6982849640978708;0.6;0.6;0.5024038461538461;14.457440376281738;nan;nan;nan;nan;nan;nan;nan;nan;nan;nan;nan;nan;nan;nan;nan;nan;nan;nan;nan;nan;nan;nan;nan;nan;nan;nan;nan;nan;nan;nan;nan;nan;nan;nan;nan;nan;nan;nan;nan;nan;nan;nan;nan;nan;nan;nan;nan;nan;nan;nan;nan;nan;nan;nan;nan;nan;nan;nan;nan;nan;nan;nan;nan;nan;nan;nan;nan;nan;nan;nan;nan;nan;nan;nan;nan;nan;nan;nan;nan;nan;nan;nan;nan;nan;nan;nan;nan;nan;nan;nan;nan;nan;nan;nan;nan;nan;nan;nan;nan;nan;nan;nan;nan;nan;nan;nan;nan;nan;nan;nan;nan;nan;nan;nan;nan;nan;nan;nan;nan;nan;nan;nan;nan;nan;nan;nan;nan;nan;nan;nan;nan;nan;nan;nan;nan;nan;nan;nan;nan;nan;nan;nan;nan;nan;nan;nan;nan;nan;nan;nan;nan;nan;nan;nan;nan;nan;nan;nan;nan;nan;nan;nan;nan;nan;nan;nan;nan;nan;nan;nan;nan;nan;nan;nan;nan;nan;nan;nan;nan;nan;nan;nan;nan;nan;nan;nan;nan;nan;nan;nan;nan;nan;nan;nan;nan;nan;nan;nan;nan;nan;nan;nan;nan;nan;nan;nan;nan;nan;nan;nan;nan;nan;nan;nan;nan;nan;nan;nan;nan;nan;nan;nan;nan;nan;nan;nan;nan;nan;nan;nan;nan;nan;nan;nan;nan;nan;nan;nan;nan;nan;nan;nan;nan;nan;nan;nan;nan;nan;nan;nan;nan;nan;nan;nan;nan;nan;nan;nan;nan;nan;nan;nan;nan;nan;nan;nan;nan;nan;nan;nan;nan;nan;nan;nan;nan;nan;nan;nan;nan;nan;nan;nan;nan;nan;nan;nan;nan;nan;nan;nan;nan;nan;nan;nan;nan;nan;nan;nan;nan;nan;nan;nan;nan;nan;nan;nan;nan;nan;nan;nan;nan;nan;nan;nan;nan;nan;nan;nan;nan;nan;nan;nan;nan;nan;nan;nan;nan;nan;nan;nan;nan;nan;nan;nan;nan;nan;nan;nan;nan;nan;nan;nan;nan;nan;nan;nan;nan;nan;nan;nan;nan;nan;nan;nan;nan;nan;nan;nan;nan;nan;nan;nan;nan;nan;nan;nan;nan;nan;nan;nan;nan;nan;nan;nan;nan;nan;nan;nan;nan;nan;nan;nan;nan;nan;nan;nan;nan;nan;nan;nan;nan;nan;nan;nan;nan;nan;nan;nan;nan;nan;nan;nan;nan;nan;nan;nan;nan;nan;nan;nan;nan;nan;nan;nan;nan;nan;nan;nan;nan;nan;nan;nan;nan;nan;nan;nan;nan;nan;nan;nan;nan;nan;nan;nan;nan;nan;nan;nan;nan;nan;nan;nan;nan;nan;nan;nan;nan;nan;nan;nan;nan;nan;nan;nan;nan;nan;nan;nan;nan;nan;nan;nan;nan;nan;nan;nan;nan;nan;nan;nan;nan;nan;nan;nan;nan;nan;nan;nan;nan;nan;nan;nan;nan;nan;nan;nan;nan;nan;nan;nan;nan;nan;nan;nan;nan;nan;nan;nan;nan;nan;nan;nan;nan;nan;nan;nan;nan;nan;nan;nan;nan;nan;nan;nan;nan;nan;nan;nan;nan;nan;nan;nan;nan;nan;nan;nan;nan;nan;nan;nan;nan;nan;nan;nan;nan;nan;nan;nan;nan;nan;nan;nan;nan;nan;nan;nan;nan;nan;nan;nan;nan;nan;nan;nan;nan;nan;nan;nan;nan;nan;nan;nan;nan;nan;nan;nan;nan;nan;nan;nan;nan;nan;nan;nan;nan;nan;nan;nan;nan;nan;nan;nan;nan;nan;nan;nan;nan;nan;nan;nan;nan;nan;nan;nan;nan;nan;nan;nan;nan;nan;nan;nan;nan;nan;nan;nan;nan;nan;nan;nan;nan;nan;nan;nan;nan;nan;nan;nan;nan;nan;nan;nan;nan;nan;nan;nan;nan;nan;nan;nan;nan;nan;nan;nan;nan;nan;nan;nan;nan;nan;nan;nan;nan;nan;nan;nan;nan;nan;nan;nan;nan;nan;nan;nan;nan;nan;nan;nan;nan;nan;0.7587387;1.9776052332343204;0.5777777777777777;0.5903876997953653;0.7463942307692308;0.64180124;0.07605595412496205;0.9736;0.9740654017660698;0.9835019103592342;0.012349367141723633;0.7587387;1.9776052332343204;0.5777777777777777;0.5903876997953653;0.7463942307692308;0.64180124;0.07605595412496205;0.9736;0.9740654017660698;0.9835019103592342;0.0;0.0;0.0;0.0;0.0;0.0;0.0;0.0;0.0;0.0;0.012349367141723633;0.6877688;0.6349135789606306;0.5111111111111111;0.5227513227513227;0.7560096153846154;0.1380925178527832;122.23382;0.6982849640978708;0.6;0.6;0.5024038461538461;14.457440376281738;nan;nan;nan;nan;nan;nan;nan;nan;nan;nan;nan;nan;nan;nan;nan;nan;nan;nan;nan;nan;nan;nan;nan;nan;nan;nan;nan;nan;nan;nan;nan;nan;nan;nan;nan;nan;nan;nan;nan;nan;nan;nan;nan;nan;nan;nan;nan;nan;nan;nan;nan;nan;nan;nan;nan;nan;nan;nan;nan;nan;nan;nan;nan;nan;nan;nan;nan;nan;nan;nan;nan;nan;nan;nan;nan;nan;nan;nan;nan;nan;nan;nan;nan;nan;nan;nan;nan;nan;nan;nan;nan;nan;nan;nan;nan;nan;nan;nan;nan;nan;nan;nan;nan;nan;nan;nan;nan;nan;nan;nan;nan;nan;nan;nan;nan;nan;nan;nan;nan;nan;nan;nan;nan;nan;nan;nan;nan;nan;nan;nan;nan;nan;nan;nan;nan;nan;nan;nan;nan;nan;nan;nan;nan;nan;nan;nan;nan;nan;nan;nan;nan;nan;nan;nan;nan;nan;nan;nan;nan;nan;nan;nan;nan;nan;nan;nan;nan;nan;nan;nan;nan;nan;nan;nan;nan;nan;nan;nan;nan;nan;nan;nan;nan;nan;nan;nan;nan;nan;nan;nan;nan;nan;nan;nan;nan;nan;nan;nan;nan;nan;nan;nan;nan;nan;nan;nan;nan;nan;nan;nan;nan;nan;nan;nan;nan;nan;nan;nan;nan;nan;nan;nan;nan;nan;nan;nan;nan;nan;nan;nan;nan;nan;nan;nan;nan;nan;nan;nan;nan;nan;nan;nan;nan;nan;nan;nan;nan;nan;nan;nan;nan;nan;nan;nan;nan;nan;nan;nan;nan;nan;nan;nan;nan;nan;nan;nan;nan;nan;nan;nan;nan;nan;nan;nan;nan;nan;nan;nan;nan;nan;nan;nan;nan;nan;nan;nan;nan;nan;nan;nan;nan;nan;nan;nan;nan;nan;nan;nan;nan;nan;nan;nan;nan;nan;nan;nan;nan;nan;nan;nan;nan;nan;nan;nan;nan;nan;nan;nan;nan;nan;nan;nan;nan;nan;nan;nan;nan;nan;nan;nan;nan;nan;nan;nan;nan;nan;nan;nan;nan;nan;nan;nan;nan;nan;nan;nan;nan;nan;nan;nan;nan;nan;nan;nan;nan;nan;nan;nan;nan;nan;nan;nan;nan;nan;nan;nan;nan;nan;nan;nan;nan;nan;nan;nan;nan;nan;nan;nan;nan;nan;nan;nan;nan;nan;nan;nan;nan;nan;nan;nan;nan;nan;nan;nan;nan;nan;nan;nan;nan;nan;nan;nan;nan;nan;nan;nan;nan;nan;nan;nan;nan;nan;nan;nan;nan;nan;nan;nan;nan;nan;nan;nan;nan;nan;nan;nan;nan;nan;nan;nan;nan;nan;nan;nan;nan;nan;nan;nan;nan;nan;nan;nan;nan;nan;nan;nan;nan;nan;nan;nan;nan;nan;nan;nan;nan;nan;nan;nan;nan;nan;nan;nan;nan;nan;nan;nan;nan;nan;nan;nan;nan;nan;nan;nan;nan;nan;nan;nan;nan;nan;nan;nan;nan;nan;nan;nan;nan;nan;nan;nan;nan;nan;nan;nan;nan;nan;nan;nan;nan;nan;nan;nan;nan;nan;nan;nan;nan;nan;nan;nan;nan;nan;nan;nan;nan;nan;nan;nan;nan;nan;nan;nan;nan;nan;nan;nan;nan;nan;nan;nan;nan;nan;nan;nan;nan;nan;nan;nan;nan;nan;nan;nan;nan;nan;nan;nan;nan;nan;nan;nan;nan;nan;nan;nan;nan;nan;nan;nan;nan;nan;nan;nan;nan;nan;nan;nan;nan;nan;nan;nan;nan;nan;nan;nan;nan;nan;nan;nan;nan;nan;nan;nan;nan;nan;nan;nan;nan;nan;nan;nan;nan;nan;nan;nan;nan;nan;nan;nan;nan;nan;nan;nan;nan;nan;nan;nan;nan;nan;nan;nan;nan;nan;nan;nan;nan;nan;nan;nan;nan;nan;nan;nan;nan;nan;nan;nan;nan;nan;nan;nan;nan;nan;nan;nan;nan;nan;nan;nan;nan;nan;nan;nan;nan;nan;nan;nan;nan;nan;nan;nan;nan;nan;nan;nan;nan;nan;nan;nan;nan;nan;0.70148784;4.97902760546827;0.7777777777777778;0.7641117052881758;0.6574519230769231;0.5981497;0.03931137441281075;0.9877;0.9880348163530763;0.9616374298588138;0.014271020889282227;0.70148784;4.97902760546827;0.7777777777777778;0.7641117052881758;0.6574519230769231;0.5981497;0.03931137441281075;0.9877;0.9880348163530763;0.9616374298588138;0.0;0.0;0.0;0.0;0.0;0.0;0.0;0.0;0.0;0.0;0.014271020889282227;0.6877688;0.6349135789606306;0.5111111111111111;0.5227513227513227;0.7560096153846154;0.1380925178527832;122.23382;0.6982849640978708;0.6;0.6;0.5024038461538461;14.457440376281738;nan;nan;nan;nan;nan;nan;nan;nan;nan;nan;nan;nan;nan;nan;nan;nan;nan;nan;nan;nan;nan;nan;nan;nan;nan;nan;nan;nan;nan;nan;nan;nan;nan;nan;nan;nan;nan;nan;nan;nan;nan;nan;nan;nan;nan;nan;nan;nan;nan;nan;nan;nan;nan;nan;nan;nan;nan;nan;nan;nan;nan;nan;nan;nan;nan;nan;nan;nan;nan;nan;nan;nan;nan;nan;nan;nan;nan;nan;nan;nan;nan;nan;nan;nan;nan;nan;nan;nan;nan;nan;nan;nan;nan;nan;nan;nan;nan;nan;nan;nan;nan;nan;nan;nan;nan;nan;nan;nan;nan;nan;nan;nan;nan;nan;nan;nan;nan;nan;nan;nan;nan;nan;nan;nan;nan;nan;nan;nan;nan;nan;nan;nan;nan;nan;nan;nan;nan;nan;nan;nan;nan;nan;nan;nan;nan;nan;nan;nan;nan;nan;nan;nan;nan;nan;nan;nan;nan;nan;nan;nan;nan;nan;nan;nan;nan;nan;nan;nan;nan;nan;nan;nan;nan;nan;nan;nan;nan;nan;nan;nan;nan;nan;nan;nan;nan;nan;nan;nan;nan;nan;nan;nan;nan;nan;nan;nan;nan;nan;nan;nan;nan;nan;nan;nan;nan;nan;nan;nan;nan;nan;nan;nan;nan;nan;nan;nan;nan;nan;nan;nan;nan;nan;nan;nan;nan;nan;nan;nan;nan;nan;nan;nan;nan;nan;nan;nan;nan;nan;nan;nan;nan;nan;nan;nan;nan;nan;nan;nan;nan;nan;nan;nan;nan;nan;nan;nan;nan;nan;nan;nan;nan;nan;nan;nan;nan;nan;nan;nan;nan;nan;nan;nan;nan;nan;nan;nan;nan;nan;nan;nan;nan;nan;nan;nan;nan;nan;nan;nan;nan;nan;nan;nan;nan;nan;nan;nan;nan;nan;nan;nan;nan;nan;nan;nan;nan;nan;nan;nan;nan;nan;nan;nan;nan;nan;nan;nan;nan;nan;nan;nan;nan;nan;nan;nan;nan;nan;nan;nan;nan;nan;nan;nan;nan;nan;nan;nan;nan;nan;nan;nan;nan;nan;nan;nan;nan;nan;nan;nan;nan;nan;nan;nan;nan;nan;nan;nan;nan;nan;nan;nan;nan;nan;nan;nan;nan;nan;nan;nan;nan;nan;nan;nan;nan;nan;nan;nan;nan;nan;nan;nan;nan;nan;nan;nan;nan;nan;nan;nan;nan;nan;nan;nan;nan;nan;nan;nan;nan;nan;nan;nan;nan;nan;nan;nan;nan;nan;nan;nan;nan;nan;nan;nan;nan;nan;nan;nan;nan;nan;nan;nan;nan;nan;nan;nan;nan;nan;nan;nan;nan;nan;nan;nan;nan;nan;nan;nan;nan;nan;nan;nan;nan;nan;nan;nan;nan;nan;nan;nan;nan;nan;nan;nan;nan;nan;nan;nan;nan;nan;nan;nan;nan;nan;nan;nan;nan;nan;nan;nan;nan;nan;nan;nan;nan;nan;nan;nan;nan;nan;nan;nan;nan;nan;nan;nan;nan;nan;nan;nan;nan;nan;nan;nan;nan;nan;nan;nan;nan;nan;nan;nan;nan;nan;nan;nan;nan;nan;nan;nan;nan;nan;nan;nan;nan;nan;nan;nan;nan;nan;nan;nan;nan;nan;nan;nan;nan;nan;nan;nan;nan;nan;nan;nan;nan;nan;nan;nan;nan;nan;nan;nan;nan;nan;nan;nan;nan;nan;nan;nan;nan;nan;nan;nan;nan;nan;nan;nan;nan;nan;nan;nan;nan;nan;nan;nan;nan;nan;nan;nan;nan;nan;nan;nan;nan;nan;nan;nan;nan;nan;nan;nan;nan;nan;nan;nan;nan;nan;nan;nan;nan;nan;nan;nan;nan;nan;nan;nan;nan;nan;nan;nan;nan;nan;nan;nan;nan;nan;nan;nan;nan;nan;nan;nan;nan;nan;nan;nan;nan;nan;nan;nan;nan;nan;nan;nan;nan;nan;nan;nan;nan;nan;nan;nan;nan;nan;nan;nan;nan;nan;nan;nan;nan;nan;nan;nan;nan;nan;nan;nan;nan;nan;nan;nan;nan;nan;nan;nan;nan;nan;nan;nan;0.6903968;4.098577804039095;0.8;0.7975384615384614;0.6754807692307692;0.62701565;0.0516208499046868;0.9837;0.9836607842044499;0.9828326983356769;0.013995885848999023;0.6903968;4.098577804039095;0.8;0.7975384615384614;0.6754807692307692;0.62701565;0.0516208499046868;0.9837;0.9836607842044499;0.9828326983356769;0.0;0.0;0.0;0.0;0.0;0.0;0.0;0.0;0.0;0.0;0.013995885848999023;0.6877688;0.6349135789606306;0.5111111111111111;0.5227513227513227;0.7560096153846154;0.1380925178527832;122.23382;0.6982849640978708;0.6;0.6;0.5024038461538461;14.457440376281738;nan;nan;nan;nan;nan;nan;nan;nan;nan;nan;nan;nan;nan;nan;nan;nan;nan;nan;nan;nan;nan;nan;nan;nan;nan;nan;nan;nan;nan;nan;nan;nan;nan;nan;nan;nan;nan;nan;nan;nan;nan;nan;nan;nan;nan;nan;nan;nan;nan;nan;nan;nan;nan;nan;nan;nan;nan;nan;nan;nan;nan;nan;nan;nan;nan;nan;nan;nan;nan;nan;nan;nan;nan;nan;nan;nan;nan;nan;nan;nan;nan;nan;nan;nan;nan;nan;nan;nan;nan;nan;nan;nan;nan;nan;nan;nan;nan;nan;nan;nan;nan;nan;nan;nan;nan;nan;nan;nan;nan;nan;nan;nan;nan;nan;nan;nan;nan;nan;nan;nan;nan;nan;nan;nan;nan;nan;nan;nan;nan;nan;nan;nan;nan;nan;nan;nan;nan;nan;nan;nan;nan;nan;nan;nan;nan;nan;nan;nan;nan;nan;nan;nan;nan;nan;nan;nan;nan;nan;nan;nan;nan;nan;nan;nan;nan;nan;nan;nan;nan;nan;nan;nan;nan;nan;nan;nan;nan;nan;nan;nan;nan;nan;nan;nan;nan;nan;nan;nan;nan;nan;nan;nan;nan;nan;nan;nan;nan;nan;nan;nan;nan;nan;nan;nan;nan;nan;nan;nan;nan;nan;nan;nan;nan;nan;nan;nan;nan;nan;nan;nan;nan;nan;nan;nan;nan;nan;nan;nan;nan;nan;nan;nan;nan;nan;nan;nan;nan;nan;nan;nan;nan;nan;nan;nan;nan;nan;nan;nan;nan;nan;nan;nan;nan;nan;nan;nan;nan;nan;nan;nan;nan;nan;nan;nan;nan;nan;nan;nan;nan;nan;nan;nan;nan;nan;nan;nan;nan;nan;nan;nan;nan;nan;nan;nan;nan;nan;nan;nan;nan;nan;nan;nan;nan;nan;nan;nan;nan;nan;nan;nan;nan;nan;nan;nan;nan;nan;nan;nan;nan;nan;nan;nan;nan;nan;nan;nan;nan;nan;nan;nan;nan;nan;nan;nan;nan;nan;nan;nan;nan;nan;nan;nan;nan;nan;nan;nan;nan;nan;nan;nan;nan;nan;nan;nan;nan;nan;nan;nan;nan;nan;nan;nan;nan;nan;nan;nan;nan;nan;nan;nan;nan;nan;nan;nan;nan;nan;nan;nan;nan;nan;nan;nan;nan;nan;nan;nan;nan;nan;nan;nan;nan;nan;nan;nan;nan;nan;nan;nan;nan;nan;nan;nan;nan;nan;nan;nan;nan;nan;nan;nan;nan;nan;nan;nan;nan;nan;nan;nan;nan;nan;nan;nan;nan;nan;nan;nan;nan;nan;nan;nan;nan;nan;nan;nan;nan;nan;nan;nan;nan;nan;nan;nan;nan;nan;nan;nan;nan;nan;nan;nan;nan;nan;nan;nan;nan;nan;nan;nan;nan;nan;nan;nan;nan;nan;nan;nan;nan;nan;nan;nan;nan;nan;nan;nan;nan;nan;nan;nan;nan;nan;nan;nan;nan;nan;nan;nan;nan;nan;nan;nan;nan;nan;nan;nan;nan;nan;nan;nan;nan;nan;nan;nan;nan;nan;nan;nan;nan;nan;nan;nan;nan;nan;nan;nan;nan;nan;nan;nan;nan;nan;nan;nan;nan;nan;nan;nan;nan;nan;nan;nan;nan;nan;nan;nan;nan;nan;nan;nan;nan;nan;nan;nan;nan;nan;nan;nan;nan;nan;nan;nan;nan;nan;nan;nan;nan;nan;nan;nan;nan;nan;nan;nan;nan;nan;nan;nan;nan;nan;nan;nan;nan;nan;nan;nan;nan;nan;nan;nan;nan;nan;nan;nan;nan;nan;nan;nan;nan;nan;nan;nan;nan;nan;nan;nan;nan;nan;nan;nan;nan;nan;nan;nan;nan;nan;nan;nan;nan;nan;nan;nan;nan;nan;nan;nan;nan;nan;nan;nan;nan;nan;nan;nan;nan;nan;nan;nan;nan;nan;nan;nan;nan;nan;nan;nan;nan;nan;nan;nan;nan;nan;nan;nan;nan;nan;nan;nan;nan;nan;nan;nan;nan;nan;nan;nan;nan;nan;nan;nan;nan;nan;nan;nan;nan;nan;nan;nan;nan;nan;nan;nan;0.6981259;4.22207091912468;0.8;0.7914341336794289;0.6550480769230769;0.6222396;0.07092454951000822;0.9773;0.9777679481637203;0.9604028367624625;0.014175176620483398;0.6981259;4.22207091912468;0.8;0.7914341336794289;0.6550480769230769;0.6222396;0.07092454951000822;0.9773;0.9777679481637203;0.9604028367624625;0.0;0.0;0.0;0.0;0.0;0.0;0.0;0.0;0.0;0.0;0.014175176620483398;0.6877688;0.6349135789606306;0.5111111111111111;0.5227513227513227;0.7560096153846154;0.1380925178527832;122.23382;0.6982849640978708;0.6;0.6;0.5024038461538461;14.457440376281738;nan;nan;nan;nan;nan;nan;nan;nan;nan;nan;nan;nan;nan;nan;nan;nan;nan;nan;nan;nan;nan;nan;nan;nan;nan;nan;nan;nan;nan;nan;nan;nan;nan;nan;nan;nan;nan;nan;nan;nan;nan;nan;nan;nan;nan;nan;nan;nan;nan;nan;nan;nan;nan;nan;nan;nan;nan;nan;nan;nan;nan;nan;nan;nan;nan;nan;nan;nan;nan;nan;nan;nan;nan;nan;nan;nan;nan;nan;nan;nan;nan;nan;nan;nan;nan;nan;nan;nan;nan;nan;nan;nan;nan;nan;nan;nan;nan;nan;nan;nan;nan;nan;nan;nan;nan;nan;nan;nan;nan;nan;nan;nan;nan;nan;nan;nan;nan;nan;nan;nan;nan;nan;nan;nan;nan;nan;nan;nan;nan;nan;nan;nan;nan;nan;nan;nan;nan;nan;nan;nan;nan;nan;nan;nan;nan;nan;nan;nan;nan;nan;nan;nan;nan;nan;nan;nan;nan;nan;nan;nan;nan;nan;nan;nan;nan;nan;nan;nan;nan;nan;nan;nan;nan;nan;nan;nan;nan;nan;nan;nan;nan;nan;nan;nan;nan;nan;nan;nan;nan;nan;nan;nan;nan;nan;nan;nan;nan;nan;nan;nan;nan;nan;nan;nan;nan;nan;nan;nan;nan;nan;nan;nan;nan;nan;nan;nan;nan;nan;nan;nan;nan;nan;nan;nan;nan;nan;nan;nan;nan;nan;nan;nan;nan;nan;nan;nan;nan;nan;nan;nan;nan;nan;nan;nan;nan;nan;nan;nan;nan;nan;nan;nan;nan;nan;nan;nan;nan;nan;nan;nan;nan;nan;nan;nan;nan;nan;nan;nan;nan;nan;nan;nan;nan;nan;nan;nan;nan;nan;nan;nan;nan;nan;nan;nan;nan;nan;nan;nan;nan;nan;nan;nan;nan;nan;nan;nan;nan;nan;nan;nan;nan;nan;nan;nan;nan;nan;nan;nan;nan;nan;nan;nan;nan;nan;nan;nan;nan;nan;nan;nan;nan;nan;nan;nan;nan;nan;nan;nan;nan;nan;nan;nan;nan;nan;nan;nan;nan;nan;nan;nan;nan;nan;nan;nan;nan;nan;nan;nan;nan;nan;nan;nan;nan;nan;nan;nan;nan;nan;nan;nan;nan;nan;nan;nan;nan;nan;nan;nan;nan;nan;nan;nan;nan;nan;nan;nan;nan;nan;nan;nan;nan;nan;nan;nan;nan;nan;nan;nan;nan;nan;nan;nan;nan;nan;nan;nan;nan;nan;nan;nan;nan;nan;nan;nan;nan;nan;nan;nan;nan;nan;nan;nan;nan;nan;nan;nan;nan;nan;nan;nan;nan;nan;nan;nan;nan;nan;nan;nan;nan;nan;nan;nan;nan;nan;nan;nan;nan;nan;nan;nan;nan;nan;nan;nan;nan;nan;nan;nan;nan;nan;nan;nan;nan;nan;nan;nan;nan;nan;nan;nan;nan;nan;nan;nan;nan;nan;nan;nan;nan;nan;nan;nan;nan;nan;nan;nan;nan;nan;nan;nan;nan;nan;nan;nan;nan;nan;nan;nan;nan;nan;nan;nan;nan;nan;nan;nan;nan;nan;nan;nan;nan;nan;nan;nan;nan;nan;nan;nan;nan;nan;nan;nan;nan;nan;nan;nan;nan;nan;nan;nan;nan;nan;nan;nan;nan;nan;nan;nan;nan;nan;nan;nan;nan;nan;nan;nan;nan;nan;nan;nan;nan;nan;nan;nan;nan;nan;nan;nan;nan;nan;nan;nan;nan;nan;nan;nan;nan;nan;nan;nan;nan;nan;nan;nan;nan;nan;nan;nan;nan;nan;nan;nan;nan;nan;nan;nan;nan;nan;nan;nan;nan;nan;nan;nan;nan;nan;nan;nan;nan;nan;nan;nan;nan;nan;nan;nan;nan;nan;nan;nan;nan;nan;nan;nan;nan;nan;nan;nan;nan;nan;nan;nan;nan;nan;nan;nan;nan;nan;nan;nan;nan;nan;nan;nan;nan;nan;nan;nan;nan;nan;nan;nan;nan;nan;nan;nan;nan;nan;nan;nan;nan;nan;nan;nan;nan;nan;nan;nan;nan;nan;nan;nan;nan;nan;nan;nan;nan;nan;nan;nan;0.67111534;0.5988568100760767;0.7555555555555555;0.7450861633859688;0.7211538461538461;0.63062346;0.07695700882629124;0.9761;0.9763133474674829;0.9619597490742016;0.012793540954589844;0.67111534;0.5988568100760767;0.7555555555555555;0.7450861633859688;0.7211538461538461;0.63062346;0.07695700882629124;0.9761;0.9763133474674829;0.9619597490742016;0.0;0.0;0.0;0.0;0.0;0.0;0.0;0.0;0.0;0.0;0.012793540954589844;0.6877688;0.6349135789606306;0.5111111111111111;0.5227513227513227;0.7560096153846154;0.1380925178527832;122.23382;0.6982849640978708;0.6;0.6;0.5024038461538461;14.457440376281738;nan;nan;nan;nan;nan;nan;nan;nan;nan;nan;nan;nan;nan;nan;nan;nan;nan;nan;nan;nan;nan;nan;nan;nan;nan;nan;nan;nan;nan;nan;nan;nan;nan;nan;nan;nan;nan;nan;nan;nan;nan;nan;nan;nan;nan;nan;nan;nan;nan;nan;nan;nan;nan;nan;nan;nan;nan;nan;nan;nan;nan;nan;nan;nan;nan;nan;nan;nan;nan;nan;nan;nan;nan;nan;nan;nan;nan;nan;nan;nan;nan;nan;nan;nan;nan;nan;nan;nan;nan;nan;nan;nan;nan;nan;nan;nan;nan;nan;nan;nan;nan;nan;nan;nan;nan;nan;nan;nan;nan;nan;nan;nan;nan;nan;nan;nan;nan;nan;nan;nan;nan;nan;nan;nan;nan;nan;nan;nan;nan;nan;nan;nan;nan;nan;nan;nan;nan;nan;nan;nan;nan;nan;nan;nan;nan;nan;nan;nan;nan;nan;nan;nan;nan;nan;nan;nan;nan;nan;nan;nan;nan;nan;nan;nan;nan;nan;nan;nan;nan;nan;nan;nan;nan;nan;nan;nan;nan;nan;nan;nan;nan;nan;nan;nan;nan;nan;nan;nan;nan;nan;nan;nan;nan;nan;nan;nan;nan;nan;nan;nan;nan;nan;nan;nan;nan;nan;nan;nan;nan;nan;nan;nan;nan;nan;nan;nan;nan;nan;nan;nan;nan;nan;nan;nan;nan;nan;nan;nan;nan;nan;nan;nan;nan;nan;nan;nan;nan;nan;nan;nan;nan;nan;nan;nan;nan;nan;nan;nan;nan;nan;nan;nan;nan;nan;nan;nan;nan;nan;nan;nan;nan;nan;nan;nan;nan;nan;nan;nan;nan;nan;nan;nan;nan;nan;nan;nan;nan;nan;nan;nan;nan;nan;nan;nan;nan;nan;nan;nan;nan;nan;nan;nan;nan;nan;nan;nan;nan;nan;nan;nan;nan;nan;nan;nan;nan;nan;nan;nan;nan;nan;nan;nan;nan;nan;nan;nan;nan;nan;nan;nan;nan;nan;nan;nan;nan;nan;nan;nan;nan;nan;nan;nan;nan;nan;nan;nan;nan;nan;nan;nan;nan;nan;nan;nan;nan;nan;nan;nan;nan;nan;nan;nan;nan;nan;nan;nan;nan;nan;nan;nan;nan;nan;nan;nan;nan;nan;nan;nan;nan;nan;nan;nan;nan;nan;nan;nan;nan;nan;nan;nan;nan;nan;nan;nan;nan;nan;nan;nan;nan;nan;nan;nan;nan;nan;nan;nan;nan;nan;nan;nan;nan;nan;nan;nan;nan;nan;nan;nan;nan;nan;nan;nan;nan;nan;nan;nan;nan;nan;nan;nan;nan;nan;nan;nan;nan;nan;nan;nan;nan;nan;nan;nan;nan;nan;nan;nan;nan;nan;nan;nan;nan;nan;nan;nan;nan;nan;nan;nan;nan;nan;nan;nan;nan;nan;nan;nan;nan;nan;nan;nan;nan;nan;nan;nan;nan;nan;nan;nan;nan;nan;nan;nan;nan;nan;nan;nan;nan;nan;nan;nan;nan;nan;nan;nan;nan;nan;nan;nan;nan;nan;nan;nan;nan;nan;nan;nan;nan;nan;nan;nan;nan;nan;nan;nan;nan;nan;nan;nan;nan;nan;nan;nan;nan;nan;nan;nan;nan;nan;nan;nan;nan;nan;nan;nan;nan;nan;nan;nan;nan;nan;nan;nan;nan;nan;nan;nan;nan;nan;nan;nan;nan;nan;nan;nan;nan;nan;nan;nan;nan;nan;nan;nan;nan;nan;nan;nan;nan;nan;nan;nan;nan;nan;nan;nan;nan;nan;nan;nan;nan;nan;nan;nan;nan;nan;nan;nan;nan;nan;nan;nan;nan;nan;nan;nan;nan;nan;nan;nan;nan;nan;nan;nan;nan;nan;nan;nan;nan;nan;nan;nan;nan;nan;nan;nan;nan;nan;nan;nan;nan;nan;nan;nan;nan;nan;nan;nan;nan;nan;nan;nan;nan;nan;nan;nan;nan;nan;nan;nan;nan;nan;nan;nan;nan;nan;nan;nan;nan;nan;nan;nan;nan;nan;nan;nan;nan;nan;nan;nan;nan;nan;nan;nan;nan;nan;nan;nan;nan;nan;nan;nan;0.7783486;2.2245382592470926;0.4888888888888889;0.46548310381062996;0.78125;0.620962;0.0540861486140426;0.9819;0.9821633984910623;0.9903498500137157;0.015926837921142578;0.7783486;2.2245382592470926;0.4888888888888889;0.46548310381062996;0.78125;0.620962;0.0540861486140426;0.9819;0.9821633984910623;0.9903498500137157;0.0;0.0;0.0;0.0;0.0;0.0;0.0;0.0;0.0;0.0;0.015926837921142578;0.6877688;0.6349135789606306;0.5111111111111111;0.5227513227513227;0.7560096153846154;0.1380925178527832;122.23382;0.6982849640978708;0.6;0.6;0.5024038461538461;14.457440376281738;nan;nan;nan;nan;nan;nan;nan;nan;nan;nan;nan;nan;nan;nan;nan;nan;nan;nan;nan;nan;nan;nan;nan;nan;nan;nan;nan;nan;nan;nan;nan;nan;nan;nan;nan;nan;nan;nan;nan;nan;nan;nan;nan;nan;nan;nan;nan;nan;nan;nan;nan;nan;nan;nan;nan;nan;nan;nan;nan;nan;nan;nan;nan;nan;nan;nan;nan;nan;nan;nan;nan;nan;nan;nan;nan;nan;nan;nan;nan;nan;nan;nan;nan;nan;nan;nan;nan;nan;nan;nan;nan;nan;nan;nan;nan;nan;nan;nan;nan;nan;nan;nan;nan;nan;nan;nan;nan;nan;nan;nan;nan;nan;nan;nan;nan;nan;nan;nan;nan;nan;nan;nan;nan;nan;nan;nan;nan;nan;nan;nan;nan;nan;nan;nan;nan;nan;nan;nan;nan;nan;nan;nan;nan;nan;nan;nan;nan;nan;nan;nan;nan;nan;nan;nan;nan;nan;nan;nan;nan;nan;nan;nan;nan;nan;nan;nan;nan;nan;nan;nan;nan;nan;nan;nan;nan;nan;nan;nan;nan;nan;nan;nan;nan;nan;nan;nan;nan;nan;nan;nan;nan;nan;nan;nan;nan;nan;nan;nan;nan;nan;nan;nan;nan;nan;nan;nan;nan;nan;nan;nan;nan;nan;nan;nan;nan;nan;nan;nan;nan;nan;nan;nan;nan;nan;nan;nan;nan;nan;nan;nan;nan;nan;nan;nan;nan;nan;nan;nan;nan;nan;nan;nan;nan;nan;nan;nan;nan;nan;nan;nan;nan;nan;nan;nan;nan;nan;nan;nan;nan;nan;nan;nan;nan;nan;nan;nan;nan;nan;nan;nan;nan;nan;nan;nan;nan;nan;nan;nan;nan;nan;nan;nan;nan;nan;nan;nan;nan;nan;nan;nan;nan;nan;nan;nan;nan;nan;nan;nan;nan;nan;nan;nan;nan;nan;nan;nan;nan;nan;nan;nan;nan;nan;nan;nan;nan;nan;nan;nan;nan;nan;nan;nan;nan;nan;nan;nan;nan;nan;nan;nan;nan;nan;nan;nan;nan;nan;nan;nan;nan;nan;nan;nan;nan;nan;nan;nan;nan;nan;nan;nan;nan;nan;nan;nan;nan;nan;nan;nan;nan;nan;nan;nan;nan;nan;nan;nan;nan;nan;nan;nan;nan;nan;nan;nan;nan;nan;nan;nan;nan;nan;nan;nan;nan;nan;nan;nan;nan;nan;nan;nan;nan;nan;nan;nan;nan;nan;nan;nan;nan;nan;nan;nan;nan;nan;nan;nan;nan;nan;nan;nan;nan;nan;nan;nan;nan;nan;nan;nan;nan;nan;nan;nan;nan;nan;nan;nan;nan;nan;nan;nan;nan;nan;nan;nan;nan;nan;nan;nan;nan;nan;nan;nan;nan;nan;nan;nan;nan;nan;nan;nan;nan;nan;nan;nan;nan;nan;nan;nan;nan;nan;nan;nan;nan;nan;nan;nan;nan;nan;nan;nan;nan;nan;nan;nan;nan;nan;nan;nan;nan;nan;nan;nan;nan;nan;nan;nan;nan;nan;nan;nan;nan;nan;nan;nan;nan;nan;nan;nan;nan;nan;nan;nan;nan;nan;nan;nan;nan;nan;nan;nan;nan;nan;nan;nan;nan;nan;nan;nan;nan;nan;nan;nan;nan;nan;nan;nan;nan;nan;nan;nan;nan;nan;nan;nan;nan;nan;nan;nan;nan;nan;nan;nan;nan;nan;nan;nan;nan;nan;nan;nan;nan;nan;nan;nan;nan;nan;nan;nan;nan;nan;nan;nan;nan;nan;nan;nan;nan;nan;nan;nan;nan;nan;nan;nan;nan;nan;nan;nan;nan;nan;nan;nan;nan;nan;nan;nan;nan;nan;nan;nan;nan;nan;nan;nan;nan;nan;nan;nan;nan;nan;nan;nan;nan;nan;nan;nan;nan;nan;nan;nan;nan;nan;nan;nan;nan;nan;nan;nan;nan;nan;nan;nan;nan;nan;nan;nan;nan;nan;nan;nan;nan;nan;nan;nan;nan;nan;nan;nan;nan;nan;nan;nan;nan;nan;nan;nan;nan;nan;nan;nan;nan;nan;nan;nan;nan;nan;nan;nan;nan;nan;0.6923859;4.2017529781643415;0.7555555555555555;0.7450861633859688;0.6634615384615384;0.59555125;0.025785391097967965;0.9903;0.9907801818563601;0.9734566637085581;0.013839960098266602;0.6923859;4.2017529781643415;0.7555555555555555;0.7450861633859688;0.6634615384615384;0.59555125;0.025785391097967965;0.9903;0.9907801818563601;0.9734566637085581;0.0;0.0;0.0;0.0;0.0;0.0;0.0;0.0;0.0;0.0;0.013839960098266602;0.6877688;0.6349135789606306;0.5111111111111111;0.5227513227513227;0.7560096153846154;0.1380925178527832;122.23382;0.6982849640978708;0.6;0.6;0.5024038461538461;14.457440376281738;nan;nan;nan;nan;nan;nan;nan;nan;nan;nan;nan;nan;nan;nan;nan;nan;nan;nan;nan;nan;nan;nan;nan;nan;nan;nan;nan;nan;nan;nan;nan;nan;nan;nan;nan;nan;nan;nan;nan;nan;nan;nan;nan;nan;nan;nan;nan;nan;nan;nan;nan;nan;nan;nan;nan;nan;nan;nan;nan;nan;nan;nan;nan;nan;nan;nan;nan;nan;nan;nan;nan;nan;nan;nan;nan;nan;nan;nan;nan;nan;nan;nan;nan;nan;nan;nan;nan;nan;nan;nan;nan;nan;nan;nan;nan;nan;nan;nan;nan;nan;nan;nan;nan;nan;nan;nan;nan;nan;nan;nan;nan;nan;nan;nan;nan;nan;nan;nan;nan;nan;nan;nan;nan;nan;nan;nan;nan;nan;nan;nan;nan;nan;nan;nan;nan;nan;nan;nan;nan;nan;nan;nan;nan;nan;nan;nan;nan;nan;nan;nan;nan;nan;nan;nan;nan;nan;nan;nan;nan;nan;nan;nan;nan;nan;nan;nan;nan;nan;nan;nan;nan;nan;nan;nan;nan;nan;nan;nan;nan;nan;nan;nan;nan;nan;nan;nan;nan;nan;nan;nan;nan;nan;nan;nan;nan;nan;nan;nan;nan;nan;nan;nan;nan;nan;nan;nan;nan;nan;nan;nan;nan;nan;nan;nan;nan;nan;nan;nan;nan;nan;nan;nan;nan;nan;nan;nan;nan;nan;nan;nan;nan;nan;nan;nan;nan;nan;nan;nan;nan;nan;nan;nan;nan;nan;nan;nan;nan;nan;nan;nan;nan;nan;nan;nan;nan;nan;nan;nan;nan;nan;nan;nan;nan;nan;nan;nan;nan;nan;nan;nan;nan;nan;nan;nan;nan;nan;nan;nan;nan;nan;nan;nan;nan;nan;nan;nan;nan;nan;nan;nan;nan;nan;nan;nan;nan;nan;nan;nan;nan;nan;nan;nan;nan;nan;nan;nan;nan;nan;nan;nan;nan;nan;nan;nan;nan;nan;nan;nan;nan;nan;nan;nan;nan;nan;nan;nan;nan;nan;nan;nan;nan;nan;nan;nan;nan;nan;nan;nan;nan;nan;nan;nan;nan;nan;nan;nan;nan;nan;nan;nan;nan;nan;nan;nan;nan;nan;nan;nan;nan;nan;nan;nan;nan;nan;nan;nan;nan;nan;nan;nan;nan;nan;nan;nan;nan;nan;nan;nan;nan;nan;nan;nan;nan;nan;nan;nan;nan;nan;nan;nan;nan;nan;nan;nan;nan;nan;nan;nan;nan;nan;nan;nan;nan;nan;nan;nan;nan;nan;nan;nan;nan;nan;nan;nan;nan;nan;nan;nan;nan;nan;nan;nan;nan;nan;nan;nan;nan;nan;nan;nan;nan;nan;nan;nan;nan;nan;nan;nan;nan;nan;nan;nan;nan;nan;nan;nan;nan;nan;nan;nan;nan;nan;nan;nan;nan;nan;nan;nan;nan;nan;nan;nan;nan;nan;nan;nan;nan;nan;nan;nan;nan;nan;nan;nan;nan;nan;nan;nan;nan;nan;nan;nan;nan;nan;nan;nan;nan;nan;nan;nan;nan;nan;nan;nan;nan;nan;nan;nan;nan;nan;nan;nan;nan;nan;nan;nan;nan;nan;nan;nan;nan;nan;nan;nan;nan;nan;nan;nan;nan;nan;nan;nan;nan;nan;nan;nan;nan;nan;nan;nan;nan;nan;nan;nan;nan;nan;nan;nan;nan;nan;nan;nan;nan;nan;nan;nan;nan;nan;nan;nan;nan;nan;nan;nan;nan;nan;nan;nan;nan;nan;nan;nan;nan;nan;nan;nan;nan;nan;nan;nan;nan;nan;nan;nan;nan;nan;nan;nan;nan;nan;nan;nan;nan;nan;nan;nan;nan;nan;nan;nan;nan;nan;nan;nan;nan;nan;nan;nan;nan;nan;nan;nan;nan;nan;nan;nan;nan;nan;nan;nan;nan;nan;nan;nan;nan;nan;nan;nan;nan;nan;nan;nan;nan;nan;nan;nan;nan;nan;nan;nan;nan;nan;nan;nan;nan;nan;nan;nan;nan;nan;nan;nan;nan;nan;nan;nan;nan;nan;nan;nan;nan;nan;nan;nan;nan;nan;nan;nan;nan;nan;0.6897135;4.169236089917775;0.7777777777777778;0.7641117052881758;0.6670673076923077;0.62633497;0.07287848315577145;0.9759;0.9764347625509389;0.9722788429261081;0.012650012969970703;0.6897135;4.169236089917775;0.7777777777777778;0.7641117052881758;0.6670673076923077;0.62633497;0.07287848315577145;0.9759;0.9764347625509389;0.9722788429261081;0.0;0.0;0.0;0.0;0.0;0.0;0.0;0.0;0.0;0.0;0.012650012969970703;0.6877688;0.6349135789606306;0.5111111111111111;0.5227513227513227;0.7560096153846154;0.1380925178527832;122.23382;0.6982849640978708;0.6;0.6;0.5024038461538461;14.457440376281738;nan;nan;nan;nan;nan;nan;nan;nan;nan;nan;nan;nan;nan;nan;nan;nan;nan;nan;nan;nan;nan;nan;nan;nan;nan;nan;nan;nan;nan;nan;nan;nan;nan;nan;nan;nan;nan;nan;nan;nan;nan;nan;nan;nan;nan;nan;nan;nan;nan;nan;nan;nan;nan;nan;nan;nan;nan;nan;nan;nan;nan;nan;nan;nan;nan;nan;nan;nan;nan;nan;nan;nan;nan;nan;nan;nan;nan;nan;nan;nan;nan;nan;nan;nan;nan;nan;nan;nan;nan;nan;nan;nan;nan;nan;nan;nan;nan;nan;nan;nan;nan;nan;nan;nan;nan;nan;nan;nan;nan;nan;nan;nan;nan;nan;nan;nan;nan;nan;nan;nan;nan;nan;nan;nan;nan;nan;nan;nan;nan;nan;nan;nan;nan;nan;nan;nan;nan;nan;nan;nan;nan;nan;nan;nan;nan;nan;nan;nan;nan;nan;nan;nan;nan;nan;nan;nan;nan;nan;nan;nan;nan;nan;nan;nan;nan;nan;nan;nan;nan;nan;nan;nan;nan;nan;nan;nan;nan;nan;nan;nan;nan;nan;nan;nan;nan;nan;nan;nan;nan;nan;nan;nan;nan;nan;nan;nan;nan;nan;nan;nan;nan;nan;nan;nan;nan;nan;nan;nan;nan;nan;nan;nan;nan;nan;nan;nan;nan;nan;nan;nan;nan;nan;nan;nan;nan;nan;nan;nan;nan;nan;nan;nan;nan;nan;nan;nan;nan;nan;nan;nan;nan;nan;nan;nan;nan;nan;nan;nan;nan;nan;nan;nan;nan;nan;nan;nan;nan;nan;nan;nan;nan;nan;nan;nan;nan;nan;nan;nan;nan;nan;nan;nan;nan;nan;nan;nan;nan;nan;nan;nan;nan;nan;nan;nan;nan;nan;nan;nan;nan;nan;nan;nan;nan;nan;nan;nan;nan;nan;nan;nan;nan;nan;nan;nan;nan;nan;nan;nan;nan;nan;nan;nan;nan;nan;nan;nan;nan;nan;nan;nan;nan;nan;nan;nan;nan;nan;nan;nan;nan;nan;nan;nan;nan;nan;nan;nan;nan;nan;nan;nan;nan;nan;nan;nan;nan;nan;nan;nan;nan;nan;nan;nan;nan;nan;nan;nan;nan;nan;nan;nan;nan;nan;nan;nan;nan;nan;nan;nan;nan;nan;nan;nan;nan;nan;nan;nan;nan;nan;nan;nan;nan;nan;nan;nan;nan;nan;nan;nan;nan;nan;nan;nan;nan;nan;nan;nan;nan;nan;nan;nan;nan;nan;nan;nan;nan;nan;nan;nan;nan;nan;nan;nan;nan;nan;nan;nan;nan;nan;nan;nan;nan;nan;nan;nan;nan;nan;nan;nan;nan;nan;nan;nan;nan;nan;nan;nan;nan;nan;nan;nan;nan;nan;nan;nan;nan;nan;nan;nan;nan;nan;nan;nan;nan;nan;nan;nan;nan;nan;nan;nan;nan;nan;nan;nan;nan;nan;nan;nan;nan;nan;nan;nan;nan;nan;nan;nan;nan;nan;nan;nan;nan;nan;nan;nan;nan;nan;nan;nan;nan;nan;nan;nan;nan;nan;nan;nan;nan;nan;nan;nan;nan;nan;nan;nan;nan;nan;nan;nan;nan;nan;nan;nan;nan;nan;nan;nan;nan;nan;nan;nan;nan;nan;nan;nan;nan;nan;nan;nan;nan;nan;nan;nan;nan;nan;nan;nan;nan;nan;nan;nan;nan;nan;nan;nan;nan;nan;nan;nan;nan;nan;nan;nan;nan;nan;nan;nan;nan;nan;nan;nan;nan;nan;nan;nan;nan;nan;nan;nan;nan;nan;nan;nan;nan;nan;nan;nan;nan;nan;nan;nan;nan;nan;nan;nan;nan;nan;nan;nan;nan;nan;nan;nan;nan;nan;nan;nan;nan;nan;nan;nan;nan;nan;nan;nan;nan;nan;nan;nan;nan;nan;nan;nan;nan;nan;nan;nan;nan;nan;nan;nan;nan;nan;nan;nan;nan;nan;nan;nan;nan;nan;nan;nan;nan;nan;nan;nan;nan;nan;nan;nan;nan;nan;nan;nan;nan;nan;nan;nan;nan;nan;nan;nan;nan;nan;nan;nan;nan;nan;nan;nan;0.71122116;4.36636784868058;0.6;0.6133333333333334;0.6141826923076923;0.61503154;0.04653248866978248;0.9825;0.9829233310600893;0.9807342171150819;0.014006614685058594;0.71122116;4.36636784868058;0.6;0.6133333333333334;0.6141826923076923;0.61503154;0.04653248866978248;0.9825;0.9829233310600893;0.9807342171150819;0.0;0.0;0.0;0.0;0.0;0.0;0.0;0.0;0.0;0.0;0.014006614685058594;0.6877688;0.6349135789606306;0.5111111111111111;0.5227513227513227;0.7560096153846154;0.1380925178527832;122.23382;0.6982849640978708;0.6;0.6;0.5024038461538461;14.457440376281738;nan;nan;nan;nan;nan;nan;nan;nan;nan;nan;nan;nan;nan;nan;nan;nan;nan;nan;nan;nan;nan;nan;nan;nan;nan;nan;nan;nan;nan;nan;nan;nan;nan;nan;nan;nan;nan;nan;nan;nan;nan;nan;nan;nan;nan;nan;nan;nan;nan;nan;nan;nan;nan;nan;nan;nan;nan;nan;nan;nan;nan;nan;nan;nan;nan;nan;nan;nan;nan;nan;nan;nan;nan;nan;nan;nan;nan;nan;nan;nan;nan;nan;nan;nan;nan;nan;nan;nan;nan;nan;nan;nan;nan;nan;nan;nan;nan;nan;nan;nan;nan;nan;nan;nan;nan;nan;nan;nan;nan;nan;nan;nan;nan;nan;nan;nan;nan;nan;nan;nan;nan;nan;nan;nan;nan;nan;nan;nan;nan;nan;nan;nan;nan;nan;nan;nan;nan;nan;nan;nan;nan;nan;nan;nan;nan;nan;nan;nan;nan;nan;nan;nan;nan;nan;nan;nan;nan;nan;nan;nan;nan;nan;nan;nan;nan;nan;nan;nan;nan;nan;nan;nan;nan;nan;nan;nan;nan;nan;nan;nan;nan;nan;nan;nan;nan;nan;nan;nan;nan;nan;nan;nan;nan;nan;nan;nan;nan;nan;nan;nan;nan;nan;nan;nan;nan;nan;nan;nan;nan;nan;nan;nan;nan;nan;nan;nan;nan;nan;nan;nan;nan;nan;nan;nan;nan;nan;nan;nan;nan;nan;nan;nan;nan;nan;nan;nan;nan;nan;nan;nan;nan;nan;nan;nan;nan;nan;nan;nan;nan;nan;nan;nan;nan;nan;nan;nan;nan;nan;nan;nan;nan;nan;nan;nan;nan;nan;nan;nan;nan;nan;nan;nan;nan;nan;nan;nan;nan;nan;nan;nan;nan;nan;nan;nan;nan;nan;nan;nan;nan;nan;nan;nan;nan;nan;nan;nan;nan;nan;nan;nan;nan;nan;nan;nan;nan;nan;nan;nan;nan;nan;nan;nan;nan;nan;nan;nan;nan;nan;nan;nan;nan;nan;nan;nan;nan;nan;nan;nan;nan;nan;nan;nan;nan;nan;nan;nan;nan;nan;nan;nan;nan;nan;nan;nan;nan;nan;nan;nan;nan;nan;nan;nan;nan;nan;nan;nan;nan;nan;nan;nan;nan;nan;nan;nan;nan;nan;nan;nan;nan;nan;nan;nan;nan;nan;nan;nan;nan;nan;nan;nan;nan;nan;nan;nan;nan;nan;nan;nan;nan;nan;nan;nan;nan;nan;nan;nan;nan;nan;nan;nan;nan;nan;nan;nan;nan;nan;nan;nan;nan;nan;nan;nan;nan;nan;nan;nan;nan;nan;nan;nan;nan;nan;nan;nan;nan;nan;nan;nan;nan;nan;nan;nan;nan;nan;nan;nan;nan;nan;nan;nan;nan;nan;nan;nan;nan;nan;nan;nan;nan;nan;nan;nan;nan;nan;nan;nan;nan;nan;nan;nan;nan;nan;nan;nan;nan;nan;nan;nan;nan;nan;nan;nan;nan;nan;nan;nan;nan;nan;nan;nan;nan;nan;nan;nan;nan;nan;nan;nan;nan;nan;nan;nan;nan;nan;nan;nan;nan;nan;nan;nan;nan;nan;nan;nan;nan;nan;nan;nan;nan;nan;nan;nan;nan;nan;nan;nan;nan;nan;nan;nan;nan;nan;nan;nan;nan;nan;nan;nan;nan;nan;nan;nan;nan;nan;nan;nan;nan;nan;nan;nan;nan;nan;nan;nan;nan;nan;nan;nan;nan;nan;nan;nan;nan;nan;nan;nan;nan;nan;nan;nan;nan;nan;nan;nan;nan;nan;nan;nan;nan;nan;nan;nan;nan;nan;nan;nan;nan;nan;nan;nan;nan;nan;nan;nan;nan;nan;nan;nan;nan;nan;nan;nan;nan;nan;nan;nan;nan;nan;nan;nan;nan;nan;nan;nan;nan;nan;nan;nan;nan;nan;nan;nan;nan;nan;nan;nan;nan;nan;nan;nan;nan;nan;nan;nan;nan;nan;nan;nan;nan;nan;nan;nan;nan;nan;nan;nan;nan;nan;nan;nan;nan;nan;nan;nan;nan;nan;nan;nan;nan;nan;nan;nan;nan;nan;nan;nan;nan;nan;nan;nan;0.7146798;5.097653572645661;0.6888888888888889;0.6992592592592592;0.686298076923077;0.6355445;0.07101632638705913;0.9783;0.9785884128281026;0.9708889046958542;0.013699531555175781;0.7146798;5.097653572645661;0.6888888888888889;0.6992592592592592;0.686298076923077;0.6355445;0.07101632638705913;0.9783;0.9785884128281026;0.9708889046958542;0.0;0.0;0.0;0.0;0.0;0.0;0.0;0.0;0.0;0.0;0.013699531555175781;0.6877688;0.6349135789606306;0.5111111111111111;0.5227513227513227;0.7560096153846154;0.1380925178527832;122.23382;0.6982849640978708;0.6;0.6;0.5024038461538461;14.457440376281738;nan;nan;nan;nan;nan;nan;nan;nan;nan;nan;nan;nan;nan;nan;nan;209.43090439231105;271.25880216257303;316.0757411283572;349.69710893763204;nan;nan;nan;nan;nan;nan;nan;nan;nan;nan;nan;nan;nan;nan;nan;78.87605;98.91099964609376;124.17325582146495;147.42548;nan;nan;nan;nan;nan;nan;nan;nan;nan;nan;nan;nan;nan;nan;nan;159.10806148253755;177.13743483400248;195.90623995911398;215.6568038776989;nan;nan;nan;nan;nan;nan;nan;nan;nan;nan;nan;nan;nan;nan;nan;65.56827240502375;0.0;78.5408727028031;101.41486245820302;nan;nan;nan;nan;nan;nan;nan;nan;nan;nan;nan;nan;nan;nan;nan;3.5455873156852613;4.222247864292735;4.57254508535423;5.7987349676970705;nan;nan;nan;nan;nan;nan;nan;nan;nan;nan;nan;nan;nan;nan;nan;0.7092985610803223;0.0;1.7565129810000002;3.132721898571835;
3;1;1;True;vanilla;22;134;9;2;[];True;True;1;True;False;False;True;False;False;vanilla;3;1;distribution;True;[['uniform', 'normal', 'gamma', 'beta', 'poisson']];[['uniform', 'normal', 'gamma', 'beta', 'poisson']];classification;1;0;uniform;5000;10000;0;flip_percentage;0;5;1000;True;0.001;True;50;64;0;[128];False;adam;binary_crossentropy;1409;1;10000;[1792, 512, 512];[0, 0, 0.5];['sigmoid', 'sigmoid', 'sigmoid'];adam;0.001;False;None;None;False;binary_crossentropy;['binary_accuracy'];500;True;256;10000;10;True;False;5;False;True;True;None;None;0.25;False;SEQUENTIAL;60;greedy;10;False;500;['uniform', 'normal', 'gamma', 'beta', 'poisson'];5000;False;make_classification;5000;0;flip_percentage;100;100;False;8;False;2;42;0;0.56284326;0.56061757;0.4103388;0.39008975;1.3312209782537894;0.5328131304782784;0.11589496993400987;0.11639393922463184;0.74552;0.7996;0.95884;0.9592;0.7045362511042147;0.7886141665302504;0.957492557679776;0.9563357090589966;0.856878150591464;0.8806767542936904;0.9570088511773699;0.9662761137337673;0.016200566291809083;0.015556097030639648;0.67183626;0.68303514;0.6516072937077284;0.6694374978661537;0.59464;0.5716;0.5239580552344532;0.5467252772868039;0.6376731074139531;0.643732400907522;0.007465004920959473;0.007465004920959473;0.58443385;0.6237492;0.4201377;0.4228054;0.8429696964752337;0.8072340920973162;0.11750201528574988;0.0979028864136953;0.73864;0.7524;0.95366;0.9616;0.7124928479108692;0.7318393797043377;0.9520243522635647;0.958265151328139;0.8211308129277753;0.8183048606864125;0.9467037597382421;0.9772752077997766;0.016765236854553223;0.015287995338439941;0.6572707;0.6720722;0.5993210954970122;0.6533877398014069;0.6716799999999999;0.6512;0.6113059112439789;0.5975656533805476;0.6465936810949916;0.601319490632781;0.010336422920227049;0.01033642292022705;0.5480239;0.5238991;0.41117072;0.38889837;2.0518331546691355;0.3420166062631591;0.12970624762584934;0.10205316604266418;0.7404;0.802;0.94718;0.96515;0.6859267457196722;0.790089714462115;0.946806063675937;0.9652926903837913;0.8574270197886534;0.9536263792102206;0.8587871428615971;0.956654680703027;0.021690177917480468;0.023673534393310547;0.42839622;0.3918349;0.11550130333571589;0.08789883602224016;0.9602;0.972;0.9600262167264745;0.9720238607850605;0.977560871622163;0.9922467625218985;0.5255898;0.5319371;0.39339607877952915;0.3983543500538228;0.7954000000000001;0.855;0.764824706717711;0.8539283796571571;0.9250605770743547;0.9729129588708392;0.57192886;0.5518349;3.730149438876772;0.5166728440852661;0.7653999999999999;0.828;0.7373729251378485;0.8186678509898133;0.7950119920830525;0.8277019113298416;0.64766586;0.6630126;0.599058426661417;0.6357288889884949;0.7352000000000001;0.734;0.6975426683791122;0.717095612448057;0.7428302947143989;0.7939246714688291;1.5886088848114013;0.18298912048339844;nan;nan;nan;nan;nan;nan;nan;nan;nan;nan;nan;nan;nan;nan;nan;nan;nan;nan;nan;nan;nan;nan;nan;nan;nan;nan;nan;nan;nan;nan;nan;nan;nan;nan;nan;nan;nan;nan;nan;nan;nan;nan;nan;nan;0.6176153;0.6396104757193515;0.7744360902255639;0.7778948734853945;0.8484661058881742;0.56424254;0.13330614122638132;0.959;0.9506814090853734;0.8571435097834081;0.02287149429321289;0.6176153;0.6396104757193515;0.7744360902255639;0.7778948734853945;0.8484661058881742;0.56424254;0.13330614122638132;0.959;0.9506814090853734;0.8571435097834081;0.0;0.0;0.0;0.0;0.0;0.0;0.0;0.0;0.0;0.0;0.02287149429321289;0.6158024;0.45055630982370304;0.9548872180451128;0.9550917735515259;0.9490351311232064;0.1822032928466797;258.22598;0.42745045426868855;0.7894736842105263;0.7863525384479849;0.8720279720279721;7.951666831970215;nan;nan;nan;nan;nan;nan;nan;nan;nan;nan;nan;nan;nan;nan;nan;nan;nan;nan;nan;nan;nan;nan;nan;nan;nan;nan;nan;nan;nan;nan;nan;nan;nan;nan;nan;nan;nan;nan;nan;nan;nan;nan;nan;nan;nan;nan;nan;nan;nan;nan;nan;nan;nan;nan;nan;nan;nan;nan;nan;nan;nan;nan;nan;nan;nan;nan;nan;nan;nan;nan;nan;nan;nan;nan;nan;nan;nan;nan;nan;nan;nan;nan;nan;nan;nan;nan;nan;nan;nan;nan;nan;nan;nan;nan;nan;nan;nan;nan;nan;nan;nan;nan;nan;nan;nan;nan;nan;nan;nan;nan;nan;nan;nan;nan;nan;nan;nan;nan;nan;nan;nan;nan;nan;nan;nan;nan;nan;nan;nan;nan;nan;nan;0.53569204;0.4007314751129002;0.895;0.893764190088468;0.8465473145780051;0.48856044;0.25596233590218076;0.8969;0.8956363856441094;0.899077476621718;0.024762630462646484;0.53569204;0.4007314751129002;0.895;0.893764190088468;0.8465473145780051;0.48856044;0.25596233590218076;0.8969;0.8956363856441094;0.899077476621718;0.0;0.0;0.0;0.0;0.0;0.0;0.0;0.0;0.0;0.0;0.024762630462646484;0.6114328;0.5230652157962322;0.785;0.7655345966369589;0.9384143222506394;0.12260174751281738;430.477;nan;0.95;0.9499286005711954;0.9687722510426202;22.70510959625244;nan;nan;nan;nan;nan;nan;nan;nan;nan;nan;nan;nan;nan;nan;nan;nan;nan;nan;nan;nan;nan;nan;nan;nan;nan;nan;nan;nan;nan;nan;nan;nan;nan;nan;nan;nan;nan;nan;nan;nan;nan;nan;nan;nan;nan;nan;nan;nan;nan;nan;nan;nan;nan;nan;nan;nan;nan;nan;nan;nan;nan;nan;nan;nan;nan;nan;nan;nan;nan;nan;nan;nan;nan;nan;nan;nan;nan;nan;nan;nan;nan;nan;nan;nan;nan;nan;nan;nan;0.4280377;0.24260664327753603;0.9230769230769231;0.9237446581196581;0.9339372514361467;0.50041306;0.26662049150849315;0.8978;0.8984721614896752;0.942801321937322;0.023448467254638672;0.4280377;0.24260664327753603;0.9230769230769231;0.9237446581196581;0.9339372514361467;0.50041306;0.26662049150849315;0.8978;0.8984721614896752;0.942801321937322;0.0;0.0;0.0;0.0;0.0;0.0;0.0;0.0;0.0;0.0;0.023448467254638672;0.50072646;0.33999312518594355;0.875;0.8797243107769422;0.9253203711886875;0.16184592247009277;131.45874;0.03647800652793675;0.9903846153846154;0.9903414593069766;0.9995659722222221;12.4828462600708;nan;nan;nan;nan;nan;nan;nan;nan;nan;nan;nan;nan;nan;nan;nan;nan;nan;nan;nan;nan;nan;nan;nan;nan;nan;nan;nan;nan;nan;nan;nan;nan;nan;nan;nan;nan;nan;nan;nan;nan;nan;nan;nan;nan;nan;nan;nan;nan;nan;nan;nan;nan;nan;nan;nan;nan;nan;nan;nan;nan;nan;nan;nan;nan;nan;nan;nan;nan;nan;nan;nan;nan;nan;nan;nan;nan;nan;nan;nan;nan;nan;nan;nan;nan;nan;nan;nan;nan;nan;nan;nan;nan;nan;nan;nan;nan;nan;nan;nan;nan;nan;nan;nan;nan;nan;nan;nan;nan;nan;nan;nan;nan;nan;nan;nan;nan;nan;nan;nan;nan;nan;nan;nan;nan;nan;nan;nan;nan;nan;nan;nan;nan;nan;nan;nan;nan;nan;nan;nan;nan;nan;nan;nan;nan;nan;nan;nan;nan;nan;nan;nan;nan;nan;nan;nan;nan;nan;nan;nan;nan;nan;nan;nan;nan;nan;nan;nan;nan;nan;nan;nan;nan;nan;nan;nan;nan;nan;nan;nan;nan;nan;nan;nan;nan;nan;nan;nan;nan;nan;nan;nan;nan;nan;nan;nan;nan;nan;nan;nan;nan;nan;nan;nan;nan;nan;nan;nan;nan;nan;nan;nan;nan;nan;nan;nan;nan;nan;nan;nan;nan;nan;nan;nan;nan;nan;nan;nan;nan;nan;nan;nan;nan;nan;nan;nan;nan;nan;nan;nan;nan;nan;nan;nan;nan;nan;nan;nan;nan;nan;nan;nan;nan;nan;nan;nan;nan;nan;nan;nan;nan;nan;nan;nan;nan;nan;nan;nan;nan;nan;nan;nan;nan;nan;nan;nan;nan;nan;nan;nan;nan;nan;nan;nan;nan;nan;nan;nan;nan;nan;nan;nan;nan;nan;nan;nan;nan;nan;nan;nan;nan;nan;nan;nan;nan;nan;nan;nan;nan;nan;nan;nan;nan;nan;nan;nan;nan;nan;nan;nan;nan;nan;nan;nan;nan;nan;nan;nan;nan;nan;nan;nan;nan;nan;nan;nan;nan;nan;nan;nan;nan;nan;nan;nan;nan;nan;nan;nan;nan;nan;nan;nan;nan;0.53163713;0.19332275544550961;0.9624060150375939;0.9626536908977745;0.9818159327065809;0.6534857;0.41261772962858756;0.8202;0.8218036978763468;0.8764855266056226;0.023222923278808594;0.53163713;0.19332275544550961;0.9624060150375939;0.9626536908977745;0.9818159327065809;0.6534857;0.41261772962858756;0.8202;0.8218036978763468;0.8764855266056226;0.0;0.0;0.0;0.0;0.0;0.0;0.0;0.0;0.0;0.0;0.023222923278808594;0.6158024;0.45055630982370304;0.9548872180451128;0.9550917735515259;0.9490351311232064;0.1822032928466797;258.22598;0.42745045426868855;0.7894736842105263;0.7863525384479849;0.8720279720279721;7.951666831970215;nan;nan;nan;nan;nan;nan;nan;nan;nan;nan;nan;nan;nan;nan;nan;nan;nan;nan;nan;nan;nan;nan;nan;nan;nan;nan;nan;nan;nan;nan;nan;nan;nan;nan;nan;nan;nan;nan;nan;nan;nan;nan;nan;nan;nan;nan;nan;nan;nan;nan;nan;nan;nan;nan;nan;nan;nan;nan;nan;nan;nan;nan;nan;nan;nan;nan;nan;nan;nan;nan;nan;nan;nan;nan;nan;nan;nan;nan;nan;nan;nan;nan;nan;nan;nan;nan;nan;nan;nan;nan;nan;nan;nan;nan;nan;nan;nan;nan;nan;nan;nan;nan;nan;nan;nan;nan;nan;nan;nan;nan;nan;nan;nan;nan;nan;nan;nan;nan;nan;nan;nan;nan;nan;nan;nan;nan;nan;nan;nan;nan;nan;nan;0.43248683;0.11753086727579681;0.94;0.9392091222931268;0.9957033248081841;0.42161152;0.10955138980226473;0.9602;0.9600272906074433;0.9852576268412525;0.02678990364074707;0.43248683;0.11753086727579681;0.94;0.9392091222931268;0.9957033248081841;0.42161152;0.10955138980226473;0.9602;0.9600272906074433;0.9852576268412525;0.0;0.0;0.0;0.0;0.0;0.0;0.0;0.0;0.0;0.0;0.02678990364074707;0.6114328;0.5230652157962322;0.785;0.7655345966369589;0.9384143222506394;0.12260174751281738;430.477;nan;0.95;0.9499286005711954;0.9687722510426202;22.70510959625244;nan;nan;nan;nan;nan;nan;nan;nan;nan;nan;nan;nan;nan;nan;nan;nan;nan;nan;nan;nan;nan;nan;nan;nan;nan;nan;nan;nan;nan;nan;nan;nan;nan;nan;nan;nan;nan;nan;nan;nan;nan;nan;nan;nan;nan;nan;nan;nan;nan;nan;nan;nan;nan;nan;nan;nan;nan;nan;nan;nan;nan;nan;nan;nan;nan;nan;nan;nan;nan;nan;nan;nan;nan;nan;nan;nan;nan;nan;nan;nan;nan;nan;nan;nan;nan;nan;nan;nan;0.41872808;0.19355540595331402;0.9423076923076923;0.9428084935897437;0.9849756959787893;0.6166157;0.42430130423422624;0.8159;0.8148994591074368;0.8732998130479971;0.02263498306274414;0.41872808;0.19355540595331402;0.9423076923076923;0.9428084935897437;0.9849756959787893;0.6166157;0.42430130423422624;0.8159;0.8148994591074368;0.8732998130479971;0.0;0.0;0.0;0.0;0.0;0.0;0.0;0.0;0.0;0.0;0.02263498306274414;0.50072646;0.33999312518594355;0.875;0.8797243107769422;0.9253203711886875;0.16184592247009277;131.45874;0.03647800652793675;0.9903846153846154;0.9903414593069766;0.9995659722222221;12.4828462600708;nan;nan;nan;nan;nan;nan;nan;nan;nan;nan;nan;nan;nan;nan;nan;nan;nan;nan;nan;nan;nan;nan;nan;nan;nan;nan;nan;nan;nan;nan;nan;nan;nan;nan;nan;nan;nan;nan;nan;nan;nan;nan;nan;nan;nan;nan;nan;nan;nan;nan;nan;nan;nan;nan;nan;nan;nan;nan;nan;nan;nan;nan;nan;nan;nan;nan;nan;nan;nan;nan;nan;nan;nan;nan;nan;nan;nan;nan;nan;nan;nan;nan;nan;nan;nan;nan;nan;nan;nan;nan;nan;nan;nan;nan;nan;nan;nan;nan;nan;nan;nan;nan;nan;nan;nan;nan;nan;nan;nan;nan;nan;nan;nan;nan;nan;nan;nan;nan;nan;nan;nan;nan;nan;nan;nan;nan;nan;nan;nan;nan;nan;nan;nan;nan;nan;nan;nan;nan;nan;nan;nan;nan;nan;nan;nan;nan;nan;nan;nan;nan;nan;nan;nan;nan;nan;nan;nan;nan;nan;nan;nan;nan;nan;nan;nan;nan;nan;nan;nan;nan;nan;nan;nan;nan;nan;nan;nan;nan;nan;nan;nan;nan;nan;nan;nan;nan;nan;nan;nan;nan;nan;nan;nan;nan;nan;nan;nan;nan;nan;nan;nan;nan;nan;nan;nan;nan;nan;nan;nan;nan;nan;nan;nan;nan;nan;nan;nan;nan;nan;nan;nan;nan;nan;nan;nan;nan;nan;nan;nan;nan;nan;nan;nan;nan;nan;nan;nan;nan;nan;nan;nan;nan;nan;nan;nan;nan;nan;nan;nan;nan;nan;nan;nan;nan;nan;nan;nan;nan;nan;nan;nan;nan;nan;nan;nan;nan;nan;nan;nan;nan;nan;nan;nan;nan;nan;nan;nan;nan;nan;nan;nan;nan;nan;nan;nan;nan;nan;nan;nan;nan;nan;nan;nan;nan;nan;nan;nan;nan;nan;nan;nan;nan;nan;nan;nan;nan;nan;nan;nan;nan;nan;nan;nan;nan;nan;nan;nan;nan;nan;nan;nan;nan;nan;nan;nan;nan;nan;nan;nan;nan;nan;nan;nan;nan;nan;nan;nan;nan;nan;nan;nan;nan;nan;nan;nan;nan;nan;nan;nan;nan;nan;nan;0.9232427;18.076789782185497;0.3383458646616541;0.3301051541898224;0.3659079663532904;0.51833284;0.11678041956731286;0.9624;0.9623384449123289;0.9720235318556976;0.03771400451660156;0.9232427;18.076789782185497;0.3383458646616541;0.3301051541898224;0.3659079663532904;0.51833284;0.11678041956731286;0.9624;0.9623384449123289;0.9720235318556976;0.0;0.0;0.0;0.0;0.0;0.0;0.0;0.0;0.0;0.0;0.03771400451660156;0.6158024;0.45055630982370304;0.9548872180451128;0.9550917735515259;0.9490351311232064;0.1822032928466797;258.22598;0.42745045426868855;0.7894736842105263;0.7863525384479849;0.8720279720279721;7.951666831970215;nan;nan;nan;nan;nan;nan;nan;nan;nan;nan;nan;nan;nan;nan;nan;nan;nan;nan;nan;nan;nan;nan;nan;nan;nan;nan;nan;nan;nan;nan;nan;nan;nan;nan;nan;nan;nan;nan;nan;nan;nan;nan;nan;nan;nan;nan;nan;nan;nan;nan;nan;nan;nan;nan;nan;nan;nan;nan;nan;nan;nan;nan;nan;nan;nan;nan;nan;nan;nan;nan;nan;nan;nan;nan;nan;nan;nan;nan;nan;nan;nan;nan;nan;nan;nan;nan;nan;nan;nan;nan;nan;nan;nan;nan;nan;nan;nan;nan;nan;nan;nan;nan;nan;nan;nan;nan;nan;nan;nan;nan;nan;nan;nan;nan;nan;nan;nan;nan;nan;nan;nan;nan;nan;nan;nan;nan;nan;nan;nan;nan;nan;nan;0.54365575;0.48094067667477136;0.785;0.7655345966369589;0.9494117647058824;0.34876558;0.01845174191791521;0.9937;0.9937759801278884;0.998924257097863;0.03640556335449219;0.54365575;0.48094067667477136;0.785;0.7655345966369589;0.9494117647058824;0.34876558;0.01845174191791521;0.9937;0.9937759801278884;0.998924257097863;0.0;0.0;0.0;0.0;0.0;0.0;0.0;0.0;0.0;0.0;0.03640556335449219;0.6114328;0.5230652157962322;0.785;0.7655345966369589;0.9384143222506394;0.12260174751281738;430.477;nan;0.95;0.9499286005711954;0.9687722510426202;22.70510959625244;nan;nan;nan;nan;nan;nan;nan;nan;nan;nan;nan;nan;nan;nan;nan;nan;nan;nan;nan;nan;nan;nan;nan;nan;nan;nan;nan;nan;nan;nan;nan;nan;nan;nan;nan;nan;nan;nan;nan;nan;nan;nan;nan;nan;nan;nan;nan;nan;nan;nan;nan;nan;nan;nan;nan;nan;nan;nan;nan;nan;nan;nan;nan;nan;nan;nan;nan;nan;nan;nan;nan;nan;nan;nan;nan;nan;nan;nan;nan;nan;nan;nan;nan;nan;nan;nan;nan;nan;0.38707358;0.1921969465767193;0.9423076923076923;0.9403556969346443;0.933716305788776;0.57349354;0.2619940490405603;0.8941;0.894125961336304;0.952674778973669;0.04273343086242676;0.38707358;0.1921969465767193;0.9423076923076923;0.9403556969346443;0.933716305788776;0.57349354;0.2619940490405603;0.8941;0.894125961336304;0.952674778973669;0.0;0.0;0.0;0.0;0.0;0.0;0.0;0.0;0.0;0.0;0.04273343086242676;0.50072646;0.33999312518594355;0.875;0.8797243107769422;0.9253203711886875;0.16184592247009277;131.45874;0.03647800652793675;0.9903846153846154;0.9903414593069766;0.9995659722222221;12.4828462600708;nan;nan;nan;nan;nan;nan;nan;nan;nan;nan;nan;nan;nan;nan;nan;nan;nan;nan;nan;nan;nan;nan;nan;nan;nan;nan;nan;nan;nan;nan;nan;nan;nan;nan;nan;nan;nan;nan;nan;nan;nan;nan;nan;nan;nan;nan;nan;nan;nan;nan;nan;nan;nan;nan;nan;nan;nan;nan;nan;nan;nan;nan;nan;nan;nan;nan;nan;nan;nan;nan;nan;nan;nan;nan;nan;nan;nan;nan;nan;nan;nan;nan;nan;nan;nan;nan;nan;nan;nan;nan;nan;nan;nan;nan;nan;nan;nan;nan;nan;nan;nan;nan;nan;nan;nan;nan;nan;nan;nan;nan;nan;nan;nan;nan;nan;nan;nan;nan;nan;nan;nan;nan;nan;nan;nan;nan;nan;nan;nan;nan;nan;nan;nan;nan;nan;nan;nan;nan;nan;nan;nan;nan;nan;nan;nan;nan;nan;nan;nan;nan;nan;nan;nan;nan;nan;nan;nan;nan;nan;nan;nan;nan;nan;nan;nan;nan;nan;nan;nan;nan;nan;nan;nan;nan;nan;nan;nan;nan;nan;nan;nan;nan;nan;nan;nan;nan;nan;nan;nan;nan;nan;nan;nan;nan;nan;nan;nan;nan;nan;nan;nan;nan;nan;nan;nan;nan;nan;nan;nan;nan;nan;nan;nan;nan;nan;nan;nan;nan;nan;nan;nan;nan;nan;nan;nan;nan;nan;nan;nan;nan;nan;nan;nan;nan;nan;nan;nan;nan;nan;nan;nan;nan;nan;nan;nan;nan;nan;nan;nan;nan;nan;nan;nan;nan;nan;nan;nan;nan;nan;nan;nan;nan;nan;nan;nan;nan;nan;nan;nan;nan;nan;nan;nan;nan;nan;nan;nan;nan;nan;nan;nan;nan;nan;nan;nan;nan;nan;nan;nan;nan;nan;nan;nan;nan;nan;nan;nan;nan;nan;nan;nan;nan;nan;nan;nan;nan;nan;nan;nan;nan;nan;nan;nan;nan;nan;nan;nan;nan;nan;nan;nan;nan;nan;nan;nan;nan;nan;nan;nan;nan;nan;nan;nan;nan;nan;nan;nan;nan;nan;nan;nan;nan;nan;nan;nan;nan;nan;nan;nan;nan;nan;nan;0.67774844;0.6771422090358488;0.3533834586466165;0.18454469507101087;0.9600445324096983;0.6416199;0.40055479285726203;0.8162;0.8099366079755477;0.8785362751782454;0.02745532989501953;0.67774844;0.6771422090358488;0.3533834586466165;0.18454469507101087;0.9600445324096983;0.6416199;0.40055479285726203;0.8162;0.8099366079755477;0.8785362751782454;0.0;0.0;0.0;0.0;0.0;0.0;0.0;0.0;0.0;0.0;0.02745532989501953;0.6158024;0.45055630982370304;0.9548872180451128;0.9550917735515259;0.9490351311232064;0.1822032928466797;258.22598;0.42745045426868855;0.7894736842105263;0.7863525384479849;0.8720279720279721;7.951666831970215;nan;nan;nan;nan;nan;nan;nan;nan;nan;nan;nan;nan;nan;nan;nan;nan;nan;nan;nan;nan;nan;nan;nan;nan;nan;nan;nan;nan;nan;nan;nan;nan;nan;nan;nan;nan;nan;nan;nan;nan;nan;nan;nan;nan;nan;nan;nan;nan;nan;nan;nan;nan;nan;nan;nan;nan;nan;nan;nan;nan;nan;nan;nan;nan;nan;nan;nan;nan;nan;nan;nan;nan;nan;nan;nan;nan;nan;nan;nan;nan;nan;nan;nan;nan;nan;nan;nan;nan;nan;nan;nan;nan;nan;nan;nan;nan;nan;nan;nan;nan;nan;nan;nan;nan;nan;nan;nan;nan;nan;nan;nan;nan;nan;nan;nan;nan;nan;nan;nan;nan;nan;nan;nan;nan;nan;nan;nan;nan;nan;nan;nan;nan;0.59603137;0.5821704683746993;0.685;0.6261315428534975;0.9494117647058824;0.4761664;0.18787627198158044;0.9135;0.896210223955348;0.9363636819159465;0.0274505615234375;0.59603137;0.5821704683746993;0.685;0.6261315428534975;0.9494117647058824;0.4761664;0.18787627198158044;0.9135;0.896210223955348;0.9363636819159465;0.0;0.0;0.0;0.0;0.0;0.0;0.0;0.0;0.0;0.0;0.0274505615234375;0.6114328;0.5230652157962322;0.785;0.7655345966369589;0.9384143222506394;0.12260174751281738;430.477;nan;0.95;0.9499286005711954;0.9687722510426202;22.70510959625244;nan;nan;nan;nan;nan;nan;nan;nan;nan;nan;nan;nan;nan;nan;nan;nan;nan;nan;nan;nan;nan;nan;nan;nan;nan;nan;nan;nan;nan;nan;nan;nan;nan;nan;nan;nan;nan;nan;nan;nan;nan;nan;nan;nan;nan;nan;nan;nan;nan;nan;nan;nan;nan;nan;nan;nan;nan;nan;nan;nan;nan;nan;nan;nan;nan;nan;nan;nan;nan;nan;nan;nan;nan;nan;nan;nan;nan;nan;nan;nan;nan;nan;nan;nan;nan;nan;nan;nan;0.52119285;0.3869070614017813;0.8269230769230769;0.8340236686390532;0.9843128590366771;0.5841741;0.366298179254327;0.8505;0.847670907832153;0.8608579420956571;0.0263063907623291;0.52119285;0.3869070614017813;0.8269230769230769;0.8340236686390532;0.9843128590366771;0.5841741;0.366298179254327;0.8505;0.847670907832153;0.8608579420956571;0.0;0.0;0.0;0.0;0.0;0.0;0.0;0.0;0.0;0.0;0.0263063907623291;0.50072646;0.33999312518594355;0.875;0.8797243107769422;0.9253203711886875;0.16184592247009277;131.45874;0.03647800652793675;0.9903846153846154;0.9903414593069766;0.9995659722222221;12.4828462600708;nan;nan;nan;nan;nan;nan;nan;nan;nan;nan;nan;nan;nan;nan;nan;nan;nan;nan;nan;nan;nan;nan;nan;nan;nan;nan;nan;nan;nan;nan;nan;nan;nan;nan;nan;nan;nan;nan;nan;nan;nan;nan;nan;nan;nan;nan;nan;nan;nan;nan;nan;nan;nan;nan;nan;nan;nan;nan;nan;nan;nan;nan;nan;nan;nan;nan;nan;nan;nan;nan;nan;nan;nan;nan;nan;nan;nan;nan;nan;nan;nan;nan;nan;nan;nan;nan;nan;nan;nan;nan;nan;nan;nan;nan;nan;nan;nan;nan;nan;nan;nan;nan;nan;nan;nan;nan;nan;nan;nan;nan;nan;nan;nan;nan;nan;nan;nan;nan;nan;nan;nan;nan;nan;nan;nan;nan;nan;nan;nan;nan;nan;nan;nan;nan;nan;nan;nan;nan;nan;nan;nan;nan;nan;nan;nan;nan;nan;nan;nan;nan;nan;nan;nan;nan;nan;nan;nan;nan;nan;nan;nan;nan;nan;nan;nan;nan;nan;nan;nan;nan;nan;nan;nan;nan;nan;nan;nan;nan;nan;nan;nan;nan;nan;nan;nan;nan;nan;nan;nan;nan;nan;nan;nan;nan;nan;nan;nan;nan;nan;nan;nan;nan;nan;nan;nan;nan;nan;nan;nan;nan;nan;nan;nan;nan;nan;nan;nan;nan;nan;nan;nan;nan;nan;nan;nan;nan;nan;nan;nan;nan;nan;nan;nan;nan;nan;nan;nan;nan;nan;nan;nan;nan;nan;nan;nan;nan;nan;nan;nan;nan;nan;nan;nan;nan;nan;nan;nan;nan;nan;nan;nan;nan;nan;nan;nan;nan;nan;nan;nan;nan;nan;nan;nan;nan;nan;nan;nan;nan;nan;nan;nan;nan;nan;nan;nan;nan;nan;nan;nan;nan;nan;nan;nan;nan;nan;nan;nan;nan;nan;nan;nan;nan;nan;nan;nan;nan;nan;nan;nan;nan;nan;nan;nan;nan;nan;nan;nan;nan;nan;nan;nan;nan;nan;nan;nan;nan;nan;nan;nan;nan;nan;nan;nan;nan;nan;nan;nan;nan;nan;nan;nan;nan;nan;nan;nan;nan;nan;nan;nan;nan;nan;nan;0.5530635;1.7061246538752375;0.9172932330827067;0.91862331986975;0.9046264225630876;0.3719125;0.006068789426964106;0.9989;0.9986122075798638;0.9262319711538461;0.026288747787475586;0.5530635;1.7061246538752375;0.9172932330827067;0.91862331986975;0.9046264225630876;0.3719125;0.006068789426964106;0.9989;0.9986122075798638;0.9262319711538461;0.0;0.0;0.0;0.0;0.0;0.0;0.0;0.0;0.0;0.0;0.026288747787475586;0.6158024;0.45055630982370304;0.9548872180451128;0.9550917735515259;0.9490351311232064;0.1822032928466797;258.22598;0.42745045426868855;0.7894736842105263;0.7863525384479849;0.8720279720279721;7.951666831970215;nan;nan;nan;nan;nan;nan;nan;nan;nan;nan;nan;nan;nan;nan;nan;nan;nan;nan;nan;nan;nan;nan;nan;nan;nan;nan;nan;nan;nan;nan;nan;nan;nan;nan;nan;nan;nan;nan;nan;nan;nan;nan;nan;nan;nan;nan;nan;nan;nan;nan;nan;nan;nan;nan;nan;nan;nan;nan;nan;nan;nan;nan;nan;nan;nan;nan;nan;nan;nan;nan;nan;nan;nan;nan;nan;nan;nan;nan;nan;nan;nan;nan;nan;nan;nan;nan;nan;nan;nan;nan;nan;nan;nan;nan;nan;nan;nan;nan;nan;nan;nan;nan;nan;nan;nan;nan;nan;nan;nan;nan;nan;nan;nan;nan;nan;nan;nan;nan;nan;nan;nan;nan;nan;nan;nan;nan;nan;nan;nan;nan;nan;nan;0.640395;3.909006875287397;0.695;0.683657876943881;0.6301278772378517;0.3487401;0.022806742776889478;0.9944;0.9937794832547239;0.9490586717243954;0.025341033935546875;0.640395;3.909006875287397;0.695;0.683657876943881;0.6301278772378517;0.3487401;0.022806742776889478;0.9944;0.9937794832547239;0.9490586717243954;0.0;0.0;0.0;0.0;0.0;0.0;0.0;0.0;0.0;0.0;0.025341033935546875;0.6114328;0.5230652157962322;0.785;0.7655345966369589;0.9384143222506394;0.12260174751281738;430.477;nan;0.95;0.9499286005711954;0.9687722510426202;22.70510959625244;nan;nan;nan;nan;nan;nan;nan;nan;nan;nan;nan;nan;nan;nan;nan;nan;nan;nan;nan;nan;nan;nan;nan;nan;nan;nan;nan;nan;nan;nan;nan;nan;nan;nan;nan;nan;nan;nan;nan;nan;nan;nan;nan;nan;nan;nan;nan;nan;nan;nan;nan;nan;nan;nan;nan;nan;nan;nan;nan;nan;nan;nan;nan;nan;nan;nan;nan;nan;nan;nan;nan;nan;nan;nan;nan;nan;nan;nan;nan;nan;nan;nan;nan;nan;nan;nan;nan;nan;0.47648767;0.3033082244833579;0.9423076923076923;0.9432433763419679;0.9774635439681838;0.416317;0.13101853132514724;0.9533;0.9484067429813217;0.9322764550536389;0.027235031127929688;0.47648767;0.3033082244833579;0.9423076923076923;0.9432433763419679;0.9774635439681838;0.416317;0.13101853132514724;0.9533;0.9484067429813217;0.9322764550536389;0.0;0.0;0.0;0.0;0.0;0.0;0.0;0.0;0.0;0.0;0.027235031127929688;0.50072646;0.33999312518594355;0.875;0.8797243107769422;0.9253203711886875;0.16184592247009277;131.45874;0.03647800652793675;0.9903846153846154;0.9903414593069766;0.9995659722222221;12.4828462600708;nan;nan;nan;nan;nan;nan;nan;nan;nan;nan;nan;nan;nan;nan;nan;nan;nan;nan;nan;nan;nan;nan;nan;nan;nan;nan;nan;nan;nan;nan;nan;nan;nan;nan;nan;nan;nan;nan;nan;nan;nan;nan;nan;nan;nan;nan;nan;nan;nan;nan;nan;nan;nan;nan;nan;nan;nan;nan;nan;nan;nan;nan;nan;nan;nan;nan;nan;nan;nan;nan;nan;nan;nan;nan;nan;nan;nan;nan;nan;nan;nan;nan;nan;nan;nan;nan;nan;nan;nan;nan;nan;nan;nan;nan;nan;nan;nan;nan;nan;nan;nan;nan;nan;nan;nan;nan;nan;nan;nan;nan;nan;nan;nan;nan;nan;nan;nan;nan;nan;nan;nan;nan;nan;nan;nan;nan;nan;nan;nan;nan;nan;nan;nan;nan;nan;nan;nan;nan;nan;nan;nan;nan;nan;nan;nan;nan;nan;nan;nan;nan;nan;nan;nan;nan;nan;nan;nan;nan;nan;nan;nan;nan;nan;nan;nan;nan;nan;nan;nan;nan;nan;nan;nan;nan;nan;nan;nan;nan;nan;nan;nan;nan;nan;nan;nan;nan;nan;nan;nan;nan;nan;nan;nan;nan;nan;nan;nan;nan;nan;nan;nan;nan;nan;nan;nan;nan;nan;nan;nan;nan;nan;nan;nan;nan;nan;nan;nan;nan;nan;nan;nan;nan;nan;nan;nan;nan;nan;nan;nan;nan;nan;nan;nan;nan;nan;nan;nan;nan;nan;nan;nan;nan;nan;nan;nan;nan;nan;nan;nan;nan;nan;nan;nan;nan;nan;nan;nan;nan;nan;nan;nan;nan;nan;nan;nan;nan;nan;nan;nan;nan;nan;nan;nan;nan;nan;nan;nan;nan;nan;nan;nan;nan;nan;nan;nan;nan;nan;nan;nan;nan;nan;nan;nan;nan;nan;nan;nan;nan;nan;nan;nan;nan;nan;nan;nan;nan;nan;nan;nan;nan;nan;nan;nan;nan;nan;nan;nan;nan;nan;nan;nan;nan;nan;nan;nan;nan;nan;nan;nan;nan;nan;nan;nan;nan;nan;nan;nan;nan;nan;nan;nan;nan;nan;nan;nan;nan;nan;nan;nan;nan;nan;nan;0.76556545;1.054059147564834;0.3533834586466165;0.18454469507101087;0.9476744186046512;0.5388446;0.14566104174541006;0.9459;0.9430850896373416;0.9328385593742532;0.036501169204711914;0.76556545;1.054059147564834;0.3533834586466165;0.18454469507101087;0.9476744186046512;0.5388446;0.14566104174541006;0.9459;0.9430850896373416;0.9328385593742532;0.0;0.0;0.0;0.0;0.0;0.0;0.0;0.0;0.0;0.0;0.036501169204711914;0.6158024;0.45055630982370304;0.9548872180451128;0.9550917735515259;0.9490351311232064;0.1822032928466797;258.22598;0.42745045426868855;0.7894736842105263;0.7863525384479849;0.8720279720279721;7.951666831970215;nan;nan;nan;nan;nan;nan;nan;nan;nan;nan;nan;nan;nan;nan;nan;nan;nan;nan;nan;nan;nan;nan;nan;nan;nan;nan;nan;nan;nan;nan;nan;nan;nan;nan;nan;nan;nan;nan;nan;nan;nan;nan;nan;nan;nan;nan;nan;nan;nan;nan;nan;nan;nan;nan;nan;nan;nan;nan;nan;nan;nan;nan;nan;nan;nan;nan;nan;nan;nan;nan;nan;nan;nan;nan;nan;nan;nan;nan;nan;nan;nan;nan;nan;nan;nan;nan;nan;nan;nan;nan;nan;nan;nan;nan;nan;nan;nan;nan;nan;nan;nan;nan;nan;nan;nan;nan;nan;nan;nan;nan;nan;nan;nan;nan;nan;nan;nan;nan;nan;nan;nan;nan;nan;nan;nan;nan;nan;nan;nan;nan;nan;nan;0.52200294;0.353267988825241;0.88;0.8793303017775941;0.971764705882353;0.46770796;0.18507752402605473;0.9159;0.914219606177181;0.9666909991194086;0.03771018981933594;0.52200294;0.353267988825241;0.88;0.8793303017775941;0.971764705882353;0.46770796;0.18507752402605473;0.9159;0.914219606177181;0.9666909991194086;0.0;0.0;0.0;0.0;0.0;0.0;0.0;0.0;0.0;0.0;0.03771018981933594;0.6114328;0.5230652157962322;0.785;0.7655345966369589;0.9384143222506394;0.12260174751281738;430.477;nan;0.95;0.9499286005711954;0.9687722510426202;22.70510959625244;nan;nan;nan;nan;nan;nan;nan;nan;nan;nan;nan;nan;nan;nan;nan;nan;nan;nan;nan;nan;nan;nan;nan;nan;nan;nan;nan;nan;nan;nan;nan;nan;nan;nan;nan;nan;nan;nan;nan;nan;nan;nan;nan;nan;nan;nan;nan;nan;nan;nan;nan;nan;nan;nan;nan;nan;nan;nan;nan;nan;nan;nan;nan;nan;nan;nan;nan;nan;nan;nan;nan;nan;nan;nan;nan;nan;nan;nan;nan;nan;nan;nan;nan;nan;nan;nan;nan;nan;0.42437917;0.18542585008362875;0.9711538461538461;0.9715169445938676;0.9980114891736633;0.5425257;0.29465939235141225;0.8778;0.8747478907222683;0.9194599461601174;0.03810763359069824;0.42437917;0.18542585008362875;0.9711538461538461;0.9715169445938676;0.9980114891736633;0.5425257;0.29465939235141225;0.8778;0.8747478907222683;0.9194599461601174;0.0;0.0;0.0;0.0;0.0;0.0;0.0;0.0;0.0;0.0;0.03810763359069824;0.50072646;0.33999312518594355;0.875;0.8797243107769422;0.9253203711886875;0.16184592247009277;131.45874;0.03647800652793675;0.9903846153846154;0.9903414593069766;0.9995659722222221;12.4828462600708;nan;nan;nan;nan;nan;nan;nan;nan;nan;nan;nan;nan;nan;nan;nan;nan;nan;nan;nan;nan;nan;nan;nan;nan;nan;nan;nan;nan;nan;nan;nan;nan;nan;nan;nan;nan;nan;nan;nan;nan;nan;nan;nan;nan;nan;nan;nan;nan;nan;nan;nan;nan;nan;nan;nan;nan;nan;nan;nan;nan;nan;nan;nan;nan;nan;nan;nan;nan;nan;nan;nan;nan;nan;nan;nan;nan;nan;nan;nan;nan;nan;nan;nan;nan;nan;nan;nan;nan;nan;nan;nan;nan;nan;nan;nan;nan;nan;nan;nan;nan;nan;nan;nan;nan;nan;nan;nan;nan;nan;nan;nan;nan;nan;nan;nan;nan;nan;nan;nan;nan;nan;nan;nan;nan;nan;nan;nan;nan;nan;nan;nan;nan;nan;nan;nan;nan;nan;nan;nan;nan;nan;nan;nan;nan;nan;nan;nan;nan;nan;nan;nan;nan;nan;nan;nan;nan;nan;nan;nan;nan;nan;nan;nan;nan;nan;nan;nan;nan;nan;nan;nan;nan;nan;nan;nan;nan;nan;nan;nan;nan;nan;nan;nan;nan;nan;nan;nan;nan;nan;nan;nan;nan;nan;nan;nan;nan;nan;nan;nan;nan;nan;nan;nan;nan;nan;nan;nan;nan;nan;nan;nan;nan;nan;nan;nan;nan;nan;nan;nan;nan;nan;nan;nan;nan;nan;nan;nan;nan;nan;nan;nan;nan;nan;nan;nan;nan;nan;nan;nan;nan;nan;nan;nan;nan;nan;nan;nan;nan;nan;nan;nan;nan;nan;nan;nan;nan;nan;nan;nan;nan;nan;nan;nan;nan;nan;nan;nan;nan;nan;nan;nan;nan;nan;nan;nan;nan;nan;nan;nan;nan;nan;nan;nan;nan;nan;nan;nan;nan;nan;nan;nan;nan;nan;nan;nan;nan;nan;nan;nan;nan;nan;nan;nan;nan;nan;nan;nan;nan;nan;nan;nan;nan;nan;nan;nan;nan;nan;nan;nan;nan;nan;nan;nan;nan;nan;nan;nan;nan;nan;nan;nan;nan;nan;nan;nan;nan;nan;nan;nan;nan;nan;nan;nan;nan;nan;nan;nan;nan;nan;nan;nan;nan;0.6703406;1.0962920759445276;0.6466165413533834;0.6543836600002522;0.6626669965363681;0.6261211;0.39528016981545766;0.8307;0.8297290695047297;0.8871700762085926;0.03205561637878418;0.6703406;1.0962920759445276;0.6466165413533834;0.6543836600002522;0.6626669965363681;0.6261211;0.39528016981545766;0.8307;0.8297290695047297;0.8871700762085926;0.0;0.0;0.0;0.0;0.0;0.0;0.0;0.0;0.0;0.0;0.03205561637878418;0.6158024;0.45055630982370304;0.9548872180451128;0.9550917735515259;0.9490351311232064;0.1822032928466797;258.22598;0.42745045426868855;0.7894736842105263;0.7863525384479849;0.8720279720279721;7.951666831970215;nan;nan;nan;nan;nan;nan;nan;nan;nan;nan;nan;nan;nan;nan;nan;nan;nan;nan;nan;nan;nan;nan;nan;nan;nan;nan;nan;nan;nan;nan;nan;nan;nan;nan;nan;nan;nan;nan;nan;nan;nan;nan;nan;nan;nan;nan;nan;nan;nan;nan;nan;nan;nan;nan;nan;nan;nan;nan;nan;nan;nan;nan;nan;nan;nan;nan;nan;nan;nan;nan;nan;nan;nan;nan;nan;nan;nan;nan;nan;nan;nan;nan;nan;nan;nan;nan;nan;nan;nan;nan;nan;nan;nan;nan;nan;nan;nan;nan;nan;nan;nan;nan;nan;nan;nan;nan;nan;nan;nan;nan;nan;nan;nan;nan;nan;nan;nan;nan;nan;nan;nan;nan;nan;nan;nan;nan;nan;nan;nan;nan;nan;nan;0.45115647;0.1702124074293654;0.94;0.9392091222931268;0.9845524296675192;0.5019912;0.2552713701783411;0.9009;0.9004514014515261;0.9526839639018517;0.034914255142211914;0.45115647;0.1702124074293654;0.94;0.9392091222931268;0.9845524296675192;0.5019912;0.2552713701783411;0.9009;0.9004514014515261;0.9526839639018517;0.0;0.0;0.0;0.0;0.0;0.0;0.0;0.0;0.0;0.0;0.034914255142211914;0.6114328;0.5230652157962322;0.785;0.7655345966369589;0.9384143222506394;0.12260174751281738;430.477;nan;0.95;0.9499286005711954;0.9687722510426202;22.70510959625244;nan;nan;nan;nan;nan;nan;nan;nan;nan;nan;nan;nan;nan;nan;nan;nan;nan;nan;nan;nan;nan;nan;nan;nan;nan;nan;nan;nan;nan;nan;nan;nan;nan;nan;nan;nan;nan;nan;nan;nan;nan;nan;nan;nan;nan;nan;nan;nan;nan;nan;nan;nan;nan;nan;nan;nan;nan;nan;nan;nan;nan;nan;nan;nan;nan;nan;nan;nan;nan;nan;nan;nan;nan;nan;nan;nan;nan;nan;nan;nan;nan;nan;nan;nan;nan;nan;nan;nan;0.6779619;0.7843862269243451;0.3269230769230769;0.1954208072629125;0.9896155545735749;0.4197003;0.08139345665260876;0.9754;0.9634500050632913;0.8786657079441108;0.03631091117858887;0.6779619;0.7843862269243451;0.3269230769230769;0.1954208072629125;0.9896155545735749;0.4197003;0.08139345665260876;0.9754;0.9634500050632913;0.8786657079441108;0.0;0.0;0.0;0.0;0.0;0.0;0.0;0.0;0.0;0.0;0.03631091117858887;0.50072646;0.33999312518594355;0.875;0.8797243107769422;0.9253203711886875;0.16184592247009277;131.45874;0.03647800652793675;0.9903846153846154;0.9903414593069766;0.9995659722222221;12.4828462600708;nan;nan;nan;nan;nan;nan;nan;nan;nan;nan;nan;nan;nan;nan;nan;nan;nan;nan;nan;nan;nan;nan;nan;nan;nan;nan;nan;nan;nan;nan;nan;nan;nan;nan;nan;nan;nan;nan;nan;nan;nan;nan;nan;nan;nan;nan;nan;nan;nan;nan;nan;nan;nan;nan;nan;nan;nan;nan;nan;nan;nan;nan;nan;nan;nan;nan;nan;nan;nan;nan;nan;nan;nan;nan;nan;nan;nan;nan;nan;nan;nan;nan;nan;nan;nan;nan;nan;nan;nan;nan;nan;nan;nan;nan;nan;nan;nan;nan;nan;nan;nan;nan;nan;nan;nan;nan;nan;nan;nan;nan;nan;nan;nan;nan;nan;nan;nan;nan;nan;nan;nan;nan;nan;nan;nan;nan;nan;nan;nan;nan;nan;nan;nan;nan;nan;nan;nan;nan;nan;nan;nan;nan;nan;nan;nan;nan;nan;nan;nan;nan;nan;nan;nan;nan;nan;nan;nan;nan;nan;nan;nan;nan;nan;nan;nan;nan;nan;nan;nan;nan;nan;nan;nan;nan;nan;nan;nan;nan;nan;nan;nan;nan;nan;nan;nan;nan;nan;nan;nan;nan;nan;nan;nan;nan;nan;nan;nan;nan;nan;nan;nan;nan;nan;nan;nan;nan;nan;nan;nan;nan;nan;nan;nan;nan;nan;nan;nan;nan;nan;nan;nan;nan;nan;nan;nan;nan;nan;nan;nan;nan;nan;nan;nan;nan;nan;nan;nan;nan;nan;nan;nan;nan;nan;nan;nan;nan;nan;nan;nan;nan;nan;nan;nan;nan;nan;nan;nan;nan;nan;nan;nan;nan;nan;nan;nan;nan;nan;nan;nan;nan;nan;nan;nan;nan;nan;nan;nan;nan;nan;nan;nan;nan;nan;nan;nan;nan;nan;nan;nan;nan;nan;nan;nan;nan;nan;nan;nan;nan;nan;nan;nan;nan;nan;nan;nan;nan;nan;nan;nan;nan;nan;nan;nan;nan;nan;nan;nan;nan;nan;nan;nan;nan;nan;nan;nan;nan;nan;nan;nan;nan;nan;nan;nan;nan;nan;nan;nan;nan;nan;nan;nan;nan;nan;nan;nan;nan;nan;nan;nan;nan;nan;nan;0.54568154;0.33946640068706724;0.7819548872180451;0.785549922905507;0.987877288471054;0.54503673;0.150168797781391;0.945;0.9409925827458541;0.8983595913473452;0.031948089599609375;0.54568154;0.33946640068706724;0.7819548872180451;0.785549922905507;0.987877288471054;0.54503673;0.150168797781391;0.945;0.9409925827458541;0.8983595913473452;0.0;0.0;0.0;0.0;0.0;0.0;0.0;0.0;0.0;0.0;0.031948089599609375;0.6158024;0.45055630982370304;0.9548872180451128;0.9550917735515259;0.9490351311232064;0.1822032928466797;258.22598;0.42745045426868855;0.7894736842105263;0.7863525384479849;0.8720279720279721;7.951666831970215;nan;nan;nan;nan;nan;nan;nan;nan;nan;nan;nan;nan;nan;nan;nan;nan;nan;nan;nan;nan;nan;nan;nan;nan;nan;nan;nan;nan;nan;nan;nan;nan;nan;nan;nan;nan;nan;nan;nan;nan;nan;nan;nan;nan;nan;nan;nan;nan;nan;nan;nan;nan;nan;nan;nan;nan;nan;nan;nan;nan;nan;nan;nan;nan;nan;nan;nan;nan;nan;nan;nan;nan;nan;nan;nan;nan;nan;nan;nan;nan;nan;nan;nan;nan;nan;nan;nan;nan;nan;nan;nan;nan;nan;nan;nan;nan;nan;nan;nan;nan;nan;nan;nan;nan;nan;nan;nan;nan;nan;nan;nan;nan;nan;nan;nan;nan;nan;nan;nan;nan;nan;nan;nan;nan;nan;nan;nan;nan;nan;nan;nan;nan;0.5043353;0.30184891187788543;0.925;0.9254242614707731;0.9908951406649616;0.4761039;0.18700560566954397;0.927;0.9278830244887893;0.9227636354421029;0.03290390968322754;0.5043353;0.30184891187788543;0.925;0.9254242614707731;0.9908951406649616;0.4761039;0.18700560566954397;0.927;0.9278830244887893;0.9227636354421029;0.0;0.0;0.0;0.0;0.0;0.0;0.0;0.0;0.0;0.0;0.03290390968322754;0.6114328;0.5230652157962322;0.785;0.7655345966369589;0.9384143222506394;0.12260174751281738;430.477;nan;0.95;0.9499286005711954;0.9687722510426202;22.70510959625244;nan;nan;nan;nan;nan;nan;nan;nan;nan;nan;nan;nan;nan;nan;nan;nan;nan;nan;nan;nan;nan;nan;nan;nan;nan;nan;nan;nan;nan;nan;nan;nan;nan;nan;nan;nan;nan;nan;nan;nan;nan;nan;nan;nan;nan;nan;nan;nan;nan;nan;nan;nan;nan;nan;nan;nan;nan;nan;nan;nan;nan;nan;nan;nan;nan;nan;nan;nan;nan;nan;nan;nan;nan;nan;nan;nan;nan;nan;nan;nan;nan;nan;nan;nan;nan;nan;nan;nan;0.4020422;0.1822899534911208;0.9423076923076923;0.9403556969346443;0.9695095006628369;0.41002357;0.06660097573979304;0.9741;0.9729116634172529;0.9853873275908501;0.03649616241455078;0.4020422;0.1822899534911208;0.9423076923076923;0.9403556969346443;0.9695095006628369;0.41002357;0.06660097573979304;0.9741;0.9729116634172529;0.9853873275908501;0.0;0.0;0.0;0.0;0.0;0.0;0.0;0.0;0.0;0.0;0.03649616241455078;0.50072646;0.33999312518594355;0.875;0.8797243107769422;0.9253203711886875;0.16184592247009277;131.45874;0.03647800652793675;0.9903846153846154;0.9903414593069766;0.9995659722222221;12.4828462600708;nan;nan;nan;nan;nan;nan;nan;nan;nan;nan;nan;nan;nan;nan;nan;nan;nan;nan;nan;nan;nan;nan;nan;nan;nan;nan;nan;nan;nan;nan;nan;nan;nan;nan;nan;nan;nan;nan;nan;nan;nan;nan;nan;nan;nan;nan;nan;nan;nan;nan;nan;nan;nan;nan;nan;nan;nan;nan;nan;nan;nan;nan;nan;nan;nan;nan;nan;nan;nan;nan;nan;nan;nan;nan;nan;nan;nan;nan;nan;nan;nan;nan;nan;nan;nan;nan;nan;nan;nan;nan;nan;nan;nan;nan;nan;nan;nan;nan;nan;nan;nan;nan;nan;nan;nan;nan;nan;nan;nan;nan;nan;nan;nan;nan;nan;nan;nan;nan;nan;nan;nan;nan;nan;nan;nan;nan;nan;nan;nan;nan;nan;nan;nan;nan;nan;nan;nan;nan;nan;nan;nan;nan;nan;nan;nan;nan;nan;nan;nan;nan;nan;nan;nan;nan;nan;nan;nan;nan;nan;nan;nan;nan;nan;nan;nan;nan;nan;nan;nan;nan;nan;nan;nan;nan;nan;nan;nan;nan;nan;nan;nan;nan;nan;nan;nan;nan;nan;nan;nan;nan;nan;nan;nan;nan;nan;nan;nan;nan;nan;nan;nan;nan;nan;nan;nan;nan;nan;nan;nan;nan;nan;nan;nan;nan;nan;nan;nan;nan;nan;nan;nan;nan;nan;nan;nan;nan;nan;nan;nan;nan;nan;nan;nan;nan;nan;nan;nan;nan;nan;nan;nan;nan;nan;nan;nan;nan;nan;nan;nan;nan;nan;nan;nan;nan;nan;nan;nan;nan;nan;nan;nan;nan;nan;nan;nan;nan;nan;nan;nan;nan;nan;nan;nan;nan;nan;nan;nan;nan;nan;nan;nan;nan;nan;nan;nan;nan;nan;nan;nan;nan;nan;nan;nan;nan;nan;nan;nan;nan;nan;nan;nan;nan;nan;nan;nan;nan;nan;nan;nan;nan;nan;nan;nan;nan;nan;nan;nan;nan;nan;nan;nan;nan;nan;nan;nan;nan;nan;nan;nan;nan;nan;nan;nan;nan;nan;nan;nan;nan;nan;nan;nan;nan;nan;nan;nan;nan;nan;nan;nan;nan;nan;nan;0.5650107;0.31007990332192753;0.9398496240601504;0.9403611068487546;0.9666006927263731;0.63888156;0.4168272556958151;0.8226;0.8134901063722828;0.8557043221302375;0.030528783798217773;0.5650107;0.31007990332192753;0.9398496240601504;0.9403611068487546;0.9666006927263731;0.63888156;0.4168272556958151;0.8226;0.8134901063722828;0.8557043221302375;0.0;0.0;0.0;0.0;0.0;0.0;0.0;0.0;0.0;0.0;0.030528783798217773;0.6158024;0.45055630982370304;0.9548872180451128;0.9550917735515259;0.9490351311232064;0.1822032928466797;258.22598;0.42745045426868855;0.7894736842105263;0.7863525384479849;0.8720279720279721;7.951666831970215;nan;nan;nan;nan;nan;nan;nan;nan;nan;nan;nan;nan;nan;nan;nan;nan;nan;nan;nan;nan;nan;nan;nan;nan;nan;nan;nan;nan;nan;nan;nan;nan;nan;nan;nan;nan;nan;nan;nan;nan;nan;nan;nan;nan;nan;nan;nan;nan;nan;nan;nan;nan;nan;nan;nan;nan;nan;nan;nan;nan;nan;nan;nan;nan;nan;nan;nan;nan;nan;nan;nan;nan;nan;nan;nan;nan;nan;nan;nan;nan;nan;nan;nan;nan;nan;nan;nan;nan;nan;nan;nan;nan;nan;nan;nan;nan;nan;nan;nan;nan;nan;nan;nan;nan;nan;nan;nan;nan;nan;nan;nan;nan;nan;nan;nan;nan;nan;nan;nan;nan;nan;nan;nan;nan;nan;nan;nan;nan;nan;nan;nan;nan;0.43130225;0.12928249331246497;0.925;0.9254242614707731;0.9938618925831202;0.53942657;0.28109526784756833;0.8814;0.8811478270928599;0.9456633036151331;0.029994964599609375;0.43130225;0.12928249331246497;0.925;0.9254242614707731;0.9938618925831202;0.53942657;0.28109526784756833;0.8814;0.8811478270928599;0.9456633036151331;0.0;0.0;0.0;0.0;0.0;0.0;0.0;0.0;0.0;0.0;0.029994964599609375;0.6114328;0.5230652157962322;0.785;0.7655345966369589;0.9384143222506394;0.12260174751281738;430.477;nan;0.95;0.9499286005711954;0.9687722510426202;22.70510959625244;nan;nan;nan;nan;nan;nan;nan;nan;nan;nan;nan;nan;nan;nan;nan;nan;nan;nan;nan;nan;nan;nan;nan;nan;nan;nan;nan;nan;nan;nan;nan;nan;nan;nan;nan;nan;nan;nan;nan;nan;nan;nan;nan;nan;nan;nan;nan;nan;nan;nan;nan;nan;nan;nan;nan;nan;nan;nan;nan;nan;nan;nan;nan;nan;nan;nan;nan;nan;nan;nan;nan;nan;nan;nan;nan;nan;nan;nan;nan;nan;nan;nan;nan;nan;nan;nan;nan;nan;0.5087252;0.36224446879890054;0.8173076923076923;0.8250686078770068;0.9779054352629254;0.610754;0.44384399286418547;0.7891;0.7756230699016766;0.8407372956994553;0.027441978454589844;0.5087252;0.36224446879890054;0.8173076923076923;0.8250686078770068;0.9779054352629254;0.610754;0.44384399286418547;0.7891;0.7756230699016766;0.8407372956994553;0.0;0.0;0.0;0.0;0.0;0.0;0.0;0.0;0.0;0.0;0.027441978454589844;0.50072646;0.33999312518594355;0.875;0.8797243107769422;0.9253203711886875;0.16184592247009277;131.45874;0.03647800652793675;0.9903846153846154;0.9903414593069766;0.9995659722222221;12.4828462600708;nan;nan;nan;nan;nan;nan;nan;nan;nan;nan;nan;nan;nan;nan;nan;nan;nan;nan;nan;nan;nan;nan;nan;nan;nan;nan;nan;nan;nan;nan;nan;nan;nan;nan;nan;nan;nan;nan;nan;nan;nan;nan;nan;nan;nan;nan;nan;nan;nan;nan;nan;nan;nan;nan;nan;nan;nan;nan;nan;nan;nan;nan;nan;nan;nan;nan;nan;nan;nan;nan;nan;nan;nan;nan;nan;nan;nan;nan;nan;nan;nan;nan;nan;nan;nan;nan;nan;nan;nan;nan;nan;nan;nan;nan;nan;nan;nan;nan;nan;nan;nan;nan;nan;nan;nan;nan;nan;nan;nan;nan;nan;nan;nan;nan;nan;nan;nan;nan;nan;nan;nan;nan;nan;nan;nan;nan;nan;nan;nan;nan;nan;nan;nan;nan;nan;nan;nan;nan;nan;nan;nan;nan;nan;nan;nan;nan;nan;nan;nan;nan;nan;nan;nan;nan;nan;nan;nan;nan;nan;nan;nan;nan;nan;nan;nan;nan;nan;nan;nan;nan;nan;nan;nan;nan;nan;nan;nan;nan;nan;nan;nan;nan;nan;nan;nan;nan;nan;nan;nan;nan;nan;nan;nan;nan;nan;nan;nan;nan;nan;nan;nan;nan;nan;nan;nan;nan;nan;nan;nan;nan;nan;nan;nan;nan;nan;nan;nan;nan;nan;nan;nan;nan;nan;nan;nan;nan;nan;nan;nan;nan;nan;nan;nan;nan;nan;nan;nan;nan;nan;nan;nan;nan;nan;nan;nan;nan;nan;nan;nan;nan;nan;nan;nan;nan;nan;nan;nan;nan;nan;nan;nan;nan;nan;nan;nan;nan;nan;nan;nan;nan;nan;nan;nan;nan;nan;nan;nan;nan;nan;nan;nan;nan;nan;nan;nan;nan;nan;nan;nan;nan;nan;nan;nan;nan;nan;nan;nan;nan;nan;nan;nan;nan;nan;nan;nan;nan;nan;nan;nan;nan;nan;nan;nan;nan;nan;nan;nan;nan;nan;nan;nan;nan;nan;nan;nan;nan;nan;nan;nan;nan;nan;nan;nan;nan;nan;nan;nan;nan;nan;nan;nan;nan;nan;nan;nan;nan;nan;nan;nan;nan;nan;nan;0.65290755;8.569813670782437;0.7518796992481203;0.732792189898831;0.6827065809005443;0.41957563;9.992007221626413e-16;1.0;1.0;1.0;0.025478363037109375;0.65290755;8.569813670782437;0.7518796992481203;0.732792189898831;0.6827065809005443;0.41957563;9.992007221626413e-16;1.0;1.0;1.0;0.0;0.0;0.0;0.0;0.0;0.0;0.0;0.0;0.0;0.0;0.025478363037109375;0.6158024;0.45055630982370304;0.9548872180451128;0.9550917735515259;0.9490351311232064;0.1822032928466797;258.22598;0.42745045426868855;0.7894736842105263;0.7863525384479849;0.8720279720279721;7.951666831970215;nan;nan;nan;nan;nan;nan;nan;nan;nan;nan;nan;nan;nan;nan;nan;nan;nan;nan;nan;nan;nan;nan;nan;nan;nan;nan;nan;nan;nan;nan;nan;nan;nan;nan;nan;nan;nan;nan;nan;nan;nan;nan;nan;nan;nan;nan;nan;nan;nan;nan;nan;nan;nan;nan;nan;nan;nan;nan;nan;nan;nan;nan;nan;nan;nan;nan;nan;nan;nan;nan;nan;nan;nan;nan;nan;nan;nan;nan;nan;nan;nan;nan;nan;nan;nan;nan;nan;nan;nan;nan;nan;nan;nan;nan;nan;nan;nan;nan;nan;nan;nan;nan;nan;nan;nan;nan;nan;nan;nan;nan;nan;nan;nan;nan;nan;nan;nan;nan;nan;nan;nan;nan;nan;nan;nan;nan;nan;nan;nan;nan;nan;nan;0.78659135;17.44247788015784;0.495;0.4025780743994818;0.5578005115089514;0.31553143;9.992007221626413e-16;1.0;1.0;1.0;0.013422012329101562;0.78659135;17.44247788015784;0.495;0.4025780743994818;0.5578005115089514;0.31553143;9.992007221626413e-16;1.0;1.0;1.0;0.0;0.0;0.0;0.0;0.0;0.0;0.0;0.0;0.0;0.0;0.013422012329101562;0.6114328;0.5230652157962322;0.785;0.7655345966369589;0.9384143222506394;0.12260174751281738;430.477;nan;0.95;0.9499286005711954;0.9687722510426202;22.70510959625244;nan;nan;nan;nan;nan;nan;nan;nan;nan;nan;nan;nan;nan;nan;nan;nan;nan;nan;nan;nan;nan;nan;nan;nan;nan;nan;nan;nan;nan;nan;nan;nan;nan;nan;nan;nan;nan;nan;nan;nan;nan;nan;nan;nan;nan;nan;nan;nan;nan;nan;nan;nan;nan;nan;nan;nan;nan;nan;nan;nan;nan;nan;nan;nan;nan;nan;nan;nan;nan;nan;nan;nan;nan;nan;nan;nan;nan;nan;nan;nan;nan;nan;nan;nan;nan;nan;nan;nan;0.46994022;0.28347101417106185;0.9134615384615384;0.9161038663197603;0.9880689350419797;0.55319923;0.2905807948376787;0.8956;0.8863809074627903;0.8355315440785338;0.03805184364318848;0.46994022;0.28347101417106185;0.9134615384615384;0.9161038663197603;0.9880689350419797;0.55319923;0.2905807948376787;0.8956;0.8863809074627903;0.8355315440785338;0.0;0.0;0.0;0.0;0.0;0.0;0.0;0.0;0.0;0.0;0.03805184364318848;0.50072646;0.33999312518594355;0.875;0.8797243107769422;0.9253203711886875;0.16184592247009277;131.45874;0.03647800652793675;0.9903846153846154;0.9903414593069766;0.9995659722222221;12.4828462600708;nan;nan;nan;nan;nan;nan;nan;nan;nan;nan;nan;nan;nan;nan;nan;nan;nan;nan;nan;nan;nan;nan;nan;nan;nan;nan;nan;nan;nan;nan;nan;nan;nan;nan;nan;nan;nan;nan;nan;nan;nan;nan;nan;nan;nan;nan;nan;nan;nan;nan;nan;nan;nan;nan;nan;nan;nan;nan;nan;nan;nan;nan;nan;nan;nan;nan;nan;nan;nan;nan;nan;nan;nan;nan;nan;nan;nan;nan;nan;nan;nan;nan;nan;nan;nan;nan;nan;nan;nan;nan;nan;nan;nan;nan;nan;nan;nan;nan;nan;nan;nan;nan;nan;nan;nan;nan;nan;nan;nan;nan;nan;nan;nan;nan;nan;nan;nan;nan;nan;nan;nan;nan;nan;nan;nan;nan;nan;nan;nan;nan;nan;nan;nan;nan;nan;nan;nan;nan;nan;nan;nan;nan;nan;nan;nan;nan;nan;nan;nan;nan;nan;nan;nan;nan;nan;nan;nan;nan;nan;nan;nan;nan;nan;nan;nan;nan;nan;nan;nan;nan;nan;nan;nan;nan;nan;nan;nan;nan;nan;nan;nan;nan;nan;nan;nan;nan;nan;nan;nan;nan;nan;nan;nan;nan;nan;nan;nan;nan;nan;nan;nan;nan;nan;nan;nan;nan;nan;nan;nan;nan;nan;nan;nan;nan;nan;nan;nan;nan;nan;nan;nan;nan;nan;nan;nan;nan;nan;nan;nan;nan;nan;nan;nan;nan;nan;nan;nan;nan;nan;nan;nan;nan;nan;nan;nan;nan;nan;nan;nan;nan;nan;nan;nan;nan;nan;nan;nan;nan;nan;nan;nan;nan;nan;nan;nan;nan;nan;nan;nan;nan;nan;nan;nan;nan;nan;nan;nan;nan;nan;nan;nan;nan;nan;nan;nan;nan;nan;nan;nan;nan;nan;nan;nan;nan;nan;nan;nan;nan;nan;nan;nan;nan;nan;nan;nan;nan;nan;nan;nan;nan;nan;nan;nan;nan;nan;nan;nan;nan;nan;nan;nan;nan;nan;nan;nan;nan;nan;nan;nan;nan;nan;nan;nan;nan;nan;nan;nan;nan;nan;nan;nan;nan;nan;nan;nan;nan;nan;nan;nan;nan;nan;nan;0.50917596;0.3271629559041665;0.9699248120300752;0.9699248120300752;0.9889905987135083;0.5055974;0.08268317788693097;0.9712460063897763;0.9712901393023863;0.9933284457478007;0.0010106563568115234;0.50917596;0.3271629559041665;0.9699248120300752;0.9699248120300752;0.9889905987135083;0.5055974;0.08268317788693097;0.9712460063897763;0.9712901393023863;0.9933284457478007;0.0;0.0;0.0;0.0;0.0;0.0;0.0;0.0;0.0;0.0;0.0010106563568115234;0.6158024;0.45055630982370304;0.9548872180451128;0.9550917735515259;0.9490351311232064;0.1822032928466797;258.22598;0.42745045426868855;0.7894736842105263;0.7863525384479849;0.8720279720279721;7.951666831970215;nan;nan;nan;nan;nan;nan;nan;nan;nan;nan;nan;nan;nan;nan;nan;nan;nan;nan;nan;nan;nan;nan;nan;nan;nan;nan;nan;nan;nan;nan;nan;nan;nan;nan;nan;nan;nan;nan;nan;nan;nan;nan;nan;nan;nan;nan;nan;nan;nan;nan;nan;nan;nan;nan;nan;nan;nan;nan;nan;nan;nan;nan;nan;nan;nan;nan;nan;nan;nan;nan;nan;nan;nan;nan;nan;nan;nan;nan;nan;nan;nan;nan;nan;nan;nan;nan;nan;nan;nan;nan;nan;nan;nan;nan;nan;nan;nan;nan;nan;nan;nan;nan;nan;nan;nan;nan;nan;nan;nan;nan;nan;nan;nan;nan;nan;nan;nan;nan;nan;nan;nan;nan;nan;nan;nan;nan;nan;nan;nan;nan;nan;nan;0.41427848;0.08606162169028325;0.96;0.9596846145865753;0.9915601023017904;0.4081837;0.07632253169759315;0.9658848614072495;0.9657637719766505;0.9934487813817117;0.0006318092346191406;0.41427848;0.08606162169028325;0.96;0.9596846145865753;0.9915601023017904;0.4081837;0.07632253169759315;0.9658848614072495;0.9657637719766505;0.9934487813817117;0.0;0.0;0.0;0.0;0.0;0.0;0.0;0.0;0.0;0.0;0.0006318092346191406;0.6114328;0.5230652157962322;0.785;0.7655345966369589;0.9384143222506394;0.12260174751281738;430.477;nan;0.95;0.9499286005711954;0.9687722510426202;22.70510959625244;nan;nan;nan;nan;nan;nan;nan;nan;nan;nan;nan;nan;nan;nan;nan;nan;nan;nan;nan;nan;nan;nan;nan;nan;nan;nan;nan;nan;nan;nan;nan;nan;nan;nan;nan;nan;nan;nan;nan;nan;nan;nan;nan;nan;nan;nan;nan;nan;nan;nan;nan;nan;nan;nan;nan;nan;nan;nan;nan;nan;nan;nan;nan;nan;nan;nan;nan;nan;nan;nan;nan;nan;nan;nan;nan;nan;nan;nan;nan;nan;nan;nan;nan;nan;nan;nan;nan;nan;0.3921909;2.339796192601201;0.9230769230769231;0.9248222365869423;0.9505081749889528;0.33576882;0.03198732704338314;0.991869918699187;0.9918571110368637;0.994947080914988;0.0005676746368408203;0.3921909;2.339796192601201;0.9230769230769231;0.9248222365869423;0.9505081749889528;0.33576882;0.03198732704338314;0.991869918699187;0.9918571110368637;0.994947080914988;0.0;0.0;0.0;0.0;0.0;0.0;0.0;0.0;0.0;0.0;0.0005676746368408203;0.50072646;0.33999312518594355;0.875;0.8797243107769422;0.9253203711886875;0.16184592247009277;131.45874;0.03647800652793675;0.9903846153846154;0.9903414593069766;0.9995659722222221;12.4828462600708;nan;nan;nan;nan;nan;nan;nan;nan;nan;nan;nan;nan;nan;nan;nan;nan;nan;nan;nan;nan;nan;nan;nan;nan;nan;nan;nan;nan;nan;nan;nan;nan;nan;nan;nan;nan;nan;nan;nan;nan;nan;nan;nan;nan;nan;nan;nan;nan;nan;nan;nan;nan;nan;nan;nan;nan;nan;nan;nan;nan;nan;nan;nan;nan;nan;nan;nan;nan;nan;nan;nan;nan;nan;nan;nan;nan;nan;nan;nan;nan;nan;nan;nan;nan;nan;nan;nan;nan;nan;nan;nan;nan;nan;nan;nan;nan;nan;nan;nan;nan;nan;nan;nan;nan;nan;nan;nan;nan;nan;nan;nan;nan;nan;nan;nan;nan;nan;nan;nan;nan;nan;nan;nan;nan;nan;nan;nan;nan;nan;nan;nan;nan;nan;nan;nan;nan;nan;nan;nan;nan;nan;nan;nan;nan;nan;nan;nan;nan;nan;nan;nan;nan;nan;nan;nan;nan;nan;nan;nan;nan;nan;nan;nan;nan;nan;nan;nan;nan;nan;nan;nan;nan;nan;nan;nan;nan;nan;nan;nan;nan;nan;nan;nan;nan;nan;nan;nan;nan;nan;nan;nan;nan;nan;nan;nan;nan;nan;nan;nan;nan;nan;nan;nan;nan;nan;nan;nan;nan;nan;nan;nan;nan;nan;nan;nan;nan;nan;nan;nan;nan;nan;nan;nan;nan;nan;nan;nan;nan;nan;nan;nan;nan;nan;nan;nan;nan;nan;nan;nan;nan;nan;nan;nan;nan;nan;nan;nan;nan;nan;nan;nan;nan;nan;nan;nan;nan;nan;nan;nan;nan;nan;nan;nan;nan;nan;nan;nan;nan;nan;nan;nan;nan;nan;nan;nan;nan;nan;nan;nan;nan;nan;nan;nan;nan;nan;nan;nan;nan;nan;nan;nan;nan;nan;nan;nan;nan;nan;nan;nan;nan;nan;nan;nan;nan;nan;nan;nan;nan;nan;nan;nan;nan;nan;nan;nan;nan;nan;nan;nan;nan;nan;nan;nan;nan;nan;nan;nan;nan;nan;nan;nan;nan;nan;nan;nan;nan;nan;nan;nan;nan;nan;nan;nan;nan;nan;nan;nan;nan;nan;nan;nan;nan;0.5748968;0.36008551098301783;0.8796992481203008;0.8724798903970237;0.9792182088075211;0.58237696;0.40218757751166767;0.8262;0.8263147810109953;0.8803168576302961;0.05157876014709473;0.5748968;0.36008551098301783;0.8796992481203008;0.8724798903970237;0.9792182088075211;0.58237696;0.40218757751166767;0.8262;0.8263147810109953;0.8803168576302961;0.0;0.0;0.0;0.0;0.0;0.0;0.0;0.0;0.0;0.0;0.05157876014709473;0.6158024;0.45055630982370304;0.9548872180451128;0.9550917735515259;0.9490351311232064;0.1822032928466797;258.22598;0.42745045426868855;0.7894736842105263;0.7863525384479849;0.8720279720279721;7.951666831970215;nan;nan;nan;nan;nan;nan;nan;nan;nan;nan;nan;nan;nan;nan;nan;nan;nan;nan;nan;nan;nan;nan;nan;nan;nan;nan;nan;nan;nan;nan;nan;nan;nan;nan;nan;nan;nan;nan;nan;nan;nan;nan;nan;nan;nan;nan;nan;nan;nan;nan;nan;nan;nan;nan;nan;nan;nan;nan;nan;nan;nan;nan;nan;nan;nan;nan;nan;nan;nan;nan;nan;nan;nan;nan;nan;nan;nan;nan;nan;nan;nan;nan;nan;nan;nan;nan;nan;nan;nan;nan;nan;nan;nan;nan;nan;nan;nan;nan;nan;nan;nan;nan;nan;nan;nan;nan;nan;nan;nan;nan;nan;nan;nan;nan;nan;nan;nan;nan;nan;nan;nan;nan;nan;nan;nan;nan;nan;nan;nan;nan;nan;nan;0.46895972;0.21519586796189064;0.97;0.9699507389162563;0.972071611253197;0.42900425;0.17654990939056348;0.9227;0.9227993969238438;0.97079423323375;0.037430524826049805;0.46895972;0.21519586796189064;0.97;0.9699507389162563;0.972071611253197;0.42900425;0.17654990939056348;0.9227;0.9227993969238438;0.97079423323375;0.0;0.0;0.0;0.0;0.0;0.0;0.0;0.0;0.0;0.0;0.037430524826049805;0.6114328;0.5230652157962322;0.785;0.7655345966369589;0.9384143222506394;0.12260174751281738;430.477;nan;0.95;0.9499286005711954;0.9687722510426202;22.70510959625244;nan;nan;nan;nan;nan;nan;nan;nan;nan;nan;nan;nan;nan;nan;nan;nan;nan;nan;nan;nan;nan;nan;nan;nan;nan;nan;nan;nan;nan;nan;nan;nan;nan;nan;nan;nan;nan;nan;nan;nan;nan;nan;nan;nan;nan;nan;nan;nan;nan;nan;nan;nan;nan;nan;nan;nan;nan;nan;nan;nan;nan;nan;nan;nan;nan;nan;nan;nan;nan;nan;nan;nan;nan;nan;nan;nan;nan;nan;nan;nan;nan;nan;nan;nan;nan;nan;nan;nan;0.63192755;0.6976196492814203;0.75;0.7598484848484849;0.9946973044631021;0.39612257;0.11441318826383354;0.9611;0.9553235765734156;0.9108788309028996;0.04355287551879883;0.63192755;0.6976196492814203;0.75;0.7598484848484849;0.9946973044631021;0.39612257;0.11441318826383354;0.9611;0.9553235765734156;0.9108788309028996;0.0;0.0;0.0;0.0;0.0;0.0;0.0;0.0;0.0;0.0;0.04355287551879883;0.50072646;0.33999312518594355;0.875;0.8797243107769422;0.9253203711886875;0.16184592247009277;131.45874;0.03647800652793675;0.9903846153846154;0.9903414593069766;0.9995659722222221;12.4828462600708;nan;nan;nan;nan;nan;nan;nan;nan;nan;nan;nan;nan;nan;nan;nan;nan;nan;nan;nan;nan;nan;nan;nan;nan;nan;nan;nan;nan;nan;nan;nan;nan;nan;nan;nan;nan;nan;nan;nan;nan;nan;nan;nan;nan;nan;nan;nan;nan;nan;nan;nan;nan;nan;nan;nan;nan;nan;nan;nan;nan;nan;nan;nan;nan;nan;nan;nan;nan;nan;nan;nan;nan;nan;nan;nan;nan;nan;nan;nan;nan;nan;nan;nan;nan;nan;nan;nan;nan;nan;nan;nan;nan;nan;nan;nan;nan;nan;nan;nan;nan;nan;nan;nan;nan;nan;nan;nan;nan;nan;nan;nan;nan;nan;nan;nan;nan;nan;nan;nan;nan;nan;nan;nan;nan;nan;nan;nan;nan;nan;nan;nan;nan;nan;nan;nan;nan;nan;nan;nan;nan;nan;nan;nan;nan;nan;nan;nan;nan;nan;nan;nan;nan;nan;nan;nan;nan;nan;nan;nan;nan;nan;nan;nan;nan;nan;nan;nan;nan;nan;nan;nan;nan;nan;nan;nan;nan;nan;nan;nan;nan;nan;nan;nan;nan;nan;nan;nan;nan;nan;nan;nan;nan;nan;nan;nan;nan;nan;nan;nan;nan;nan;nan;nan;nan;nan;nan;nan;nan;nan;nan;nan;nan;nan;nan;nan;nan;nan;nan;nan;nan;nan;nan;nan;nan;nan;nan;nan;nan;nan;nan;nan;nan;nan;nan;nan;nan;nan;nan;nan;nan;nan;nan;nan;nan;nan;nan;nan;nan;nan;nan;nan;nan;nan;nan;nan;nan;nan;nan;nan;nan;nan;nan;nan;nan;nan;nan;nan;nan;nan;nan;nan;nan;nan;nan;nan;nan;nan;nan;nan;nan;nan;nan;nan;nan;nan;nan;nan;nan;nan;nan;nan;nan;nan;nan;nan;nan;nan;nan;nan;nan;nan;nan;nan;nan;nan;nan;nan;nan;nan;nan;nan;nan;nan;nan;nan;nan;nan;nan;nan;nan;nan;nan;nan;nan;nan;nan;nan;nan;nan;nan;nan;nan;nan;nan;nan;nan;nan;nan;nan;nan;nan;nan;nan;nan;nan;nan;nan;nan;nan;nan;nan;nan;0.5518414;0.31254771589396224;0.8796992481203008;0.8724798903970237;0.983424047501237;0.5845464;0.40776525185911205;0.8194;0.8212834488927562;0.8784706377900242;0.036769866943359375;0.5518414;0.31254771589396224;0.8796992481203008;0.8724798903970237;0.983424047501237;0.5845464;0.40776525185911205;0.8194;0.8212834488927562;0.8784706377900242;0.0;0.0;0.0;0.0;0.0;0.0;0.0;0.0;0.0;0.0;0.036769866943359375;0.6158024;0.45055630982370304;0.9548872180451128;0.9550917735515259;0.9490351311232064;0.1822032928466797;258.22598;0.42745045426868855;0.7894736842105263;0.7863525384479849;0.8720279720279721;7.951666831970215;nan;nan;nan;nan;nan;nan;nan;nan;nan;nan;nan;nan;nan;nan;nan;nan;nan;nan;nan;nan;nan;nan;nan;nan;nan;nan;nan;nan;nan;nan;nan;nan;nan;nan;nan;nan;nan;nan;nan;nan;nan;nan;nan;nan;nan;nan;nan;nan;nan;nan;nan;nan;nan;nan;nan;nan;nan;nan;nan;nan;nan;nan;nan;nan;nan;nan;nan;nan;nan;nan;nan;nan;nan;nan;nan;nan;nan;nan;nan;nan;nan;nan;nan;nan;nan;nan;nan;nan;nan;nan;nan;nan;nan;nan;nan;nan;nan;nan;nan;nan;nan;nan;nan;nan;nan;nan;nan;nan;nan;nan;nan;nan;nan;nan;nan;nan;nan;nan;nan;nan;nan;nan;nan;nan;nan;nan;nan;nan;nan;nan;nan;nan;0.43689293;0.14416470151939761;0.965;0.9650721906750528;0.9841432225063939;0.43088847;0.18780020676411927;0.9167;0.9141991551611882;0.9644606495877153;0.03854012489318848;0.43689293;0.14416470151939761;0.965;0.9650721906750528;0.9841432225063939;0.43088847;0.18780020676411927;0.9167;0.9141991551611882;0.9644606495877153;0.0;0.0;0.0;0.0;0.0;0.0;0.0;0.0;0.0;0.0;0.03854012489318848;0.6114328;0.5230652157962322;0.785;0.7655345966369589;0.9384143222506394;0.12260174751281738;430.477;nan;0.95;0.9499286005711954;0.9687722510426202;22.70510959625244;nan;nan;nan;nan;nan;nan;nan;nan;nan;nan;nan;nan;nan;nan;nan;nan;nan;nan;nan;nan;nan;nan;nan;nan;nan;nan;nan;nan;nan;nan;nan;nan;nan;nan;nan;nan;nan;nan;nan;nan;nan;nan;nan;nan;nan;nan;nan;nan;nan;nan;nan;nan;nan;nan;nan;nan;nan;nan;nan;nan;nan;nan;nan;nan;nan;nan;nan;nan;nan;nan;nan;nan;nan;nan;nan;nan;nan;nan;nan;nan;nan;nan;nan;nan;nan;nan;nan;nan;0.56802493;0.5200303298094867;0.9519230769230769;0.9528645642491308;0.9882898806893503;0.39495972;0.11926397079213791;0.9586;0.9562140053170427;0.8913713483431163;0.03607749938964844;0.56802493;0.5200303298094867;0.9519230769230769;0.9528645642491308;0.9882898806893503;0.39495972;0.11926397079213791;0.9586;0.9562140053170427;0.8913713483431163;0.0;0.0;0.0;0.0;0.0;0.0;0.0;0.0;0.0;0.0;0.03607749938964844;0.50072646;0.33999312518594355;0.875;0.8797243107769422;0.9253203711886875;0.16184592247009277;131.45874;0.03647800652793675;0.9903846153846154;0.9903414593069766;0.9995659722222221;12.4828462600708;nan;nan;nan;nan;nan;nan;nan;nan;nan;nan;nan;nan;nan;nan;nan;nan;nan;nan;nan;nan;nan;nan;nan;nan;nan;nan;nan;nan;nan;nan;nan;nan;nan;nan;nan;nan;nan;nan;nan;nan;nan;nan;nan;nan;nan;nan;nan;nan;nan;nan;nan;nan;nan;nan;nan;nan;nan;nan;nan;nan;nan;nan;nan;nan;nan;nan;nan;nan;nan;nan;nan;nan;nan;nan;nan;nan;nan;nan;nan;nan;nan;nan;nan;nan;nan;nan;nan;nan;nan;nan;nan;nan;nan;nan;nan;nan;nan;nan;nan;nan;nan;nan;nan;nan;nan;nan;nan;nan;nan;nan;nan;nan;nan;nan;nan;nan;nan;nan;nan;nan;nan;nan;nan;nan;nan;nan;nan;nan;nan;nan;nan;nan;nan;nan;nan;nan;nan;nan;nan;nan;nan;nan;nan;nan;nan;nan;nan;nan;nan;nan;nan;nan;nan;nan;nan;nan;nan;nan;nan;nan;nan;nan;nan;nan;nan;nan;nan;nan;nan;nan;nan;nan;nan;nan;nan;nan;nan;nan;nan;nan;nan;nan;nan;nan;nan;nan;nan;nan;nan;nan;nan;nan;nan;nan;nan;nan;nan;nan;nan;nan;nan;nan;nan;nan;nan;nan;nan;nan;nan;nan;nan;nan;nan;nan;nan;nan;nan;nan;nan;nan;nan;nan;nan;nan;nan;nan;nan;nan;nan;nan;nan;nan;nan;nan;nan;nan;nan;nan;nan;nan;nan;nan;nan;nan;nan;nan;nan;nan;nan;nan;nan;nan;nan;nan;nan;nan;nan;nan;nan;nan;nan;nan;nan;nan;nan;nan;nan;nan;nan;nan;nan;nan;nan;nan;nan;nan;nan;nan;nan;nan;nan;nan;nan;nan;nan;nan;nan;nan;nan;nan;nan;nan;nan;nan;nan;nan;nan;nan;nan;nan;nan;nan;nan;nan;nan;nan;nan;nan;nan;nan;nan;nan;nan;nan;nan;nan;nan;nan;nan;nan;nan;nan;nan;nan;nan;nan;nan;nan;nan;nan;nan;nan;nan;nan;nan;nan;nan;nan;nan;nan;nan;nan;nan;nan;nan;nan;nan;nan;nan;nan;nan;nan;0.54843503;0.2570246098237615;0.8796992481203008;0.8724798903970237;0.9800841167738743;0.5816897;0.40079659865977585;0.8235;0.8246147081246574;0.8797585887328356;0.03690075874328613;0.54843503;0.2570246098237615;0.8796992481203008;0.8724798903970237;0.9800841167738743;0.5816897;0.40079659865977585;0.8235;0.8246147081246574;0.8797585887328356;0.0;0.0;0.0;0.0;0.0;0.0;0.0;0.0;0.0;0.0;0.03690075874328613;0.6158024;0.45055630982370304;0.9548872180451128;0.9550917735515259;0.9490351311232064;0.1822032928466797;258.22598;0.42745045426868855;0.7894736842105263;0.7863525384479849;0.8720279720279721;7.951666831970215;nan;nan;nan;nan;nan;nan;nan;nan;nan;nan;nan;nan;nan;nan;nan;nan;nan;nan;nan;nan;nan;nan;nan;nan;nan;nan;nan;nan;nan;nan;nan;nan;nan;nan;nan;nan;nan;nan;nan;nan;nan;nan;nan;nan;nan;nan;nan;nan;nan;nan;nan;nan;nan;nan;nan;nan;nan;nan;nan;nan;nan;nan;nan;nan;nan;nan;nan;nan;nan;nan;nan;nan;nan;nan;nan;nan;nan;nan;nan;nan;nan;nan;nan;nan;nan;nan;nan;nan;nan;nan;nan;nan;nan;nan;nan;nan;nan;nan;nan;nan;nan;nan;nan;nan;nan;nan;nan;nan;nan;nan;nan;nan;nan;nan;nan;nan;nan;nan;nan;nan;nan;nan;nan;nan;nan;nan;nan;nan;nan;nan;nan;nan;0.44855872;0.1940202134743094;0.96;0.9596846145865753;0.9529411764705882;0.42891303;0.17707666604532057;0.925;0.9243553072234546;0.9692505831076176;0.04024338722229004;0.44855872;0.1940202134743094;0.96;0.9596846145865753;0.9529411764705882;0.42891303;0.17707666604532057;0.925;0.9243553072234546;0.9692505831076176;0.0;0.0;0.0;0.0;0.0;0.0;0.0;0.0;0.0;0.0;0.04024338722229004;0.6114328;0.5230652157962322;0.785;0.7655345966369589;0.9384143222506394;0.12260174751281738;430.477;nan;0.95;0.9499286005711954;0.9687722510426202;22.70510959625244;nan;nan;nan;nan;nan;nan;nan;nan;nan;nan;nan;nan;nan;nan;nan;nan;nan;nan;nan;nan;nan;nan;nan;nan;nan;nan;nan;nan;nan;nan;nan;nan;nan;nan;nan;nan;nan;nan;nan;nan;nan;nan;nan;nan;nan;nan;nan;nan;nan;nan;nan;nan;nan;nan;nan;nan;nan;nan;nan;nan;nan;nan;nan;nan;nan;nan;nan;nan;nan;nan;nan;nan;nan;nan;nan;nan;nan;nan;nan;nan;nan;nan;nan;nan;nan;nan;nan;nan;0.5948038;0.6055001043149222;0.8269230769230769;0.8342247596153847;0.9918250110472824;0.39665604;0.1170687108531811;0.9629;0.9585013670636677;0.8727145072915145;0.04289364814758301;0.5948038;0.6055001043149222;0.8269230769230769;0.8342247596153847;0.9918250110472824;0.39665604;0.1170687108531811;0.9629;0.9585013670636677;0.8727145072915145;0.0;0.0;0.0;0.0;0.0;0.0;0.0;0.0;0.0;0.0;0.04289364814758301;0.50072646;0.33999312518594355;0.875;0.8797243107769422;0.9253203711886875;0.16184592247009277;131.45874;0.03647800652793675;0.9903846153846154;0.9903414593069766;0.9995659722222221;12.4828462600708;nan;nan;nan;nan;nan;nan;nan;nan;nan;nan;nan;nan;nan;nan;nan;nan;nan;nan;nan;nan;nan;nan;nan;nan;nan;nan;nan;nan;nan;nan;nan;nan;nan;nan;nan;nan;nan;nan;nan;nan;nan;nan;nan;nan;nan;nan;nan;nan;nan;nan;nan;nan;nan;nan;nan;nan;nan;nan;nan;nan;nan;nan;nan;nan;nan;nan;nan;nan;nan;nan;nan;nan;nan;nan;nan;nan;nan;nan;nan;nan;nan;nan;nan;nan;nan;nan;nan;nan;nan;nan;nan;nan;nan;nan;nan;nan;nan;nan;nan;nan;nan;nan;nan;nan;nan;nan;nan;nan;nan;nan;nan;nan;nan;nan;nan;nan;nan;nan;nan;nan;nan;nan;nan;nan;nan;nan;nan;nan;nan;nan;nan;nan;nan;nan;nan;nan;nan;nan;nan;nan;nan;nan;nan;nan;nan;nan;nan;nan;nan;nan;nan;nan;nan;nan;nan;nan;nan;nan;nan;nan;nan;nan;nan;nan;nan;nan;nan;nan;nan;nan;nan;nan;nan;nan;nan;nan;nan;nan;nan;nan;nan;nan;nan;nan;nan;nan;nan;nan;nan;nan;nan;nan;nan;nan;nan;nan;nan;nan;nan;nan;nan;nan;nan;nan;nan;nan;nan;nan;nan;nan;nan;nan;nan;nan;nan;nan;nan;nan;nan;nan;nan;nan;nan;nan;nan;nan;nan;nan;nan;nan;nan;nan;nan;nan;nan;nan;nan;nan;nan;nan;nan;nan;nan;nan;nan;nan;nan;nan;nan;nan;nan;nan;nan;nan;nan;nan;nan;nan;nan;nan;nan;nan;nan;nan;nan;nan;nan;nan;nan;nan;nan;nan;nan;nan;nan;nan;nan;nan;nan;nan;nan;nan;nan;nan;nan;nan;nan;nan;nan;nan;nan;nan;nan;nan;nan;nan;nan;nan;nan;nan;nan;nan;nan;nan;nan;nan;nan;nan;nan;nan;nan;nan;nan;nan;nan;nan;nan;nan;nan;nan;nan;nan;nan;nan;nan;nan;nan;nan;nan;nan;nan;nan;nan;nan;nan;nan;nan;nan;nan;nan;nan;nan;nan;nan;nan;nan;nan;nan;nan;nan;nan;nan;0.54801464;0.2974401169887496;0.8796992481203008;0.8724798903970237;0.9861454725383474;0.5853073;0.40513415614651316;0.8233;0.8249575402295228;0.8799205122072065;0.03518199920654297;0.54801464;0.2974401169887496;0.8796992481203008;0.8724798903970237;0.9861454725383474;0.5853073;0.40513415614651316;0.8233;0.8249575402295228;0.8799205122072065;0.0;0.0;0.0;0.0;0.0;0.0;0.0;0.0;0.0;0.0;0.03518199920654297;0.6158024;0.45055630982370304;0.9548872180451128;0.9550917735515259;0.9490351311232064;0.1822032928466797;258.22598;0.42745045426868855;0.7894736842105263;0.7863525384479849;0.8720279720279721;7.951666831970215;nan;nan;nan;nan;nan;nan;nan;nan;nan;nan;nan;nan;nan;nan;nan;nan;nan;nan;nan;nan;nan;nan;nan;nan;nan;nan;nan;nan;nan;nan;nan;nan;nan;nan;nan;nan;nan;nan;nan;nan;nan;nan;nan;nan;nan;nan;nan;nan;nan;nan;nan;nan;nan;nan;nan;nan;nan;nan;nan;nan;nan;nan;nan;nan;nan;nan;nan;nan;nan;nan;nan;nan;nan;nan;nan;nan;nan;nan;nan;nan;nan;nan;nan;nan;nan;nan;nan;nan;nan;nan;nan;nan;nan;nan;nan;nan;nan;nan;nan;nan;nan;nan;nan;nan;nan;nan;nan;nan;nan;nan;nan;nan;nan;nan;nan;nan;nan;nan;nan;nan;nan;nan;nan;nan;nan;nan;nan;nan;nan;nan;nan;nan;0.4443735;0.16552476216961776;0.97;0.9699507389162563;0.9746291560102301;0.42997295;0.17693016503706027;0.9245;0.9232055082950684;0.9689013053317265;0.0416867733001709;0.4443735;0.16552476216961776;0.97;0.9699507389162563;0.9746291560102301;0.42997295;0.17693016503706027;0.9245;0.9232055082950684;0.9689013053317265;0.0;0.0;0.0;0.0;0.0;0.0;0.0;0.0;0.0;0.0;0.0416867733001709;0.6114328;0.5230652157962322;0.785;0.7655345966369589;0.9384143222506394;0.12260174751281738;430.477;nan;0.95;0.9499286005711954;0.9687722510426202;22.70510959625244;nan;nan;nan;nan;nan;nan;nan;nan;nan;nan;nan;nan;nan;nan;nan;nan;nan;nan;nan;nan;nan;nan;nan;nan;nan;nan;nan;nan;nan;nan;nan;nan;nan;nan;nan;nan;nan;nan;nan;nan;nan;nan;nan;nan;nan;nan;nan;nan;nan;nan;nan;nan;nan;nan;nan;nan;nan;nan;nan;nan;nan;nan;nan;nan;nan;nan;nan;nan;nan;nan;nan;nan;nan;nan;nan;nan;nan;nan;nan;nan;nan;nan;nan;nan;nan;nan;nan;nan;0.5959976;0.6039971924132783;0.7307692307692307;0.7407069390120238;0.9774635439681837;0.398777;0.1257567141160996;0.9604;0.9510378330924782;0.8751736050822088;0.03658318519592285;0.5959976;0.6039971924132783;0.7307692307692307;0.7407069390120238;0.9774635439681837;0.398777;0.1257567141160996;0.9604;0.9510378330924782;0.8751736050822088;0.0;0.0;0.0;0.0;0.0;0.0;0.0;0.0;0.0;0.0;0.03658318519592285;0.50072646;0.33999312518594355;0.875;0.8797243107769422;0.9253203711886875;0.16184592247009277;131.45874;0.03647800652793675;0.9903846153846154;0.9903414593069766;0.9995659722222221;12.4828462600708;nan;nan;nan;nan;nan;nan;nan;nan;nan;nan;nan;nan;nan;nan;nan;nan;nan;nan;nan;nan;nan;nan;nan;nan;nan;nan;nan;nan;nan;nan;nan;nan;nan;nan;nan;nan;nan;nan;nan;nan;nan;nan;nan;nan;nan;nan;nan;nan;nan;nan;nan;nan;nan;nan;nan;nan;nan;nan;nan;nan;nan;nan;nan;nan;nan;nan;nan;nan;nan;nan;nan;nan;nan;nan;nan;nan;nan;nan;nan;nan;nan;nan;nan;nan;nan;nan;nan;nan;nan;nan;nan;nan;nan;nan;nan;nan;nan;nan;nan;nan;nan;nan;nan;nan;nan;nan;nan;nan;nan;nan;nan;nan;nan;nan;nan;nan;nan;nan;nan;nan;nan;nan;nan;nan;nan;nan;nan;nan;nan;nan;nan;nan;nan;nan;nan;nan;nan;nan;nan;nan;nan;nan;nan;nan;nan;nan;nan;nan;nan;nan;nan;nan;nan;nan;nan;nan;nan;nan;nan;nan;nan;nan;nan;nan;nan;nan;nan;nan;nan;nan;nan;nan;nan;nan;nan;nan;nan;nan;nan;nan;nan;nan;nan;nan;nan;nan;nan;nan;nan;nan;nan;nan;nan;nan;nan;nan;nan;nan;nan;nan;nan;nan;nan;nan;nan;nan;nan;nan;nan;nan;nan;nan;nan;nan;nan;nan;nan;nan;nan;nan;nan;nan;nan;nan;nan;nan;nan;nan;nan;nan;nan;nan;nan;nan;nan;nan;nan;nan;nan;nan;nan;nan;nan;nan;nan;nan;nan;nan;nan;nan;nan;nan;nan;nan;nan;nan;nan;nan;nan;nan;nan;nan;nan;nan;nan;nan;nan;nan;nan;nan;nan;nan;nan;nan;nan;nan;nan;nan;nan;nan;nan;nan;nan;nan;nan;nan;nan;nan;nan;nan;nan;nan;nan;nan;nan;nan;nan;nan;nan;nan;nan;nan;nan;nan;nan;nan;nan;nan;nan;nan;nan;nan;nan;nan;nan;nan;nan;nan;nan;nan;nan;nan;nan;nan;nan;nan;nan;nan;nan;nan;nan;nan;nan;nan;nan;nan;nan;nan;nan;nan;nan;nan;nan;nan;nan;nan;nan;nan;nan;nan;nan;nan;0.5523009;0.27571692145368804;0.8796992481203008;0.8724798903970237;0.9688273132112817;0.58518976;0.4084038082437541;0.8219;0.8225009483052002;0.8785019992492811;0.04066896438598633;0.5523009;0.27571692145368804;0.8796992481203008;0.8724798903970237;0.9688273132112817;0.58518976;0.4084038082437541;0.8219;0.8225009483052002;0.8785019992492811;0.0;0.0;0.0;0.0;0.0;0.0;0.0;0.0;0.0;0.0;0.04066896438598633;0.6158024;0.45055630982370304;0.9548872180451128;0.9550917735515259;0.9490351311232064;0.1822032928466797;258.22598;0.42745045426868855;0.7894736842105263;0.7863525384479849;0.8720279720279721;7.951666831970215;nan;nan;nan;nan;nan;nan;nan;nan;nan;nan;nan;nan;nan;nan;nan;nan;nan;nan;nan;nan;nan;nan;nan;nan;nan;nan;nan;nan;nan;nan;nan;nan;nan;nan;nan;nan;nan;nan;nan;nan;nan;nan;nan;nan;nan;nan;nan;nan;nan;nan;nan;nan;nan;nan;nan;nan;nan;nan;nan;nan;nan;nan;nan;nan;nan;nan;nan;nan;nan;nan;nan;nan;nan;nan;nan;nan;nan;nan;nan;nan;nan;nan;nan;nan;nan;nan;nan;nan;nan;nan;nan;nan;nan;nan;nan;nan;nan;nan;nan;nan;nan;nan;nan;nan;nan;nan;nan;nan;nan;nan;nan;nan;nan;nan;nan;nan;nan;nan;nan;nan;nan;nan;nan;nan;nan;nan;nan;nan;nan;nan;nan;nan;0.4376783;0.15370257435861848;0.97;0.9699507389162563;0.9742199488491049;0.43112266;0.18412007137447978;0.9217;0.920158851528701;0.967314657321435;0.034430742263793945;0.4376783;0.15370257435861848;0.97;0.9699507389162563;0.9742199488491049;0.43112266;0.18412007137447978;0.9217;0.920158851528701;0.967314657321435;0.0;0.0;0.0;0.0;0.0;0.0;0.0;0.0;0.0;0.0;0.034430742263793945;0.6114328;0.5230652157962322;0.785;0.7655345966369589;0.9384143222506394;0.12260174751281738;430.477;nan;0.95;0.9499286005711954;0.9687722510426202;22.70510959625244;nan;nan;nan;nan;nan;nan;nan;nan;nan;nan;nan;nan;nan;nan;nan;nan;nan;nan;nan;nan;nan;nan;nan;nan;nan;nan;nan;nan;nan;nan;nan;nan;nan;nan;nan;nan;nan;nan;nan;nan;nan;nan;nan;nan;nan;nan;nan;nan;nan;nan;nan;nan;nan;nan;nan;nan;nan;nan;nan;nan;nan;nan;nan;nan;nan;nan;nan;nan;nan;nan;nan;nan;nan;nan;nan;nan;nan;nan;nan;nan;nan;nan;nan;nan;nan;nan;nan;nan;0.6308676;0.7152731871522863;0.8173076923076923;0.8250686078770068;0.987847989394609;0.3992627;0.12463013044446161;0.9575;0.953796979438226;0.8845034987115945;0.04906010627746582;0.6308676;0.7152731871522863;0.8173076923076923;0.8250686078770068;0.987847989394609;0.3992627;0.12463013044446161;0.9575;0.953796979438226;0.8845034987115945;0.0;0.0;0.0;0.0;0.0;0.0;0.0;0.0;0.0;0.0;0.04906010627746582;0.50072646;0.33999312518594355;0.875;0.8797243107769422;0.9253203711886875;0.16184592247009277;131.45874;0.03647800652793675;0.9903846153846154;0.9903414593069766;0.9995659722222221;12.4828462600708;nan;nan;nan;nan;nan;nan;nan;nan;nan;nan;nan;nan;nan;nan;nan;nan;nan;nan;nan;nan;nan;nan;nan;nan;nan;nan;nan;nan;nan;nan;nan;nan;nan;nan;nan;nan;nan;nan;nan;nan;nan;nan;nan;nan;nan;nan;nan;nan;nan;nan;nan;nan;nan;nan;nan;nan;nan;nan;nan;nan;nan;nan;nan;nan;nan;nan;nan;nan;nan;nan;nan;nan;nan;nan;nan;nan;nan;nan;nan;nan;nan;nan;nan;nan;nan;nan;nan;nan;nan;nan;nan;nan;nan;nan;nan;nan;nan;nan;nan;nan;nan;nan;nan;nan;nan;nan;nan;nan;nan;nan;nan;nan;nan;nan;nan;nan;nan;nan;nan;nan;nan;nan;nan;nan;nan;nan;nan;nan;nan;nan;nan;nan;nan;nan;nan;nan;nan;nan;nan;nan;nan;nan;nan;nan;nan;nan;nan;nan;nan;nan;nan;nan;nan;nan;nan;nan;nan;nan;nan;nan;nan;nan;nan;nan;nan;nan;nan;nan;nan;nan;nan;nan;nan;nan;nan;nan;nan;nan;nan;nan;nan;nan;nan;nan;nan;nan;nan;nan;nan;nan;nan;nan;nan;nan;nan;nan;nan;nan;nan;nan;nan;nan;nan;nan;nan;nan;nan;nan;nan;nan;nan;nan;nan;nan;nan;nan;nan;nan;nan;nan;nan;nan;nan;nan;nan;nan;nan;nan;nan;nan;nan;nan;nan;nan;nan;nan;nan;nan;nan;nan;nan;nan;nan;nan;nan;nan;nan;nan;nan;nan;nan;nan;nan;nan;nan;nan;nan;nan;nan;nan;nan;nan;nan;nan;nan;nan;nan;nan;nan;nan;nan;nan;nan;nan;nan;nan;nan;nan;nan;nan;nan;nan;nan;nan;nan;nan;nan;nan;nan;nan;nan;nan;nan;nan;nan;nan;nan;nan;nan;nan;nan;nan;nan;nan;nan;nan;nan;nan;nan;nan;nan;nan;nan;nan;nan;nan;nan;nan;nan;nan;nan;nan;nan;nan;nan;nan;nan;nan;nan;nan;nan;nan;nan;nan;nan;nan;nan;nan;nan;nan;nan;nan;nan;nan;nan;nan;nan;nan;nan;nan;nan;nan;0.5511586;0.29583336566078827;0.8796992481203008;0.8724798903970237;0.9861454725383474;0.5815512;0.39779583701364163;0.8322;0.831450468068896;0.8805056421206756;0.035344600677490234;0.5511586;0.29583336566078827;0.8796992481203008;0.8724798903970237;0.9861454725383474;0.5815512;0.39779583701364163;0.8322;0.831450468068896;0.8805056421206756;0.0;0.0;0.0;0.0;0.0;0.0;0.0;0.0;0.0;0.0;0.035344600677490234;0.6158024;0.45055630982370304;0.9548872180451128;0.9550917735515259;0.9490351311232064;0.1822032928466797;258.22598;0.42745045426868855;0.7894736842105263;0.7863525384479849;0.8720279720279721;7.951666831970215;nan;nan;nan;nan;nan;nan;nan;nan;nan;nan;nan;nan;nan;nan;nan;nan;nan;nan;nan;nan;nan;nan;nan;nan;nan;nan;nan;nan;nan;nan;nan;nan;nan;nan;nan;nan;nan;nan;nan;nan;nan;nan;nan;nan;nan;nan;nan;nan;nan;nan;nan;nan;nan;nan;nan;nan;nan;nan;nan;nan;nan;nan;nan;nan;nan;nan;nan;nan;nan;nan;nan;nan;nan;nan;nan;nan;nan;nan;nan;nan;nan;nan;nan;nan;nan;nan;nan;nan;nan;nan;nan;nan;nan;nan;nan;nan;nan;nan;nan;nan;nan;nan;nan;nan;nan;nan;nan;nan;nan;nan;nan;nan;nan;nan;nan;nan;nan;nan;nan;nan;nan;nan;nan;nan;nan;nan;nan;nan;nan;nan;nan;nan;0.47394288;0.23489727145418274;0.965;0.964842037395229;0.9625063938618926;0.42844194;0.1781846051139488;0.9252;0.9236422456906715;0.9687540602397997;0.044376373291015625;0.47394288;0.23489727145418274;0.965;0.964842037395229;0.9625063938618926;0.42844194;0.1781846051139488;0.9252;0.9236422456906715;0.9687540602397997;0.0;0.0;0.0;0.0;0.0;0.0;0.0;0.0;0.0;0.0;0.044376373291015625;0.6114328;0.5230652157962322;0.785;0.7655345966369589;0.9384143222506394;0.12260174751281738;430.477;nan;0.95;0.9499286005711954;0.9687722510426202;22.70510959625244;nan;nan;nan;nan;nan;nan;nan;nan;nan;nan;nan;nan;nan;nan;nan;nan;nan;nan;nan;nan;nan;nan;nan;nan;nan;nan;nan;nan;nan;nan;nan;nan;nan;nan;nan;nan;nan;nan;nan;nan;nan;nan;nan;nan;nan;nan;nan;nan;nan;nan;nan;nan;nan;nan;nan;nan;nan;nan;nan;nan;nan;nan;nan;nan;nan;nan;nan;nan;nan;nan;nan;nan;nan;nan;nan;nan;nan;nan;nan;nan;nan;nan;nan;nan;nan;nan;nan;nan;0.6287128;0.6962793301504155;0.75;0.7598484848484849;0.9944763588157313;0.39746973;0.12045623472182213;0.9588;0.9528439518054796;0.9066640358369303;0.03926992416381836;0.6287128;0.6962793301504155;0.75;0.7598484848484849;0.9944763588157313;0.39746973;0.12045623472182213;0.9588;0.9528439518054796;0.9066640358369303;0.0;0.0;0.0;0.0;0.0;0.0;0.0;0.0;0.0;0.0;0.03926992416381836;0.50072646;0.33999312518594355;0.875;0.8797243107769422;0.9253203711886875;0.16184592247009277;131.45874;0.03647800652793675;0.9903846153846154;0.9903414593069766;0.9995659722222221;12.4828462600708;nan;nan;nan;nan;nan;nan;nan;nan;nan;nan;nan;nan;nan;nan;nan;nan;nan;nan;nan;nan;nan;nan;nan;nan;nan;nan;nan;nan;nan;nan;nan;nan;nan;nan;nan;nan;nan;nan;nan;nan;nan;nan;nan;nan;nan;nan;nan;nan;nan;nan;nan;nan;nan;nan;nan;nan;nan;nan;nan;nan;nan;nan;nan;nan;nan;nan;nan;nan;nan;nan;nan;nan;nan;nan;nan;nan;nan;nan;nan;nan;nan;nan;nan;nan;nan;nan;nan;nan;nan;nan;nan;nan;nan;nan;nan;nan;nan;nan;nan;nan;nan;nan;nan;nan;nan;nan;nan;nan;nan;nan;nan;nan;nan;nan;nan;nan;nan;nan;nan;nan;nan;nan;nan;nan;nan;nan;nan;nan;nan;nan;nan;nan;nan;nan;nan;nan;nan;nan;nan;nan;nan;nan;nan;nan;nan;nan;nan;nan;nan;nan;nan;nan;nan;nan;nan;nan;nan;nan;nan;nan;nan;nan;nan;nan;nan;nan;nan;nan;nan;nan;nan;nan;nan;nan;nan;nan;nan;nan;nan;nan;nan;nan;nan;nan;nan;nan;nan;nan;nan;nan;nan;nan;nan;nan;nan;nan;nan;nan;nan;nan;nan;nan;nan;nan;nan;nan;nan;nan;nan;nan;nan;nan;nan;nan;nan;nan;nan;nan;nan;nan;nan;nan;nan;nan;nan;nan;nan;nan;nan;nan;nan;nan;nan;nan;nan;nan;nan;nan;nan;nan;nan;nan;nan;nan;nan;nan;nan;nan;nan;nan;nan;nan;nan;nan;nan;nan;nan;nan;nan;nan;nan;nan;nan;nan;nan;nan;nan;nan;nan;nan;nan;nan;nan;nan;nan;nan;nan;nan;nan;nan;nan;nan;nan;nan;nan;nan;nan;nan;nan;nan;nan;nan;nan;nan;nan;nan;nan;nan;nan;nan;nan;nan;nan;nan;nan;nan;nan;nan;nan;nan;nan;nan;nan;nan;nan;nan;nan;nan;nan;nan;nan;nan;nan;nan;nan;nan;nan;nan;nan;nan;nan;nan;nan;nan;nan;nan;nan;nan;nan;nan;nan;nan;nan;nan;nan;nan;nan;nan;nan;nan;nan;nan;0.55664605;0.2945085697701068;0.8796992481203008;0.8724798903970237;0.9688273132112817;0.5873933;0.4091005437508505;0.8213;0.8224130596089846;0.8796290269591065;0.04034256935119629;0.55664605;0.2945085697701068;0.8796992481203008;0.8724798903970237;0.9688273132112817;0.5873933;0.4091005437508505;0.8213;0.8224130596089846;0.8796290269591065;0.0;0.0;0.0;0.0;0.0;0.0;0.0;0.0;0.0;0.0;0.04034256935119629;0.6158024;0.45055630982370304;0.9548872180451128;0.9550917735515259;0.9490351311232064;0.1822032928466797;258.22598;0.42745045426868855;0.7894736842105263;0.7863525384479849;0.8720279720279721;7.951666831970215;nan;nan;nan;nan;nan;nan;nan;nan;nan;nan;nan;nan;nan;nan;nan;nan;nan;nan;nan;nan;nan;nan;nan;nan;nan;nan;nan;nan;nan;nan;nan;nan;nan;nan;nan;nan;nan;nan;nan;nan;nan;nan;nan;nan;nan;nan;nan;nan;nan;nan;nan;nan;nan;nan;nan;nan;nan;nan;nan;nan;nan;nan;nan;nan;nan;nan;nan;nan;nan;nan;nan;nan;nan;nan;nan;nan;nan;nan;nan;nan;nan;nan;nan;nan;nan;nan;nan;nan;nan;nan;nan;nan;nan;nan;nan;nan;nan;nan;nan;nan;nan;nan;nan;nan;nan;nan;nan;nan;nan;nan;nan;nan;nan;nan;nan;nan;nan;nan;nan;nan;nan;nan;nan;nan;nan;nan;nan;nan;nan;nan;nan;nan;0.43945777;0.15517383895543196;0.97;0.9699507389162563;0.9748337595907929;0.43174657;0.1824131824751852;0.9225;0.9213445921704905;0.9681993253086968;0.03954505920410156;0.43945777;0.15517383895543196;0.97;0.9699507389162563;0.9748337595907929;0.43174657;0.1824131824751852;0.9225;0.9213445921704905;0.9681993253086968;0.0;0.0;0.0;0.0;0.0;0.0;0.0;0.0;0.0;0.0;0.03954505920410156;0.6114328;0.5230652157962322;0.785;0.7655345966369589;0.9384143222506394;0.12260174751281738;430.477;nan;0.95;0.9499286005711954;0.9687722510426202;22.70510959625244;nan;nan;nan;nan;nan;nan;nan;nan;nan;nan;nan;nan;nan;nan;nan;nan;nan;nan;nan;nan;nan;nan;nan;nan;nan;nan;nan;nan;nan;nan;nan;nan;nan;nan;nan;nan;nan;nan;nan;nan;nan;nan;nan;nan;nan;nan;nan;nan;nan;nan;nan;nan;nan;nan;nan;nan;nan;nan;nan;nan;nan;nan;nan;nan;nan;nan;nan;nan;nan;nan;nan;nan;nan;nan;nan;nan;nan;nan;nan;nan;nan;nan;nan;nan;nan;nan;nan;nan;0.65011495;0.6828500398295471;0.6826923076923077;0.6811707028334664;0.45846221829429956;0.3980638;0.12343390583518621;0.9612;0.9548141371331141;0.8755434203173482;0.0410304069519043;0.65011495;0.6828500398295471;0.6826923076923077;0.6811707028334664;0.45846221829429956;0.3980638;0.12343390583518621;0.9612;0.9548141371331141;0.8755434203173482;0.0;0.0;0.0;0.0;0.0;0.0;0.0;0.0;0.0;0.0;0.0410304069519043;0.50072646;0.33999312518594355;0.875;0.8797243107769422;0.9253203711886875;0.16184592247009277;131.45874;0.03647800652793675;0.9903846153846154;0.9903414593069766;0.9995659722222221;12.4828462600708;nan;nan;nan;nan;nan;nan;nan;nan;nan;nan;nan;nan;nan;nan;nan;nan;nan;nan;nan;nan;nan;nan;nan;nan;nan;nan;nan;nan;nan;nan;nan;nan;nan;nan;nan;nan;nan;nan;nan;nan;nan;nan;nan;nan;nan;nan;nan;nan;nan;nan;nan;nan;nan;nan;nan;nan;nan;nan;nan;nan;nan;nan;nan;nan;nan;nan;nan;nan;nan;nan;nan;nan;nan;nan;nan;nan;nan;nan;nan;nan;nan;nan;nan;nan;nan;nan;nan;nan;nan;nan;nan;nan;nan;nan;nan;nan;nan;nan;nan;nan;nan;nan;nan;nan;nan;nan;nan;nan;nan;nan;nan;nan;nan;nan;nan;nan;nan;nan;nan;nan;nan;nan;nan;nan;nan;nan;nan;nan;nan;nan;nan;nan;nan;nan;nan;nan;nan;nan;nan;nan;nan;nan;nan;nan;nan;nan;nan;nan;nan;nan;nan;nan;nan;nan;nan;nan;nan;nan;nan;nan;nan;nan;nan;nan;nan;nan;nan;nan;nan;nan;nan;nan;nan;nan;nan;nan;nan;nan;nan;nan;nan;nan;nan;nan;nan;nan;nan;nan;nan;nan;nan;nan;nan;nan;nan;nan;nan;nan;nan;nan;nan;nan;nan;nan;nan;nan;nan;nan;nan;nan;nan;nan;nan;nan;nan;nan;nan;nan;nan;nan;nan;nan;nan;nan;nan;nan;nan;nan;nan;nan;nan;nan;nan;nan;nan;nan;nan;nan;nan;nan;nan;nan;nan;nan;nan;nan;nan;nan;nan;nan;nan;nan;nan;nan;nan;nan;nan;nan;nan;nan;nan;nan;nan;nan;nan;nan;nan;nan;nan;nan;nan;nan;nan;nan;nan;nan;nan;nan;nan;nan;nan;nan;nan;nan;nan;nan;nan;nan;nan;nan;nan;nan;nan;nan;nan;nan;nan;nan;nan;nan;nan;nan;nan;nan;nan;nan;nan;nan;nan;nan;nan;nan;nan;nan;nan;nan;nan;nan;nan;nan;nan;nan;nan;nan;nan;nan;nan;nan;nan;nan;nan;nan;nan;nan;nan;nan;nan;nan;nan;nan;nan;nan;nan;nan;nan;nan;nan;nan;nan;nan;nan;nan;0.54857975;0.2970408220792625;0.8796992481203008;0.8724798903970237;0.983424047501237;0.5837652;0.40257270266746126;0.8238;0.8251573570667408;0.8818425808755268;0.031154155731201172;0.54857975;0.2970408220792625;0.8796992481203008;0.8724798903970237;0.983424047501237;0.5837652;0.40257270266746126;0.8238;0.8251573570667408;0.8818425808755268;0.0;0.0;0.0;0.0;0.0;0.0;0.0;0.0;0.0;0.0;0.031154155731201172;0.6158024;0.45055630982370304;0.9548872180451128;0.9550917735515259;0.9490351311232064;0.1822032928466797;258.22598;0.42745045426868855;0.7894736842105263;0.7863525384479849;0.8720279720279721;7.951666831970215;nan;nan;nan;nan;nan;nan;nan;nan;nan;nan;nan;nan;nan;nan;nan;nan;nan;nan;nan;nan;nan;nan;nan;nan;nan;nan;nan;nan;nan;nan;nan;nan;nan;nan;nan;nan;nan;nan;nan;nan;nan;nan;nan;nan;nan;nan;nan;nan;nan;nan;nan;nan;nan;nan;nan;nan;nan;nan;nan;nan;nan;nan;nan;nan;nan;nan;nan;nan;nan;nan;nan;nan;nan;nan;nan;nan;nan;nan;nan;nan;nan;nan;nan;nan;nan;nan;nan;nan;nan;nan;nan;nan;nan;nan;nan;nan;nan;nan;nan;nan;nan;nan;nan;nan;nan;nan;nan;nan;nan;nan;nan;nan;nan;nan;nan;nan;nan;nan;nan;nan;nan;nan;nan;nan;nan;nan;nan;nan;nan;nan;nan;nan;0.46203834;0.2075684373162404;0.97;0.9699507389162563;0.972071611253197;0.43157643;0.18533257954347354;0.9191;0.9174784947182459;0.9666205121732981;0.06691217422485352;0.46203834;0.2075684373162404;0.97;0.9699507389162563;0.972071611253197;0.43157643;0.18533257954347354;0.9191;0.9174784947182459;0.9666205121732981;0.0;0.0;0.0;0.0;0.0;0.0;0.0;0.0;0.0;0.0;0.06691217422485352;0.6114328;0.5230652157962322;0.785;0.7655345966369589;0.9384143222506394;0.12260174751281738;430.477;nan;0.95;0.9499286005711954;0.9687722510426202;22.70510959625244;nan;nan;nan;nan;nan;nan;nan;nan;nan;nan;nan;nan;nan;nan;nan;nan;nan;nan;nan;nan;nan;nan;nan;nan;nan;nan;nan;nan;nan;nan;nan;nan;nan;nan;nan;nan;nan;nan;nan;nan;nan;nan;nan;nan;nan;nan;nan;nan;nan;nan;nan;nan;nan;nan;nan;nan;nan;nan;nan;nan;nan;nan;nan;nan;nan;nan;nan;nan;nan;nan;nan;nan;nan;nan;nan;nan;nan;nan;nan;nan;nan;nan;nan;nan;nan;nan;nan;nan;0.6142566;0.6678408592577152;0.8269230769230769;0.8342247596153847;0.9911621741051702;0.39600426;0.113518993366675;0.9609;0.9578657156942476;0.9114153090698883;0.0405430793762207;0.6142566;0.6678408592577152;0.8269230769230769;0.8342247596153847;0.9911621741051702;0.39600426;0.113518993366675;0.9609;0.9578657156942476;0.9114153090698883;0.0;0.0;0.0;0.0;0.0;0.0;0.0;0.0;0.0;0.0;0.0405430793762207;0.50072646;0.33999312518594355;0.875;0.8797243107769422;0.9253203711886875;0.16184592247009277;131.45874;0.03647800652793675;0.9903846153846154;0.9903414593069766;0.9995659722222221;12.4828462600708;nan;nan;nan;nan;nan;nan;nan;nan;nan;nan;nan;nan;nan;nan;nan;nan;nan;nan;nan;nan;nan;nan;nan;nan;nan;nan;nan;nan;nan;nan;nan;nan;nan;nan;nan;nan;nan;nan;nan;nan;nan;nan;nan;nan;nan;nan;nan;nan;nan;nan;nan;nan;nan;nan;nan;nan;nan;nan;nan;nan;nan;nan;nan;nan;nan;nan;nan;nan;nan;nan;nan;nan;nan;nan;nan;nan;nan;nan;nan;nan;nan;nan;nan;nan;nan;nan;nan;nan;nan;nan;nan;nan;nan;nan;nan;nan;nan;nan;nan;nan;nan;nan;nan;nan;nan;nan;nan;nan;nan;nan;nan;nan;nan;nan;nan;nan;nan;nan;nan;nan;nan;nan;nan;nan;nan;nan;nan;nan;nan;nan;nan;nan;nan;nan;nan;nan;nan;nan;nan;nan;nan;nan;nan;nan;nan;nan;nan;nan;nan;nan;nan;nan;nan;nan;nan;nan;nan;nan;nan;nan;nan;nan;nan;nan;nan;nan;nan;nan;nan;nan;nan;nan;nan;nan;nan;nan;nan;nan;nan;nan;nan;nan;nan;nan;nan;nan;nan;nan;nan;nan;nan;nan;nan;nan;nan;nan;nan;nan;nan;nan;nan;nan;nan;nan;nan;nan;nan;nan;nan;nan;nan;nan;nan;nan;nan;nan;nan;nan;nan;nan;nan;nan;nan;nan;nan;nan;nan;nan;nan;nan;nan;nan;nan;nan;nan;nan;nan;nan;nan;nan;nan;nan;nan;nan;nan;nan;nan;nan;nan;nan;nan;nan;nan;nan;nan;nan;nan;nan;nan;nan;nan;nan;nan;nan;nan;nan;nan;nan;nan;nan;nan;nan;nan;nan;nan;nan;nan;nan;nan;nan;nan;nan;nan;nan;nan;nan;nan;nan;nan;nan;nan;nan;nan;nan;nan;nan;nan;nan;nan;nan;nan;nan;nan;nan;nan;nan;nan;nan;nan;nan;nan;nan;nan;nan;nan;nan;nan;nan;nan;nan;nan;nan;nan;nan;nan;nan;nan;nan;nan;nan;nan;nan;nan;nan;nan;nan;nan;nan;nan;nan;nan;nan;nan;nan;nan;nan;nan;nan;nan;nan;nan;nan;0.54873234;0.30680734227499523;0.8796992481203008;0.8724798903970237;0.983424047501237;0.58528435;0.40186859233062744;0.8177;0.8204644077663048;0.880162720650415;0.03606128692626953;0.54873234;0.30680734227499523;0.8796992481203008;0.8724798903970237;0.983424047501237;0.58528435;0.40186859233062744;0.8177;0.8204644077663048;0.880162720650415;0.0;0.0;0.0;0.0;0.0;0.0;0.0;0.0;0.0;0.0;0.03606128692626953;0.6158024;0.45055630982370304;0.9548872180451128;0.9550917735515259;0.9490351311232064;0.1822032928466797;258.22598;0.42745045426868855;0.7894736842105263;0.7863525384479849;0.8720279720279721;7.951666831970215;nan;nan;nan;nan;nan;nan;nan;nan;nan;nan;nan;nan;nan;nan;nan;nan;nan;nan;nan;nan;nan;nan;nan;nan;nan;nan;nan;nan;nan;nan;nan;nan;nan;nan;nan;nan;nan;nan;nan;nan;nan;nan;nan;nan;nan;nan;nan;nan;nan;nan;nan;nan;nan;nan;nan;nan;nan;nan;nan;nan;nan;nan;nan;nan;nan;nan;nan;nan;nan;nan;nan;nan;nan;nan;nan;nan;nan;nan;nan;nan;nan;nan;nan;nan;nan;nan;nan;nan;nan;nan;nan;nan;nan;nan;nan;nan;nan;nan;nan;nan;nan;nan;nan;nan;nan;nan;nan;nan;nan;nan;nan;nan;nan;nan;nan;nan;nan;nan;nan;nan;nan;nan;nan;nan;nan;nan;nan;nan;nan;nan;nan;nan;0.43912065;0.15118504285811948;0.97;0.9699507389162563;0.9734526854219949;0.43421382;0.18561460676960329;0.9222;0.921492507918288;0.9667764883126886;0.0406339168548584;0.43912065;0.15118504285811948;0.97;0.9699507389162563;0.9734526854219949;0.43421382;0.18561460676960329;0.9222;0.921492507918288;0.9667764883126886;0.0;0.0;0.0;0.0;0.0;0.0;0.0;0.0;0.0;0.0;0.0406339168548584;0.6114328;0.5230652157962322;0.785;0.7655345966369589;0.9384143222506394;0.12260174751281738;430.477;nan;0.95;0.9499286005711954;0.9687722510426202;22.70510959625244;nan;nan;nan;nan;nan;nan;nan;nan;nan;nan;nan;nan;nan;nan;nan;nan;nan;nan;nan;nan;nan;nan;nan;nan;nan;nan;nan;nan;nan;nan;nan;nan;nan;nan;nan;nan;nan;nan;nan;nan;nan;nan;nan;nan;nan;nan;nan;nan;nan;nan;nan;nan;nan;nan;nan;nan;nan;nan;nan;nan;nan;nan;nan;nan;nan;nan;nan;nan;nan;nan;nan;nan;nan;nan;nan;nan;nan;nan;nan;nan;nan;nan;nan;nan;nan;nan;nan;nan;0.59128165;1.7924699161327715;0.9230769230769231;0.9230769230769231;0.8696420680512594;0.3966098;0.12135378598291349;0.9587;0.9561153327695141;0.8870783098370623;0.03719520568847656;0.59128165;1.7924699161327715;0.9230769230769231;0.9230769230769231;0.8696420680512594;0.3966098;0.12135378598291349;0.9587;0.9561153327695141;0.8870783098370623;0.0;0.0;0.0;0.0;0.0;0.0;0.0;0.0;0.0;0.0;0.03719520568847656;0.50072646;0.33999312518594355;0.875;0.8797243107769422;0.9253203711886875;0.16184592247009277;131.45874;0.03647800652793675;0.9903846153846154;0.9903414593069766;0.9995659722222221;12.4828462600708;nan;nan;nan;nan;nan;nan;nan;nan;nan;nan;nan;nan;nan;nan;nan;nan;nan;nan;nan;nan;nan;nan;nan;nan;nan;nan;nan;nan;nan;nan;nan;nan;nan;nan;nan;nan;nan;nan;nan;nan;nan;nan;nan;nan;nan;nan;nan;nan;nan;nan;nan;nan;nan;nan;nan;nan;nan;nan;nan;nan;nan;nan;nan;nan;nan;nan;nan;nan;nan;nan;nan;nan;nan;nan;nan;nan;nan;nan;nan;nan;nan;nan;nan;nan;nan;nan;nan;nan;nan;nan;nan;nan;nan;nan;nan;nan;nan;nan;nan;nan;nan;nan;nan;nan;nan;nan;nan;nan;nan;nan;nan;nan;nan;nan;nan;nan;nan;nan;nan;nan;nan;nan;nan;nan;nan;nan;nan;nan;nan;nan;nan;nan;nan;nan;nan;nan;nan;nan;nan;nan;nan;nan;nan;nan;nan;nan;nan;nan;nan;nan;nan;nan;nan;nan;nan;nan;nan;nan;nan;nan;nan;nan;nan;nan;nan;nan;nan;nan;nan;nan;nan;nan;nan;nan;nan;nan;nan;nan;nan;nan;nan;nan;nan;nan;nan;nan;nan;nan;nan;nan;nan;nan;nan;nan;nan;nan;nan;nan;nan;nan;nan;nan;nan;nan;nan;nan;nan;nan;nan;nan;nan;nan;nan;nan;nan;nan;nan;nan;nan;nan;nan;nan;nan;nan;nan;nan;nan;nan;nan;nan;nan;nan;nan;nan;nan;nan;nan;nan;nan;nan;nan;nan;nan;nan;nan;nan;nan;nan;nan;nan;nan;nan;nan;nan;nan;nan;nan;nan;nan;nan;nan;nan;nan;nan;nan;nan;nan;nan;nan;nan;nan;nan;nan;nan;nan;nan;nan;nan;nan;nan;nan;nan;nan;nan;nan;nan;nan;nan;nan;nan;nan;nan;nan;nan;nan;nan;nan;nan;nan;nan;nan;nan;nan;nan;nan;nan;nan;nan;nan;nan;nan;nan;nan;nan;nan;nan;nan;nan;nan;nan;nan;nan;nan;nan;nan;nan;nan;nan;nan;nan;nan;nan;nan;nan;nan;nan;nan;nan;nan;nan;nan;nan;nan;nan;nan;nan;nan;nan;nan;nan;nan;nan;0.54822;0.2580880574879854;0.8796992481203008;0.8724798903970237;0.9800841167738743;0.58399475;0.4043258620872024;0.8188;0.8207013157074662;0.880708879864724;0.037015438079833984;0.54822;0.2580880574879854;0.8796992481203008;0.8724798903970237;0.9800841167738743;0.58399475;0.4043258620872024;0.8188;0.8207013157074662;0.880708879864724;0.0;0.0;0.0;0.0;0.0;0.0;0.0;0.0;0.0;0.0;0.037015438079833984;0.6158024;0.45055630982370304;0.9548872180451128;0.9550917735515259;0.9490351311232064;0.1822032928466797;258.22598;0.42745045426868855;0.7894736842105263;0.7863525384479849;0.8720279720279721;7.951666831970215;nan;nan;nan;nan;nan;nan;nan;nan;nan;nan;nan;nan;nan;nan;nan;nan;nan;nan;nan;nan;nan;nan;nan;nan;nan;nan;nan;nan;nan;nan;nan;nan;nan;nan;nan;nan;nan;nan;nan;nan;nan;nan;nan;nan;nan;nan;nan;nan;nan;nan;nan;nan;nan;nan;nan;nan;nan;nan;nan;nan;nan;nan;nan;nan;nan;nan;nan;nan;nan;nan;nan;nan;nan;nan;nan;nan;nan;nan;nan;nan;nan;nan;nan;nan;nan;nan;nan;nan;nan;nan;nan;nan;nan;nan;nan;nan;nan;nan;nan;nan;nan;nan;nan;nan;nan;nan;nan;nan;nan;nan;nan;nan;nan;nan;nan;nan;nan;nan;nan;nan;nan;nan;nan;nan;nan;nan;nan;nan;nan;nan;nan;nan;0.43802163;0.14682066032614102;0.96;0.9601057878140575;0.9833248081841433;0.43124023;0.1796841240320365;0.9237;0.9221067669143049;0.9681193471281074;0.0369107723236084;0.43802163;0.14682066032614102;0.96;0.9601057878140575;0.9833248081841433;0.43124023;0.1796841240320365;0.9237;0.9221067669143049;0.9681193471281074;0.0;0.0;0.0;0.0;0.0;0.0;0.0;0.0;0.0;0.0;0.0369107723236084;0.6114328;0.5230652157962322;0.785;0.7655345966369589;0.9384143222506394;0.12260174751281738;430.477;nan;0.95;0.9499286005711954;0.9687722510426202;22.70510959625244;nan;nan;nan;nan;nan;nan;nan;nan;nan;nan;nan;nan;nan;nan;nan;nan;nan;nan;nan;nan;nan;nan;nan;nan;nan;nan;nan;nan;nan;nan;nan;nan;nan;nan;nan;nan;nan;nan;nan;nan;nan;nan;nan;nan;nan;nan;nan;nan;nan;nan;nan;nan;nan;nan;nan;nan;nan;nan;nan;nan;nan;nan;nan;nan;nan;nan;nan;nan;nan;nan;nan;nan;nan;nan;nan;nan;nan;nan;nan;nan;nan;nan;nan;nan;nan;nan;nan;nan;0.5581197;0.5401674336842103;0.8173076923076923;0.8250686078770068;0.9902783915156872;0.39900312;0.12653897170800094;0.9598;0.9515362516979223;0.8929149530176063;0.03775286674499512;0.5581197;0.5401674336842103;0.8173076923076923;0.8250686078770068;0.9902783915156872;0.39900312;0.12653897170800094;0.9598;0.9515362516979223;0.8929149530176063;0.0;0.0;0.0;0.0;0.0;0.0;0.0;0.0;0.0;0.0;0.03775286674499512;0.50072646;0.33999312518594355;0.875;0.8797243107769422;0.9253203711886875;0.16184592247009277;131.45874;0.03647800652793675;0.9903846153846154;0.9903414593069766;0.9995659722222221;12.4828462600708;nan;nan;nan;nan;nan;nan;nan;nan;nan;nan;nan;nan;nan;nan;nan;nan;nan;nan;nan;nan;nan;nan;nan;nan;nan;nan;nan;nan;nan;nan;nan;nan;nan;nan;nan;nan;nan;nan;nan;nan;nan;nan;nan;nan;nan;nan;nan;nan;nan;nan;nan;nan;nan;nan;nan;nan;nan;nan;nan;nan;nan;nan;nan;nan;nan;nan;nan;nan;nan;nan;nan;nan;nan;nan;nan;nan;nan;nan;nan;nan;nan;nan;nan;nan;nan;nan;nan;nan;nan;nan;nan;nan;nan;nan;nan;nan;nan;nan;nan;nan;nan;nan;nan;nan;nan;nan;nan;nan;nan;nan;nan;nan;nan;nan;nan;nan;nan;nan;nan;nan;nan;nan;nan;nan;nan;nan;nan;nan;nan;nan;nan;nan;nan;nan;nan;nan;nan;nan;nan;nan;nan;nan;nan;nan;nan;nan;nan;nan;nan;nan;nan;nan;nan;nan;nan;nan;nan;nan;nan;nan;nan;nan;nan;nan;nan;nan;nan;nan;nan;nan;nan;nan;nan;nan;nan;nan;nan;nan;nan;nan;nan;nan;nan;nan;nan;nan;nan;nan;nan;nan;nan;nan;nan;nan;nan;nan;nan;nan;nan;nan;nan;nan;nan;nan;nan;nan;nan;nan;nan;nan;nan;nan;nan;nan;nan;nan;nan;nan;nan;nan;nan;nan;nan;nan;nan;nan;nan;nan;nan;nan;nan;nan;nan;nan;nan;nan;nan;nan;nan;nan;nan;nan;nan;nan;nan;nan;nan;nan;nan;nan;nan;nan;nan;nan;nan;nan;nan;nan;nan;nan;nan;nan;nan;nan;nan;nan;nan;nan;nan;nan;nan;nan;nan;nan;nan;nan;nan;nan;nan;nan;nan;nan;nan;nan;nan;nan;nan;nan;nan;nan;nan;nan;nan;nan;nan;nan;nan;nan;nan;nan;nan;nan;nan;nan;nan;nan;nan;nan;nan;nan;nan;nan;nan;nan;nan;nan;nan;nan;nan;nan;nan;nan;nan;nan;nan;nan;nan;nan;nan;nan;nan;nan;nan;nan;nan;nan;nan;nan;nan;nan;nan;nan;nan;nan;nan;nan;nan;nan;nan;nan;nan;nan;0.6289331;0.5362051078272525;0.5112781954887218;0.467571085425253;0.7339188520534389;0.6139725;0.30058489306439085;0.879;0.8757304035994717;0.8732752711525482;0.043213844299316406;0.6289331;0.5362051078272525;0.5112781954887218;0.467571085425253;0.7339188520534389;0.6139725;0.30058489306439085;0.879;0.8757304035994717;0.8732752711525482;0.0;0.0;0.0;0.0;0.0;0.0;0.0;0.0;0.0;0.0;0.043213844299316406;0.6158024;0.45055630982370304;0.9548872180451128;0.9550917735515259;0.9490351311232064;0.1822032928466797;258.22598;0.42745045426868855;0.7894736842105263;0.7863525384479849;0.8720279720279721;7.951666831970215;nan;nan;nan;nan;nan;nan;nan;nan;nan;nan;nan;nan;nan;nan;nan;nan;nan;nan;nan;nan;nan;nan;nan;nan;nan;nan;nan;nan;nan;nan;nan;nan;nan;nan;nan;nan;nan;nan;nan;nan;nan;nan;nan;nan;nan;nan;nan;nan;nan;nan;nan;nan;nan;nan;nan;nan;nan;nan;nan;nan;nan;nan;nan;nan;nan;nan;nan;nan;nan;nan;nan;nan;nan;nan;nan;nan;nan;nan;nan;nan;nan;nan;nan;nan;nan;nan;nan;nan;nan;nan;nan;nan;nan;nan;nan;nan;nan;nan;nan;nan;nan;nan;nan;nan;nan;nan;nan;nan;nan;nan;nan;nan;nan;nan;nan;nan;nan;nan;nan;nan;nan;nan;nan;nan;nan;nan;nan;nan;nan;nan;nan;nan;0.48893955;0.25318415968157465;0.785;0.7655345966369589;0.9626086956521739;0.3671133;0.025060574585590002;0.9882;0.9887848887682998;0.9936518521424181;0.03343486785888672;0.48893955;0.25318415968157465;0.785;0.7655345966369589;0.9626086956521739;0.3671133;0.025060574585590002;0.9882;0.9887848887682998;0.9936518521424181;0.0;0.0;0.0;0.0;0.0;0.0;0.0;0.0;0.0;0.0;0.03343486785888672;0.6114328;0.5230652157962322;0.785;0.7655345966369589;0.9384143222506394;0.12260174751281738;430.477;nan;0.95;0.9499286005711954;0.9687722510426202;22.70510959625244;nan;nan;nan;nan;nan;nan;nan;nan;nan;nan;nan;nan;nan;nan;nan;nan;nan;nan;nan;nan;nan;nan;nan;nan;nan;nan;nan;nan;nan;nan;nan;nan;nan;nan;nan;nan;nan;nan;nan;nan;nan;nan;nan;nan;nan;nan;nan;nan;nan;nan;nan;nan;nan;nan;nan;nan;nan;nan;nan;nan;nan;nan;nan;nan;nan;nan;nan;nan;nan;nan;nan;nan;nan;nan;nan;nan;nan;nan;nan;nan;nan;nan;nan;nan;nan;nan;nan;nan;1.0151484;24.244125456162347;0.2980769230769231;0.1368945868945869;0.5;0.32820478;9.992007221626413e-16;1.0;1.0;0;0.0015270709991455078;1.0151484;24.244125456162347;0.2980769230769231;0.1368945868945869;0.5;0.32820478;9.992007221626413e-16;1.0;1.0;0.0;0.0;0.0;0.0;0.0;0.0;0.0;0.0;0.0;0.0;0.0;0.0015270709991455078;0.50072646;0.33999312518594355;0.875;0.8797243107769422;0.9253203711886875;0.16184592247009277;131.45874;0.03647800652793675;0.9903846153846154;0.9903414593069766;0.9995659722222221;12.4828462600708;nan;nan;nan;nan;nan;nan;nan;nan;nan;nan;nan;nan;nan;nan;nan;nan;nan;nan;nan;nan;nan;nan;nan;nan;nan;nan;nan;nan;nan;nan;nan;nan;nan;nan;nan;nan;nan;nan;nan;nan;nan;nan;nan;nan;nan;nan;nan;nan;nan;nan;nan;nan;nan;nan;nan;nan;nan;nan;nan;nan;nan;nan;nan;nan;nan;nan;nan;nan;nan;nan;nan;nan;nan;nan;nan;nan;nan;nan;nan;nan;nan;nan;nan;nan;nan;nan;nan;nan;nan;nan;nan;nan;nan;nan;nan;nan;nan;nan;nan;nan;nan;nan;nan;nan;nan;nan;nan;nan;nan;nan;nan;nan;nan;nan;nan;nan;nan;nan;nan;nan;nan;nan;nan;nan;nan;nan;nan;nan;nan;nan;nan;nan;nan;nan;nan;nan;nan;nan;nan;nan;nan;nan;nan;nan;nan;nan;nan;nan;nan;nan;nan;nan;nan;nan;nan;nan;nan;nan;nan;nan;nan;nan;nan;nan;nan;nan;nan;nan;nan;nan;nan;nan;nan;nan;nan;nan;nan;nan;nan;nan;nan;nan;nan;nan;nan;nan;nan;nan;nan;nan;nan;nan;nan;nan;nan;nan;nan;nan;nan;nan;nan;nan;nan;nan;nan;nan;nan;nan;nan;nan;nan;nan;nan;nan;nan;nan;nan;nan;nan;nan;nan;nan;nan;nan;nan;nan;nan;nan;nan;nan;nan;nan;nan;nan;nan;nan;nan;nan;nan;nan;nan;nan;nan;nan;nan;nan;nan;nan;nan;nan;nan;nan;nan;nan;nan;nan;nan;nan;nan;nan;nan;nan;nan;nan;nan;nan;nan;nan;nan;nan;nan;nan;nan;nan;nan;nan;nan;nan;nan;nan;nan;nan;nan;nan;nan;nan;nan;nan;nan;nan;nan;nan;nan;nan;nan;nan;nan;nan;nan;nan;nan;nan;nan;nan;nan;nan;nan;nan;nan;nan;nan;nan;nan;nan;nan;nan;nan;nan;nan;nan;nan;nan;nan;nan;nan;nan;nan;nan;nan;nan;nan;nan;nan;nan;nan;nan;nan;nan;nan;nan;nan;nan;nan;nan;nan;nan;nan;nan;nan;nan;nan;nan;0.56842196;0.3756777454349685;0.9473684210526315;0.9477151672568843;0.9766204849084612;0.63687634;0.37829285125604595;0.8253;0.8221192361652442;0.8610714262364747;0.034607887268066406;0.56842196;0.3756777454349685;0.9473684210526315;0.9477151672568843;0.9766204849084612;0.63687634;0.37829285125604595;0.8253;0.8221192361652442;0.8610714262364747;0.0;0.0;0.0;0.0;0.0;0.0;0.0;0.0;0.0;0.0;0.034607887268066406;0.6158024;0.45055630982370304;0.9548872180451128;0.9550917735515259;0.9490351311232064;0.1822032928466797;258.22598;0.42745045426868855;0.7894736842105263;0.7863525384479849;0.8720279720279721;7.951666831970215;nan;nan;nan;nan;nan;nan;nan;nan;nan;nan;nan;nan;nan;nan;nan;nan;nan;nan;nan;nan;nan;nan;nan;nan;nan;nan;nan;nan;nan;nan;nan;nan;nan;nan;nan;nan;nan;nan;nan;nan;nan;nan;nan;nan;nan;nan;nan;nan;nan;nan;nan;nan;nan;nan;nan;nan;nan;nan;nan;nan;nan;nan;nan;nan;nan;nan;nan;nan;nan;nan;nan;nan;nan;nan;nan;nan;nan;nan;nan;nan;nan;nan;nan;nan;nan;nan;nan;nan;nan;nan;nan;nan;nan;nan;nan;nan;nan;nan;nan;nan;nan;nan;nan;nan;nan;nan;nan;nan;nan;nan;nan;nan;nan;nan;nan;nan;nan;nan;nan;nan;nan;nan;nan;nan;nan;nan;nan;nan;nan;nan;nan;nan;0.5049973;0.2943544640309302;0.785;0.7655345966369589;0.9494117647058824;0.38699263;0.04018745620810085;0.9845;0.983830323973566;0.9785687285223368;0.04106545448303223;0.5049973;0.2943544640309302;0.785;0.7655345966369589;0.9494117647058824;0.38699263;0.04018745620810085;0.9845;0.983830323973566;0.9785687285223368;0.0;0.0;0.0;0.0;0.0;0.0;0.0;0.0;0.0;0.0;0.04106545448303223;0.6114328;0.5230652157962322;0.785;0.7655345966369589;0.9384143222506394;0.12260174751281738;430.477;nan;0.95;0.9499286005711954;0.9687722510426202;22.70510959625244;nan;nan;nan;nan;nan;nan;nan;nan;nan;nan;nan;nan;nan;nan;nan;nan;nan;nan;nan;nan;nan;nan;nan;nan;nan;nan;nan;nan;nan;nan;nan;nan;nan;nan;nan;nan;nan;nan;nan;nan;nan;nan;nan;nan;nan;nan;nan;nan;nan;nan;nan;nan;nan;nan;nan;nan;nan;nan;nan;nan;nan;nan;nan;nan;nan;nan;nan;nan;nan;nan;nan;nan;nan;nan;nan;nan;nan;nan;nan;nan;nan;nan;nan;nan;nan;nan;nan;nan;1.0151484;24.244125456162347;0.2980769230769231;0.1368945868945869;0.5;0.33158758;9.992007221626413e-16;1.0;1.0;1.0;0.02606368064880371;1.0151484;24.244125456162347;0.2980769230769231;0.1368945868945869;0.5;0.33158758;9.992007221626413e-16;1.0;1.0;1.0;0.0;0.0;0.0;0.0;0.0;0.0;0.0;0.0;0.0;0.0;0.02606368064880371;0.50072646;0.33999312518594355;0.875;0.8797243107769422;0.9253203711886875;0.16184592247009277;131.45874;0.03647800652793675;0.9903846153846154;0.9903414593069766;0.9995659722222221;12.4828462600708;nan;nan;nan;nan;nan;nan;nan;nan;nan;nan;nan;nan;nan;nan;nan;nan;nan;nan;nan;nan;nan;nan;nan;nan;nan;nan;nan;nan;nan;nan;nan;nan;nan;nan;nan;nan;nan;nan;nan;nan;nan;nan;nan;nan;nan;nan;nan;nan;nan;nan;nan;nan;nan;nan;nan;nan;nan;nan;nan;nan;nan;nan;nan;nan;nan;nan;nan;nan;nan;nan;nan;nan;nan;nan;nan;nan;nan;nan;nan;nan;nan;nan;nan;nan;nan;nan;nan;nan;nan;nan;nan;nan;nan;nan;nan;nan;nan;nan;nan;nan;nan;nan;nan;nan;nan;nan;nan;nan;nan;nan;nan;nan;nan;nan;nan;nan;nan;nan;nan;nan;nan;nan;nan;nan;nan;nan;nan;nan;nan;nan;nan;nan;nan;nan;nan;nan;nan;nan;nan;nan;nan;nan;nan;nan;nan;nan;nan;nan;nan;nan;nan;nan;nan;nan;nan;nan;nan;nan;nan;nan;nan;nan;nan;nan;nan;nan;nan;nan;nan;nan;nan;nan;nan;nan;nan;nan;nan;nan;nan;nan;nan;nan;nan;nan;nan;nan;nan;nan;nan;nan;nan;nan;nan;nan;nan;nan;nan;nan;nan;nan;nan;nan;nan;nan;nan;nan;nan;nan;nan;nan;nan;nan;nan;nan;nan;nan;nan;nan;nan;nan;nan;nan;nan;nan;nan;nan;nan;nan;nan;nan;nan;nan;nan;nan;nan;nan;nan;nan;nan;nan;nan;nan;nan;nan;nan;nan;nan;nan;nan;nan;nan;nan;nan;nan;nan;nan;nan;nan;nan;nan;nan;nan;nan;nan;nan;nan;nan;nan;nan;nan;nan;nan;nan;nan;nan;nan;nan;nan;nan;nan;nan;nan;nan;nan;nan;nan;nan;nan;nan;nan;nan;nan;nan;nan;nan;nan;nan;nan;nan;nan;nan;nan;nan;nan;nan;nan;nan;nan;nan;nan;nan;nan;nan;nan;nan;nan;nan;nan;nan;nan;nan;nan;nan;nan;nan;nan;nan;nan;nan;nan;nan;nan;nan;nan;nan;nan;nan;nan;nan;nan;nan;nan;nan;nan;nan;nan;nan;nan;nan;nan;nan;nan;0.580356;0.32805716062666457;0.9473684210526315;0.9477151672568843;0.9609104403760514;0.6244719;0.3531768615066464;0.843;0.8444067042432122;0.8730332712476359;0.03418445587158203;0.580356;0.32805716062666457;0.9473684210526315;0.9477151672568843;0.9609104403760514;0.6244719;0.3531768615066464;0.843;0.8444067042432122;0.8730332712476359;0.0;0.0;0.0;0.0;0.0;0.0;0.0;0.0;0.0;0.0;0.03418445587158203;0.6158024;0.45055630982370304;0.9548872180451128;0.9550917735515259;0.9490351311232064;0.1822032928466797;258.22598;0.42745045426868855;0.7894736842105263;0.7863525384479849;0.8720279720279721;7.951666831970215;nan;nan;nan;nan;nan;nan;nan;nan;nan;nan;nan;nan;nan;nan;nan;nan;nan;nan;nan;nan;nan;nan;nan;nan;nan;nan;nan;nan;nan;nan;nan;nan;nan;nan;nan;nan;nan;nan;nan;nan;nan;nan;nan;nan;nan;nan;nan;nan;nan;nan;nan;nan;nan;nan;nan;nan;nan;nan;nan;nan;nan;nan;nan;nan;nan;nan;nan;nan;nan;nan;nan;nan;nan;nan;nan;nan;nan;nan;nan;nan;nan;nan;nan;nan;nan;nan;nan;nan;nan;nan;nan;nan;nan;nan;nan;nan;nan;nan;nan;nan;nan;nan;nan;nan;nan;nan;nan;nan;nan;nan;nan;nan;nan;nan;nan;nan;nan;nan;nan;nan;nan;nan;nan;nan;nan;nan;nan;nan;nan;nan;nan;nan;0.50726914;0.3003330563181494;0.785;0.7655345966369589;0.9670076726342711;0.4087371;0.06785860945321401;0.9706;0.970831091129291;0.9852445579594017;0.041471004486083984;0.50726914;0.3003330563181494;0.785;0.7655345966369589;0.9670076726342711;0.4087371;0.06785860945321401;0.9706;0.970831091129291;0.9852445579594017;0.0;0.0;0.0;0.0;0.0;0.0;0.0;0.0;0.0;0.0;0.041471004486083984;0.6114328;0.5230652157962322;0.785;0.7655345966369589;0.9384143222506394;0.12260174751281738;430.477;nan;0.95;0.9499286005711954;0.9687722510426202;22.70510959625244;nan;nan;nan;nan;nan;nan;nan;nan;nan;nan;nan;nan;nan;nan;nan;nan;nan;nan;nan;nan;nan;nan;nan;nan;nan;nan;nan;nan;nan;nan;nan;nan;nan;nan;nan;nan;nan;nan;nan;nan;nan;nan;nan;nan;nan;nan;nan;nan;nan;nan;nan;nan;nan;nan;nan;nan;nan;nan;nan;nan;nan;nan;nan;nan;nan;nan;nan;nan;nan;nan;nan;nan;nan;nan;nan;nan;nan;nan;nan;nan;nan;nan;nan;nan;nan;nan;nan;nan;0.79586214;16.605565380933115;0.5192307692307693;0.5013450091575092;0.6575342465753424;0.33146122;9.992007221626413e-16;1.0;1.0;1.0;0.02679610252380371;0.79586214;16.605565380933115;0.5192307692307693;0.5013450091575092;0.6575342465753424;0.33146122;9.992007221626413e-16;1.0;1.0;1.0;0.0;0.0;0.0;0.0;0.0;0.0;0.0;0.0;0.0;0.0;0.02679610252380371;0.50072646;0.33999312518594355;0.875;0.8797243107769422;0.9253203711886875;0.16184592247009277;131.45874;0.03647800652793675;0.9903846153846154;0.9903414593069766;0.9995659722222221;12.4828462600708;nan;nan;nan;nan;nan;nan;nan;nan;nan;nan;nan;nan;nan;nan;nan;nan;nan;nan;nan;nan;nan;nan;nan;nan;nan;nan;nan;nan;nan;nan;nan;nan;nan;nan;nan;nan;nan;nan;nan;nan;nan;nan;nan;nan;nan;nan;nan;nan;nan;nan;nan;nan;nan;nan;nan;nan;nan;nan;nan;nan;nan;nan;nan;nan;nan;nan;nan;nan;nan;nan;nan;nan;nan;nan;nan;nan;nan;nan;nan;nan;nan;nan;nan;nan;nan;nan;nan;nan;nan;nan;nan;nan;nan;nan;nan;nan;nan;nan;nan;nan;nan;nan;nan;nan;nan;nan;nan;nan;nan;nan;nan;nan;nan;nan;nan;nan;nan;nan;nan;nan;nan;nan;nan;nan;nan;nan;nan;nan;nan;nan;nan;nan;nan;nan;nan;nan;nan;nan;nan;nan;nan;nan;nan;nan;nan;nan;nan;nan;nan;nan;nan;nan;nan;nan;nan;nan;nan;nan;nan;nan;nan;nan;nan;nan;nan;nan;nan;nan;nan;nan;nan;nan;nan;nan;nan;nan;nan;nan;nan;nan;nan;nan;nan;nan;nan;nan;nan;nan;nan;nan;nan;nan;nan;nan;nan;nan;nan;nan;nan;nan;nan;nan;nan;nan;nan;nan;nan;nan;nan;nan;nan;nan;nan;nan;nan;nan;nan;nan;nan;nan;nan;nan;nan;nan;nan;nan;nan;nan;nan;nan;nan;nan;nan;nan;nan;nan;nan;nan;nan;nan;nan;nan;nan;nan;nan;nan;nan;nan;nan;nan;nan;nan;nan;nan;nan;nan;nan;nan;nan;nan;nan;nan;nan;nan;nan;nan;nan;nan;nan;nan;nan;nan;nan;nan;nan;nan;nan;nan;nan;nan;nan;nan;nan;nan;nan;nan;nan;nan;nan;nan;nan;nan;nan;nan;nan;nan;nan;nan;nan;nan;nan;nan;nan;nan;nan;nan;nan;nan;nan;nan;nan;nan;nan;nan;nan;nan;nan;nan;nan;nan;nan;nan;nan;nan;nan;nan;nan;nan;nan;nan;nan;nan;nan;nan;nan;nan;nan;nan;nan;nan;nan;nan;nan;nan;nan;nan;nan;nan;nan;nan;nan;nan;0.62560326;0.535087274877049;0.5112781954887218;0.467571085425253;0.7311974270163285;0.58687735;0.2519435496400351;0.8966;0.8808056672629555;0.8843192766759838;0.03702497482299805;0.62560326;0.535087274877049;0.5112781954887218;0.467571085425253;0.7311974270163285;0.58687735;0.2519435496400351;0.8966;0.8808056672629555;0.8843192766759838;0.0;0.0;0.0;0.0;0.0;0.0;0.0;0.0;0.0;0.0;0.03702497482299805;0.6158024;0.45055630982370304;0.9548872180451128;0.9550917735515259;0.9490351311232064;0.1822032928466797;258.22598;0.42745045426868855;0.7894736842105263;0.7863525384479849;0.8720279720279721;7.951666831970215;nan;nan;nan;nan;nan;nan;nan;nan;nan;nan;nan;nan;nan;nan;nan;nan;nan;nan;nan;nan;nan;nan;nan;nan;nan;nan;nan;nan;nan;nan;nan;nan;nan;nan;nan;nan;nan;nan;nan;nan;nan;nan;nan;nan;nan;nan;nan;nan;nan;nan;nan;nan;nan;nan;nan;nan;nan;nan;nan;nan;nan;nan;nan;nan;nan;nan;nan;nan;nan;nan;nan;nan;nan;nan;nan;nan;nan;nan;nan;nan;nan;nan;nan;nan;nan;nan;nan;nan;nan;nan;nan;nan;nan;nan;nan;nan;nan;nan;nan;nan;nan;nan;nan;nan;nan;nan;nan;nan;nan;nan;nan;nan;nan;nan;nan;nan;nan;nan;nan;nan;nan;nan;nan;nan;nan;nan;nan;nan;nan;nan;nan;nan;0.51299274;0.31792774555564346;0.785;0.7655345966369589;0.9494117647058824;0.40799928;0.06226393255791694;0.9744;0.9744397301209888;0.9860601341984376;0.034368038177490234;0.51299274;0.31792774555564346;0.785;0.7655345966369589;0.9494117647058824;0.40799928;0.06226393255791694;0.9744;0.9744397301209888;0.9860601341984376;0.0;0.0;0.0;0.0;0.0;0.0;0.0;0.0;0.0;0.0;0.034368038177490234;0.6114328;0.5230652157962322;0.785;0.7655345966369589;0.9384143222506394;0.12260174751281738;430.477;nan;0.95;0.9499286005711954;0.9687722510426202;22.70510959625244;nan;nan;nan;nan;nan;nan;nan;nan;nan;nan;nan;nan;nan;nan;nan;nan;nan;nan;nan;nan;nan;nan;nan;nan;nan;nan;nan;nan;nan;nan;nan;nan;nan;nan;nan;nan;nan;nan;nan;nan;nan;nan;nan;nan;nan;nan;nan;nan;nan;nan;nan;nan;nan;nan;nan;nan;nan;nan;nan;nan;nan;nan;nan;nan;nan;nan;nan;nan;nan;nan;nan;nan;nan;nan;nan;nan;nan;nan;nan;nan;nan;nan;nan;nan;nan;nan;nan;nan;1.0151484;24.244125456162347;0.2980769230769231;0.1368945868945869;0.5;0.3311083;9.992007221626413e-16;1.0;1.0;0;0.000993490219116211;1.0151484;24.244125456162347;0.2980769230769231;0.1368945868945869;0.5;0.3311083;9.992007221626413e-16;1.0;1.0;0.0;0.0;0.0;0.0;0.0;0.0;0.0;0.0;0.0;0.0;0.0;0.000993490219116211;0.50072646;0.33999312518594355;0.875;0.8797243107769422;0.9253203711886875;0.16184592247009277;131.45874;0.03647800652793675;0.9903846153846154;0.9903414593069766;0.9995659722222221;12.4828462600708;nan;nan;nan;nan;nan;nan;nan;nan;nan;nan;nan;nan;nan;nan;nan;nan;nan;nan;nan;nan;nan;nan;nan;nan;nan;nan;nan;nan;nan;nan;nan;nan;nan;nan;nan;nan;nan;nan;nan;nan;nan;nan;nan;nan;nan;nan;nan;nan;nan;nan;nan;nan;nan;nan;nan;nan;nan;nan;nan;nan;nan;nan;nan;nan;nan;nan;nan;nan;nan;nan;nan;nan;nan;nan;nan;nan;nan;nan;nan;nan;nan;nan;nan;nan;nan;nan;nan;nan;nan;nan;nan;nan;nan;nan;nan;nan;nan;nan;nan;nan;nan;nan;nan;nan;nan;nan;nan;nan;nan;nan;nan;nan;nan;nan;nan;nan;nan;nan;nan;nan;nan;nan;nan;nan;nan;nan;nan;nan;nan;nan;nan;nan;nan;nan;nan;nan;nan;nan;nan;nan;nan;nan;nan;nan;nan;nan;nan;nan;nan;nan;nan;nan;nan;nan;nan;nan;nan;nan;nan;nan;nan;nan;nan;nan;nan;nan;nan;nan;nan;nan;nan;nan;nan;nan;nan;nan;nan;nan;nan;nan;nan;nan;nan;nan;nan;nan;nan;nan;nan;nan;nan;nan;nan;nan;nan;nan;nan;nan;nan;nan;nan;nan;nan;nan;nan;nan;nan;nan;nan;nan;nan;nan;nan;nan;nan;nan;nan;nan;nan;nan;nan;nan;nan;nan;nan;nan;nan;nan;nan;nan;nan;nan;nan;nan;nan;nan;nan;nan;nan;nan;nan;nan;nan;nan;nan;nan;nan;nan;nan;nan;nan;nan;nan;nan;nan;nan;nan;nan;nan;nan;nan;nan;nan;nan;nan;nan;nan;nan;nan;nan;nan;nan;nan;nan;nan;nan;nan;nan;nan;nan;nan;nan;nan;nan;nan;nan;nan;nan;nan;nan;nan;nan;nan;nan;nan;nan;nan;nan;nan;nan;nan;nan;nan;nan;nan;nan;nan;nan;nan;nan;nan;nan;nan;nan;nan;nan;nan;nan;nan;nan;nan;nan;nan;nan;nan;nan;nan;nan;nan;nan;nan;nan;nan;nan;nan;nan;nan;nan;nan;nan;nan;nan;nan;nan;nan;nan;nan;nan;nan;nan;nan;nan;0.5565845;0.3184976698445439;0.8796992481203008;0.8724798903970237;0.9873824839188521;0.6563012;0.44728596845603114;0.8049;0.804500082016737;0.853519031840555;0.0356292724609375;0.5565845;0.3184976698445439;0.8796992481203008;0.8724798903970237;0.9873824839188521;0.6563012;0.44728596845603114;0.8049;0.804500082016737;0.853519031840555;0.0;0.0;0.0;0.0;0.0;0.0;0.0;0.0;0.0;0.0;0.0356292724609375;0.6158024;0.45055630982370304;0.9548872180451128;0.9550917735515259;0.9490351311232064;0.1822032928466797;258.22598;0.42745045426868855;0.7894736842105263;0.7863525384479849;0.8720279720279721;7.951666831970215;nan;nan;nan;nan;nan;nan;nan;nan;nan;nan;nan;nan;nan;nan;nan;nan;nan;nan;nan;nan;nan;nan;nan;nan;nan;nan;nan;nan;nan;nan;nan;nan;nan;nan;nan;nan;nan;nan;nan;nan;nan;nan;nan;nan;nan;nan;nan;nan;nan;nan;nan;nan;nan;nan;nan;nan;nan;nan;nan;nan;nan;nan;nan;nan;nan;nan;nan;nan;nan;nan;nan;nan;nan;nan;nan;nan;nan;nan;nan;nan;nan;nan;nan;nan;nan;nan;nan;nan;nan;nan;nan;nan;nan;nan;nan;nan;nan;nan;nan;nan;nan;nan;nan;nan;nan;nan;nan;nan;nan;nan;nan;nan;nan;nan;nan;nan;nan;nan;nan;nan;nan;nan;nan;nan;nan;nan;nan;nan;nan;nan;nan;nan;0.5596018;0.4237759361510916;0.785;0.7655345966369589;0.9670076726342711;0.42558903;0.0839500965582596;0.9694;0.9702286912442396;0.9580683426257761;0.04140830039978027;0.5596018;0.4237759361510916;0.785;0.7655345966369589;0.9670076726342711;0.42558903;0.0839500965582596;0.9694;0.9702286912442396;0.9580683426257761;0.0;0.0;0.0;0.0;0.0;0.0;0.0;0.0;0.0;0.0;0.04140830039978027;0.6114328;0.5230652157962322;0.785;0.7655345966369589;0.9384143222506394;0.12260174751281738;430.477;nan;0.95;0.9499286005711954;0.9687722510426202;22.70510959625244;nan;nan;nan;nan;nan;nan;nan;nan;nan;nan;nan;nan;nan;nan;nan;nan;nan;nan;nan;nan;nan;nan;nan;nan;nan;nan;nan;nan;nan;nan;nan;nan;nan;nan;nan;nan;nan;nan;nan;nan;nan;nan;nan;nan;nan;nan;nan;nan;nan;nan;nan;nan;nan;nan;nan;nan;nan;nan;nan;nan;nan;nan;nan;nan;nan;nan;nan;nan;nan;nan;nan;nan;nan;nan;nan;nan;nan;nan;nan;nan;nan;nan;nan;nan;nan;nan;nan;nan;1.0151484;24.244125456162347;0.2980769230769231;0.1368945868945869;0.5;0.32929066;9.992007221626413e-16;1.0;1.0;0;0.0008258819580078125;1.0151484;24.244125456162347;0.2980769230769231;0.1368945868945869;0.5;0.32929066;9.992007221626413e-16;1.0;1.0;0.0;0.0;0.0;0.0;0.0;0.0;0.0;0.0;0.0;0.0;0.0;0.0008258819580078125;0.50072646;0.33999312518594355;0.875;0.8797243107769422;0.9253203711886875;0.16184592247009277;131.45874;0.03647800652793675;0.9903846153846154;0.9903414593069766;0.9995659722222221;12.4828462600708;nan;nan;nan;nan;nan;nan;nan;nan;nan;nan;nan;nan;nan;nan;nan;nan;nan;nan;nan;nan;nan;nan;nan;nan;nan;nan;nan;nan;nan;nan;nan;nan;nan;nan;nan;nan;nan;nan;nan;nan;nan;nan;nan;nan;nan;nan;nan;nan;nan;nan;nan;nan;nan;nan;nan;nan;nan;nan;nan;nan;nan;nan;nan;nan;nan;nan;nan;nan;nan;nan;nan;nan;nan;nan;nan;nan;nan;nan;nan;nan;nan;nan;nan;nan;nan;nan;nan;nan;nan;nan;nan;nan;nan;nan;nan;nan;nan;nan;nan;nan;nan;nan;nan;nan;nan;nan;nan;nan;nan;nan;nan;nan;nan;nan;nan;nan;nan;nan;nan;nan;nan;nan;nan;nan;nan;nan;nan;nan;nan;nan;nan;nan;nan;nan;nan;nan;nan;nan;nan;nan;nan;nan;nan;nan;nan;nan;nan;nan;nan;nan;nan;nan;nan;nan;nan;nan;nan;nan;nan;nan;nan;nan;nan;nan;nan;nan;nan;nan;nan;nan;nan;nan;nan;nan;nan;nan;nan;nan;nan;nan;nan;nan;nan;nan;nan;nan;nan;nan;nan;nan;nan;nan;nan;nan;nan;nan;nan;nan;nan;nan;nan;nan;nan;nan;nan;nan;nan;nan;nan;nan;nan;nan;nan;nan;nan;nan;nan;nan;nan;nan;nan;nan;nan;nan;nan;nan;nan;nan;nan;nan;nan;nan;nan;nan;nan;nan;nan;nan;nan;nan;nan;nan;nan;nan;nan;nan;nan;nan;nan;nan;nan;nan;nan;nan;nan;nan;nan;nan;nan;nan;nan;nan;nan;nan;nan;nan;nan;nan;nan;nan;nan;nan;nan;nan;nan;nan;nan;nan;nan;nan;nan;nan;nan;nan;nan;nan;nan;nan;nan;nan;nan;nan;nan;nan;nan;nan;nan;nan;nan;nan;nan;nan;nan;nan;nan;nan;nan;nan;nan;nan;nan;nan;nan;nan;nan;nan;nan;nan;nan;nan;nan;nan;nan;nan;nan;nan;nan;nan;nan;nan;nan;nan;nan;nan;nan;nan;nan;nan;nan;nan;nan;nan;nan;nan;nan;nan;nan;nan;nan;nan;nan;nan;0.5547136;0.31627370416947714;0.8796992481203008;0.8724798903970237;0.9751360712518555;0.6201397;0.34043427845633273;0.8562;0.8552345999133547;0.8550147456069865;0.03992652893066406;0.5547136;0.31627370416947714;0.8796992481203008;0.8724798903970237;0.9751360712518555;0.6201397;0.34043427845633273;0.8562;0.8552345999133547;0.8550147456069865;0.0;0.0;0.0;0.0;0.0;0.0;0.0;0.0;0.0;0.0;0.03992652893066406;0.6158024;0.45055630982370304;0.9548872180451128;0.9550917735515259;0.9490351311232064;0.1822032928466797;258.22598;0.42745045426868855;0.7894736842105263;0.7863525384479849;0.8720279720279721;7.951666831970215;nan;nan;nan;nan;nan;nan;nan;nan;nan;nan;nan;nan;nan;nan;nan;nan;nan;nan;nan;nan;nan;nan;nan;nan;nan;nan;nan;nan;nan;nan;nan;nan;nan;nan;nan;nan;nan;nan;nan;nan;nan;nan;nan;nan;nan;nan;nan;nan;nan;nan;nan;nan;nan;nan;nan;nan;nan;nan;nan;nan;nan;nan;nan;nan;nan;nan;nan;nan;nan;nan;nan;nan;nan;nan;nan;nan;nan;nan;nan;nan;nan;nan;nan;nan;nan;nan;nan;nan;nan;nan;nan;nan;nan;nan;nan;nan;nan;nan;nan;nan;nan;nan;nan;nan;nan;nan;nan;nan;nan;nan;nan;nan;nan;nan;nan;nan;nan;nan;nan;nan;nan;nan;nan;nan;nan;nan;nan;nan;nan;nan;nan;nan;0.48224097;0.23779323931484111;0.915;0.9154716175842935;0.9626086956521739;0.38151088;0.038380530319884594;0.9832;0.9823978091821044;0.9819591242337085;0.03956341743469238;0.48224097;0.23779323931484111;0.915;0.9154716175842935;0.9626086956521739;0.38151088;0.038380530319884594;0.9832;0.9823978091821044;0.9819591242337085;0.0;0.0;0.0;0.0;0.0;0.0;0.0;0.0;0.0;0.0;0.03956341743469238;0.6114328;0.5230652157962322;0.785;0.7655345966369589;0.9384143222506394;0.12260174751281738;430.477;nan;0.95;0.9499286005711954;0.9687722510426202;22.70510959625244;nan;nan;nan;nan;nan;nan;nan;nan;nan;nan;nan;nan;nan;nan;nan;nan;nan;nan;nan;nan;nan;nan;nan;nan;nan;nan;nan;nan;nan;nan;nan;nan;nan;nan;nan;nan;nan;nan;nan;nan;nan;nan;nan;nan;nan;nan;nan;nan;nan;nan;nan;nan;nan;nan;nan;nan;nan;nan;nan;nan;nan;nan;nan;nan;nan;nan;nan;nan;nan;nan;nan;nan;nan;nan;nan;nan;nan;nan;nan;nan;nan;nan;nan;nan;nan;nan;nan;nan;0.42860693;3.9853126261134615;0.8846153846153846;0.8872333548804138;0.8899690676093681;0.334613;9.992007221626413e-16;1.0;1.0;1.0;0.02093338966369629;0.42860693;3.9853126261134615;0.8846153846153846;0.8872333548804138;0.8899690676093681;0.334613;9.992007221626413e-16;1.0;1.0;1.0;0.0;0.0;0.0;0.0;0.0;0.0;0.0;0.0;0.0;0.0;0.02093338966369629;0.50072646;0.33999312518594355;0.875;0.8797243107769422;0.9253203711886875;0.16184592247009277;131.45874;0.03647800652793675;0.9903846153846154;0.9903414593069766;0.9995659722222221;12.4828462600708;nan;nan;nan;nan;nan;nan;nan;nan;nan;nan;nan;nan;nan;nan;nan;nan;nan;nan;nan;nan;nan;nan;nan;nan;nan;nan;nan;nan;nan;nan;nan;nan;nan;nan;nan;nan;nan;nan;nan;nan;nan;nan;nan;nan;nan;nan;nan;nan;nan;nan;nan;nan;nan;nan;nan;nan;nan;nan;nan;nan;nan;nan;nan;nan;nan;nan;nan;nan;nan;nan;nan;nan;nan;nan;nan;nan;nan;nan;nan;nan;nan;nan;nan;nan;nan;nan;nan;nan;nan;nan;nan;nan;nan;nan;nan;nan;nan;nan;nan;nan;nan;nan;nan;nan;nan;nan;nan;nan;nan;nan;nan;nan;nan;nan;nan;nan;nan;nan;nan;nan;nan;nan;nan;nan;nan;nan;nan;nan;nan;nan;nan;nan;nan;nan;nan;nan;nan;nan;nan;nan;nan;nan;nan;nan;nan;nan;nan;nan;nan;nan;nan;nan;nan;nan;nan;nan;nan;nan;nan;nan;nan;nan;nan;nan;nan;nan;nan;nan;nan;nan;nan;nan;nan;nan;nan;nan;nan;nan;nan;nan;nan;nan;nan;nan;nan;nan;nan;nan;nan;nan;nan;nan;nan;nan;nan;nan;nan;nan;nan;nan;nan;nan;nan;nan;nan;nan;nan;nan;nan;nan;nan;nan;nan;nan;nan;nan;nan;nan;nan;nan;nan;nan;nan;nan;nan;nan;nan;nan;nan;nan;nan;nan;nan;nan;nan;nan;nan;nan;nan;nan;nan;nan;nan;nan;nan;nan;nan;nan;nan;nan;nan;nan;nan;nan;nan;nan;nan;nan;nan;nan;nan;nan;nan;nan;nan;nan;nan;nan;nan;nan;nan;nan;nan;nan;nan;nan;nan;nan;nan;nan;nan;nan;nan;nan;nan;nan;nan;nan;nan;nan;nan;nan;nan;nan;nan;nan;nan;nan;nan;nan;nan;nan;nan;nan;nan;nan;nan;nan;nan;nan;nan;nan;nan;nan;nan;nan;nan;nan;nan;nan;nan;nan;nan;nan;nan;nan;nan;nan;nan;nan;nan;nan;nan;nan;nan;nan;nan;nan;nan;nan;nan;nan;nan;nan;nan;nan;nan;nan;nan;nan;nan;nan;0.5570863;0.34557944901848886;0.7969924812030075;0.8007413803817038;0.9873824839188521;0.5966837;0.2644380065714249;0.8908;0.8688704020969396;0.8760819197388446;0.03433942794799805;0.5570863;0.34557944901848886;0.7969924812030075;0.8007413803817038;0.9873824839188521;0.5966837;0.2644380065714249;0.8908;0.8688704020969396;0.8760819197388446;0.0;0.0;0.0;0.0;0.0;0.0;0.0;0.0;0.0;0.0;0.03433942794799805;0.6158024;0.45055630982370304;0.9548872180451128;0.9550917735515259;0.9490351311232064;0.1822032928466797;258.22598;0.42745045426868855;0.7894736842105263;0.7863525384479849;0.8720279720279721;7.951666831970215;nan;nan;nan;nan;nan;nan;nan;nan;nan;nan;nan;nan;nan;nan;nan;nan;nan;nan;nan;nan;nan;nan;nan;nan;nan;nan;nan;nan;nan;nan;nan;nan;nan;nan;nan;nan;nan;nan;nan;nan;nan;nan;nan;nan;nan;nan;nan;nan;nan;nan;nan;nan;nan;nan;nan;nan;nan;nan;nan;nan;nan;nan;nan;nan;nan;nan;nan;nan;nan;nan;nan;nan;nan;nan;nan;nan;nan;nan;nan;nan;nan;nan;nan;nan;nan;nan;nan;nan;nan;nan;nan;nan;nan;nan;nan;nan;nan;nan;nan;nan;nan;nan;nan;nan;nan;nan;nan;nan;nan;nan;nan;nan;nan;nan;nan;nan;nan;nan;nan;nan;nan;nan;nan;nan;nan;nan;nan;nan;nan;nan;nan;nan;0.5328107;0.38493037490108917;0.785;0.7655345966369589;0.9670076726342711;0.4385748;0.08758479189375369;0.9636;0.9647775284117377;0.9806843503134772;0.035977840423583984;0.5328107;0.38493037490108917;0.785;0.7655345966369589;0.9670076726342711;0.4385748;0.08758479189375369;0.9636;0.9647775284117377;0.9806843503134772;0.0;0.0;0.0;0.0;0.0;0.0;0.0;0.0;0.0;0.0;0.035977840423583984;0.6114328;0.5230652157962322;0.785;0.7655345966369589;0.9384143222506394;0.12260174751281738;430.477;nan;0.95;0.9499286005711954;0.9687722510426202;22.70510959625244;nan;nan;nan;nan;nan;nan;nan;nan;nan;nan;nan;nan;nan;nan;nan;nan;nan;nan;nan;nan;nan;nan;nan;nan;nan;nan;nan;nan;nan;nan;nan;nan;nan;nan;nan;nan;nan;nan;nan;nan;nan;nan;nan;nan;nan;nan;nan;nan;nan;nan;nan;nan;nan;nan;nan;nan;nan;nan;nan;nan;nan;nan;nan;nan;nan;nan;nan;nan;nan;nan;nan;nan;nan;nan;nan;nan;nan;nan;nan;nan;nan;nan;nan;nan;nan;nan;nan;nan;1.0151484;24.244125456162347;0.2980769230769231;0.1368945868945869;0.5;0.32409066;9.992007221626413e-16;1.0;1.0;1.0;0.014938116073608398;1.0151484;24.244125456162347;0.2980769230769231;0.1368945868945869;0.5;0.32409066;9.992007221626413e-16;1.0;1.0;1.0;0.0;0.0;0.0;0.0;0.0;0.0;0.0;0.0;0.0;0.0;0.014938116073608398;0.50072646;0.33999312518594355;0.875;0.8797243107769422;0.9253203711886875;0.16184592247009277;131.45874;0.03647800652793675;0.9903846153846154;0.9903414593069766;0.9995659722222221;12.4828462600708;nan;nan;nan;nan;nan;nan;nan;nan;nan;nan;nan;nan;nan;nan;nan;nan;nan;nan;nan;nan;nan;nan;nan;nan;nan;nan;nan;nan;nan;nan;nan;nan;nan;nan;nan;nan;nan;nan;nan;nan;nan;nan;nan;nan;nan;nan;nan;nan;nan;nan;nan;nan;nan;nan;nan;nan;nan;nan;nan;nan;nan;nan;nan;nan;nan;nan;nan;nan;nan;nan;nan;nan;nan;nan;nan;nan;nan;nan;nan;nan;nan;nan;nan;nan;nan;nan;nan;nan;nan;nan;nan;nan;nan;nan;nan;nan;nan;nan;nan;nan;nan;nan;nan;nan;nan;nan;nan;nan;nan;nan;nan;nan;nan;nan;nan;nan;nan;nan;nan;nan;nan;nan;nan;nan;nan;nan;nan;nan;nan;nan;nan;nan;nan;nan;nan;nan;nan;nan;nan;nan;nan;nan;nan;nan;nan;nan;nan;nan;nan;nan;nan;nan;nan;nan;nan;nan;nan;nan;nan;nan;nan;nan;nan;nan;nan;nan;nan;nan;nan;nan;nan;nan;nan;nan;nan;nan;nan;nan;nan;nan;nan;nan;nan;nan;nan;nan;nan;nan;nan;nan;nan;nan;nan;nan;nan;nan;nan;nan;nan;nan;nan;nan;nan;nan;nan;nan;nan;nan;nan;nan;nan;nan;nan;nan;nan;nan;nan;nan;nan;nan;nan;nan;nan;nan;nan;nan;nan;nan;nan;nan;nan;nan;nan;nan;nan;nan;nan;nan;nan;nan;nan;nan;nan;nan;nan;nan;nan;nan;nan;nan;nan;nan;nan;nan;nan;nan;nan;nan;nan;nan;nan;nan;nan;nan;nan;nan;nan;nan;nan;nan;nan;nan;nan;nan;nan;nan;nan;nan;nan;nan;nan;nan;nan;nan;nan;nan;nan;nan;nan;nan;nan;nan;nan;nan;nan;nan;nan;nan;nan;nan;nan;nan;nan;nan;nan;nan;nan;nan;nan;nan;nan;nan;nan;nan;nan;nan;nan;nan;nan;nan;nan;nan;nan;nan;nan;nan;nan;nan;nan;nan;nan;nan;nan;nan;nan;nan;nan;nan;nan;nan;nan;nan;nan;nan;nan;nan;nan;nan;nan;nan;nan;nan;0.5710701;0.37538115776966025;0.7969924812030075;0.7698598479999594;0.9766204849084612;0.64984894;0.4266235726104303;0.8033;0.8066511332819335;0.8549363410221619;0.03531336784362793;0.5710701;0.37538115776966025;0.7969924812030075;0.7698598479999594;0.9766204849084612;0.64984894;0.4266235726104303;0.8033;0.8066511332819335;0.8549363410221619;0.0;0.0;0.0;0.0;0.0;0.0;0.0;0.0;0.0;0.0;0.03531336784362793;0.6158024;0.45055630982370304;0.9548872180451128;0.9550917735515259;0.9490351311232064;0.1822032928466797;258.22598;0.42745045426868855;0.7894736842105263;0.7863525384479849;0.8720279720279721;7.951666831970215;nan;nan;nan;nan;nan;nan;nan;nan;nan;nan;nan;nan;nan;nan;nan;nan;nan;nan;nan;nan;nan;nan;nan;nan;nan;nan;nan;nan;nan;nan;nan;nan;nan;nan;nan;nan;nan;nan;nan;nan;nan;nan;nan;nan;nan;nan;nan;nan;nan;nan;nan;nan;nan;nan;nan;nan;nan;nan;nan;nan;nan;nan;nan;nan;nan;nan;nan;nan;nan;nan;nan;nan;nan;nan;nan;nan;nan;nan;nan;nan;nan;nan;nan;nan;nan;nan;nan;nan;nan;nan;nan;nan;nan;nan;nan;nan;nan;nan;nan;nan;nan;nan;nan;nan;nan;nan;nan;nan;nan;nan;nan;nan;nan;nan;nan;nan;nan;nan;nan;nan;nan;nan;nan;nan;nan;nan;nan;nan;nan;nan;nan;nan;0.5285018;0.37365636760670395;0.785;0.7655345966369589;0.9494117647058824;0.39645043;0.04706212915319283;0.9812;0.9806002029260328;0.9890525582834186;0.04631495475769043;0.5285018;0.37365636760670395;0.785;0.7655345966369589;0.9494117647058824;0.39645043;0.04706212915319283;0.9812;0.9806002029260328;0.9890525582834186;0.0;0.0;0.0;0.0;0.0;0.0;0.0;0.0;0.0;0.0;0.04631495475769043;0.6114328;0.5230652157962322;0.785;0.7655345966369589;0.9384143222506394;0.12260174751281738;430.477;nan;0.95;0.9499286005711954;0.9687722510426202;22.70510959625244;nan;nan;nan;nan;nan;nan;nan;nan;nan;nan;nan;nan;nan;nan;nan;nan;nan;nan;nan;nan;nan;nan;nan;nan;nan;nan;nan;nan;nan;nan;nan;nan;nan;nan;nan;nan;nan;nan;nan;nan;nan;nan;nan;nan;nan;nan;nan;nan;nan;nan;nan;nan;nan;nan;nan;nan;nan;nan;nan;nan;nan;nan;nan;nan;nan;nan;nan;nan;nan;nan;nan;nan;nan;nan;nan;nan;nan;nan;nan;nan;nan;nan;nan;nan;nan;nan;nan;nan;0.45212334;4.649558306661273;0.8653846153846154;0.8706447061710219;0.904109589041096;0.3324553;9.992007221626413e-16;1.0;1.0;1.0;0.015505075454711914;0.45212334;4.649558306661273;0.8653846153846154;0.8706447061710219;0.904109589041096;0.3324553;9.992007221626413e-16;1.0;1.0;1.0;0.0;0.0;0.0;0.0;0.0;0.0;0.0;0.0;0.0;0.0;0.015505075454711914;0.50072646;0.33999312518594355;0.875;0.8797243107769422;0.9253203711886875;0.16184592247009277;131.45874;0.03647800652793675;0.9903846153846154;0.9903414593069766;0.9995659722222221;12.4828462600708;nan;nan;nan;nan;nan;nan;nan;nan;nan;nan;nan;nan;nan;nan;nan;nan;nan;nan;nan;nan;nan;nan;nan;nan;nan;nan;nan;nan;nan;nan;nan;nan;nan;nan;nan;nan;nan;nan;nan;nan;nan;nan;nan;nan;nan;nan;nan;nan;nan;nan;nan;nan;nan;nan;nan;nan;nan;nan;nan;nan;nan;nan;nan;nan;nan;nan;nan;nan;nan;nan;nan;nan;nan;nan;nan;nan;nan;nan;nan;nan;nan;nan;nan;nan;nan;nan;nan;nan;nan;nan;nan;nan;nan;nan;nan;nan;nan;nan;nan;nan;nan;nan;nan;nan;nan;nan;nan;nan;nan;nan;nan;nan;nan;nan;nan;nan;nan;nan;nan;nan;nan;nan;nan;nan;nan;nan;nan;nan;nan;nan;nan;nan;nan;nan;nan;nan;nan;nan;nan;nan;nan;nan;nan;nan;nan;nan;nan;nan;nan;nan;nan;nan;nan;nan;nan;nan;nan;nan;nan;nan;nan;nan;nan;nan;nan;nan;nan;nan;nan;nan;nan;nan;nan;nan;nan;nan;nan;nan;nan;nan;nan;nan;nan;nan;nan;nan;nan;nan;nan;nan;nan;nan;nan;nan;nan;nan;nan;nan;nan;nan;nan;nan;nan;nan;nan;nan;nan;nan;nan;nan;nan;nan;nan;nan;nan;nan;nan;nan;nan;nan;nan;nan;nan;nan;nan;nan;nan;nan;nan;nan;nan;nan;nan;nan;nan;nan;nan;nan;nan;nan;nan;nan;nan;nan;nan;nan;nan;nan;nan;nan;nan;nan;nan;nan;nan;nan;nan;nan;nan;nan;nan;nan;nan;nan;nan;nan;nan;nan;nan;nan;nan;nan;nan;nan;nan;nan;nan;nan;nan;nan;nan;nan;nan;nan;nan;nan;nan;nan;nan;nan;nan;nan;nan;nan;nan;nan;nan;nan;nan;nan;nan;nan;nan;nan;nan;nan;nan;nan;nan;nan;nan;nan;nan;nan;nan;nan;nan;nan;nan;nan;nan;nan;nan;nan;nan;nan;nan;nan;nan;nan;nan;nan;nan;nan;nan;nan;nan;nan;nan;nan;nan;nan;nan;nan;nan;nan;nan;nan;nan;nan;nan;nan;0.6935767;0.7024191763578908;0.6616541353383458;0.541373182792399;0.1025482434438397;0.62941206;0.3671117484510697;0.8413;0.8416622083192251;0.8775326006029688;0.038425445556640625;0.6935767;0.7024191763578908;0.6616541353383458;0.541373182792399;0.1025482434438397;0.62941206;0.3671117484510697;0.8413;0.8416622083192251;0.8775326006029688;0.0;0.0;0.0;0.0;0.0;0.0;0.0;0.0;0.0;0.0;0.038425445556640625;0.6158024;0.45055630982370304;0.9548872180451128;0.9550917735515259;0.9490351311232064;0.1822032928466797;258.22598;0.42745045426868855;0.7894736842105263;0.7863525384479849;0.8720279720279721;7.951666831970215;nan;nan;nan;nan;nan;nan;nan;nan;nan;nan;nan;nan;nan;nan;nan;nan;nan;nan;nan;nan;nan;nan;nan;nan;nan;nan;nan;nan;nan;nan;nan;nan;nan;nan;nan;nan;nan;nan;nan;nan;nan;nan;nan;nan;nan;nan;nan;nan;nan;nan;nan;nan;nan;nan;nan;nan;nan;nan;nan;nan;nan;nan;nan;nan;nan;nan;nan;nan;nan;nan;nan;nan;nan;nan;nan;nan;nan;nan;nan;nan;nan;nan;nan;nan;nan;nan;nan;nan;nan;nan;nan;nan;nan;nan;nan;nan;nan;nan;nan;nan;nan;nan;nan;nan;nan;nan;nan;nan;nan;nan;nan;nan;nan;nan;nan;nan;nan;nan;nan;nan;nan;nan;nan;nan;nan;nan;nan;nan;nan;nan;nan;nan;0.5049415;0.2945929532528073;0.785;0.7655345966369589;0.9538107416879795;0.38970563;0.054056443898589476;0.9778;0.9771634899030581;0.9808256853371509;0.037020206451416016;0.5049415;0.2945929532528073;0.785;0.7655345966369589;0.9538107416879795;0.38970563;0.054056443898589476;0.9778;0.9771634899030581;0.9808256853371509;0.0;0.0;0.0;0.0;0.0;0.0;0.0;0.0;0.0;0.0;0.037020206451416016;0.6114328;0.5230652157962322;0.785;0.7655345966369589;0.9384143222506394;0.12260174751281738;430.477;nan;0.95;0.9499286005711954;0.9687722510426202;22.70510959625244;nan;nan;nan;nan;nan;nan;nan;nan;nan;nan;nan;nan;nan;nan;nan;nan;nan;nan;nan;nan;nan;nan;nan;nan;nan;nan;nan;nan;nan;nan;nan;nan;nan;nan;nan;nan;nan;nan;nan;nan;nan;nan;nan;nan;nan;nan;nan;nan;nan;nan;nan;nan;nan;nan;nan;nan;nan;nan;nan;nan;nan;nan;nan;nan;nan;nan;nan;nan;nan;nan;nan;nan;nan;nan;nan;nan;nan;nan;nan;nan;nan;nan;nan;nan;nan;nan;nan;nan;1.0151484;24.244125456162347;0.2980769230769231;0.1368945868945869;0.5;0.32936218;9.992007221626413e-16;1.0;1.0;1.0;0.015241146087646484;1.0151484;24.244125456162347;0.2980769230769231;0.1368945868945869;0.5;0.32936218;9.992007221626413e-16;1.0;1.0;1.0;0.0;0.0;0.0;0.0;0.0;0.0;0.0;0.0;0.0;0.0;0.015241146087646484;0.50072646;0.33999312518594355;0.875;0.8797243107769422;0.9253203711886875;0.16184592247009277;131.45874;0.03647800652793675;0.9903846153846154;0.9903414593069766;0.9995659722222221;12.4828462600708;nan;nan;nan;nan;nan;nan;nan;nan;nan;nan;nan;nan;nan;nan;nan;nan;nan;nan;nan;nan;nan;nan;nan;nan;nan;nan;nan;nan;nan;nan;nan;nan;nan;nan;nan;nan;nan;nan;nan;nan;nan;nan;nan;nan;nan;nan;nan;nan;nan;nan;nan;nan;nan;nan;nan;nan;nan;nan;nan;nan;nan;nan;nan;nan;nan;nan;nan;nan;nan;nan;nan;nan;nan;nan;nan;nan;nan;nan;nan;nan;nan;nan;nan;nan;nan;nan;nan;nan;nan;nan;nan;nan;nan;nan;nan;nan;nan;nan;nan;nan;nan;nan;nan;nan;nan;nan;nan;nan;nan;nan;nan;nan;nan;nan;nan;nan;nan;nan;nan;nan;nan;nan;nan;nan;nan;nan;nan;nan;nan;nan;nan;nan;nan;nan;nan;nan;nan;nan;nan;nan;nan;nan;nan;nan;nan;nan;nan;nan;nan;nan;nan;nan;nan;nan;nan;nan;nan;nan;nan;nan;nan;nan;nan;nan;nan;nan;nan;nan;nan;nan;nan;nan;nan;nan;nan;nan;nan;nan;nan;nan;nan;nan;nan;nan;nan;nan;nan;nan;nan;nan;nan;nan;nan;nan;nan;nan;nan;nan;nan;nan;nan;nan;nan;nan;nan;nan;nan;nan;nan;nan;nan;nan;nan;nan;nan;nan;nan;nan;nan;nan;nan;nan;nan;nan;nan;nan;nan;nan;nan;nan;nan;nan;nan;nan;nan;nan;nan;nan;nan;nan;nan;nan;nan;nan;nan;nan;nan;nan;nan;nan;nan;nan;nan;nan;nan;nan;nan;nan;nan;nan;nan;nan;nan;nan;nan;nan;nan;nan;nan;nan;nan;nan;nan;nan;nan;nan;nan;nan;nan;nan;nan;nan;nan;nan;nan;nan;nan;nan;nan;nan;nan;nan;nan;nan;nan;nan;nan;nan;nan;nan;nan;nan;nan;nan;nan;nan;nan;nan;nan;nan;nan;nan;nan;nan;nan;nan;nan;nan;nan;nan;nan;nan;nan;nan;nan;nan;nan;nan;nan;nan;nan;nan;nan;nan;nan;nan;nan;nan;nan;nan;nan;nan;nan;nan;nan;nan;nan;nan;nan;nan;nan;nan;0.5539738;0.3265348562530153;0.9473684210526315;0.9477151672568843;0.9807026224641266;0.6213418;0.3455597166747688;0.8494;0.8474822370834769;0.8631090035467792;0.03333425521850586;0.5539738;0.3265348562530153;0.9473684210526315;0.9477151672568843;0.9807026224641266;0.6213418;0.3455597166747688;0.8494;0.8474822370834769;0.8631090035467792;0.0;0.0;0.0;0.0;0.0;0.0;0.0;0.0;0.0;0.0;0.03333425521850586;0.6158024;0.45055630982370304;0.9548872180451128;0.9550917735515259;0.9490351311232064;0.1822032928466797;258.22598;0.42745045426868855;0.7894736842105263;0.7863525384479849;0.8720279720279721;7.951666831970215;nan;nan;nan;nan;nan;nan;nan;nan;nan;nan;nan;nan;nan;nan;nan;nan;nan;nan;nan;nan;nan;nan;nan;nan;nan;nan;nan;nan;nan;nan;nan;nan;nan;nan;nan;nan;nan;nan;nan;nan;nan;nan;nan;nan;nan;nan;nan;nan;nan;nan;nan;nan;nan;nan;nan;nan;nan;nan;nan;nan;nan;nan;nan;nan;nan;nan;nan;nan;nan;nan;nan;nan;nan;nan;nan;nan;nan;nan;nan;nan;nan;nan;nan;nan;nan;nan;nan;nan;nan;nan;nan;nan;nan;nan;nan;nan;nan;nan;nan;nan;nan;nan;nan;nan;nan;nan;nan;nan;nan;nan;nan;nan;nan;nan;nan;nan;nan;nan;nan;nan;nan;nan;nan;nan;nan;nan;nan;nan;nan;nan;nan;nan;0.50160414;0.2852184849175985;0.785;0.7655345966369589;0.9538107416879795;0.42600214;0.07731328624654593;0.9682;0.9673196998655902;0.9800094074423816;0.04040646553039551;0.50160414;0.2852184849175985;0.785;0.7655345966369589;0.9538107416879795;0.42600214;0.07731328624654593;0.9682;0.9673196998655902;0.9800094074423816;0.0;0.0;0.0;0.0;0.0;0.0;0.0;0.0;0.0;0.0;0.04040646553039551;0.6114328;0.5230652157962322;0.785;0.7655345966369589;0.9384143222506394;0.12260174751281738;430.477;nan;0.95;0.9499286005711954;0.9687722510426202;22.70510959625244;nan;nan;nan;nan;nan;nan;nan;nan;nan;nan;nan;nan;nan;nan;nan;nan;nan;nan;nan;nan;nan;nan;nan;nan;nan;nan;nan;nan;nan;nan;nan;nan;nan;nan;nan;nan;nan;nan;nan;nan;nan;nan;nan;nan;nan;nan;nan;nan;nan;nan;nan;nan;nan;nan;nan;nan;nan;nan;nan;nan;nan;nan;nan;nan;nan;nan;nan;nan;nan;nan;nan;nan;nan;nan;nan;nan;nan;nan;nan;nan;nan;nan;nan;nan;nan;nan;nan;nan;0.44271132;4.317446999042611;0.875;0.8797243107769422;0.910958904109589;0.32959467;9.992007221626413e-16;1.0;1.0;1.0;0.027887582778930664;0.44271132;4.317446999042611;0.875;0.8797243107769422;0.910958904109589;0.32959467;9.992007221626413e-16;1.0;1.0;1.0;0.0;0.0;0.0;0.0;0.0;0.0;0.0;0.0;0.0;0.0;0.027887582778930664;0.50072646;0.33999312518594355;0.875;0.8797243107769422;0.9253203711886875;0.16184592247009277;131.45874;0.03647800652793675;0.9903846153846154;0.9903414593069766;0.9995659722222221;12.4828462600708;nan;nan;nan;nan;nan;nan;nan;nan;nan;nan;nan;nan;nan;nan;nan;nan;nan;nan;nan;nan;nan;nan;nan;nan;nan;nan;nan;nan;nan;nan;nan;nan;nan;nan;nan;nan;nan;nan;nan;nan;nan;nan;nan;nan;nan;nan;nan;nan;nan;nan;nan;nan;nan;nan;nan;nan;nan;nan;nan;nan;nan;nan;nan;nan;nan;nan;nan;nan;nan;nan;nan;nan;nan;nan;nan;nan;nan;nan;nan;nan;nan;nan;nan;nan;nan;nan;nan;nan;nan;nan;nan;nan;nan;nan;nan;nan;nan;nan;nan;nan;nan;nan;nan;nan;nan;nan;nan;nan;nan;nan;nan;nan;nan;nan;nan;nan;nan;nan;nan;nan;nan;nan;nan;nan;nan;nan;nan;nan;nan;nan;nan;nan;nan;nan;nan;nan;nan;nan;nan;nan;nan;nan;nan;nan;nan;nan;nan;nan;nan;nan;nan;nan;nan;nan;nan;nan;nan;nan;nan;nan;nan;nan;nan;nan;nan;nan;nan;nan;nan;nan;nan;nan;nan;nan;nan;nan;nan;nan;nan;nan;nan;nan;nan;nan;nan;nan;nan;nan;nan;nan;nan;nan;nan;nan;nan;nan;nan;nan;nan;nan;nan;nan;nan;nan;nan;nan;nan;nan;nan;nan;nan;nan;nan;nan;nan;nan;nan;nan;nan;nan;nan;nan;nan;nan;nan;nan;nan;nan;nan;nan;nan;nan;nan;nan;nan;nan;nan;nan;nan;nan;nan;nan;nan;nan;nan;nan;nan;nan;nan;nan;nan;nan;nan;nan;nan;nan;nan;nan;nan;nan;nan;nan;nan;nan;nan;nan;nan;nan;nan;nan;nan;nan;nan;nan;nan;nan;nan;nan;nan;nan;nan;nan;nan;nan;nan;nan;nan;nan;nan;nan;nan;nan;nan;nan;nan;nan;nan;nan;nan;nan;nan;nan;nan;nan;nan;nan;nan;nan;nan;468.08246496670614;nan;nan;nan;996.1204742526286;nan;nan;699.3813333324092;nan;nan;nan;nan;nan;nan;nan;641.056199606936;680.1472605336351;707.0889541056036;nan;120.484955;nan;nan;nan;259.43768;nan;nan;160.71834;nan;nan;nan;nan;nan;nan;nan;201.68953337078077;225.69164498884408;225.10324;nan;274.06325950469596;nan;nan;nan;364.52088076332933;nan;nan;291.65432284322327;nan;nan;nan;nan;nan;nan;nan;334.26685543423446;351.9379738413345;351.62941349147974;nan;117.60679407130363;nan;nan;nan;210.76646250974318;nan;nan;149.12193243943588;nan;nan;nan;nan;nan;nan;nan;0.0;212.88261591581949;211.34253267134437;nan;4.169251369870798;nan;nan;nan;4.366914253788497;nan;nan;4.1766459276661765;nan;nan;nan;nan;nan;nan;nan;4.963170419110265;5.986594814532492;5.3580418073858045;nan;0.46696783396622316;nan;nan;nan;1.5171778126553344;nan;nan;0.7011421772764282;nan;nan;nan;nan;nan;nan;nan;0.0;3.1839478039999998;2.6302887746183172;
3;1;1;True;vanilla;22;148;10;2;[];True;True;1;True;False;False;True;False;False;vanilla;3;1;distribution;True;[['uniform', 'normal', 'gamma', 'beta', 'poisson']];[['uniform', 'normal', 'gamma', 'beta', 'poisson']];classification;1;0;uniform;5000;10000;0;flip_percentage;0;5;1000;True;0.001;True;50;64;0;[128];False;adam;binary_crossentropy;1537;1;10000;[1792, 512, 512];[0, 0, 0.5];['sigmoid', 'sigmoid', 'sigmoid'];adam;0.001;False;None;None;False;binary_crossentropy;['binary_accuracy'];500;True;256;10000;10;True;False;5;False;True;True;None;None;0.25;False;SEQUENTIAL;60;greedy;10;False;500;['uniform', 'normal', 'gamma', 'beta', 'poisson'];5000;False;make_classification;5000;0;flip_percentage;100;100;False;8;False;2;42;0;0.5881623;0.5669631;0.4290011;0.41174963;1.8334339746614794;0.5890442151465325;0.16715590102381112;0.15819486960465373;0.72168;0.7476;0.9357599999999999;0.9369000000000001;0.6763288529794342;0.7357638711744658;0.935005732121635;0.9359415310633;0.7819167330300366;0.8262658660247127;0.9522168555959901;0.9547064192145722;0.01631627082824707;0.01750946044921875;0.66251504;0.67888886;0.6321518067640066;0.6674723700642586;0.6012;0.5604;0.5408820599050317;0.55421522334052;0.6333422568005157;0.5992908851890827;0.007476091384887695;0.007476091384887695;0.5914875;0.60666585;0.4367478;0.4303531;0.7048497665102438;0.6367217536747841;0.1740034485341831;0.130744102822028;0.66776;0.6828000000000001;0.92684;0.9347000000000001;0.6181115346415073;0.6257531422368987;0.9257133420371255;0.9318693966476462;0.8333323648630072;0.8054869607730099;0.9343606305654701;0.9414290150734834;0.018358731269836427;0.01781606674194336;0.651437;0.6812552;0.5831581912505627;0.6099393384695053;0.68672;0.6859999999999999;0.6239984474109576;0.6537378818462974;0.7153412850388357;0.7108209781241861;0.010548567771911623;0.010548567771911621;0.5864796;0.60765314;0.40902463;0.39303118;3.5913525282995726;0.5454326798095416;0.12644344392138634;0.08153106031356874;0.6841999999999999;0.575;0.9482499999999998;0.9667;0.6151300732804914;0.5043611320976527;0.946521660669889;0.9652046813426058;0.7532405376743515;0.8368076335496832;0.8644365018338993;0.9613998681455851;0.02506732940673828;0.027051925659179688;0.42620367;0.38898075;0.15086197285095723;0.15637242420173186;0.9520000000000002;0.97;0.9512882425653668;0.9700149875548181;0.9734981781467603;0.9903626458296393;0.51481634;0.48170543;0.38021339956142947;0.2853133401653628;0.7611999999999999;0.837;0.7228510955409114;0.8340023607200707;0.9157531942790538;0.9621363578332951;0.5913836;0.55796105;6.200533052517632;0.9797212383862286;0.7363999999999999;0.813;0.674146442974046;0.8000458853676093;0.7257185261750073;0.7766308419477829;0.64728445;0.68316704;0.6025156123846769;0.669640736579895;0.6501999999999999;0.607;0.598654155828027;0.5931801020696222;0.671484004504816;0.6455530487236956;0.17197439670562745;0.1661592721939087;nan;nan;nan;nan;nan;nan;nan;nan;nan;nan;nan;nan;nan;nan;nan;nan;nan;nan;nan;nan;nan;nan;nan;nan;nan;nan;nan;nan;nan;nan;nan;nan;nan;nan;nan;nan;nan;nan;nan;nan;nan;nan;nan;nan;nan;nan;nan;nan;nan;nan;nan;nan;nan;nan;nan;nan;nan;nan;nan;nan;nan;nan;nan;nan;nan;nan;nan;nan;nan;nan;nan;nan;nan;nan;nan;nan;nan;nan;nan;nan;nan;nan;nan;nan;nan;nan;nan;nan;nan;nan;nan;nan;nan;nan;nan;nan;nan;nan;nan;nan;nan;nan;nan;nan;nan;nan;nan;nan;nan;nan;nan;nan;nan;nan;nan;nan;nan;nan;nan;nan;nan;nan;nan;nan;nan;nan;nan;nan;nan;nan;nan;nan;nan;nan;nan;nan;nan;nan;nan;nan;nan;nan;nan;nan;nan;nan;nan;nan;nan;nan;nan;nan;nan;nan;nan;nan;nan;nan;nan;nan;nan;nan;nan;nan;nan;nan;nan;nan;nan;nan;nan;nan;nan;nan;nan;nan;nan;nan;nan;nan;nan;nan;nan;nan;nan;nan;nan;nan;nan;nan;nan;nan;nan;nan;nan;nan;nan;nan;nan;nan;nan;nan;nan;nan;nan;nan;nan;nan;nan;nan;nan;nan;nan;nan;nan;nan;nan;nan;nan;nan;nan;nan;nan;nan;nan;nan;nan;nan;nan;nan;nan;nan;nan;nan;nan;nan;nan;nan;nan;nan;nan;nan;nan;nan;nan;nan;nan;nan;nan;nan;nan;nan;nan;nan;nan;nan;nan;nan;nan;nan;nan;nan;nan;nan;nan;nan;nan;nan;nan;nan;nan;nan;nan;nan;nan;nan;nan;nan;nan;nan;nan;nan;nan;nan;nan;nan;nan;nan;nan;nan;nan;nan;nan;nan;nan;nan;nan;nan;nan;nan;nan;nan;nan;nan;nan;nan;nan;nan;nan;nan;nan;nan;nan;nan;nan;nan;nan;nan;nan;nan;nan;nan;nan;nan;nan;nan;nan;nan;nan;nan;nan;nan;nan;nan;nan;nan;nan;nan;nan;nan;nan;nan;nan;nan;nan;nan;nan;nan;nan;nan;nan;nan;nan;nan;nan;nan;nan;nan;nan;nan;nan;nan;nan;nan;nan;nan;nan;nan;nan;nan;nan;nan;nan;nan;nan;nan;nan;nan;nan;nan;nan;nan;nan;nan;nan;nan;nan;nan;nan;nan;nan;nan;nan;nan;nan;nan;0.52384305;0.4345584149682405;0.9411764705882353;0.9419436228338605;0.95221027479092;0.5271577;0.39051637767335434;0.8244;0.8262140873335843;0.8919843793046738;0.03489279747009277;0.52384305;0.4345584149682405;0.9411764705882353;0.9419436228338605;0.95221027479092;0.5271577;0.39051637767335434;0.8244;0.8262140873335843;0.8919843793046738;0.0;0.0;0.0;0.0;0.0;0.0;0.0;0.0;0.0;0.0;0.03489279747009277;0.624795;0.5706481909050661;0.7176470588235294;0.6541514213340838;0.7096774193548387;0.134566068649292;124.507286;0.12053222089900828;0.9529411764705882;0.9529411764705882;0.9922341696535245;15.828024625778198;0.555222;9.992007221626413e-16;1.0;1.0;0;0.41830206;9.992007221626413e-16;1.0;1.0;0;0.0008723735809326172;0.555222;9.992007221626413e-16;1.0;1.0;0.0;0.41830206;9.992007221626413e-16;1.0;1.0;0.0;0.0;0.0;0.0;0.0;0.0;0.0;0.0;0.0;0.0;0.0;0.0008723735809326172;0.72314256;0.9202734910208603;0.4482758620689655;0.6190476190476191;0;0.12755060195922852;16.296423;0.39407974738499213;0.8275862068965517;0.749512036434613;0.825;7.410394668579102;0.60805935;0.529220558389113;0.8210862619808307;0.8172417949268089;0.6981445712613403;0.47586143;0.26369159650364515;0.9002;0.9005147414141342;0.9413359213867268;0.02744293212890625;0.60805935;0.529220558389113;0.8210862619808307;0.8172417949268089;0.6981445712613403;0.47586143;0.26369159650364515;0.9002;0.9005147414141342;0.9413359213867268;0.0;0.0;0.0;0.0;0.0;0.0;0.0;0.0;0.0;0.0;0.02744293212890625;0.6572697;0.616975093611513;0.7204472843450479;0.640386618166343;0.46916008194322506;0.13518166542053223;1257.0381;0.41282050200093895;0.7971246006389776;0.7969923732219389;0.8725948066504763;36.704516649246216;nan;nan;nan;nan;nan;nan;nan;nan;nan;nan;nan;nan;nan;nan;nan;nan;nan;nan;nan;nan;nan;nan;nan;nan;nan;nan;nan;nan;nan;nan;nan;nan;nan;nan;nan;nan;nan;nan;nan;nan;nan;nan;nan;nan;nan;nan;nan;nan;nan;nan;nan;nan;nan;nan;nan;nan;nan;nan;nan;nan;nan;nan;nan;nan;nan;nan;nan;nan;nan;nan;nan;nan;nan;nan;nan;nan;nan;nan;nan;nan;nan;nan;nan;nan;nan;nan;nan;nan;nan;nan;nan;nan;nan;nan;nan;nan;nan;nan;nan;nan;nan;nan;nan;nan;nan;nan;nan;nan;nan;nan;nan;nan;nan;nan;nan;nan;nan;nan;nan;nan;nan;nan;nan;nan;nan;nan;nan;nan;nan;nan;nan;nan;nan;nan;nan;nan;nan;nan;nan;nan;nan;nan;nan;nan;nan;nan;nan;nan;nan;nan;nan;nan;nan;nan;nan;nan;nan;nan;nan;nan;nan;nan;nan;nan;nan;nan;nan;nan;nan;nan;nan;nan;nan;nan;nan;nan;nan;nan;nan;nan;nan;nan;nan;nan;nan;nan;nan;nan;nan;nan;nan;nan;nan;nan;nan;nan;nan;nan;nan;nan;nan;nan;nan;nan;nan;nan;nan;nan;nan;nan;nan;nan;nan;nan;nan;nan;nan;nan;nan;nan;nan;nan;nan;nan;nan;nan;nan;nan;nan;nan;nan;nan;nan;nan;nan;nan;nan;nan;nan;nan;nan;nan;nan;nan;nan;nan;nan;nan;nan;nan;nan;nan;nan;nan;nan;nan;nan;nan;nan;nan;nan;nan;nan;nan;nan;nan;nan;nan;nan;nan;nan;nan;nan;nan;nan;nan;nan;nan;nan;nan;nan;nan;nan;nan;nan;nan;nan;nan;nan;nan;nan;nan;nan;nan;nan;nan;nan;nan;nan;nan;nan;nan;nan;nan;nan;nan;nan;nan;nan;nan;nan;nan;nan;nan;nan;nan;nan;nan;nan;nan;nan;nan;nan;nan;nan;nan;nan;nan;nan;nan;nan;nan;nan;nan;nan;nan;nan;nan;nan;nan;nan;nan;nan;nan;nan;nan;nan;nan;nan;nan;nan;nan;nan;nan;nan;nan;nan;nan;nan;nan;nan;nan;nan;nan;nan;nan;nan;nan;nan;nan;nan;nan;nan;nan;nan;nan;nan;nan;nan;nan;nan;nan;nan;nan;nan;nan;nan;nan;nan;nan;nan;nan;nan;nan;nan;nan;nan;nan;nan;nan;nan;nan;nan;nan;nan;nan;nan;nan;nan;nan;nan;nan;nan;nan;nan;nan;nan;nan;nan;nan;nan;nan;nan;nan;nan;nan;nan;nan;nan;nan;nan;nan;nan;nan;nan;nan;nan;nan;nan;nan;nan;nan;nan;nan;nan;nan;nan;nan;nan;nan;nan;nan;nan;nan;nan;nan;nan;nan;nan;nan;nan;nan;nan;nan;nan;nan;nan;nan;nan;nan;nan;nan;nan;nan;nan;nan;nan;nan;nan;nan;nan;nan;nan;nan;nan;nan;nan;nan;nan;nan;nan;nan;nan;nan;nan;nan;nan;nan;nan;nan;nan;nan;nan;nan;nan;nan;nan;nan;nan;nan;nan;nan;nan;nan;nan;nan;nan;nan;nan;nan;nan;nan;nan;nan;nan;nan;nan;nan;nan;nan;nan;nan;nan;nan;nan;nan;nan;nan;nan;nan;nan;nan;nan;nan;nan;nan;nan;nan;nan;nan;nan;nan;nan;nan;nan;nan;nan;nan;nan;nan;nan;nan;nan;nan;nan;nan;nan;nan;nan;nan;nan;nan;0.7454251;0.9592122039467395;0.4117647058823529;0.2895175311503912;0.8431899641577062;0.4900667;0.31376991845582236;0.8699;0.8703923442789021;0.9302150715206055;0.03368854522705078;0.7454251;0.9592122039467395;0.4117647058823529;0.2895175311503912;0.8431899641577062;0.4900667;0.31376991845582236;0.8699;0.8703923442789021;0.9302150715206055;0.0;0.0;0.0;0.0;0.0;0.0;0.0;0.0;0.0;0.0;0.03368854522705078;0.624795;0.5706481909050661;0.7176470588235294;0.6541514213340838;0.7096774193548387;0.134566068649292;124.507286;0.12053222089900828;0.9529411764705882;0.9529411764705882;0.9922341696535245;15.828024625778198;0.555222;9.992007221626413e-16;1.0;1.0;0;0.43152997;9.992007221626413e-16;1.0;1.0;0;0.0009560585021972656;0.555222;9.992007221626413e-16;1.0;1.0;0.0;0.43152997;9.992007221626413e-16;1.0;1.0;0.0;0.0;0.0;0.0;0.0;0.0;0.0;0.0;0.0;0.0;0.0;0.0009560585021972656;0.72314256;0.9202734910208603;0.4482758620689655;0.6190476190476191;0;0.12755060195922852;16.296423;0.39407974738499213;0.8275862068965517;0.749512036434613;0.825;7.410394668579102;0.5662079;0.3921466525920254;0.829073482428115;0.8311514074806832;0.8774539069359087;0.44943106;0.22904148509683855;0.8987;0.8941652328200045;0.9477675440884785;0.03231692314147949;0.5662079;0.3921466525920254;0.829073482428115;0.8311514074806832;0.8774539069359087;0.44943106;0.22904148509683855;0.8987;0.8941652328200045;0.9477675440884785;0.0;0.0;0.0;0.0;0.0;0.0;0.0;0.0;0.0;0.0;0.03231692314147949;0.6572697;0.616975093611513;0.7204472843450479;0.640386618166343;0.46916008194322506;0.13518166542053223;1257.0381;0.41282050200093895;0.7971246006389776;0.7969923732219389;0.8725948066504763;36.704516649246216;nan;nan;nan;nan;nan;nan;nan;nan;nan;nan;nan;nan;nan;nan;nan;nan;nan;nan;nan;nan;nan;nan;nan;nan;nan;nan;nan;nan;nan;nan;nan;nan;nan;nan;nan;nan;nan;nan;nan;nan;nan;nan;nan;nan;nan;nan;nan;nan;nan;nan;nan;nan;nan;nan;nan;nan;nan;nan;nan;nan;nan;nan;nan;nan;nan;nan;nan;nan;nan;nan;nan;nan;nan;nan;nan;nan;nan;nan;nan;nan;nan;nan;nan;nan;nan;nan;nan;nan;nan;nan;nan;nan;nan;nan;nan;nan;nan;nan;nan;nan;nan;nan;nan;nan;nan;nan;nan;nan;nan;nan;nan;nan;nan;nan;nan;nan;nan;nan;nan;nan;nan;nan;nan;nan;nan;nan;nan;nan;nan;nan;nan;nan;nan;nan;nan;nan;nan;nan;nan;nan;nan;nan;nan;nan;nan;nan;nan;nan;nan;nan;nan;nan;nan;nan;nan;nan;nan;nan;nan;nan;nan;nan;nan;nan;nan;nan;nan;nan;nan;nan;nan;nan;nan;nan;nan;nan;nan;nan;nan;nan;nan;nan;nan;nan;nan;nan;nan;nan;nan;nan;nan;nan;nan;nan;nan;nan;nan;nan;nan;nan;nan;nan;nan;nan;nan;nan;nan;nan;nan;nan;nan;nan;nan;nan;nan;nan;nan;nan;nan;nan;nan;nan;nan;nan;nan;nan;nan;nan;nan;nan;nan;nan;nan;nan;nan;nan;nan;nan;nan;nan;nan;nan;nan;nan;nan;nan;nan;nan;nan;nan;nan;nan;nan;nan;nan;nan;nan;nan;nan;nan;nan;nan;nan;nan;nan;nan;nan;nan;nan;nan;nan;nan;nan;nan;nan;nan;nan;nan;nan;nan;nan;nan;nan;nan;nan;nan;nan;nan;nan;nan;nan;nan;nan;nan;nan;nan;nan;nan;nan;nan;nan;nan;nan;nan;nan;nan;nan;nan;nan;nan;nan;nan;nan;nan;nan;nan;nan;nan;nan;nan;nan;nan;nan;nan;nan;nan;nan;nan;nan;nan;nan;nan;nan;nan;nan;nan;nan;nan;nan;nan;nan;nan;nan;nan;nan;nan;nan;nan;nan;nan;nan;nan;nan;nan;nan;nan;nan;nan;nan;nan;nan;nan;nan;nan;nan;nan;nan;nan;nan;nan;nan;nan;nan;nan;nan;nan;nan;nan;nan;nan;nan;nan;nan;nan;nan;nan;nan;nan;nan;nan;nan;nan;nan;nan;nan;nan;nan;nan;nan;nan;nan;nan;nan;nan;nan;nan;nan;nan;nan;nan;nan;nan;nan;nan;nan;nan;nan;nan;nan;nan;nan;nan;nan;nan;nan;nan;nan;nan;nan;nan;nan;nan;nan;nan;nan;nan;nan;nan;nan;nan;nan;nan;nan;nan;nan;nan;nan;nan;nan;nan;nan;nan;nan;nan;nan;nan;nan;nan;nan;nan;nan;nan;nan;nan;nan;nan;nan;nan;nan;nan;nan;nan;nan;nan;nan;nan;nan;nan;nan;nan;nan;nan;nan;nan;nan;nan;nan;nan;nan;nan;nan;nan;nan;nan;nan;nan;nan;nan;nan;nan;nan;nan;nan;nan;nan;nan;nan;nan;nan;nan;nan;nan;nan;nan;nan;nan;nan;nan;nan;nan;nan;nan;nan;nan;nan;nan;nan;nan;nan;nan;nan;nan;nan;nan;nan;nan;nan;nan;nan;nan;nan;nan;nan;nan;nan;nan;nan;nan;nan;nan;nan;nan;nan;nan;nan;nan;nan;nan;nan;nan;nan;nan;nan;nan;nan;nan;nan;nan;nan;nan;nan;nan;0.55374736;0.4452999075595757;0.6235294117647059;0.612512295888255;0.9280167264038233;0.41483983;0.11803073636639447;0.9621;0.9509643799337704;0.8448503773444929;0.03856229782104492;0.55374736;0.4452999075595757;0.6235294117647059;0.612512295888255;0.9280167264038233;0.41483983;0.11803073636639447;0.9621;0.9509643799337704;0.8448503773444929;0.0;0.0;0.0;0.0;0.0;0.0;0.0;0.0;0.0;0.0;0.03856229782104492;0.624795;0.5706481909050661;0.7176470588235294;0.6541514213340838;0.7096774193548387;0.134566068649292;124.507286;0.12053222089900828;0.9529411764705882;0.9529411764705882;0.9922341696535245;15.828024625778198;0.555222;9.992007221626413e-16;1.0;1.0;0;0.5542174;9.992007221626413e-16;1.0;1.0;0;0.0010557174682617188;0.555222;9.992007221626413e-16;1.0;1.0;0.0;0.5542174;9.992007221626413e-16;1.0;1.0;0.0;0.0;0.0;0.0;0.0;0.0;0.0;0.0;0.0;0.0;0.0;0.0010557174682617188;0.72314256;0.9202734910208603;0.4482758620689655;0.6190476190476191;0;0.12755060195922852;16.296423;0.39407974738499213;0.8275862068965517;0.749512036434613;0.825;7.410394668579102;0.6158585;0.536518212042375;0.7731629392971247;0.7308184529849466;0.7781972490488732;0.41766632;0.15492306199203182;0.9404;0.9374093650511246;0.9358614365982115;0.043823957443237305;0.6158585;0.536518212042375;0.7731629392971247;0.7308184529849466;0.7781972490488732;0.41766632;0.15492306199203182;0.9404;0.9374093650511246;0.9358614365982115;0.0;0.0;0.0;0.0;0.0;0.0;0.0;0.0;0.0;0.0;0.043823957443237305;0.6572697;0.616975093611513;0.7204472843450479;0.640386618166343;0.46916008194322506;0.13518166542053223;1257.0381;0.41282050200093895;0.7971246006389776;0.7969923732219389;0.8725948066504763;36.704516649246216;nan;nan;nan;nan;nan;nan;nan;nan;nan;nan;nan;nan;nan;nan;nan;nan;nan;nan;nan;nan;nan;nan;nan;nan;nan;nan;nan;nan;nan;nan;nan;nan;nan;nan;nan;nan;nan;nan;nan;nan;nan;nan;nan;nan;nan;nan;nan;nan;nan;nan;nan;nan;nan;nan;nan;nan;nan;nan;nan;nan;nan;nan;nan;nan;nan;nan;nan;nan;nan;nan;nan;nan;nan;nan;nan;nan;nan;nan;nan;nan;nan;nan;nan;nan;nan;nan;nan;nan;nan;nan;nan;nan;nan;nan;nan;nan;nan;nan;nan;nan;nan;nan;nan;nan;nan;nan;nan;nan;nan;nan;nan;nan;nan;nan;nan;nan;nan;nan;nan;nan;nan;nan;nan;nan;nan;nan;nan;nan;nan;nan;nan;nan;nan;nan;nan;nan;nan;nan;nan;nan;nan;nan;nan;nan;nan;nan;nan;nan;nan;nan;nan;nan;nan;nan;nan;nan;nan;nan;nan;nan;nan;nan;nan;nan;nan;nan;nan;nan;nan;nan;nan;nan;nan;nan;nan;nan;nan;nan;nan;nan;nan;nan;nan;nan;nan;nan;nan;nan;nan;nan;nan;nan;nan;nan;nan;nan;nan;nan;nan;nan;nan;nan;nan;nan;nan;nan;nan;nan;nan;nan;nan;nan;nan;nan;nan;nan;nan;nan;nan;nan;nan;nan;nan;nan;nan;nan;nan;nan;nan;nan;nan;nan;nan;nan;nan;nan;nan;nan;nan;nan;nan;nan;nan;nan;nan;nan;nan;nan;nan;nan;nan;nan;nan;nan;nan;nan;nan;nan;nan;nan;nan;nan;nan;nan;nan;nan;nan;nan;nan;nan;nan;nan;nan;nan;nan;nan;nan;nan;nan;nan;nan;nan;nan;nan;nan;nan;nan;nan;nan;nan;nan;nan;nan;nan;nan;nan;nan;nan;nan;nan;nan;nan;nan;nan;nan;nan;nan;nan;nan;nan;nan;nan;nan;nan;nan;nan;nan;nan;nan;nan;nan;nan;nan;nan;nan;nan;nan;nan;nan;nan;nan;nan;nan;nan;nan;nan;nan;nan;nan;nan;nan;nan;nan;nan;nan;nan;nan;nan;nan;nan;nan;nan;nan;nan;nan;nan;nan;nan;nan;nan;nan;nan;nan;nan;nan;nan;nan;nan;nan;nan;nan;nan;nan;nan;nan;nan;nan;nan;nan;nan;nan;nan;nan;nan;nan;nan;nan;nan;nan;nan;nan;nan;nan;nan;nan;nan;nan;nan;nan;nan;nan;nan;nan;nan;nan;nan;nan;nan;nan;nan;nan;nan;nan;nan;nan;nan;nan;nan;nan;nan;nan;nan;nan;nan;nan;nan;nan;nan;nan;nan;nan;nan;nan;nan;nan;nan;nan;nan;nan;nan;nan;nan;nan;nan;nan;nan;nan;nan;nan;nan;nan;nan;nan;nan;nan;nan;nan;nan;nan;nan;nan;nan;nan;nan;nan;nan;nan;nan;nan;nan;nan;nan;nan;nan;nan;nan;nan;nan;nan;nan;nan;nan;nan;nan;nan;nan;nan;nan;nan;nan;nan;nan;nan;nan;nan;nan;nan;nan;nan;nan;nan;nan;nan;nan;nan;nan;nan;nan;nan;nan;nan;nan;nan;nan;nan;nan;nan;nan;nan;nan;nan;nan;nan;nan;nan;nan;nan;nan;nan;nan;nan;nan;nan;nan;nan;nan;nan;nan;nan;nan;nan;nan;nan;nan;nan;nan;nan;nan;nan;nan;nan;nan;nan;nan;nan;nan;nan;nan;nan;nan;nan;nan;nan;nan;nan;nan;nan;nan;nan;nan;nan;nan;0.46303526;0.24537538314110266;0.8588235294117647;0.8489411764705882;0.9784946236559139;0.44937035;0.23213016087740748;0.902;0.9023786081003795;0.9548443846439792;0.03577613830566406;0.46303526;0.24537538314110266;0.8588235294117647;0.8489411764705882;0.9784946236559139;0.44937035;0.23213016087740748;0.902;0.9023786081003795;0.9548443846439792;0.0;0.0;0.0;0.0;0.0;0.0;0.0;0.0;0.0;0.0;0.03577613830566406;0.624795;0.5706481909050661;0.7176470588235294;0.6541514213340838;0.7096774193548387;0.134566068649292;124.507286;0.12053222089900828;0.9529411764705882;0.9529411764705882;0.9922341696535245;15.828024625778198;0.555222;9.992007221626413e-16;1.0;1.0;0;0.4748188;9.992007221626413e-16;1.0;1.0;0;0.0007736682891845703;0.555222;9.992007221626413e-16;1.0;1.0;0.0;0.4748188;9.992007221626413e-16;1.0;1.0;0.0;0.0;0.0;0.0;0.0;0.0;0.0;0.0;0.0;0.0;0.0;0.0007736682891845703;0.72314256;0.9202734910208603;0.4482758620689655;0.6190476190476191;0;0.12755060195922852;16.296423;0.39407974738499213;0.8275862068965517;0.749512036434613;0.825;7.410394668579102;0.8046304;1.0829525674306846;0.31309904153354634;0.2865879422212818;0.4790049751243781;0.45578408;0.26301483569503037;0.8975;0.8963313781057477;0.9480092299192382;0.03216910362243652;0.8046304;1.0829525674306846;0.31309904153354634;0.2865879422212818;0.4790049751243781;0.45578408;0.26301483569503037;0.8975;0.8963313781057477;0.9480092299192382;0.0;0.0;0.0;0.0;0.0;0.0;0.0;0.0;0.0;0.0;0.03216910362243652;0.6572697;0.616975093611513;0.7204472843450479;0.640386618166343;0.46916008194322506;0.13518166542053223;1257.0381;0.41282050200093895;0.7971246006389776;0.7969923732219389;0.8725948066504763;36.704516649246216;nan;nan;nan;nan;nan;nan;nan;nan;nan;nan;nan;nan;nan;nan;nan;nan;nan;nan;nan;nan;nan;nan;nan;nan;nan;nan;nan;nan;nan;nan;nan;nan;nan;nan;nan;nan;nan;nan;nan;nan;nan;nan;nan;nan;nan;nan;nan;nan;nan;nan;nan;nan;nan;nan;nan;nan;nan;nan;nan;nan;nan;nan;nan;nan;nan;nan;nan;nan;nan;nan;nan;nan;nan;nan;nan;nan;nan;nan;nan;nan;nan;nan;nan;nan;nan;nan;nan;nan;nan;nan;nan;nan;nan;nan;nan;nan;nan;nan;nan;nan;nan;nan;nan;nan;nan;nan;nan;nan;nan;nan;nan;nan;nan;nan;nan;nan;nan;nan;nan;nan;nan;nan;nan;nan;nan;nan;nan;nan;nan;nan;nan;nan;nan;nan;nan;nan;nan;nan;nan;nan;nan;nan;nan;nan;nan;nan;nan;nan;nan;nan;nan;nan;nan;nan;nan;nan;nan;nan;nan;nan;nan;nan;nan;nan;nan;nan;nan;nan;nan;nan;nan;nan;nan;nan;nan;nan;nan;nan;nan;nan;nan;nan;nan;nan;nan;nan;nan;nan;nan;nan;nan;nan;nan;nan;nan;nan;nan;nan;nan;nan;nan;nan;nan;nan;nan;nan;nan;nan;nan;nan;nan;nan;nan;nan;nan;nan;nan;nan;nan;nan;nan;nan;nan;nan;nan;nan;nan;nan;nan;nan;nan;nan;nan;nan;nan;nan;nan;nan;nan;nan;nan;nan;nan;nan;nan;nan;nan;nan;nan;nan;nan;nan;nan;nan;nan;nan;nan;nan;nan;nan;nan;nan;nan;nan;nan;nan;nan;nan;nan;nan;nan;nan;nan;nan;nan;nan;nan;nan;nan;nan;nan;nan;nan;nan;nan;nan;nan;nan;nan;nan;nan;nan;nan;nan;nan;nan;nan;nan;nan;nan;nan;nan;nan;nan;nan;nan;nan;nan;nan;nan;nan;nan;nan;nan;nan;nan;nan;nan;nan;nan;nan;nan;nan;nan;nan;nan;nan;nan;nan;nan;nan;nan;nan;nan;nan;nan;nan;nan;nan;nan;nan;nan;nan;nan;nan;nan;nan;nan;nan;nan;nan;nan;nan;nan;nan;nan;nan;nan;nan;nan;nan;nan;nan;nan;nan;nan;nan;nan;nan;nan;nan;nan;nan;nan;nan;nan;nan;nan;nan;nan;nan;nan;nan;nan;nan;nan;nan;nan;nan;nan;nan;nan;nan;nan;nan;nan;nan;nan;nan;nan;nan;nan;nan;nan;nan;nan;nan;nan;nan;nan;nan;nan;nan;nan;nan;nan;nan;nan;nan;nan;nan;nan;nan;nan;nan;nan;nan;nan;nan;nan;nan;nan;nan;nan;nan;nan;nan;nan;nan;nan;nan;nan;nan;nan;nan;nan;nan;nan;nan;nan;nan;nan;nan;nan;nan;nan;nan;nan;nan;nan;nan;nan;nan;nan;nan;nan;nan;nan;nan;nan;nan;nan;nan;nan;nan;nan;nan;nan;nan;nan;nan;nan;nan;nan;nan;nan;nan;nan;nan;nan;nan;nan;nan;nan;nan;nan;nan;nan;nan;nan;nan;nan;nan;nan;nan;nan;nan;nan;nan;nan;nan;nan;nan;nan;nan;nan;nan;nan;nan;nan;nan;nan;nan;nan;nan;nan;nan;nan;nan;nan;nan;nan;nan;nan;nan;nan;nan;nan;nan;nan;nan;nan;nan;nan;nan;nan;nan;nan;nan;nan;nan;nan;nan;nan;nan;nan;nan;nan;nan;nan;nan;nan;nan;nan;nan;nan;nan;nan;nan;nan;nan;nan;0.6051904;0.5827571916774051;0.6941176470588235;0.6986159169550173;0.7470131421744326;0.61680335;0.5453802059845124;0.7293;0.7292724452461259;0.7900579409776977;0.020651578903198242;0.6051904;0.5827571916774051;0.6941176470588235;0.6986159169550173;0.7470131421744326;0.61680335;0.5453802059845124;0.7293;0.7292724452461259;0.7900579409776977;0.0;0.0;0.0;0.0;0.0;0.0;0.0;0.0;0.0;0.0;0.020651578903198242;0.624795;0.5706481909050661;0.7176470588235294;0.6541514213340838;0.7096774193548387;0.134566068649292;124.507286;0.12053222089900828;0.9529411764705882;0.9529411764705882;0.9922341696535245;15.828024625778198;0.5527132;0.023901626915861146;1.0;1.0;0;0.5314438;0.00013862943611298807;0.9999;0.9998833358337084;0.9999749949989998;0.008762359619140625;0.5527132;0.023901626915861146;1.0;1.0;0.0;0.5314438;0.00013862943611298807;0.9999;0.9998833358337084;0.9999749949989998;0.0;0.0;0.0;0.0;0.0;0.0;0.0;0.0;0.0;0.0;0.008762359619140625;0.72314256;0.9202734910208603;0.4482758620689655;0.6190476190476191;0;0.12755060195922852;16.296423;0.39407974738499213;0.8275862068965517;0.749512036434613;0.825;7.410394668579102;0.7073161;1.16332411030881;0.6645367412140575;0.6677392176785499;0.5571202809482001;0.41095233;0.15628745145820527;0.9428;0.9423934088857335;0.9235569920722713;0.02444171905517578;0.7073161;1.16332411030881;0.6645367412140575;0.6677392176785499;0.5571202809482001;0.41095233;0.15628745145820527;0.9428;0.9423934088857335;0.9235569920722713;0.0;0.0;0.0;0.0;0.0;0.0;0.0;0.0;0.0;0.0;0.02444171905517578;0.6572697;0.616975093611513;0.7204472843450479;0.640386618166343;0.46916008194322506;0.13518166542053223;1257.0381;0.41282050200093895;0.7971246006389776;0.7969923732219389;0.8725948066504763;36.704516649246216;nan;nan;nan;nan;nan;nan;nan;nan;nan;nan;nan;nan;nan;nan;nan;nan;nan;nan;nan;nan;nan;nan;nan;nan;nan;nan;nan;nan;nan;nan;nan;nan;nan;nan;nan;nan;nan;nan;nan;nan;nan;nan;nan;nan;nan;nan;nan;nan;nan;nan;nan;nan;nan;nan;nan;nan;nan;nan;nan;nan;nan;nan;nan;nan;nan;nan;nan;nan;nan;nan;nan;nan;nan;nan;nan;nan;nan;nan;nan;nan;nan;nan;nan;nan;nan;nan;nan;nan;nan;nan;nan;nan;nan;nan;nan;nan;nan;nan;nan;nan;nan;nan;nan;nan;nan;nan;nan;nan;nan;nan;nan;nan;nan;nan;nan;nan;nan;nan;nan;nan;nan;nan;nan;nan;nan;nan;nan;nan;nan;nan;nan;nan;nan;nan;nan;nan;nan;nan;nan;nan;nan;nan;nan;nan;nan;nan;nan;nan;nan;nan;nan;nan;nan;nan;nan;nan;nan;nan;nan;nan;nan;nan;nan;nan;nan;nan;nan;nan;nan;nan;nan;nan;nan;nan;nan;nan;nan;nan;nan;nan;nan;nan;nan;nan;nan;nan;nan;nan;nan;nan;nan;nan;nan;nan;nan;nan;nan;nan;nan;nan;nan;nan;nan;nan;nan;nan;nan;nan;nan;nan;nan;nan;nan;nan;nan;nan;nan;nan;nan;nan;nan;nan;nan;nan;nan;nan;nan;nan;nan;nan;nan;nan;nan;nan;nan;nan;nan;nan;nan;nan;nan;nan;nan;nan;nan;nan;nan;nan;nan;nan;nan;nan;nan;nan;nan;nan;nan;nan;nan;nan;nan;nan;nan;nan;nan;nan;nan;nan;nan;nan;nan;nan;nan;nan;nan;nan;nan;nan;nan;nan;nan;nan;nan;nan;nan;nan;nan;nan;nan;nan;nan;nan;nan;nan;nan;nan;nan;nan;nan;nan;nan;nan;nan;nan;nan;nan;nan;nan;nan;nan;nan;nan;nan;nan;nan;nan;nan;nan;nan;nan;nan;nan;nan;nan;nan;nan;nan;nan;nan;nan;nan;nan;nan;nan;nan;nan;nan;nan;nan;nan;nan;nan;nan;nan;nan;nan;nan;nan;nan;nan;nan;nan;nan;nan;nan;nan;nan;nan;nan;nan;nan;nan;nan;nan;nan;nan;nan;nan;nan;nan;nan;nan;nan;nan;nan;nan;nan;nan;nan;nan;nan;nan;nan;nan;nan;nan;nan;nan;nan;nan;nan;nan;nan;nan;nan;nan;nan;nan;nan;nan;nan;nan;nan;nan;nan;nan;nan;nan;nan;nan;nan;nan;nan;nan;nan;nan;nan;nan;nan;nan;nan;nan;nan;nan;nan;nan;nan;nan;nan;nan;nan;nan;nan;nan;nan;nan;nan;nan;nan;nan;nan;nan;nan;nan;nan;nan;nan;nan;nan;nan;nan;nan;nan;nan;nan;nan;nan;nan;nan;nan;nan;nan;nan;nan;nan;nan;nan;nan;nan;nan;nan;nan;nan;nan;nan;nan;nan;nan;nan;nan;nan;nan;nan;nan;nan;nan;nan;nan;nan;nan;nan;nan;nan;nan;nan;nan;nan;nan;nan;nan;nan;nan;nan;nan;nan;nan;nan;nan;nan;nan;nan;nan;nan;nan;nan;nan;nan;nan;nan;nan;nan;nan;nan;nan;nan;nan;nan;nan;nan;nan;nan;nan;nan;nan;nan;nan;nan;nan;nan;nan;nan;nan;nan;nan;nan;nan;nan;nan;nan;nan;nan;nan;nan;nan;nan;nan;nan;nan;nan;nan;nan;nan;nan;nan;nan;nan;nan;nan;nan;nan;nan;nan;0.6555385;0.6204587031778328;0.5294117647058824;0.5046369899311076;0.6863799283154122;0.5156131;0.3382625034054728;0.8523;0.8526670938174864;0.9222810254787202;0.043303728103637695;0.6555385;0.6204587031778328;0.5294117647058824;0.5046369899311076;0.6863799283154122;0.5156131;0.3382625034054728;0.8523;0.8526670938174864;0.9222810254787202;0.0;0.0;0.0;0.0;0.0;0.0;0.0;0.0;0.0;0.0;0.043303728103637695;0.624795;0.5706481909050661;0.7176470588235294;0.6541514213340838;0.7096774193548387;0.134566068649292;124.507286;0.12053222089900828;0.9529411764705882;0.9529411764705882;0.9922341696535245;15.828024625778198;0.555222;9.992007221626413e-16;1.0;1.0;0;0.41134286;9.992007221626413e-16;1.0;1.0;0;0.0010325908660888672;0.555222;9.992007221626413e-16;1.0;1.0;0.0;0.41134286;9.992007221626413e-16;1.0;1.0;0.0;0.0;0.0;0.0;0.0;0.0;0.0;0.0;0.0;0.0;0.0;0.0010325908660888672;0.72314256;0.9202734910208603;0.4482758620689655;0.6190476190476191;0;0.12755060195922852;16.296423;0.39407974738499213;0.8275862068965517;0.749512036434613;0.825;7.410394668579102;0.9132137;3.780032710876513;0.3610223642172524;0.23637834770546123;0.6588235294117647;0.32333112;0.01207572451242786;0.9979;0.9972711044327572;0.8300079508337631;0.03417515754699707;0.9132137;3.780032710876513;0.3610223642172524;0.23637834770546123;0.6588235294117647;0.32333112;0.01207572451242786;0.9979;0.9972711044327572;0.8300079508337631;0.0;0.0;0.0;0.0;0.0;0.0;0.0;0.0;0.0;0.0;0.03417515754699707;0.6572697;0.616975093611513;0.7204472843450479;0.640386618166343;0.46916008194322506;0.13518166542053223;1257.0381;0.41282050200093895;0.7971246006389776;0.7969923732219389;0.8725948066504763;36.704516649246216;nan;nan;nan;nan;nan;nan;nan;nan;nan;nan;nan;nan;nan;nan;nan;nan;nan;nan;nan;nan;nan;nan;nan;nan;nan;nan;nan;nan;nan;nan;nan;nan;nan;nan;nan;nan;nan;nan;nan;nan;nan;nan;nan;nan;nan;nan;nan;nan;nan;nan;nan;nan;nan;nan;nan;nan;nan;nan;nan;nan;nan;nan;nan;nan;nan;nan;nan;nan;nan;nan;nan;nan;nan;nan;nan;nan;nan;nan;nan;nan;nan;nan;nan;nan;nan;nan;nan;nan;nan;nan;nan;nan;nan;nan;nan;nan;nan;nan;nan;nan;nan;nan;nan;nan;nan;nan;nan;nan;nan;nan;nan;nan;nan;nan;nan;nan;nan;nan;nan;nan;nan;nan;nan;nan;nan;nan;nan;nan;nan;nan;nan;nan;nan;nan;nan;nan;nan;nan;nan;nan;nan;nan;nan;nan;nan;nan;nan;nan;nan;nan;nan;nan;nan;nan;nan;nan;nan;nan;nan;nan;nan;nan;nan;nan;nan;nan;nan;nan;nan;nan;nan;nan;nan;nan;nan;nan;nan;nan;nan;nan;nan;nan;nan;nan;nan;nan;nan;nan;nan;nan;nan;nan;nan;nan;nan;nan;nan;nan;nan;nan;nan;nan;nan;nan;nan;nan;nan;nan;nan;nan;nan;nan;nan;nan;nan;nan;nan;nan;nan;nan;nan;nan;nan;nan;nan;nan;nan;nan;nan;nan;nan;nan;nan;nan;nan;nan;nan;nan;nan;nan;nan;nan;nan;nan;nan;nan;nan;nan;nan;nan;nan;nan;nan;nan;nan;nan;nan;nan;nan;nan;nan;nan;nan;nan;nan;nan;nan;nan;nan;nan;nan;nan;nan;nan;nan;nan;nan;nan;nan;nan;nan;nan;nan;nan;nan;nan;nan;nan;nan;nan;nan;nan;nan;nan;nan;nan;nan;nan;nan;nan;nan;nan;nan;nan;nan;nan;nan;nan;nan;nan;nan;nan;nan;nan;nan;nan;nan;nan;nan;nan;nan;nan;nan;nan;nan;nan;nan;nan;nan;nan;nan;nan;nan;nan;nan;nan;nan;nan;nan;nan;nan;nan;nan;nan;nan;nan;nan;nan;nan;nan;nan;nan;nan;nan;nan;nan;nan;nan;nan;nan;nan;nan;nan;nan;nan;nan;nan;nan;nan;nan;nan;nan;nan;nan;nan;nan;nan;nan;nan;nan;nan;nan;nan;nan;nan;nan;nan;nan;nan;nan;nan;nan;nan;nan;nan;nan;nan;nan;nan;nan;nan;nan;nan;nan;nan;nan;nan;nan;nan;nan;nan;nan;nan;nan;nan;nan;nan;nan;nan;nan;nan;nan;nan;nan;nan;nan;nan;nan;nan;nan;nan;nan;nan;nan;nan;nan;nan;nan;nan;nan;nan;nan;nan;nan;nan;nan;nan;nan;nan;nan;nan;nan;nan;nan;nan;nan;nan;nan;nan;nan;nan;nan;nan;nan;nan;nan;nan;nan;nan;nan;nan;nan;nan;nan;nan;nan;nan;nan;nan;nan;nan;nan;nan;nan;nan;nan;nan;nan;nan;nan;nan;nan;nan;nan;nan;nan;nan;nan;nan;nan;nan;nan;nan;nan;nan;nan;nan;nan;nan;nan;nan;nan;nan;nan;nan;nan;nan;nan;nan;nan;nan;nan;nan;nan;nan;nan;nan;nan;nan;nan;nan;nan;nan;nan;nan;nan;nan;nan;nan;nan;nan;nan;nan;nan;nan;nan;nan;nan;nan;nan;nan;nan;nan;nan;nan;nan;nan;nan;nan;nan;nan;nan;nan;nan;nan;nan;nan;nan;nan;nan;nan;nan;0.7090827;0.9517515048341911;0.36470588235294116;0.19492900608519267;0.9393667861409797;0.38722223;0.12418535422609778;0.9611;0.9451924538106053;0.8223956664672316;0.04012584686279297;0.7090827;0.9517515048341911;0.36470588235294116;0.19492900608519267;0.9393667861409797;0.38722223;0.12418535422609778;0.9611;0.9451924538106053;0.8223956664672316;0.0;0.0;0.0;0.0;0.0;0.0;0.0;0.0;0.0;0.0;0.04012584686279297;0.624795;0.5706481909050661;0.7176470588235294;0.6541514213340838;0.7096774193548387;0.134566068649292;124.507286;0.12053222089900828;0.9529411764705882;0.9529411764705882;0.9922341696535245;15.828024625778198;0.555222;9.992007221626413e-16;1.0;1.0;0;0.50228167;9.992007221626413e-16;1.0;1.0;0;0.001012563705444336;0.555222;9.992007221626413e-16;1.0;1.0;0.0;0.50228167;9.992007221626413e-16;1.0;1.0;0.0;0.0;0.0;0.0;0.0;0.0;0.0;0.0;0.0;0.0;0.0;0.001012563705444336;0.72314256;0.9202734910208603;0.4482758620689655;0.6190476190476191;0;0.12755060195922852;16.296423;0.39407974738499213;0.8275862068965517;0.749512036434613;0.825;7.410394668579102;0.62214565;0.5196071598436945;0.7955271565495208;0.7938046653464398;0.7835235586772022;0.5101034;0.3358465123952731;0.8543;0.8544803128456917;0.9266055399939955;0.04276275634765625;0.62214565;0.5196071598436945;0.7955271565495208;0.7938046653464398;0.7835235586772022;0.5101034;0.3358465123952731;0.8543;0.8544803128456917;0.9266055399939955;0.0;0.0;0.0;0.0;0.0;0.0;0.0;0.0;0.0;0.0;0.04276275634765625;0.6572697;0.616975093611513;0.7204472843450479;0.640386618166343;0.46916008194322506;0.13518166542053223;1257.0381;0.41282050200093895;0.7971246006389776;0.7969923732219389;0.8725948066504763;36.704516649246216;nan;nan;nan;nan;nan;nan;nan;nan;nan;nan;nan;nan;nan;nan;nan;nan;nan;nan;nan;nan;nan;nan;nan;nan;nan;nan;nan;nan;nan;nan;nan;nan;nan;nan;nan;nan;nan;nan;nan;nan;nan;nan;nan;nan;nan;nan;nan;nan;nan;nan;nan;nan;nan;nan;nan;nan;nan;nan;nan;nan;nan;nan;nan;nan;nan;nan;nan;nan;nan;nan;nan;nan;nan;nan;nan;nan;nan;nan;nan;nan;nan;nan;nan;nan;nan;nan;nan;nan;nan;nan;nan;nan;nan;nan;nan;nan;nan;nan;nan;nan;nan;nan;nan;nan;nan;nan;nan;nan;nan;nan;nan;nan;nan;nan;nan;nan;nan;nan;nan;nan;nan;nan;nan;nan;nan;nan;nan;nan;nan;nan;nan;nan;nan;nan;nan;nan;nan;nan;nan;nan;nan;nan;nan;nan;nan;nan;nan;nan;nan;nan;nan;nan;nan;nan;nan;nan;nan;nan;nan;nan;nan;nan;nan;nan;nan;nan;nan;nan;nan;nan;nan;nan;nan;nan;nan;nan;nan;nan;nan;nan;nan;nan;nan;nan;nan;nan;nan;nan;nan;nan;nan;nan;nan;nan;nan;nan;nan;nan;nan;nan;nan;nan;nan;nan;nan;nan;nan;nan;nan;nan;nan;nan;nan;nan;nan;nan;nan;nan;nan;nan;nan;nan;nan;nan;nan;nan;nan;nan;nan;nan;nan;nan;nan;nan;nan;nan;nan;nan;nan;nan;nan;nan;nan;nan;nan;nan;nan;nan;nan;nan;nan;nan;nan;nan;nan;nan;nan;nan;nan;nan;nan;nan;nan;nan;nan;nan;nan;nan;nan;nan;nan;nan;nan;nan;nan;nan;nan;nan;nan;nan;nan;nan;nan;nan;nan;nan;nan;nan;nan;nan;nan;nan;nan;nan;nan;nan;nan;nan;nan;nan;nan;nan;nan;nan;nan;nan;nan;nan;nan;nan;nan;nan;nan;nan;nan;nan;nan;nan;nan;nan;nan;nan;nan;nan;nan;nan;nan;nan;nan;nan;nan;nan;nan;nan;nan;nan;nan;nan;nan;nan;nan;nan;nan;nan;nan;nan;nan;nan;nan;nan;nan;nan;nan;nan;nan;nan;nan;nan;nan;nan;nan;nan;nan;nan;nan;nan;nan;nan;nan;nan;nan;nan;nan;nan;nan;nan;nan;nan;nan;nan;nan;nan;nan;nan;nan;nan;nan;nan;nan;nan;nan;nan;nan;nan;nan;nan;nan;nan;nan;nan;nan;nan;nan;nan;nan;nan;nan;nan;nan;nan;nan;nan;nan;nan;nan;nan;nan;nan;nan;nan;nan;nan;nan;nan;nan;nan;nan;nan;nan;nan;nan;nan;nan;nan;nan;nan;nan;nan;nan;nan;nan;nan;nan;nan;nan;nan;nan;nan;nan;nan;nan;nan;nan;nan;nan;nan;nan;nan;nan;nan;nan;nan;nan;nan;nan;nan;nan;nan;nan;nan;nan;nan;nan;nan;nan;nan;nan;nan;nan;nan;nan;nan;nan;nan;nan;nan;nan;nan;nan;nan;nan;nan;nan;nan;nan;nan;nan;nan;nan;nan;nan;nan;nan;nan;nan;nan;nan;nan;nan;nan;nan;nan;nan;nan;nan;nan;nan;nan;nan;nan;nan;nan;nan;nan;nan;nan;nan;nan;nan;nan;nan;nan;nan;nan;nan;nan;nan;nan;nan;nan;nan;nan;nan;nan;nan;nan;nan;nan;nan;nan;nan;nan;nan;nan;nan;nan;nan;nan;nan;nan;nan;nan;nan;nan;nan;nan;nan;nan;nan;nan;nan;nan;0.5393348;0.4031227387211926;0.8470588235294118;0.8349865566061135;0.8524492234169653;0.547849;0.3908784950158859;0.8341;0.827606428768802;0.8445646144200627;0.047632694244384766;0.5393348;0.4031227387211926;0.8470588235294118;0.8349865566061135;0.8524492234169653;0.547849;0.3908784950158859;0.8341;0.827606428768802;0.8445646144200627;0.0;0.0;0.0;0.0;0.0;0.0;0.0;0.0;0.0;0.0;0.047632694244384766;0.624795;0.5706481909050661;0.7176470588235294;0.6541514213340838;0.7096774193548387;0.134566068649292;124.507286;0.12053222089900828;0.9529411764705882;0.9529411764705882;0.9922341696535245;15.828024625778198;0.555222;9.992007221626413e-16;1.0;1.0;0;0.44631553;9.992007221626413e-16;1.0;1.0;0;0.0007243156433105469;0.555222;9.992007221626413e-16;1.0;1.0;0.0;0.44631553;9.992007221626413e-16;1.0;1.0;0.0;0.0;0.0;0.0;0.0;0.0;0.0;0.0;0.0;0.0;0.0;0.0007243156433105469;0.72314256;0.9202734910208603;0.4482758620689655;0.6190476190476191;0;0.12755060195922852;16.296423;0.39407974738499213;0.8275862068965517;0.749512036434613;0.825;7.410394668579102;0.69132894;1.4240952566688618;0.7028753993610224;0.6016191339673769;0.3199356160374598;0.34440297;0.03583106358106203;0.99;0.9889789915966385;0.9051641378347324;0.038568973541259766;0.69132894;1.4240952566688618;0.7028753993610224;0.6016191339673769;0.3199356160374598;0.34440297;0.03583106358106203;0.99;0.9889789915966385;0.9051641378347324;0.0;0.0;0.0;0.0;0.0;0.0;0.0;0.0;0.0;0.0;0.038568973541259766;0.6572697;0.616975093611513;0.7204472843450479;0.640386618166343;0.46916008194322506;0.13518166542053223;1257.0381;0.41282050200093895;0.7971246006389776;0.7969923732219389;0.8725948066504763;36.704516649246216;nan;nan;nan;nan;nan;nan;nan;nan;nan;nan;nan;nan;nan;nan;nan;nan;nan;nan;nan;nan;nan;nan;nan;nan;nan;nan;nan;nan;nan;nan;nan;nan;nan;nan;nan;nan;nan;nan;nan;nan;nan;nan;nan;nan;nan;nan;nan;nan;nan;nan;nan;nan;nan;nan;nan;nan;nan;nan;nan;nan;nan;nan;nan;nan;nan;nan;nan;nan;nan;nan;nan;nan;nan;nan;nan;nan;nan;nan;nan;nan;nan;nan;nan;nan;nan;nan;nan;nan;nan;nan;nan;nan;nan;nan;nan;nan;nan;nan;nan;nan;nan;nan;nan;nan;nan;nan;nan;nan;nan;nan;nan;nan;nan;nan;nan;nan;nan;nan;nan;nan;nan;nan;nan;nan;nan;nan;nan;nan;nan;nan;nan;nan;nan;nan;nan;nan;nan;nan;nan;nan;nan;nan;nan;nan;nan;nan;nan;nan;nan;nan;nan;nan;nan;nan;nan;nan;nan;nan;nan;nan;nan;nan;nan;nan;nan;nan;nan;nan;nan;nan;nan;nan;nan;nan;nan;nan;nan;nan;nan;nan;nan;nan;nan;nan;nan;nan;nan;nan;nan;nan;nan;nan;nan;nan;nan;nan;nan;nan;nan;nan;nan;nan;nan;nan;nan;nan;nan;nan;nan;nan;nan;nan;nan;nan;nan;nan;nan;nan;nan;nan;nan;nan;nan;nan;nan;nan;nan;nan;nan;nan;nan;nan;nan;nan;nan;nan;nan;nan;nan;nan;nan;nan;nan;nan;nan;nan;nan;nan;nan;nan;nan;nan;nan;nan;nan;nan;nan;nan;nan;nan;nan;nan;nan;nan;nan;nan;nan;nan;nan;nan;nan;nan;nan;nan;nan;nan;nan;nan;nan;nan;nan;nan;nan;nan;nan;nan;nan;nan;nan;nan;nan;nan;nan;nan;nan;nan;nan;nan;nan;nan;nan;nan;nan;nan;nan;nan;nan;nan;nan;nan;nan;nan;nan;nan;nan;nan;nan;nan;nan;nan;nan;nan;nan;nan;nan;nan;nan;nan;nan;nan;nan;nan;nan;nan;nan;nan;nan;nan;nan;nan;nan;nan;nan;nan;nan;nan;nan;nan;nan;nan;nan;nan;nan;nan;nan;nan;nan;nan;nan;nan;nan;nan;nan;nan;nan;nan;nan;nan;nan;nan;nan;nan;nan;nan;nan;nan;nan;nan;nan;nan;nan;nan;nan;nan;nan;nan;nan;nan;nan;nan;nan;nan;nan;nan;nan;nan;nan;nan;nan;nan;nan;nan;nan;nan;nan;nan;nan;nan;nan;nan;nan;nan;nan;nan;nan;nan;nan;nan;nan;nan;nan;nan;nan;nan;nan;nan;nan;nan;nan;nan;nan;nan;nan;nan;nan;nan;nan;nan;nan;nan;nan;nan;nan;nan;nan;nan;nan;nan;nan;nan;nan;nan;nan;nan;nan;nan;nan;nan;nan;nan;nan;nan;nan;nan;nan;nan;nan;nan;nan;nan;nan;nan;nan;nan;nan;nan;nan;nan;nan;nan;nan;nan;nan;nan;nan;nan;nan;nan;nan;nan;nan;nan;nan;nan;nan;nan;nan;nan;nan;nan;nan;nan;nan;nan;nan;nan;nan;nan;nan;nan;nan;nan;nan;nan;nan;nan;nan;nan;nan;nan;nan;nan;nan;nan;nan;nan;nan;nan;nan;nan;nan;nan;nan;nan;nan;nan;nan;nan;nan;nan;nan;nan;nan;nan;nan;nan;nan;nan;nan;nan;nan;nan;nan;nan;nan;nan;nan;nan;nan;nan;nan;nan;nan;nan;nan;nan;nan;nan;nan;nan;nan;nan;0.6585557;0.7402029496589785;0.7176470588235294;0.7167090091850694;0.8847072879330944;0.57336867;0.4595674137304024;0.7843;0.7836500717696159;0.8551660302446537;0.032364845275878906;0.6585557;0.7402029496589785;0.7176470588235294;0.7167090091850694;0.8847072879330944;0.57336867;0.4595674137304024;0.7843;0.7836500717696159;0.8551660302446537;0.0;0.0;0.0;0.0;0.0;0.0;0.0;0.0;0.0;0.0;0.032364845275878906;0.624795;0.5706481909050661;0.7176470588235294;0.6541514213340838;0.7096774193548387;0.134566068649292;124.507286;0.12053222089900828;0.9529411764705882;0.9529411764705882;0.9922341696535245;15.828024625778198;0.555222;9.992007221626413e-16;1.0;1.0;0;0.5076849;9.992007221626413e-16;1.0;1.0;1.0;0.009517192840576172;0.555222;9.992007221626413e-16;1.0;1.0;0.0;0.5076849;9.992007221626413e-16;1.0;1.0;1.0;0.0;0.0;0.0;0.0;0.0;0.0;0.0;0.0;0.0;0.0;0.009517192840576172;0.72314256;0.9202734910208603;0.4482758620689655;0.6190476190476191;0;0.12755060195922852;16.296423;0.39407974738499213;0.8275862068965517;0.749512036434613;0.825;7.410394668579102;0.63285184;0.5894009734950476;0.7460063897763578;0.7159841091910473;0.7747966052092479;0.47139928;0.2721537008172358;0.8955;0.8965829545119919;0.9424819490128679;0.03322792053222656;0.63285184;0.5894009734950476;0.7460063897763578;0.7159841091910473;0.7747966052092479;0.47139928;0.2721537008172358;0.8955;0.8965829545119919;0.9424819490128679;0.0;0.0;0.0;0.0;0.0;0.0;0.0;0.0;0.0;0.0;0.03322792053222656;0.6572697;0.616975093611513;0.7204472843450479;0.640386618166343;0.46916008194322506;0.13518166542053223;1257.0381;0.41282050200093895;0.7971246006389776;0.7969923732219389;0.8725948066504763;36.704516649246216;nan;nan;nan;nan;nan;nan;nan;nan;nan;nan;nan;nan;nan;nan;nan;nan;nan;nan;nan;nan;nan;nan;nan;nan;nan;nan;nan;nan;nan;nan;nan;nan;nan;nan;nan;nan;nan;nan;nan;nan;nan;nan;nan;nan;nan;nan;nan;nan;nan;nan;nan;nan;nan;nan;nan;nan;nan;nan;nan;nan;nan;nan;nan;nan;nan;nan;nan;nan;nan;nan;nan;nan;nan;nan;nan;nan;nan;nan;nan;nan;nan;nan;nan;nan;nan;nan;nan;nan;nan;nan;nan;nan;nan;nan;nan;nan;nan;nan;nan;nan;nan;nan;nan;nan;nan;nan;nan;nan;nan;nan;nan;nan;nan;nan;nan;nan;nan;nan;nan;nan;nan;nan;nan;nan;nan;nan;nan;nan;nan;nan;nan;nan;nan;nan;nan;nan;nan;nan;nan;nan;nan;nan;nan;nan;nan;nan;nan;nan;nan;nan;nan;nan;nan;nan;nan;nan;nan;nan;nan;nan;nan;nan;nan;nan;nan;nan;nan;nan;nan;nan;nan;nan;nan;nan;nan;nan;nan;nan;nan;nan;nan;nan;nan;nan;nan;nan;nan;nan;nan;nan;nan;nan;nan;nan;nan;nan;nan;nan;nan;nan;nan;nan;nan;nan;nan;nan;nan;nan;nan;nan;nan;nan;nan;nan;nan;nan;nan;nan;nan;nan;nan;nan;nan;nan;nan;nan;nan;nan;nan;nan;nan;nan;nan;nan;nan;nan;nan;nan;nan;nan;nan;nan;nan;nan;nan;nan;nan;nan;nan;nan;nan;nan;nan;nan;nan;nan;nan;nan;nan;nan;nan;nan;nan;nan;nan;nan;nan;nan;nan;nan;nan;nan;nan;nan;nan;nan;nan;nan;nan;nan;nan;nan;nan;nan;nan;nan;nan;nan;nan;nan;nan;nan;nan;nan;nan;nan;nan;nan;nan;nan;nan;nan;nan;nan;nan;nan;nan;nan;nan;nan;nan;nan;nan;nan;nan;nan;nan;nan;nan;nan;nan;nan;nan;nan;nan;nan;nan;nan;nan;nan;nan;nan;nan;nan;nan;nan;nan;nan;nan;nan;nan;nan;nan;nan;nan;nan;nan;nan;nan;nan;nan;nan;nan;nan;nan;nan;nan;nan;nan;nan;nan;nan;nan;nan;nan;nan;nan;nan;nan;nan;nan;nan;nan;nan;nan;nan;nan;nan;nan;nan;nan;nan;nan;nan;nan;nan;nan;nan;nan;nan;nan;nan;nan;nan;nan;nan;nan;nan;nan;nan;nan;nan;nan;nan;nan;nan;nan;nan;nan;nan;nan;nan;nan;nan;nan;nan;nan;nan;nan;nan;nan;nan;nan;nan;nan;nan;nan;nan;nan;nan;nan;nan;nan;nan;nan;nan;nan;nan;nan;nan;nan;nan;nan;nan;nan;nan;nan;nan;nan;nan;nan;nan;nan;nan;nan;nan;nan;nan;nan;nan;nan;nan;nan;nan;nan;nan;nan;nan;nan;nan;nan;nan;nan;nan;nan;nan;nan;nan;nan;nan;nan;nan;nan;nan;nan;nan;nan;nan;nan;nan;nan;nan;nan;nan;nan;nan;nan;nan;nan;nan;nan;nan;nan;nan;nan;nan;nan;nan;nan;nan;nan;nan;nan;nan;nan;nan;nan;nan;nan;nan;nan;nan;nan;nan;nan;nan;nan;nan;nan;nan;nan;nan;nan;nan;nan;nan;nan;nan;nan;nan;nan;nan;nan;nan;nan;nan;nan;nan;nan;nan;nan;nan;nan;nan;nan;nan;nan;nan;nan;nan;nan;nan;nan;nan;nan;nan;nan;nan;nan;nan;nan;nan;0.50132;0.3403252996150355;0.9176470588235294;0.9166662175635257;0.9041218637992833;0.36788136;0.07813085046442193;0.9757;0.9723446719237118;0.9107782415779729;0.040674686431884766;0.50132;0.3403252996150355;0.9176470588235294;0.9166662175635257;0.9041218637992833;0.36788136;0.07813085046442193;0.9757;0.9723446719237118;0.9107782415779729;0.0;0.0;0.0;0.0;0.0;0.0;0.0;0.0;0.0;0.0;0.040674686431884766;0.624795;0.5706481909050661;0.7176470588235294;0.6541514213340838;0.7096774193548387;0.134566068649292;124.507286;0.12053222089900828;0.9529411764705882;0.9529411764705882;0.9922341696535245;15.828024625778198;0.555222;9.992007221626413e-16;1.0;1.0;0;0.419899;9.992007221626413e-16;1.0;1.0;0;0.0008680820465087891;0.555222;9.992007221626413e-16;1.0;1.0;0.0;0.419899;9.992007221626413e-16;1.0;1.0;0.0;0.0;0.0;0.0;0.0;0.0;0.0;0.0;0.0;0.0;0.0;0.0008680820465087891;0.72314256;0.9202734910208603;0.4482758620689655;0.6190476190476191;0;0.12755060195922852;16.296423;0.39407974738499213;0.8275862068965517;0.749512036434613;0.825;7.410394668579102;0.6193183;0.5831882488915908;0.7236421725239617;0.6426212350940983;0.6096283289435177;0.47217378;0.22413718384640055;0.9189;0.917535735024775;0.9410748701649774;0.03920745849609375;0.6193183;0.5831882488915908;0.7236421725239617;0.6426212350940983;0.6096283289435177;0.47217378;0.22413718384640055;0.9189;0.917535735024775;0.9410748701649774;0.0;0.0;0.0;0.0;0.0;0.0;0.0;0.0;0.0;0.0;0.03920745849609375;0.6572697;0.616975093611513;0.7204472843450479;0.640386618166343;0.46916008194322506;0.13518166542053223;1257.0381;0.41282050200093895;0.7971246006389776;0.7969923732219389;0.8725948066504763;36.704516649246216;nan;nan;nan;nan;nan;nan;nan;nan;nan;nan;nan;nan;nan;nan;nan;nan;nan;nan;nan;nan;nan;nan;nan;nan;nan;nan;nan;nan;nan;nan;nan;nan;nan;nan;nan;nan;nan;nan;nan;nan;nan;nan;nan;nan;nan;nan;nan;nan;nan;nan;nan;nan;nan;nan;nan;nan;nan;nan;nan;nan;nan;nan;nan;nan;nan;nan;nan;nan;nan;nan;nan;nan;nan;nan;nan;nan;nan;nan;nan;nan;nan;nan;nan;nan;nan;nan;nan;nan;nan;nan;nan;nan;nan;nan;nan;nan;nan;nan;nan;nan;nan;nan;nan;nan;nan;nan;nan;nan;nan;nan;nan;nan;nan;nan;nan;nan;nan;nan;nan;nan;nan;nan;nan;nan;nan;nan;nan;nan;nan;nan;nan;nan;nan;nan;nan;nan;nan;nan;nan;nan;nan;nan;nan;nan;nan;nan;nan;nan;nan;nan;nan;nan;nan;nan;nan;nan;nan;nan;nan;nan;nan;nan;nan;nan;nan;nan;nan;nan;nan;nan;nan;nan;nan;nan;nan;nan;nan;nan;nan;nan;nan;nan;nan;nan;nan;nan;nan;nan;nan;nan;nan;nan;nan;nan;nan;nan;nan;nan;nan;nan;nan;nan;nan;nan;nan;nan;nan;nan;nan;nan;nan;nan;nan;nan;nan;nan;nan;nan;nan;nan;nan;nan;nan;nan;nan;nan;nan;nan;nan;nan;nan;nan;nan;nan;nan;nan;nan;nan;nan;nan;nan;nan;nan;nan;nan;nan;nan;nan;nan;nan;nan;nan;nan;nan;nan;nan;nan;nan;nan;nan;nan;nan;nan;nan;nan;nan;nan;nan;nan;nan;nan;nan;nan;nan;nan;nan;nan;nan;nan;nan;nan;nan;nan;nan;nan;nan;nan;nan;nan;nan;nan;nan;nan;nan;nan;nan;nan;nan;nan;nan;nan;nan;nan;nan;nan;nan;nan;nan;nan;nan;nan;nan;nan;nan;nan;nan;nan;nan;nan;nan;nan;nan;nan;nan;nan;nan;nan;nan;nan;nan;nan;nan;nan;nan;nan;nan;nan;nan;nan;nan;nan;nan;nan;nan;nan;nan;nan;nan;nan;nan;nan;nan;nan;nan;nan;nan;nan;nan;nan;nan;nan;nan;nan;nan;nan;nan;nan;nan;nan;nan;nan;nan;nan;nan;nan;nan;nan;nan;nan;nan;nan;nan;nan;nan;nan;nan;nan;nan;nan;nan;nan;nan;nan;nan;nan;nan;nan;nan;nan;nan;nan;nan;nan;nan;nan;nan;nan;nan;nan;nan;nan;nan;nan;nan;nan;nan;nan;nan;nan;nan;nan;nan;nan;nan;nan;nan;nan;nan;nan;nan;nan;nan;nan;nan;nan;nan;nan;nan;nan;nan;nan;nan;nan;nan;nan;nan;nan;nan;nan;nan;nan;nan;nan;nan;nan;nan;nan;nan;nan;nan;nan;nan;nan;nan;nan;nan;nan;nan;nan;nan;nan;nan;nan;nan;nan;nan;nan;nan;nan;nan;nan;nan;nan;nan;nan;nan;nan;nan;nan;nan;nan;nan;nan;nan;nan;nan;nan;nan;nan;nan;nan;nan;nan;nan;nan;nan;nan;nan;nan;nan;nan;nan;nan;nan;nan;nan;nan;nan;nan;nan;nan;nan;nan;nan;nan;nan;nan;nan;nan;nan;nan;nan;nan;nan;nan;nan;nan;nan;nan;nan;nan;nan;nan;nan;nan;nan;nan;nan;nan;nan;nan;nan;nan;nan;nan;nan;nan;nan;nan;nan;nan;nan;nan;nan;nan;nan;nan;nan;nan;nan;nan;nan;0.41732755;0.9802804742063087;0.9294117647058824;0.9294117647058824;0.9301075268817205;0.40891227;0.08175157060770198;0.98;0.9800416666666666;0.9873417721518988;0.0010039806365966797;0.41732755;0.9802804742063087;0.9294117647058824;0.9294117647058824;0.9301075268817205;0.40891227;0.08175157060770198;0.98;0.9800416666666666;0.9873417721518988;0.0;0.0;0.0;0.0;0.0;0.0;0.0;0.0;0.0;0.0;0.0010039806365966797;0.624795;0.5706481909050661;0.7176470588235294;0.6541514213340838;0.7096774193548387;0.134566068649292;124.507286;0.12053222089900828;0.9529411764705882;0.9529411764705882;0.9922341696535245;15.828024625778198;0.555222;9.992007221626413e-16;1.0;1.0;0;0.568495;9.992007221626415e-16;1.0;1.0;0;0.00043320655822753906;0.555222;9.992007221626413e-16;1.0;1.0;0.0;0.568495;9.992007221626415e-16;1.0;1.0;0.0;0.0;0.0;0.0;0.0;0.0;0.0;0.0;0.0;0.0;0.0;0.00043320655822753906;0.72314256;0.9202734910208603;0.4482758620689655;0.6190476190476191;0;0.12755060195922852;16.296423;0.39407974738499213;0.8275862068965517;0.749512036434613;0.825;7.410394668579102;0.5441212;0.29549959811297205;0.8849840255591054;0.8834809006051149;0.9353877670471173;0.5371562;0.22396135458039396;0.922077922077922;0.9220388576282675;0.9589218125927939;0.0031266212463378906;0.5441212;0.29549959811297205;0.8849840255591054;0.8834809006051149;0.9353877670471173;0.5371562;0.22396135458039396;0.922077922077922;0.9220388576282675;0.9589218125927939;0.0;0.0;0.0;0.0;0.0;0.0;0.0;0.0;0.0;0.0;0.0031266212463378906;0.6572697;0.616975093611513;0.7204472843450479;0.640386618166343;0.46916008194322506;0.13518166542053223;1257.0381;0.41282050200093895;0.7971246006389776;0.7969923732219389;0.8725948066504763;36.704516649246216;nan;nan;nan;nan;nan;nan;nan;nan;nan;nan;nan;nan;nan;nan;nan;nan;nan;nan;nan;nan;nan;nan;nan;nan;nan;nan;nan;nan;nan;nan;nan;nan;nan;nan;nan;nan;nan;nan;nan;nan;nan;nan;nan;nan;nan;nan;nan;nan;nan;nan;nan;nan;nan;nan;nan;nan;nan;nan;nan;nan;nan;nan;nan;nan;nan;nan;nan;nan;nan;nan;nan;nan;nan;nan;nan;nan;nan;nan;nan;nan;nan;nan;nan;nan;nan;nan;nan;nan;nan;nan;nan;nan;nan;nan;nan;nan;nan;nan;nan;nan;nan;nan;nan;nan;nan;nan;nan;nan;nan;nan;nan;nan;nan;nan;nan;nan;nan;nan;nan;nan;nan;nan;nan;nan;nan;nan;nan;nan;nan;nan;nan;nan;nan;nan;nan;nan;nan;nan;nan;nan;nan;nan;nan;nan;nan;nan;nan;nan;nan;nan;nan;nan;nan;nan;nan;nan;nan;nan;nan;nan;nan;nan;nan;nan;nan;nan;nan;nan;nan;nan;nan;nan;nan;nan;nan;nan;nan;nan;nan;nan;nan;nan;nan;nan;nan;nan;nan;nan;nan;nan;nan;nan;nan;nan;nan;nan;nan;nan;nan;nan;nan;nan;nan;nan;nan;nan;nan;nan;nan;nan;nan;nan;nan;nan;nan;nan;nan;nan;nan;nan;nan;nan;nan;nan;nan;nan;nan;nan;nan;nan;nan;nan;nan;nan;nan;nan;nan;nan;nan;nan;nan;nan;nan;nan;nan;nan;nan;nan;nan;nan;nan;nan;nan;nan;nan;nan;nan;nan;nan;nan;nan;nan;nan;nan;nan;nan;nan;nan;nan;nan;nan;nan;nan;nan;nan;nan;nan;nan;nan;nan;nan;nan;nan;nan;nan;nan;nan;nan;nan;nan;nan;nan;nan;nan;nan;nan;nan;nan;nan;nan;nan;nan;nan;nan;nan;nan;nan;nan;nan;nan;nan;nan;nan;nan;nan;nan;nan;nan;nan;nan;nan;nan;nan;nan;nan;nan;nan;nan;nan;nan;nan;nan;nan;nan;nan;nan;nan;nan;nan;nan;nan;nan;nan;nan;nan;nan;nan;nan;nan;nan;nan;nan;nan;nan;nan;nan;nan;nan;nan;nan;nan;nan;nan;nan;nan;nan;nan;nan;nan;nan;nan;nan;nan;nan;nan;nan;nan;nan;nan;nan;nan;nan;nan;nan;nan;nan;nan;nan;nan;nan;nan;nan;nan;nan;nan;nan;nan;nan;nan;nan;nan;nan;nan;nan;nan;nan;nan;nan;nan;nan;nan;nan;nan;nan;nan;nan;nan;nan;nan;nan;nan;nan;nan;nan;nan;nan;nan;nan;nan;nan;nan;nan;nan;nan;nan;nan;nan;nan;nan;nan;nan;nan;nan;nan;nan;nan;nan;nan;nan;nan;nan;nan;nan;nan;nan;nan;nan;nan;nan;nan;nan;nan;nan;nan;nan;nan;nan;nan;nan;nan;nan;nan;nan;nan;nan;nan;nan;nan;nan;nan;nan;nan;nan;nan;nan;nan;nan;nan;nan;nan;nan;nan;nan;nan;nan;nan;nan;nan;nan;nan;nan;nan;nan;nan;nan;nan;nan;nan;nan;nan;nan;nan;nan;nan;nan;nan;nan;nan;nan;nan;nan;nan;nan;nan;nan;nan;nan;nan;nan;nan;nan;nan;nan;nan;nan;nan;nan;nan;nan;nan;nan;nan;nan;nan;nan;nan;nan;nan;nan;nan;nan;nan;nan;nan;nan;nan;nan;nan;nan;nan;nan;nan;nan;nan;nan;nan;nan;nan;nan;nan;nan;nan;0.8265469;1.4708538292367177;0.36470588235294116;0.19492900608519267;0.8718637992831542;0.4115877;0.19446129608486376;0.9245;0.9208315718785105;0.8922045900651323;0.04346442222595215;0.8265469;1.4708538292367177;0.36470588235294116;0.19492900608519267;0.8718637992831542;0.4115877;0.19446129608486376;0.9245;0.9208315718785105;0.8922045900651323;0.0;0.0;0.0;0.0;0.0;0.0;0.0;0.0;0.0;0.0;0.04346442222595215;0.624795;0.5706481909050661;0.7176470588235294;0.6541514213340838;0.7096774193548387;0.134566068649292;124.507286;0.12053222089900828;0.9529411764705882;0.9529411764705882;0.9922341696535245;15.828024625778198;0.55498123;0.0008234713084841436;1.0;1.0;0;0.49976084;0.005709461226875132;0.9981;0.9972413796390972;0.9902905811623247;0.04993796348571777;0.55498123;0.0008234713084841436;1.0;1.0;0.0;0.49976084;0.005709461226875132;0.9981;0.9972413796390972;0.9902905811623247;0.0;0.0;0.0;0.0;0.0;0.0;0.0;0.0;0.0;0.0;0.04993796348571777;0.72314256;0.9202734910208603;0.4482758620689655;0.6190476190476191;0;0.12755060195922852;16.296423;0.39407974738499213;0.8275862068965517;0.749512036434613;0.825;7.410394668579102;0.6595884;0.646874351732637;0.7971246006389776;0.7759325251598203;0.6655955516534974;0.48420763;0.32618563988458216;0.8654;0.866121314170788;0.9215935189587625;0.03826427459716797;0.6595884;0.646874351732637;0.7971246006389776;0.7759325251598203;0.6655955516534974;0.48420763;0.32618563988458216;0.8654;0.866121314170788;0.9215935189587625;0.0;0.0;0.0;0.0;0.0;0.0;0.0;0.0;0.0;0.0;0.03826427459716797;0.6572697;0.616975093611513;0.7204472843450479;0.640386618166343;0.46916008194322506;0.13518166542053223;1257.0381;0.41282050200093895;0.7971246006389776;0.7969923732219389;0.8725948066504763;36.704516649246216;nan;nan;nan;nan;nan;nan;nan;nan;nan;nan;nan;nan;nan;nan;nan;nan;nan;nan;nan;nan;nan;nan;nan;nan;nan;nan;nan;nan;nan;nan;nan;nan;nan;nan;nan;nan;nan;nan;nan;nan;nan;nan;nan;nan;nan;nan;nan;nan;nan;nan;nan;nan;nan;nan;nan;nan;nan;nan;nan;nan;nan;nan;nan;nan;nan;nan;nan;nan;nan;nan;nan;nan;nan;nan;nan;nan;nan;nan;nan;nan;nan;nan;nan;nan;nan;nan;nan;nan;nan;nan;nan;nan;nan;nan;nan;nan;nan;nan;nan;nan;nan;nan;nan;nan;nan;nan;nan;nan;nan;nan;nan;nan;nan;nan;nan;nan;nan;nan;nan;nan;nan;nan;nan;nan;nan;nan;nan;nan;nan;nan;nan;nan;nan;nan;nan;nan;nan;nan;nan;nan;nan;nan;nan;nan;nan;nan;nan;nan;nan;nan;nan;nan;nan;nan;nan;nan;nan;nan;nan;nan;nan;nan;nan;nan;nan;nan;nan;nan;nan;nan;nan;nan;nan;nan;nan;nan;nan;nan;nan;nan;nan;nan;nan;nan;nan;nan;nan;nan;nan;nan;nan;nan;nan;nan;nan;nan;nan;nan;nan;nan;nan;nan;nan;nan;nan;nan;nan;nan;nan;nan;nan;nan;nan;nan;nan;nan;nan;nan;nan;nan;nan;nan;nan;nan;nan;nan;nan;nan;nan;nan;nan;nan;nan;nan;nan;nan;nan;nan;nan;nan;nan;nan;nan;nan;nan;nan;nan;nan;nan;nan;nan;nan;nan;nan;nan;nan;nan;nan;nan;nan;nan;nan;nan;nan;nan;nan;nan;nan;nan;nan;nan;nan;nan;nan;nan;nan;nan;nan;nan;nan;nan;nan;nan;nan;nan;nan;nan;nan;nan;nan;nan;nan;nan;nan;nan;nan;nan;nan;nan;nan;nan;nan;nan;nan;nan;nan;nan;nan;nan;nan;nan;nan;nan;nan;nan;nan;nan;nan;nan;nan;nan;nan;nan;nan;nan;nan;nan;nan;nan;nan;nan;nan;nan;nan;nan;nan;nan;nan;nan;nan;nan;nan;nan;nan;nan;nan;nan;nan;nan;nan;nan;nan;nan;nan;nan;nan;nan;nan;nan;nan;nan;nan;nan;nan;nan;nan;nan;nan;nan;nan;nan;nan;nan;nan;nan;nan;nan;nan;nan;nan;nan;nan;nan;nan;nan;nan;nan;nan;nan;nan;nan;nan;nan;nan;nan;nan;nan;nan;nan;nan;nan;nan;nan;nan;nan;nan;nan;nan;nan;nan;nan;nan;nan;nan;nan;nan;nan;nan;nan;nan;nan;nan;nan;nan;nan;nan;nan;nan;nan;nan;nan;nan;nan;nan;nan;nan;nan;nan;nan;nan;nan;nan;nan;nan;nan;nan;nan;nan;nan;nan;nan;nan;nan;nan;nan;nan;nan;nan;nan;nan;nan;nan;nan;nan;nan;nan;nan;nan;nan;nan;nan;nan;nan;nan;nan;nan;nan;nan;nan;nan;nan;nan;nan;nan;nan;nan;nan;nan;nan;nan;nan;nan;nan;nan;nan;nan;nan;nan;nan;nan;nan;nan;nan;nan;nan;nan;nan;nan;nan;nan;nan;nan;nan;nan;nan;nan;nan;nan;nan;nan;nan;nan;nan;nan;nan;nan;nan;nan;nan;nan;nan;nan;nan;nan;nan;nan;nan;nan;nan;nan;nan;nan;nan;nan;nan;nan;nan;nan;nan;nan;nan;nan;nan;nan;nan;nan;nan;nan;nan;nan;nan;nan;nan;nan;nan;nan;nan;nan;nan;nan;nan;nan;0.7721948;1.2611631303404527;0.36470588235294116;0.19492900608519267;0.9599761051373954;0.4070624;0.18515413418338567;0.9323;0.9184760283353531;0.8852536416023759;0.04468202590942383;0.7721948;1.2611631303404527;0.36470588235294116;0.19492900608519267;0.9599761051373954;0.4070624;0.18515413418338567;0.9323;0.9184760283353531;0.8852536416023759;0.0;0.0;0.0;0.0;0.0;0.0;0.0;0.0;0.0;0.0;0.04468202590942383;0.624795;0.5706481909050661;0.7176470588235294;0.6541514213340838;0.7096774193548387;0.134566068649292;124.507286;0.12053222089900828;0.9529411764705882;0.9529411764705882;0.9922341696535245;15.828024625778198;0.5545528;0.002802928598628002;1.0;1.0;0;0.4984738;0.0075995488156958;0.9985;0.9983656476282596;0.9400033119653465;0.0419306755065918;0.5545528;0.002802928598628002;1.0;1.0;0.0;0.4984738;0.0075995488156958;0.9985;0.9983656476282596;0.9400033119653465;0.0;0.0;0.0;0.0;0.0;0.0;0.0;0.0;0.0;0.0;0.0419306755065918;0.72314256;0.9202734910208603;0.4482758620689655;0.6190476190476191;0;0.12755060195922852;16.296423;0.39407974738499213;0.8275862068965517;0.749512036434613;0.825;7.410394668579102;0.6652688;0.6321418627736317;0.7731629392971247;0.7308184529849466;0.5858589405911618;0.48487306;0.32654879569674883;0.8606;0.8623482305371777;0.9212829059949518;0.03962397575378418;0.6652688;0.6321418627736317;0.7731629392971247;0.7308184529849466;0.5858589405911618;0.48487306;0.32654879569674883;0.8606;0.8623482305371777;0.9212829059949518;0.0;0.0;0.0;0.0;0.0;0.0;0.0;0.0;0.0;0.0;0.03962397575378418;0.6572697;0.616975093611513;0.7204472843450479;0.640386618166343;0.46916008194322506;0.13518166542053223;1257.0381;0.41282050200093895;0.7971246006389776;0.7969923732219389;0.8725948066504763;36.704516649246216;nan;nan;nan;nan;nan;nan;nan;nan;nan;nan;nan;nan;nan;nan;nan;nan;nan;nan;nan;nan;nan;nan;nan;nan;nan;nan;nan;nan;nan;nan;nan;nan;nan;nan;nan;nan;nan;nan;nan;nan;nan;nan;nan;nan;nan;nan;nan;nan;nan;nan;nan;nan;nan;nan;nan;nan;nan;nan;nan;nan;nan;nan;nan;nan;nan;nan;nan;nan;nan;nan;nan;nan;nan;nan;nan;nan;nan;nan;nan;nan;nan;nan;nan;nan;nan;nan;nan;nan;nan;nan;nan;nan;nan;nan;nan;nan;nan;nan;nan;nan;nan;nan;nan;nan;nan;nan;nan;nan;nan;nan;nan;nan;nan;nan;nan;nan;nan;nan;nan;nan;nan;nan;nan;nan;nan;nan;nan;nan;nan;nan;nan;nan;nan;nan;nan;nan;nan;nan;nan;nan;nan;nan;nan;nan;nan;nan;nan;nan;nan;nan;nan;nan;nan;nan;nan;nan;nan;nan;nan;nan;nan;nan;nan;nan;nan;nan;nan;nan;nan;nan;nan;nan;nan;nan;nan;nan;nan;nan;nan;nan;nan;nan;nan;nan;nan;nan;nan;nan;nan;nan;nan;nan;nan;nan;nan;nan;nan;nan;nan;nan;nan;nan;nan;nan;nan;nan;nan;nan;nan;nan;nan;nan;nan;nan;nan;nan;nan;nan;nan;nan;nan;nan;nan;nan;nan;nan;nan;nan;nan;nan;nan;nan;nan;nan;nan;nan;nan;nan;nan;nan;nan;nan;nan;nan;nan;nan;nan;nan;nan;nan;nan;nan;nan;nan;nan;nan;nan;nan;nan;nan;nan;nan;nan;nan;nan;nan;nan;nan;nan;nan;nan;nan;nan;nan;nan;nan;nan;nan;nan;nan;nan;nan;nan;nan;nan;nan;nan;nan;nan;nan;nan;nan;nan;nan;nan;nan;nan;nan;nan;nan;nan;nan;nan;nan;nan;nan;nan;nan;nan;nan;nan;nan;nan;nan;nan;nan;nan;nan;nan;nan;nan;nan;nan;nan;nan;nan;nan;nan;nan;nan;nan;nan;nan;nan;nan;nan;nan;nan;nan;nan;nan;nan;nan;nan;nan;nan;nan;nan;nan;nan;nan;nan;nan;nan;nan;nan;nan;nan;nan;nan;nan;nan;nan;nan;nan;nan;nan;nan;nan;nan;nan;nan;nan;nan;nan;nan;nan;nan;nan;nan;nan;nan;nan;nan;nan;nan;nan;nan;nan;nan;nan;nan;nan;nan;nan;nan;nan;nan;nan;nan;nan;nan;nan;nan;nan;nan;nan;nan;nan;nan;nan;nan;nan;nan;nan;nan;nan;nan;nan;nan;nan;nan;nan;nan;nan;nan;nan;nan;nan;nan;nan;nan;nan;nan;nan;nan;nan;nan;nan;nan;nan;nan;nan;nan;nan;nan;nan;nan;nan;nan;nan;nan;nan;nan;nan;nan;nan;nan;nan;nan;nan;nan;nan;nan;nan;nan;nan;nan;nan;nan;nan;nan;nan;nan;nan;nan;nan;nan;nan;nan;nan;nan;nan;nan;nan;nan;nan;nan;nan;nan;nan;nan;nan;nan;nan;nan;nan;nan;nan;nan;nan;nan;nan;nan;nan;nan;nan;nan;nan;nan;nan;nan;nan;nan;nan;nan;nan;nan;nan;nan;nan;nan;nan;nan;nan;nan;nan;nan;nan;nan;nan;nan;nan;nan;nan;nan;nan;nan;nan;nan;nan;nan;nan;nan;nan;nan;nan;nan;nan;nan;nan;nan;nan;nan;nan;nan;nan;nan;nan;nan;nan;nan;nan;nan;nan;nan;nan;nan;nan;nan;nan;nan;0.8068698;1.3378421771965854;0.4;0.2669771774569166;0.8521505376344087;0.41267145;0.19354244138395013;0.9267;0.9186001235560767;0.888592205872305;0.04358983039855957;0.8068698;1.3378421771965854;0.4;0.2669771774569166;0.8521505376344087;0.41267145;0.19354244138395013;0.9267;0.9186001235560767;0.888592205872305;0.0;0.0;0.0;0.0;0.0;0.0;0.0;0.0;0.0;0.0;0.04358983039855957;0.624795;0.5706481909050661;0.7176470588235294;0.6541514213340838;0.7096774193548387;0.134566068649292;124.507286;0.12053222089900828;0.9529411764705882;0.9529411764705882;0.9922341696535245;15.828024625778198;0.55502856;0.000659958361840347;1.0;1.0;0;0.4987562;0.004739811317743408;0.9981;0.9981928991477286;0.9964222058560778;0.05298042297363281;0.55502856;0.000659958361840347;1.0;1.0;0.0;0.4987562;0.004739811317743408;0.9981;0.9981928991477286;0.9964222058560778;0.0;0.0;0.0;0.0;0.0;0.0;0.0;0.0;0.0;0.0;0.05298042297363281;0.72314256;0.9202734910208603;0.4482758620689655;0.6190476190476191;0;0.12755060195922852;16.296423;0.39407974738499213;0.8275862068965517;0.749512036434613;0.825;7.410394668579102;0.65641475;0.6341564434568705;0.7971246006389776;0.766927846943248;0.6576353526485222;0.4875324;0.33494797546238636;0.8643;0.864552439265262;0.9175776973532934;0.03902697563171387;0.65641475;0.6341564434568705;0.7971246006389776;0.766927846943248;0.6576353526485222;0.4875324;0.33494797546238636;0.8643;0.864552439265262;0.9175776973532934;0.0;0.0;0.0;0.0;0.0;0.0;0.0;0.0;0.0;0.0;0.03902697563171387;0.6572697;0.616975093611513;0.7204472843450479;0.640386618166343;0.46916008194322506;0.13518166542053223;1257.0381;0.41282050200093895;0.7971246006389776;0.7969923732219389;0.8725948066504763;36.704516649246216;nan;nan;nan;nan;nan;nan;nan;nan;nan;nan;nan;nan;nan;nan;nan;nan;nan;nan;nan;nan;nan;nan;nan;nan;nan;nan;nan;nan;nan;nan;nan;nan;nan;nan;nan;nan;nan;nan;nan;nan;nan;nan;nan;nan;nan;nan;nan;nan;nan;nan;nan;nan;nan;nan;nan;nan;nan;nan;nan;nan;nan;nan;nan;nan;nan;nan;nan;nan;nan;nan;nan;nan;nan;nan;nan;nan;nan;nan;nan;nan;nan;nan;nan;nan;nan;nan;nan;nan;nan;nan;nan;nan;nan;nan;nan;nan;nan;nan;nan;nan;nan;nan;nan;nan;nan;nan;nan;nan;nan;nan;nan;nan;nan;nan;nan;nan;nan;nan;nan;nan;nan;nan;nan;nan;nan;nan;nan;nan;nan;nan;nan;nan;nan;nan;nan;nan;nan;nan;nan;nan;nan;nan;nan;nan;nan;nan;nan;nan;nan;nan;nan;nan;nan;nan;nan;nan;nan;nan;nan;nan;nan;nan;nan;nan;nan;nan;nan;nan;nan;nan;nan;nan;nan;nan;nan;nan;nan;nan;nan;nan;nan;nan;nan;nan;nan;nan;nan;nan;nan;nan;nan;nan;nan;nan;nan;nan;nan;nan;nan;nan;nan;nan;nan;nan;nan;nan;nan;nan;nan;nan;nan;nan;nan;nan;nan;nan;nan;nan;nan;nan;nan;nan;nan;nan;nan;nan;nan;nan;nan;nan;nan;nan;nan;nan;nan;nan;nan;nan;nan;nan;nan;nan;nan;nan;nan;nan;nan;nan;nan;nan;nan;nan;nan;nan;nan;nan;nan;nan;nan;nan;nan;nan;nan;nan;nan;nan;nan;nan;nan;nan;nan;nan;nan;nan;nan;nan;nan;nan;nan;nan;nan;nan;nan;nan;nan;nan;nan;nan;nan;nan;nan;nan;nan;nan;nan;nan;nan;nan;nan;nan;nan;nan;nan;nan;nan;nan;nan;nan;nan;nan;nan;nan;nan;nan;nan;nan;nan;nan;nan;nan;nan;nan;nan;nan;nan;nan;nan;nan;nan;nan;nan;nan;nan;nan;nan;nan;nan;nan;nan;nan;nan;nan;nan;nan;nan;nan;nan;nan;nan;nan;nan;nan;nan;nan;nan;nan;nan;nan;nan;nan;nan;nan;nan;nan;nan;nan;nan;nan;nan;nan;nan;nan;nan;nan;nan;nan;nan;nan;nan;nan;nan;nan;nan;nan;nan;nan;nan;nan;nan;nan;nan;nan;nan;nan;nan;nan;nan;nan;nan;nan;nan;nan;nan;nan;nan;nan;nan;nan;nan;nan;nan;nan;nan;nan;nan;nan;nan;nan;nan;nan;nan;nan;nan;nan;nan;nan;nan;nan;nan;nan;nan;nan;nan;nan;nan;nan;nan;nan;nan;nan;nan;nan;nan;nan;nan;nan;nan;nan;nan;nan;nan;nan;nan;nan;nan;nan;nan;nan;nan;nan;nan;nan;nan;nan;nan;nan;nan;nan;nan;nan;nan;nan;nan;nan;nan;nan;nan;nan;nan;nan;nan;nan;nan;nan;nan;nan;nan;nan;nan;nan;nan;nan;nan;nan;nan;nan;nan;nan;nan;nan;nan;nan;nan;nan;nan;nan;nan;nan;nan;nan;nan;nan;nan;nan;nan;nan;nan;nan;nan;nan;nan;nan;nan;nan;nan;nan;nan;nan;nan;nan;nan;nan;nan;nan;nan;nan;nan;nan;nan;nan;nan;nan;nan;nan;nan;nan;nan;nan;nan;nan;nan;nan;nan;nan;nan;nan;nan;nan;nan;nan;nan;nan;nan;nan;nan;nan;nan;nan;nan;nan;nan;nan;0.77871686;1.221884437784571;0.36470588235294116;0.19492900608519267;0.9330943847072879;0.40967706;0.18961602328353333;0.9306;0.9177471956012134;0.8895252717042742;0.03412318229675293;0.77871686;1.221884437784571;0.36470588235294116;0.19492900608519267;0.9330943847072879;0.40967706;0.18961602328353333;0.9306;0.9177471956012134;0.8895252717042742;0.0;0.0;0.0;0.0;0.0;0.0;0.0;0.0;0.0;0.0;0.03412318229675293;0.624795;0.5706481909050661;0.7176470588235294;0.6541514213340838;0.7096774193548387;0.134566068649292;124.507286;0.12053222089900828;0.9529411764705882;0.9529411764705882;0.9922341696535245;15.828024625778198;0.56287104;2.38383555004903;0.9310344827586207;0.9642857142857143;0;0.49652672;0.00884345431401099;0.9979;0.9970191038798499;0.9212384135685991;0.07523679733276367;0.56287104;2.38383555004903;0.9310344827586207;0.9642857142857143;0.0;0.49652672;0.00884345431401099;0.9979;0.9970191038798499;0.9212384135685991;0.0;0.0;0.0;0.0;0.0;0.0;0.0;0.0;0.0;0.0;0.07523679733276367;0.72314256;0.9202734910208603;0.4482758620689655;0.6190476190476191;0;0.12755060195922852;16.296423;0.39407974738499213;0.8275862068965517;0.749512036434613;0.825;7.410394668579102;0.6664224;0.6794916735766808;0.7939297124600639;0.7717149166661643;0.6441849575651155;0.48758042;0.3343583540658818;0.8565;0.8581111548906907;0.9171966167265356;0.03947758674621582;0.6664224;0.6794916735766808;0.7939297124600639;0.7717149166661643;0.6441849575651155;0.48758042;0.3343583540658818;0.8565;0.8581111548906907;0.9171966167265356;0.0;0.0;0.0;0.0;0.0;0.0;0.0;0.0;0.0;0.0;0.03947758674621582;0.6572697;0.616975093611513;0.7204472843450479;0.640386618166343;0.46916008194322506;0.13518166542053223;1257.0381;0.41282050200093895;0.7971246006389776;0.7969923732219389;0.8725948066504763;36.704516649246216;nan;nan;nan;nan;nan;nan;nan;nan;nan;nan;nan;nan;nan;nan;nan;nan;nan;nan;nan;nan;nan;nan;nan;nan;nan;nan;nan;nan;nan;nan;nan;nan;nan;nan;nan;nan;nan;nan;nan;nan;nan;nan;nan;nan;nan;nan;nan;nan;nan;nan;nan;nan;nan;nan;nan;nan;nan;nan;nan;nan;nan;nan;nan;nan;nan;nan;nan;nan;nan;nan;nan;nan;nan;nan;nan;nan;nan;nan;nan;nan;nan;nan;nan;nan;nan;nan;nan;nan;nan;nan;nan;nan;nan;nan;nan;nan;nan;nan;nan;nan;nan;nan;nan;nan;nan;nan;nan;nan;nan;nan;nan;nan;nan;nan;nan;nan;nan;nan;nan;nan;nan;nan;nan;nan;nan;nan;nan;nan;nan;nan;nan;nan;nan;nan;nan;nan;nan;nan;nan;nan;nan;nan;nan;nan;nan;nan;nan;nan;nan;nan;nan;nan;nan;nan;nan;nan;nan;nan;nan;nan;nan;nan;nan;nan;nan;nan;nan;nan;nan;nan;nan;nan;nan;nan;nan;nan;nan;nan;nan;nan;nan;nan;nan;nan;nan;nan;nan;nan;nan;nan;nan;nan;nan;nan;nan;nan;nan;nan;nan;nan;nan;nan;nan;nan;nan;nan;nan;nan;nan;nan;nan;nan;nan;nan;nan;nan;nan;nan;nan;nan;nan;nan;nan;nan;nan;nan;nan;nan;nan;nan;nan;nan;nan;nan;nan;nan;nan;nan;nan;nan;nan;nan;nan;nan;nan;nan;nan;nan;nan;nan;nan;nan;nan;nan;nan;nan;nan;nan;nan;nan;nan;nan;nan;nan;nan;nan;nan;nan;nan;nan;nan;nan;nan;nan;nan;nan;nan;nan;nan;nan;nan;nan;nan;nan;nan;nan;nan;nan;nan;nan;nan;nan;nan;nan;nan;nan;nan;nan;nan;nan;nan;nan;nan;nan;nan;nan;nan;nan;nan;nan;nan;nan;nan;nan;nan;nan;nan;nan;nan;nan;nan;nan;nan;nan;nan;nan;nan;nan;nan;nan;nan;nan;nan;nan;nan;nan;nan;nan;nan;nan;nan;nan;nan;nan;nan;nan;nan;nan;nan;nan;nan;nan;nan;nan;nan;nan;nan;nan;nan;nan;nan;nan;nan;nan;nan;nan;nan;nan;nan;nan;nan;nan;nan;nan;nan;nan;nan;nan;nan;nan;nan;nan;nan;nan;nan;nan;nan;nan;nan;nan;nan;nan;nan;nan;nan;nan;nan;nan;nan;nan;nan;nan;nan;nan;nan;nan;nan;nan;nan;nan;nan;nan;nan;nan;nan;nan;nan;nan;nan;nan;nan;nan;nan;nan;nan;nan;nan;nan;nan;nan;nan;nan;nan;nan;nan;nan;nan;nan;nan;nan;nan;nan;nan;nan;nan;nan;nan;nan;nan;nan;nan;nan;nan;nan;nan;nan;nan;nan;nan;nan;nan;nan;nan;nan;nan;nan;nan;nan;nan;nan;nan;nan;nan;nan;nan;nan;nan;nan;nan;nan;nan;nan;nan;nan;nan;nan;nan;nan;nan;nan;nan;nan;nan;nan;nan;nan;nan;nan;nan;nan;nan;nan;nan;nan;nan;nan;nan;nan;nan;nan;nan;nan;nan;nan;nan;nan;nan;nan;nan;nan;nan;nan;nan;nan;nan;nan;nan;nan;nan;nan;nan;nan;nan;nan;nan;nan;nan;nan;nan;nan;nan;nan;nan;nan;nan;nan;nan;nan;nan;nan;nan;nan;nan;nan;nan;nan;nan;nan;nan;nan;nan;nan;nan;nan;nan;nan;nan;nan;nan;nan;nan;nan;0.7499522;0.9985432381330231;0.4;0.2669771774569166;0.9184587813620072;0.41346395;0.20135224765208834;0.9233;0.9171658959283608;0.8784510496577034;0.03909945487976074;0.7499522;0.9985432381330231;0.4;0.2669771774569166;0.9184587813620072;0.41346395;0.20135224765208834;0.9233;0.9171658959283608;0.8784510496577034;0.0;0.0;0.0;0.0;0.0;0.0;0.0;0.0;0.0;0.0;0.03909945487976074;0.624795;0.5706481909050661;0.7176470588235294;0.6541514213340838;0.7096774193548387;0.134566068649292;124.507286;0.12053222089900828;0.9529411764705882;0.9529411764705882;0.9922341696535245;15.828024625778198;0.5627614;2.384007938968971;0.9310344827586207;0.9642857142857143;0;0.49881354;0.007804094302998817;0.9978;0.9967928781204111;0.9792784273394024;0.04727053642272949;0.5627614;2.384007938968971;0.9310344827586207;0.9642857142857143;0.0;0.49881354;0.007804094302998817;0.9978;0.9967928781204111;0.9792784273394024;0.0;0.0;0.0;0.0;0.0;0.0;0.0;0.0;0.0;0.0;0.04727053642272949;0.72314256;0.9202734910208603;0.4482758620689655;0.6190476190476191;0;0.12755060195922852;16.296423;0.39407974738499213;0.8275862068965517;0.749512036434613;0.825;7.410394668579102;0.67367315;0.6855624500844261;0.7412140575079872;0.6745869060096731;0.5659701492537315;0.48890597;0.32697196481677515;0.8514;0.8536651442180692;0.9212660628934828;0.037955284118652344;0.67367315;0.6855624500844261;0.7412140575079872;0.6745869060096731;0.5659701492537315;0.48890597;0.32697196481677515;0.8514;0.8536651442180692;0.9212660628934828;0.0;0.0;0.0;0.0;0.0;0.0;0.0;0.0;0.0;0.0;0.037955284118652344;0.6572697;0.616975093611513;0.7204472843450479;0.640386618166343;0.46916008194322506;0.13518166542053223;1257.0381;0.41282050200093895;0.7971246006389776;0.7969923732219389;0.8725948066504763;36.704516649246216;nan;nan;nan;nan;nan;nan;nan;nan;nan;nan;nan;nan;nan;nan;nan;nan;nan;nan;nan;nan;nan;nan;nan;nan;nan;nan;nan;nan;nan;nan;nan;nan;nan;nan;nan;nan;nan;nan;nan;nan;nan;nan;nan;nan;nan;nan;nan;nan;nan;nan;nan;nan;nan;nan;nan;nan;nan;nan;nan;nan;nan;nan;nan;nan;nan;nan;nan;nan;nan;nan;nan;nan;nan;nan;nan;nan;nan;nan;nan;nan;nan;nan;nan;nan;nan;nan;nan;nan;nan;nan;nan;nan;nan;nan;nan;nan;nan;nan;nan;nan;nan;nan;nan;nan;nan;nan;nan;nan;nan;nan;nan;nan;nan;nan;nan;nan;nan;nan;nan;nan;nan;nan;nan;nan;nan;nan;nan;nan;nan;nan;nan;nan;nan;nan;nan;nan;nan;nan;nan;nan;nan;nan;nan;nan;nan;nan;nan;nan;nan;nan;nan;nan;nan;nan;nan;nan;nan;nan;nan;nan;nan;nan;nan;nan;nan;nan;nan;nan;nan;nan;nan;nan;nan;nan;nan;nan;nan;nan;nan;nan;nan;nan;nan;nan;nan;nan;nan;nan;nan;nan;nan;nan;nan;nan;nan;nan;nan;nan;nan;nan;nan;nan;nan;nan;nan;nan;nan;nan;nan;nan;nan;nan;nan;nan;nan;nan;nan;nan;nan;nan;nan;nan;nan;nan;nan;nan;nan;nan;nan;nan;nan;nan;nan;nan;nan;nan;nan;nan;nan;nan;nan;nan;nan;nan;nan;nan;nan;nan;nan;nan;nan;nan;nan;nan;nan;nan;nan;nan;nan;nan;nan;nan;nan;nan;nan;nan;nan;nan;nan;nan;nan;nan;nan;nan;nan;nan;nan;nan;nan;nan;nan;nan;nan;nan;nan;nan;nan;nan;nan;nan;nan;nan;nan;nan;nan;nan;nan;nan;nan;nan;nan;nan;nan;nan;nan;nan;nan;nan;nan;nan;nan;nan;nan;nan;nan;nan;nan;nan;nan;nan;nan;nan;nan;nan;nan;nan;nan;nan;nan;nan;nan;nan;nan;nan;nan;nan;nan;nan;nan;nan;nan;nan;nan;nan;nan;nan;nan;nan;nan;nan;nan;nan;nan;nan;nan;nan;nan;nan;nan;nan;nan;nan;nan;nan;nan;nan;nan;nan;nan;nan;nan;nan;nan;nan;nan;nan;nan;nan;nan;nan;nan;nan;nan;nan;nan;nan;nan;nan;nan;nan;nan;nan;nan;nan;nan;nan;nan;nan;nan;nan;nan;nan;nan;nan;nan;nan;nan;nan;nan;nan;nan;nan;nan;nan;nan;nan;nan;nan;nan;nan;nan;nan;nan;nan;nan;nan;nan;nan;nan;nan;nan;nan;nan;nan;nan;nan;nan;nan;nan;nan;nan;nan;nan;nan;nan;nan;nan;nan;nan;nan;nan;nan;nan;nan;nan;nan;nan;nan;nan;nan;nan;nan;nan;nan;nan;nan;nan;nan;nan;nan;nan;nan;nan;nan;nan;nan;nan;nan;nan;nan;nan;nan;nan;nan;nan;nan;nan;nan;nan;nan;nan;nan;nan;nan;nan;nan;nan;nan;nan;nan;nan;nan;nan;nan;nan;nan;nan;nan;nan;nan;nan;nan;nan;nan;nan;nan;nan;nan;nan;nan;nan;nan;nan;nan;nan;nan;nan;nan;nan;nan;nan;nan;nan;nan;nan;nan;nan;nan;nan;nan;nan;nan;nan;nan;nan;nan;nan;nan;nan;nan;nan;nan;nan;nan;nan;nan;nan;nan;nan;nan;nan;nan;nan;nan;nan;nan;nan;nan;nan;nan;nan;nan;0.7642285;1.1409386606581753;0.36470588235294116;0.19492900608519267;0.9274193548387095;0.41188055;0.19596648013050677;0.9275;0.9104629199514;0.8829203429562217;0.03769636154174805;0.7642285;1.1409386606581753;0.36470588235294116;0.19492900608519267;0.9274193548387095;0.41188055;0.19596648013050677;0.9275;0.9104629199514;0.8829203429562217;0.0;0.0;0.0;0.0;0.0;0.0;0.0;0.0;0.0;0.0;0.03769636154174805;0.624795;0.5706481909050661;0.7176470588235294;0.6541514213340838;0.7096774193548387;0.134566068649292;124.507286;0.12053222089900828;0.9529411764705882;0.9529411764705882;0.9922341696535245;15.828024625778198;0.5625451;2.385948070667883;0.9310344827586207;0.9642857142857143;0;0.4974057;0.006908308377274727;0.9981;0.9972413796390972;0.9883391783567135;0.04476475715637207;0.5625451;2.385948070667883;0.9310344827586207;0.9642857142857143;0.0;0.4974057;0.006908308377274727;0.9981;0.9972413796390972;0.9883391783567135;0.0;0.0;0.0;0.0;0.0;0.0;0.0;0.0;0.0;0.0;0.04476475715637207;0.72314256;0.9202734910208603;0.4482758620689655;0.6190476190476191;0;0.12755060195922852;16.296423;0.39407974738499213;0.8275862068965517;0.749512036434613;0.825;7.410394668579102;0.6390547;0.5838683994796976;0.7827476038338658;0.7663390300069042;0.6903716710564822;0.48597103;0.32317953413320827;0.8628;0.8641713940125777;0.9212967068236492;0.03972578048706055;0.6390547;0.5838683994796976;0.7827476038338658;0.7663390300069042;0.6903716710564822;0.48597103;0.32317953413320827;0.8628;0.8641713940125777;0.9212967068236492;0.0;0.0;0.0;0.0;0.0;0.0;0.0;0.0;0.0;0.0;0.03972578048706055;0.6572697;0.616975093611513;0.7204472843450479;0.640386618166343;0.46916008194322506;0.13518166542053223;1257.0381;0.41282050200093895;0.7971246006389776;0.7969923732219389;0.8725948066504763;36.704516649246216;nan;nan;nan;nan;nan;nan;nan;nan;nan;nan;nan;nan;nan;nan;nan;nan;nan;nan;nan;nan;nan;nan;nan;nan;nan;nan;nan;nan;nan;nan;nan;nan;nan;nan;nan;nan;nan;nan;nan;nan;nan;nan;nan;nan;nan;nan;nan;nan;nan;nan;nan;nan;nan;nan;nan;nan;nan;nan;nan;nan;nan;nan;nan;nan;nan;nan;nan;nan;nan;nan;nan;nan;nan;nan;nan;nan;nan;nan;nan;nan;nan;nan;nan;nan;nan;nan;nan;nan;nan;nan;nan;nan;nan;nan;nan;nan;nan;nan;nan;nan;nan;nan;nan;nan;nan;nan;nan;nan;nan;nan;nan;nan;nan;nan;nan;nan;nan;nan;nan;nan;nan;nan;nan;nan;nan;nan;nan;nan;nan;nan;nan;nan;nan;nan;nan;nan;nan;nan;nan;nan;nan;nan;nan;nan;nan;nan;nan;nan;nan;nan;nan;nan;nan;nan;nan;nan;nan;nan;nan;nan;nan;nan;nan;nan;nan;nan;nan;nan;nan;nan;nan;nan;nan;nan;nan;nan;nan;nan;nan;nan;nan;nan;nan;nan;nan;nan;nan;nan;nan;nan;nan;nan;nan;nan;nan;nan;nan;nan;nan;nan;nan;nan;nan;nan;nan;nan;nan;nan;nan;nan;nan;nan;nan;nan;nan;nan;nan;nan;nan;nan;nan;nan;nan;nan;nan;nan;nan;nan;nan;nan;nan;nan;nan;nan;nan;nan;nan;nan;nan;nan;nan;nan;nan;nan;nan;nan;nan;nan;nan;nan;nan;nan;nan;nan;nan;nan;nan;nan;nan;nan;nan;nan;nan;nan;nan;nan;nan;nan;nan;nan;nan;nan;nan;nan;nan;nan;nan;nan;nan;nan;nan;nan;nan;nan;nan;nan;nan;nan;nan;nan;nan;nan;nan;nan;nan;nan;nan;nan;nan;nan;nan;nan;nan;nan;nan;nan;nan;nan;nan;nan;nan;nan;nan;nan;nan;nan;nan;nan;nan;nan;nan;nan;nan;nan;nan;nan;nan;nan;nan;nan;nan;nan;nan;nan;nan;nan;nan;nan;nan;nan;nan;nan;nan;nan;nan;nan;nan;nan;nan;nan;nan;nan;nan;nan;nan;nan;nan;nan;nan;nan;nan;nan;nan;nan;nan;nan;nan;nan;nan;nan;nan;nan;nan;nan;nan;nan;nan;nan;nan;nan;nan;nan;nan;nan;nan;nan;nan;nan;nan;nan;nan;nan;nan;nan;nan;nan;nan;nan;nan;nan;nan;nan;nan;nan;nan;nan;nan;nan;nan;nan;nan;nan;nan;nan;nan;nan;nan;nan;nan;nan;nan;nan;nan;nan;nan;nan;nan;nan;nan;nan;nan;nan;nan;nan;nan;nan;nan;nan;nan;nan;nan;nan;nan;nan;nan;nan;nan;nan;nan;nan;nan;nan;nan;nan;nan;nan;nan;nan;nan;nan;nan;nan;nan;nan;nan;nan;nan;nan;nan;nan;nan;nan;nan;nan;nan;nan;nan;nan;nan;nan;nan;nan;nan;nan;nan;nan;nan;nan;nan;nan;nan;nan;nan;nan;nan;nan;nan;nan;nan;nan;nan;nan;nan;nan;nan;nan;nan;nan;nan;nan;nan;nan;nan;nan;nan;nan;nan;nan;nan;nan;nan;nan;nan;nan;nan;nan;nan;nan;nan;nan;nan;nan;nan;nan;nan;nan;nan;nan;nan;nan;nan;nan;nan;nan;nan;nan;nan;nan;nan;nan;nan;nan;nan;nan;nan;nan;nan;nan;nan;nan;nan;nan;nan;nan;nan;nan;nan;nan;nan;nan;nan;nan;0.7781287;1.184919688261906;0.4;0.2669771774569166;0.8629032258064517;0.41333833;0.19585721592867097;0.9227;0.9152185054729878;0.8943328968607729;0.04143786430358887;0.7781287;1.184919688261906;0.4;0.2669771774569166;0.8629032258064517;0.41333833;0.19585721592867097;0.9227;0.9152185054729878;0.8943328968607729;0.0;0.0;0.0;0.0;0.0;0.0;0.0;0.0;0.0;0.0;0.04143786430358887;0.624795;0.5706481909050661;0.7176470588235294;0.6541514213340838;0.7096774193548387;0.134566068649292;124.507286;0.12053222089900828;0.9529411764705882;0.9529411764705882;0.9922341696535245;15.828024625778198;0.55505383;0.0008354120955965317;1.0;1.0;0;0.49766424;0.005866900580109337;0.9983;0.9975401968712382;0.9656381486676016;0.04731583595275879;0.55505383;0.0008354120955965317;1.0;1.0;0.0;0.49766424;0.005866900580109337;0.9983;0.9975401968712382;0.9656381486676016;0.0;0.0;0.0;0.0;0.0;0.0;0.0;0.0;0.0;0.0;0.04731583595275879;0.72314256;0.9202734910208603;0.4482758620689655;0.6190476190476191;0;0.12755060195922852;16.296423;0.39407974738499213;0.8275862068965517;0.749512036434613;0.825;7.410394668579102;0.6791434;0.7160215532737265;0.7763578274760383;0.7618749012447238;0.6350834064969271;0.49062198;0.3374772717603671;0.8497;0.8520399573088362;0.9152506569902017;0.038355350494384766;0.6791434;0.7160215532737265;0.7763578274760383;0.7618749012447238;0.6350834064969271;0.49062198;0.3374772717603671;0.8497;0.8520399573088362;0.9152506569902017;0.0;0.0;0.0;0.0;0.0;0.0;0.0;0.0;0.0;0.0;0.038355350494384766;0.6572697;0.616975093611513;0.7204472843450479;0.640386618166343;0.46916008194322506;0.13518166542053223;1257.0381;0.41282050200093895;0.7971246006389776;0.7969923732219389;0.8725948066504763;36.704516649246216;nan;nan;nan;nan;nan;nan;nan;nan;nan;nan;nan;nan;nan;nan;nan;nan;nan;nan;nan;nan;nan;nan;nan;nan;nan;nan;nan;nan;nan;nan;nan;nan;nan;nan;nan;nan;nan;nan;nan;nan;nan;nan;nan;nan;nan;nan;nan;nan;nan;nan;nan;nan;nan;nan;nan;nan;nan;nan;nan;nan;nan;nan;nan;nan;nan;nan;nan;nan;nan;nan;nan;nan;nan;nan;nan;nan;nan;nan;nan;nan;nan;nan;nan;nan;nan;nan;nan;nan;nan;nan;nan;nan;nan;nan;nan;nan;nan;nan;nan;nan;nan;nan;nan;nan;nan;nan;nan;nan;nan;nan;nan;nan;nan;nan;nan;nan;nan;nan;nan;nan;nan;nan;nan;nan;nan;nan;nan;nan;nan;nan;nan;nan;nan;nan;nan;nan;nan;nan;nan;nan;nan;nan;nan;nan;nan;nan;nan;nan;nan;nan;nan;nan;nan;nan;nan;nan;nan;nan;nan;nan;nan;nan;nan;nan;nan;nan;nan;nan;nan;nan;nan;nan;nan;nan;nan;nan;nan;nan;nan;nan;nan;nan;nan;nan;nan;nan;nan;nan;nan;nan;nan;nan;nan;nan;nan;nan;nan;nan;nan;nan;nan;nan;nan;nan;nan;nan;nan;nan;nan;nan;nan;nan;nan;nan;nan;nan;nan;nan;nan;nan;nan;nan;nan;nan;nan;nan;nan;nan;nan;nan;nan;nan;nan;nan;nan;nan;nan;nan;nan;nan;nan;nan;nan;nan;nan;nan;nan;nan;nan;nan;nan;nan;nan;nan;nan;nan;nan;nan;nan;nan;nan;nan;nan;nan;nan;nan;nan;nan;nan;nan;nan;nan;nan;nan;nan;nan;nan;nan;nan;nan;nan;nan;nan;nan;nan;nan;nan;nan;nan;nan;nan;nan;nan;nan;nan;nan;nan;nan;nan;nan;nan;nan;nan;nan;nan;nan;nan;nan;nan;nan;nan;nan;nan;nan;nan;nan;nan;nan;nan;nan;nan;nan;nan;nan;nan;nan;nan;nan;nan;nan;nan;nan;nan;nan;nan;nan;nan;nan;nan;nan;nan;nan;nan;nan;nan;nan;nan;nan;nan;nan;nan;nan;nan;nan;nan;nan;nan;nan;nan;nan;nan;nan;nan;nan;nan;nan;nan;nan;nan;nan;nan;nan;nan;nan;nan;nan;nan;nan;nan;nan;nan;nan;nan;nan;nan;nan;nan;nan;nan;nan;nan;nan;nan;nan;nan;nan;nan;nan;nan;nan;nan;nan;nan;nan;nan;nan;nan;nan;nan;nan;nan;nan;nan;nan;nan;nan;nan;nan;nan;nan;nan;nan;nan;nan;nan;nan;nan;nan;nan;nan;nan;nan;nan;nan;nan;nan;nan;nan;nan;nan;nan;nan;nan;nan;nan;nan;nan;nan;nan;nan;nan;nan;nan;nan;nan;nan;nan;nan;nan;nan;nan;nan;nan;nan;nan;nan;nan;nan;nan;nan;nan;nan;nan;nan;nan;nan;nan;nan;nan;nan;nan;nan;nan;nan;nan;nan;nan;nan;nan;nan;nan;nan;nan;nan;nan;nan;nan;nan;nan;nan;nan;nan;nan;nan;nan;nan;nan;nan;nan;nan;nan;nan;nan;nan;nan;nan;nan;nan;nan;nan;nan;nan;nan;nan;nan;nan;nan;nan;nan;nan;nan;nan;nan;nan;nan;nan;nan;nan;nan;nan;nan;nan;nan;nan;nan;nan;nan;nan;nan;nan;nan;nan;nan;nan;nan;nan;nan;nan;nan;nan;nan;nan;nan;nan;nan;nan;nan;nan;nan;nan;nan;nan;0.7864618;1.2424848431673996;0.4;0.2669771774569166;0.8745519713261648;0.4144463;0.20049734178593953;0.925;0.9168502598880359;0.875771490916034;0.040459632873535156;0.7864618;1.2424848431673996;0.4;0.2669771774569166;0.8745519713261648;0.4144463;0.20049734178593953;0.925;0.9168502598880359;0.875771490916034;0.0;0.0;0.0;0.0;0.0;0.0;0.0;0.0;0.0;0.0;0.040459632873535156;0.624795;0.5706481909050661;0.7176470588235294;0.6541514213340838;0.7096774193548387;0.134566068649292;124.507286;0.12053222089900828;0.9529411764705882;0.9529411764705882;0.9922341696535245;15.828024625778198;0.55380774;0.005479398169957585;1.0;1.0;0;0.49756026;0.006521906971239172;0.9978;0.9967928781204111;0.992731107634516;0.05186104774475098;0.55380774;0.005479398169957585;1.0;1.0;0.0;0.49756026;0.006521906971239172;0.9978;0.9967928781204111;0.992731107634516;0.0;0.0;0.0;0.0;0.0;0.0;0.0;0.0;0.0;0.0;0.05186104774475098;0.72314256;0.9202734910208603;0.4482758620689655;0.6190476190476191;0;0.12755060195922852;16.296423;0.39407974738499213;0.8275862068965517;0.749512036434613;0.825;7.410394668579102;0.6683729;0.6837375787579447;0.755591054313099;0.7005080634015375;0.5817676324261047;0.48435655;0.3220147903694393;0.8598;0.8619112203045975;0.9229521538461538;0.05345630645751953;0.6683729;0.6837375787579447;0.755591054313099;0.7005080634015375;0.5817676324261047;0.48435655;0.3220147903694393;0.8598;0.8619112203045975;0.9229521538461538;0.0;0.0;0.0;0.0;0.0;0.0;0.0;0.0;0.0;0.0;0.05345630645751953;0.6572697;0.616975093611513;0.7204472843450479;0.640386618166343;0.46916008194322506;0.13518166542053223;1257.0381;0.41282050200093895;0.7971246006389776;0.7969923732219389;0.8725948066504763;36.704516649246216;nan;nan;nan;nan;nan;nan;nan;nan;nan;nan;nan;nan;nan;nan;nan;nan;nan;nan;nan;nan;nan;nan;nan;nan;nan;nan;nan;nan;nan;nan;nan;nan;nan;nan;nan;nan;nan;nan;nan;nan;nan;nan;nan;nan;nan;nan;nan;nan;nan;nan;nan;nan;nan;nan;nan;nan;nan;nan;nan;nan;nan;nan;nan;nan;nan;nan;nan;nan;nan;nan;nan;nan;nan;nan;nan;nan;nan;nan;nan;nan;nan;nan;nan;nan;nan;nan;nan;nan;nan;nan;nan;nan;nan;nan;nan;nan;nan;nan;nan;nan;nan;nan;nan;nan;nan;nan;nan;nan;nan;nan;nan;nan;nan;nan;nan;nan;nan;nan;nan;nan;nan;nan;nan;nan;nan;nan;nan;nan;nan;nan;nan;nan;nan;nan;nan;nan;nan;nan;nan;nan;nan;nan;nan;nan;nan;nan;nan;nan;nan;nan;nan;nan;nan;nan;nan;nan;nan;nan;nan;nan;nan;nan;nan;nan;nan;nan;nan;nan;nan;nan;nan;nan;nan;nan;nan;nan;nan;nan;nan;nan;nan;nan;nan;nan;nan;nan;nan;nan;nan;nan;nan;nan;nan;nan;nan;nan;nan;nan;nan;nan;nan;nan;nan;nan;nan;nan;nan;nan;nan;nan;nan;nan;nan;nan;nan;nan;nan;nan;nan;nan;nan;nan;nan;nan;nan;nan;nan;nan;nan;nan;nan;nan;nan;nan;nan;nan;nan;nan;nan;nan;nan;nan;nan;nan;nan;nan;nan;nan;nan;nan;nan;nan;nan;nan;nan;nan;nan;nan;nan;nan;nan;nan;nan;nan;nan;nan;nan;nan;nan;nan;nan;nan;nan;nan;nan;nan;nan;nan;nan;nan;nan;nan;nan;nan;nan;nan;nan;nan;nan;nan;nan;nan;nan;nan;nan;nan;nan;nan;nan;nan;nan;nan;nan;nan;nan;nan;nan;nan;nan;nan;nan;nan;nan;nan;nan;nan;nan;nan;nan;nan;nan;nan;nan;nan;nan;nan;nan;nan;nan;nan;nan;nan;nan;nan;nan;nan;nan;nan;nan;nan;nan;nan;nan;nan;nan;nan;nan;nan;nan;nan;nan;nan;nan;nan;nan;nan;nan;nan;nan;nan;nan;nan;nan;nan;nan;nan;nan;nan;nan;nan;nan;nan;nan;nan;nan;nan;nan;nan;nan;nan;nan;nan;nan;nan;nan;nan;nan;nan;nan;nan;nan;nan;nan;nan;nan;nan;nan;nan;nan;nan;nan;nan;nan;nan;nan;nan;nan;nan;nan;nan;nan;nan;nan;nan;nan;nan;nan;nan;nan;nan;nan;nan;nan;nan;nan;nan;nan;nan;nan;nan;nan;nan;nan;nan;nan;nan;nan;nan;nan;nan;nan;nan;nan;nan;nan;nan;nan;nan;nan;nan;nan;nan;nan;nan;nan;nan;nan;nan;nan;nan;nan;nan;nan;nan;nan;nan;nan;nan;nan;nan;nan;nan;nan;nan;nan;nan;nan;nan;nan;nan;nan;nan;nan;nan;nan;nan;nan;nan;nan;nan;nan;nan;nan;nan;nan;nan;nan;nan;nan;nan;nan;nan;nan;nan;nan;nan;nan;nan;nan;nan;nan;nan;nan;nan;nan;nan;nan;nan;nan;nan;nan;nan;nan;nan;nan;nan;nan;nan;nan;nan;nan;nan;nan;nan;nan;nan;nan;nan;nan;nan;nan;nan;nan;nan;nan;nan;nan;nan;nan;nan;nan;nan;nan;nan;nan;nan;nan;nan;nan;nan;nan;nan;nan;nan;nan;nan;nan;nan;nan;nan;nan;nan;0.76790285;1.141872304017593;0.4;0.2669771774569166;0.8449820788530467;0.40968764;0.1935269421660665;0.9292;0.9204705936555166;0.8808721956846219;0.039519309997558594;0.76790285;1.141872304017593;0.4;0.2669771774569166;0.8449820788530467;0.40968764;0.1935269421660665;0.9292;0.9204705936555166;0.8808721956846219;0.0;0.0;0.0;0.0;0.0;0.0;0.0;0.0;0.0;0.0;0.039519309997558594;0.624795;0.5706481909050661;0.7176470588235294;0.6541514213340838;0.7096774193548387;0.134566068649292;124.507286;0.12053222089900828;0.9529411764705882;0.9529411764705882;0.9922341696535245;15.828024625778198;0.55499125;0.000911491623040809;1.0;1.0;0;0.49943063;0.006356206338692443;0.9987;0.9983330316820868;0.9802533449097264;0.03803873062133789;0.55499125;0.000911491623040809;1.0;1.0;0.0;0.49943063;0.006356206338692443;0.9987;0.9983330316820868;0.9802533449097264;0.0;0.0;0.0;0.0;0.0;0.0;0.0;0.0;0.0;0.0;0.03803873062133789;0.72314256;0.9202734910208603;0.4482758620689655;0.6190476190476191;0;0.12755060195922852;16.296423;0.39407974738499213;0.8275862068965517;0.749512036434613;0.825;7.410394668579102;0.6416172;0.5617618778205568;0.8130990415335463;0.7992425112629117;0.6938659642961662;0.49054888;0.3408643908831402;0.8631;0.8636465094697631;0.913753133898432;0.03699922561645508;0.6416172;0.5617618778205568;0.8130990415335463;0.7992425112629117;0.6938659642961662;0.49054888;0.3408643908831402;0.8631;0.8636465094697631;0.913753133898432;0.0;0.0;0.0;0.0;0.0;0.0;0.0;0.0;0.0;0.0;0.03699922561645508;0.6572697;0.616975093611513;0.7204472843450479;0.640386618166343;0.46916008194322506;0.13518166542053223;1257.0381;0.41282050200093895;0.7971246006389776;0.7969923732219389;0.8725948066504763;36.704516649246216;nan;nan;nan;nan;nan;nan;nan;nan;nan;nan;nan;nan;nan;nan;nan;nan;nan;nan;nan;nan;nan;nan;nan;nan;nan;nan;nan;nan;nan;nan;nan;nan;nan;nan;nan;nan;nan;nan;nan;nan;nan;nan;nan;nan;nan;nan;nan;nan;nan;nan;nan;nan;nan;nan;nan;nan;nan;nan;nan;nan;nan;nan;nan;nan;nan;nan;nan;nan;nan;nan;nan;nan;nan;nan;nan;nan;nan;nan;nan;nan;nan;nan;nan;nan;nan;nan;nan;nan;nan;nan;nan;nan;nan;nan;nan;nan;nan;nan;nan;nan;nan;nan;nan;nan;nan;nan;nan;nan;nan;nan;nan;nan;nan;nan;nan;nan;nan;nan;nan;nan;nan;nan;nan;nan;nan;nan;nan;nan;nan;nan;nan;nan;nan;nan;nan;nan;nan;nan;nan;nan;nan;nan;nan;nan;nan;nan;nan;nan;nan;nan;nan;nan;nan;nan;nan;nan;nan;nan;nan;nan;nan;nan;nan;nan;nan;nan;nan;nan;nan;nan;nan;nan;nan;nan;nan;nan;nan;nan;nan;nan;nan;nan;nan;nan;nan;nan;nan;nan;nan;nan;nan;nan;nan;nan;nan;nan;nan;nan;nan;nan;nan;nan;nan;nan;nan;nan;nan;nan;nan;nan;nan;nan;nan;nan;nan;nan;nan;nan;nan;nan;nan;nan;nan;nan;nan;nan;nan;nan;nan;nan;nan;nan;nan;nan;nan;nan;nan;nan;nan;nan;nan;nan;nan;nan;nan;nan;nan;nan;nan;nan;nan;nan;nan;nan;nan;nan;nan;nan;nan;nan;nan;nan;nan;nan;nan;nan;nan;nan;nan;nan;nan;nan;nan;nan;nan;nan;nan;nan;nan;nan;nan;nan;nan;nan;nan;nan;nan;nan;nan;nan;nan;nan;nan;nan;nan;nan;nan;nan;nan;nan;nan;nan;nan;nan;nan;nan;nan;nan;nan;nan;nan;nan;nan;nan;nan;nan;nan;nan;nan;nan;nan;nan;nan;nan;nan;nan;nan;nan;nan;nan;nan;nan;nan;nan;nan;nan;nan;nan;nan;nan;nan;nan;nan;nan;nan;nan;nan;nan;nan;nan;nan;nan;nan;nan;nan;nan;nan;nan;nan;nan;nan;nan;nan;nan;nan;nan;nan;nan;nan;nan;nan;nan;nan;nan;nan;nan;nan;nan;nan;nan;nan;nan;nan;nan;nan;nan;nan;nan;nan;nan;nan;nan;nan;nan;nan;nan;nan;nan;nan;nan;nan;nan;nan;nan;nan;nan;nan;nan;nan;nan;nan;nan;nan;nan;nan;nan;nan;nan;nan;nan;nan;nan;nan;nan;nan;nan;nan;nan;nan;nan;nan;nan;nan;nan;nan;nan;nan;nan;nan;nan;nan;nan;nan;nan;nan;nan;nan;nan;nan;nan;nan;nan;nan;nan;nan;nan;nan;nan;nan;nan;nan;nan;nan;nan;nan;nan;nan;nan;nan;nan;nan;nan;nan;nan;nan;nan;nan;nan;nan;nan;nan;nan;nan;nan;nan;nan;nan;nan;nan;nan;nan;nan;nan;nan;nan;nan;nan;nan;nan;nan;nan;nan;nan;nan;nan;nan;nan;nan;nan;nan;nan;nan;nan;nan;nan;nan;nan;nan;nan;nan;nan;nan;nan;nan;nan;nan;nan;nan;nan;nan;nan;nan;nan;nan;nan;nan;nan;nan;nan;nan;nan;nan;nan;nan;nan;nan;nan;nan;nan;nan;nan;nan;nan;nan;nan;nan;nan;nan;nan;nan;nan;nan;nan;nan;nan;nan;nan;nan;nan;nan;nan;nan;0.7776383;1.1938073155894904;0.4;0.2669771774569166;0.9450418160095581;0.41598213;0.20757831818445685;0.9238;0.9119103777458702;0.8769098423165335;0.03994035720825195;0.7776383;1.1938073155894904;0.4;0.2669771774569166;0.9450418160095581;0.41598213;0.20757831818445685;0.9238;0.9119103777458702;0.8769098423165335;0.0;0.0;0.0;0.0;0.0;0.0;0.0;0.0;0.0;0.0;0.03994035720825195;0.624795;0.5706481909050661;0.7176470588235294;0.6541514213340838;0.7096774193548387;0.134566068649292;124.507286;0.12053222089900828;0.9529411764705882;0.9529411764705882;0.9922341696535245;15.828024625778198;0.55500555;0.0009074541087947984;1.0;1.0;0;0.49755943;0.004711318548287412;0.9988;0.9987201201802706;0.988934129196104;0.0407412052154541;0.55500555;0.0009074541087947984;1.0;1.0;0.0;0.49755943;0.004711318548287412;0.9988;0.9987201201802706;0.988934129196104;0.0;0.0;0.0;0.0;0.0;0.0;0.0;0.0;0.0;0.0;0.0407412052154541;0.72314256;0.9202734910208603;0.4482758620689655;0.6190476190476191;0;0.12755060195922852;16.296423;0.39407974738499213;0.8275862068965517;0.749512036434613;0.825;7.410394668579102;0.71774256;0.958292270461841;0.7044728434504792;0.7142363991971006;0.6982323675738953;0.4880639;0.33040040397990306;0.8541;0.8560329677636921;0.9208906361383455;0.03774571418762207;0.71774256;0.958292270461841;0.7044728434504792;0.7142363991971006;0.6982323675738953;0.4880639;0.33040040397990306;0.8541;0.8560329677636921;0.9208906361383455;0.0;0.0;0.0;0.0;0.0;0.0;0.0;0.0;0.0;0.0;0.03774571418762207;0.6572697;0.616975093611513;0.7204472843450479;0.640386618166343;0.46916008194322506;0.13518166542053223;1257.0381;0.41282050200093895;0.7971246006389776;0.7969923732219389;0.8725948066504763;36.704516649246216;nan;nan;nan;nan;nan;nan;nan;nan;nan;nan;nan;nan;nan;nan;nan;nan;nan;nan;nan;nan;nan;nan;nan;nan;nan;nan;nan;nan;nan;nan;nan;nan;nan;nan;nan;nan;nan;nan;nan;nan;nan;nan;nan;nan;nan;nan;nan;nan;nan;nan;nan;nan;nan;nan;nan;nan;nan;nan;nan;nan;nan;nan;nan;nan;nan;nan;nan;nan;nan;nan;nan;nan;nan;nan;nan;nan;nan;nan;nan;nan;nan;nan;nan;nan;nan;nan;nan;nan;nan;nan;nan;nan;nan;nan;nan;nan;nan;nan;nan;nan;nan;nan;nan;nan;nan;nan;nan;nan;nan;nan;nan;nan;nan;nan;nan;nan;nan;nan;nan;nan;nan;nan;nan;nan;nan;nan;nan;nan;nan;nan;nan;nan;nan;nan;nan;nan;nan;nan;nan;nan;nan;nan;nan;nan;nan;nan;nan;nan;nan;nan;nan;nan;nan;nan;nan;nan;nan;nan;nan;nan;nan;nan;nan;nan;nan;nan;nan;nan;nan;nan;nan;nan;nan;nan;nan;nan;nan;nan;nan;nan;nan;nan;nan;nan;nan;nan;nan;nan;nan;nan;nan;nan;nan;nan;nan;nan;nan;nan;nan;nan;nan;nan;nan;nan;nan;nan;nan;nan;nan;nan;nan;nan;nan;nan;nan;nan;nan;nan;nan;nan;nan;nan;nan;nan;nan;nan;nan;nan;nan;nan;nan;nan;nan;nan;nan;nan;nan;nan;nan;nan;nan;nan;nan;nan;nan;nan;nan;nan;nan;nan;nan;nan;nan;nan;nan;nan;nan;nan;nan;nan;nan;nan;nan;nan;nan;nan;nan;nan;nan;nan;nan;nan;nan;nan;nan;nan;nan;nan;nan;nan;nan;nan;nan;nan;nan;nan;nan;nan;nan;nan;nan;nan;nan;nan;nan;nan;nan;nan;nan;nan;nan;nan;nan;nan;nan;nan;nan;nan;nan;nan;nan;nan;nan;nan;nan;nan;nan;nan;nan;nan;nan;nan;nan;nan;nan;nan;nan;nan;nan;nan;nan;nan;nan;nan;nan;nan;nan;nan;nan;nan;nan;nan;nan;nan;nan;nan;nan;nan;nan;nan;nan;nan;nan;nan;nan;nan;nan;nan;nan;nan;nan;nan;nan;nan;nan;nan;nan;nan;nan;nan;nan;nan;nan;nan;nan;nan;nan;nan;nan;nan;nan;nan;nan;nan;nan;nan;nan;nan;nan;nan;nan;nan;nan;nan;nan;nan;nan;nan;nan;nan;nan;nan;nan;nan;nan;nan;nan;nan;nan;nan;nan;nan;nan;nan;nan;nan;nan;nan;nan;nan;nan;nan;nan;nan;nan;nan;nan;nan;nan;nan;nan;nan;nan;nan;nan;nan;nan;nan;nan;nan;nan;nan;nan;nan;nan;nan;nan;nan;nan;nan;nan;nan;nan;nan;nan;nan;nan;nan;nan;nan;nan;nan;nan;nan;nan;nan;nan;nan;nan;nan;nan;nan;nan;nan;nan;nan;nan;nan;nan;nan;nan;nan;nan;nan;nan;nan;nan;nan;nan;nan;nan;nan;nan;nan;nan;nan;nan;nan;nan;nan;nan;nan;nan;nan;nan;nan;nan;nan;nan;nan;nan;nan;nan;nan;nan;nan;nan;nan;nan;nan;nan;nan;nan;nan;nan;nan;nan;nan;nan;nan;nan;nan;nan;nan;nan;nan;nan;nan;nan;nan;nan;nan;nan;nan;nan;nan;nan;nan;nan;nan;nan;nan;nan;nan;nan;nan;nan;nan;nan;nan;nan;nan;nan;nan;nan;nan;nan;nan;nan;nan;nan;nan;0.93122846;9.528974193764636;0.36470588235294116;0.19492900608519267;0.76194743130227;0.31942463;0.0007019808774062029;0.9999;0.9998900025006251;0.9931479443833151;0.029265642166137695;0.93122846;9.528974193764636;0.36470588235294116;0.19492900608519267;0.76194743130227;0.31942463;0.0007019808774062029;0.9999;0.9998900025006251;0.9931479443833151;0.0;0.0;0.0;0.0;0.0;0.0;0.0;0.0;0.0;0.0;0.029265642166137695;0.624795;0.5706481909050661;0.7176470588235294;0.6541514213340838;0.7096774193548387;0.134566068649292;124.507286;0.12053222089900828;0.9529411764705882;0.9529411764705882;0.9922341696535245;15.828024625778198;0.555222;9.992007221626413e-16;1.0;1.0;0;0.46417665;9.992007221626413e-16;1.0;1.0;0;0.0014090538024902344;0.555222;9.992007221626413e-16;1.0;1.0;0.0;0.46417665;9.992007221626413e-16;1.0;1.0;0.0;0.0;0.0;0.0;0.0;0.0;0.0;0.0;0.0;0.0;0.0;0.0014090538024902344;0.72314256;0.9202734910208603;0.4482758620689655;0.6190476190476191;0;0.12755060195922852;16.296423;0.39407974738499213;0.8275862068965517;0.749512036434613;0.825;7.410394668579102;0.69037694;0.6898572113362025;0.3226837060702875;0.15945455226258362;0.8365700907228563;0.44160333;0.16413330985148095;0.9407;0.9355088366251193;0.9227666657310067;0.03600192070007324;0.69037694;0.6898572113362025;0.3226837060702875;0.15945455226258362;0.8365700907228563;0.44160333;0.16413330985148095;0.9407;0.9355088366251193;0.9227666657310067;0.0;0.0;0.0;0.0;0.0;0.0;0.0;0.0;0.0;0.0;0.03600192070007324;0.6572697;0.616975093611513;0.7204472843450479;0.640386618166343;0.46916008194322506;0.13518166542053223;1257.0381;0.41282050200093895;0.7971246006389776;0.7969923732219389;0.8725948066504763;36.704516649246216;nan;nan;nan;nan;nan;nan;nan;nan;nan;nan;nan;nan;nan;nan;nan;nan;nan;nan;nan;nan;nan;nan;nan;nan;nan;nan;nan;nan;nan;nan;nan;nan;nan;nan;nan;nan;nan;nan;nan;nan;nan;nan;nan;nan;nan;nan;nan;nan;nan;nan;nan;nan;nan;nan;nan;nan;nan;nan;nan;nan;nan;nan;nan;nan;nan;nan;nan;nan;nan;nan;nan;nan;nan;nan;nan;nan;nan;nan;nan;nan;nan;nan;nan;nan;nan;nan;nan;nan;nan;nan;nan;nan;nan;nan;nan;nan;nan;nan;nan;nan;nan;nan;nan;nan;nan;nan;nan;nan;nan;nan;nan;nan;nan;nan;nan;nan;nan;nan;nan;nan;nan;nan;nan;nan;nan;nan;nan;nan;nan;nan;nan;nan;nan;nan;nan;nan;nan;nan;nan;nan;nan;nan;nan;nan;nan;nan;nan;nan;nan;nan;nan;nan;nan;nan;nan;nan;nan;nan;nan;nan;nan;nan;nan;nan;nan;nan;nan;nan;nan;nan;nan;nan;nan;nan;nan;nan;nan;nan;nan;nan;nan;nan;nan;nan;nan;nan;nan;nan;nan;nan;nan;nan;nan;nan;nan;nan;nan;nan;nan;nan;nan;nan;nan;nan;nan;nan;nan;nan;nan;nan;nan;nan;nan;nan;nan;nan;nan;nan;nan;nan;nan;nan;nan;nan;nan;nan;nan;nan;nan;nan;nan;nan;nan;nan;nan;nan;nan;nan;nan;nan;nan;nan;nan;nan;nan;nan;nan;nan;nan;nan;nan;nan;nan;nan;nan;nan;nan;nan;nan;nan;nan;nan;nan;nan;nan;nan;nan;nan;nan;nan;nan;nan;nan;nan;nan;nan;nan;nan;nan;nan;nan;nan;nan;nan;nan;nan;nan;nan;nan;nan;nan;nan;nan;nan;nan;nan;nan;nan;nan;nan;nan;nan;nan;nan;nan;nan;nan;nan;nan;nan;nan;nan;nan;nan;nan;nan;nan;nan;nan;nan;nan;nan;nan;nan;nan;nan;nan;nan;nan;nan;nan;nan;nan;nan;nan;nan;nan;nan;nan;nan;nan;nan;nan;nan;nan;nan;nan;nan;nan;nan;nan;nan;nan;nan;nan;nan;nan;nan;nan;nan;nan;nan;nan;nan;nan;nan;nan;nan;nan;nan;nan;nan;nan;nan;nan;nan;nan;nan;nan;nan;nan;nan;nan;nan;nan;nan;nan;nan;nan;nan;nan;nan;nan;nan;nan;nan;nan;nan;nan;nan;nan;nan;nan;nan;nan;nan;nan;nan;nan;nan;nan;nan;nan;nan;nan;nan;nan;nan;nan;nan;nan;nan;nan;nan;nan;nan;nan;nan;nan;nan;nan;nan;nan;nan;nan;nan;nan;nan;nan;nan;nan;nan;nan;nan;nan;nan;nan;nan;nan;nan;nan;nan;nan;nan;nan;nan;nan;nan;nan;nan;nan;nan;nan;nan;nan;nan;nan;nan;nan;nan;nan;nan;nan;nan;nan;nan;nan;nan;nan;nan;nan;nan;nan;nan;nan;nan;nan;nan;nan;nan;nan;nan;nan;nan;nan;nan;nan;nan;nan;nan;nan;nan;nan;nan;nan;nan;nan;nan;nan;nan;nan;nan;nan;nan;nan;nan;nan;nan;nan;nan;nan;nan;nan;nan;nan;nan;nan;nan;nan;nan;nan;nan;nan;nan;nan;nan;nan;nan;nan;nan;nan;nan;nan;nan;nan;nan;nan;nan;nan;nan;nan;nan;nan;nan;nan;nan;nan;nan;nan;nan;nan;nan;nan;nan;nan;nan;nan;nan;nan;nan;nan;nan;0.9326247;21.942789453957733;0.36470588235294116;0.19492900608519267;0.5;0.3176405;9.992007221626413e-16;1.0;1.0;1.0;0.02684807777404785;0.9326247;21.942789453957733;0.36470588235294116;0.19492900608519267;0.5;0.3176405;9.992007221626413e-16;1.0;1.0;1.0;0.0;0.0;0.0;0.0;0.0;0.0;0.0;0.0;0.0;0.0;0.02684807777404785;0.624795;0.5706481909050661;0.7176470588235294;0.6541514213340838;0.7096774193548387;0.134566068649292;124.507286;0.12053222089900828;0.9529411764705882;0.9529411764705882;0.9922341696535245;15.828024625778198;0.555222;9.992007221626413e-16;1.0;1.0;0;0.49666217;9.992007221626413e-16;1.0;1.0;0;0.0016713142395019531;0.555222;9.992007221626413e-16;1.0;1.0;0.0;0.49666217;9.992007221626413e-16;1.0;1.0;0.0;0.0;0.0;0.0;0.0;0.0;0.0;0.0;0.0;0.0;0.0;0.0016713142395019531;0.72314256;0.9202734910208603;0.4482758620689655;0.6190476190476191;0;0.12755060195922852;16.296423;0.39407974738499213;0.8275862068965517;0.749512036434613;0.825;7.410394668579102;0.64195263;0.5762957079391154;0.829073482428115;0.8319572260647602;0.852379280070237;0.5104104;0.28547879837206064;0.885;0.8856992404621624;0.9107175889328063;0.04038071632385254;0.64195263;0.5762957079391154;0.829073482428115;0.8319572260647602;0.852379280070237;0.5104104;0.28547879837206064;0.885;0.8856992404621624;0.9107175889328063;0.0;0.0;0.0;0.0;0.0;0.0;0.0;0.0;0.0;0.0;0.04038071632385254;0.6572697;0.616975093611513;0.7204472843450479;0.640386618166343;0.46916008194322506;0.13518166542053223;1257.0381;0.41282050200093895;0.7971246006389776;0.7969923732219389;0.8725948066504763;36.704516649246216;nan;nan;nan;nan;nan;nan;nan;nan;nan;nan;nan;nan;nan;nan;nan;nan;nan;nan;nan;nan;nan;nan;nan;nan;nan;nan;nan;nan;nan;nan;nan;nan;nan;nan;nan;nan;nan;nan;nan;nan;nan;nan;nan;nan;nan;nan;nan;nan;nan;nan;nan;nan;nan;nan;nan;nan;nan;nan;nan;nan;nan;nan;nan;nan;nan;nan;nan;nan;nan;nan;nan;nan;nan;nan;nan;nan;nan;nan;nan;nan;nan;nan;nan;nan;nan;nan;nan;nan;nan;nan;nan;nan;nan;nan;nan;nan;nan;nan;nan;nan;nan;nan;nan;nan;nan;nan;nan;nan;nan;nan;nan;nan;nan;nan;nan;nan;nan;nan;nan;nan;nan;nan;nan;nan;nan;nan;nan;nan;nan;nan;nan;nan;nan;nan;nan;nan;nan;nan;nan;nan;nan;nan;nan;nan;nan;nan;nan;nan;nan;nan;nan;nan;nan;nan;nan;nan;nan;nan;nan;nan;nan;nan;nan;nan;nan;nan;nan;nan;nan;nan;nan;nan;nan;nan;nan;nan;nan;nan;nan;nan;nan;nan;nan;nan;nan;nan;nan;nan;nan;nan;nan;nan;nan;nan;nan;nan;nan;nan;nan;nan;nan;nan;nan;nan;nan;nan;nan;nan;nan;nan;nan;nan;nan;nan;nan;nan;nan;nan;nan;nan;nan;nan;nan;nan;nan;nan;nan;nan;nan;nan;nan;nan;nan;nan;nan;nan;nan;nan;nan;nan;nan;nan;nan;nan;nan;nan;nan;nan;nan;nan;nan;nan;nan;nan;nan;nan;nan;nan;nan;nan;nan;nan;nan;nan;nan;nan;nan;nan;nan;nan;nan;nan;nan;nan;nan;nan;nan;nan;nan;nan;nan;nan;nan;nan;nan;nan;nan;nan;nan;nan;nan;nan;nan;nan;nan;nan;nan;nan;nan;nan;nan;nan;nan;nan;nan;nan;nan;nan;nan;nan;nan;nan;nan;nan;nan;nan;nan;nan;nan;nan;nan;nan;nan;nan;nan;nan;nan;nan;nan;nan;nan;nan;nan;nan;nan;nan;nan;nan;nan;nan;nan;nan;nan;nan;nan;nan;nan;nan;nan;nan;nan;nan;nan;nan;nan;nan;nan;nan;nan;nan;nan;nan;nan;nan;nan;nan;nan;nan;nan;nan;nan;nan;nan;nan;nan;nan;nan;nan;nan;nan;nan;nan;nan;nan;nan;nan;nan;nan;nan;nan;nan;nan;nan;nan;nan;nan;nan;nan;nan;nan;nan;nan;nan;nan;nan;nan;nan;nan;nan;nan;nan;nan;nan;nan;nan;nan;nan;nan;nan;nan;nan;nan;nan;nan;nan;nan;nan;nan;nan;nan;nan;nan;nan;nan;nan;nan;nan;nan;nan;nan;nan;nan;nan;nan;nan;nan;nan;nan;nan;nan;nan;nan;nan;nan;nan;nan;nan;nan;nan;nan;nan;nan;nan;nan;nan;nan;nan;nan;nan;nan;nan;nan;nan;nan;nan;nan;nan;nan;nan;nan;nan;nan;nan;nan;nan;nan;nan;nan;nan;nan;nan;nan;nan;nan;nan;nan;nan;nan;nan;nan;nan;nan;nan;nan;nan;nan;nan;nan;nan;nan;nan;nan;nan;nan;nan;nan;nan;nan;nan;nan;nan;nan;nan;nan;nan;nan;nan;nan;nan;nan;nan;nan;nan;nan;nan;nan;nan;nan;nan;nan;nan;nan;nan;nan;nan;nan;nan;nan;nan;nan;nan;nan;nan;nan;nan;nan;nan;nan;nan;nan;nan;nan;nan;nan;nan;nan;nan;nan;nan;nan;nan;nan;0.9325636;21.266471596393735;0.36470588235294116;0.19492900608519267;0.4862604540023895;0.31820366;0.0006791487666606945;0.9999;0.9998900025006251;0.9945483645093529;0.04152798652648926;0.9325636;21.266471596393735;0.36470588235294116;0.19492900608519267;0.4862604540023895;0.31820366;0.0006791487666606945;0.9999;0.9998900025006251;0.9945483645093529;0.0;0.0;0.0;0.0;0.0;0.0;0.0;0.0;0.0;0.0;0.04152798652648926;0.624795;0.5706481909050661;0.7176470588235294;0.6541514213340838;0.7096774193548387;0.134566068649292;124.507286;0.12053222089900828;0.9529411764705882;0.9529411764705882;0.9922341696535245;15.828024625778198;0.555222;9.992007221626413e-16;1.0;1.0;0;0.4890286;9.992007221626413e-16;1.0;1.0;0;0.0010352134704589844;0.555222;9.992007221626413e-16;1.0;1.0;0.0;0.4890286;9.992007221626413e-16;1.0;1.0;0.0;0.0;0.0;0.0;0.0;0.0;0.0;0.0;0.0;0.0;0.0;0.0010352134704589844;0.72314256;0.9202734910208603;0.4482758620689655;0.6190476190476191;0;0.12755060195922852;16.296423;0.39407974738499213;0.8275862068965517;0.749512036434613;0.825;7.410394668579102;0.5929745;0.4333295335316853;0.8402555910543131;0.8412433772168875;0.8453672812408545;0.5271497;0.3142946782566151;0.868;0.8687384924450952;0.9074750084005376;0.04363298416137695;0.5929745;0.4333295335316853;0.8402555910543131;0.8412433772168875;0.8453672812408545;0.5271497;0.3142946782566151;0.868;0.8687384924450952;0.9074750084005376;0.0;0.0;0.0;0.0;0.0;0.0;0.0;0.0;0.0;0.0;0.04363298416137695;0.6572697;0.616975093611513;0.7204472843450479;0.640386618166343;0.46916008194322506;0.13518166542053223;1257.0381;0.41282050200093895;0.7971246006389776;0.7969923732219389;0.8725948066504763;36.704516649246216;nan;nan;nan;nan;nan;nan;nan;nan;nan;nan;nan;nan;nan;nan;nan;nan;nan;nan;nan;nan;nan;nan;nan;nan;nan;nan;nan;nan;nan;nan;nan;nan;nan;nan;nan;nan;nan;nan;nan;nan;nan;nan;nan;nan;nan;nan;nan;nan;nan;nan;nan;nan;nan;nan;nan;nan;nan;nan;nan;nan;nan;nan;nan;nan;nan;nan;nan;nan;nan;nan;nan;nan;nan;nan;nan;nan;nan;nan;nan;nan;nan;nan;nan;nan;nan;nan;nan;nan;nan;nan;nan;nan;nan;nan;nan;nan;nan;nan;nan;nan;nan;nan;nan;nan;nan;nan;nan;nan;nan;nan;nan;nan;nan;nan;nan;nan;nan;nan;nan;nan;nan;nan;nan;nan;nan;nan;nan;nan;nan;nan;nan;nan;nan;nan;nan;nan;nan;nan;nan;nan;nan;nan;nan;nan;nan;nan;nan;nan;nan;nan;nan;nan;nan;nan;nan;nan;nan;nan;nan;nan;nan;nan;nan;nan;nan;nan;nan;nan;nan;nan;nan;nan;nan;nan;nan;nan;nan;nan;nan;nan;nan;nan;nan;nan;nan;nan;nan;nan;nan;nan;nan;nan;nan;nan;nan;nan;nan;nan;nan;nan;nan;nan;nan;nan;nan;nan;nan;nan;nan;nan;nan;nan;nan;nan;nan;nan;nan;nan;nan;nan;nan;nan;nan;nan;nan;nan;nan;nan;nan;nan;nan;nan;nan;nan;nan;nan;nan;nan;nan;nan;nan;nan;nan;nan;nan;nan;nan;nan;nan;nan;nan;nan;nan;nan;nan;nan;nan;nan;nan;nan;nan;nan;nan;nan;nan;nan;nan;nan;nan;nan;nan;nan;nan;nan;nan;nan;nan;nan;nan;nan;nan;nan;nan;nan;nan;nan;nan;nan;nan;nan;nan;nan;nan;nan;nan;nan;nan;nan;nan;nan;nan;nan;nan;nan;nan;nan;nan;nan;nan;nan;nan;nan;nan;nan;nan;nan;nan;nan;nan;nan;nan;nan;nan;nan;nan;nan;nan;nan;nan;nan;nan;nan;nan;nan;nan;nan;nan;nan;nan;nan;nan;nan;nan;nan;nan;nan;nan;nan;nan;nan;nan;nan;nan;nan;nan;nan;nan;nan;nan;nan;nan;nan;nan;nan;nan;nan;nan;nan;nan;nan;nan;nan;nan;nan;nan;nan;nan;nan;nan;nan;nan;nan;nan;nan;nan;nan;nan;nan;nan;nan;nan;nan;nan;nan;nan;nan;nan;nan;nan;nan;nan;nan;nan;nan;nan;nan;nan;nan;nan;nan;nan;nan;nan;nan;nan;nan;nan;nan;nan;nan;nan;nan;nan;nan;nan;nan;nan;nan;nan;nan;nan;nan;nan;nan;nan;nan;nan;nan;nan;nan;nan;nan;nan;nan;nan;nan;nan;nan;nan;nan;nan;nan;nan;nan;nan;nan;nan;nan;nan;nan;nan;nan;nan;nan;nan;nan;nan;nan;nan;nan;nan;nan;nan;nan;nan;nan;nan;nan;nan;nan;nan;nan;nan;nan;nan;nan;nan;nan;nan;nan;nan;nan;nan;nan;nan;nan;nan;nan;nan;nan;nan;nan;nan;nan;nan;nan;nan;nan;nan;nan;nan;nan;nan;nan;nan;nan;nan;nan;nan;nan;nan;nan;nan;nan;nan;nan;nan;nan;nan;nan;nan;nan;nan;nan;nan;nan;nan;nan;nan;nan;nan;nan;nan;nan;nan;nan;nan;nan;nan;nan;nan;nan;nan;nan;nan;nan;nan;nan;nan;nan;nan;nan;nan;nan;nan;nan;nan;nan;nan;nan;nan;nan;0.85585535;5.1671264250973605;0.4235294117647059;0.3113865610376079;0.787037037037037;0.3277975;0.01153896338311477;0.9978;0.9973818342328413;0.8532848709533509;0.044905900955200195;0.85585535;5.1671264250973605;0.4235294117647059;0.3113865610376079;0.787037037037037;0.3277975;0.01153896338311477;0.9978;0.9973818342328413;0.8532848709533509;0.0;0.0;0.0;0.0;0.0;0.0;0.0;0.0;0.0;0.0;0.044905900955200195;0.624795;0.5706481909050661;0.7176470588235294;0.6541514213340838;0.7096774193548387;0.134566068649292;124.507286;0.12053222089900828;0.9529411764705882;0.9529411764705882;0.9922341696535245;15.828024625778198;0.555222;9.992007221626413e-16;1.0;1.0;0;0.5079707;9.992007221626413e-16;1.0;1.0;0;0.0011320114135742188;0.555222;9.992007221626413e-16;1.0;1.0;0.0;0.5079707;9.992007221626413e-16;1.0;1.0;0.0;0.0;0.0;0.0;0.0;0.0;0.0;0.0;0.0;0.0;0.0;0.0011320114135742188;0.72314256;0.9202734910208603;0.4482758620689655;0.6190476190476191;0;0.12755060195922852;16.296423;0.39407974738499213;0.8275862068965517;0.749512036434613;0.825;7.410394668579102;0.69254065;0.7164500699704465;0.3242811501597444;0.16281642622814782;0.7392215393620135;0.43240815;0.15213838949239675;0.9451;0.941241084922562;0.9233102245992967;0.04073286056518555;0.69254065;0.7164500699704465;0.3242811501597444;0.16281642622814782;0.7392215393620135;0.43240815;0.15213838949239675;0.9451;0.941241084922562;0.9233102245992967;0.0;0.0;0.0;0.0;0.0;0.0;0.0;0.0;0.0;0.0;0.04073286056518555;0.6572697;0.616975093611513;0.7204472843450479;0.640386618166343;0.46916008194322506;0.13518166542053223;1257.0381;0.41282050200093895;0.7971246006389776;0.7969923732219389;0.8725948066504763;36.704516649246216;nan;nan;nan;nan;nan;nan;nan;nan;nan;nan;nan;nan;nan;nan;nan;nan;nan;nan;nan;nan;nan;nan;nan;nan;nan;nan;nan;nan;nan;nan;nan;nan;nan;nan;nan;nan;nan;nan;nan;nan;nan;nan;nan;nan;nan;nan;nan;nan;nan;nan;nan;nan;nan;nan;nan;nan;nan;nan;nan;nan;nan;nan;nan;nan;nan;nan;nan;nan;nan;nan;nan;nan;nan;nan;nan;nan;nan;nan;nan;nan;nan;nan;nan;nan;nan;nan;nan;nan;nan;nan;nan;nan;nan;nan;nan;nan;nan;nan;nan;nan;nan;nan;nan;nan;nan;nan;nan;nan;nan;nan;nan;nan;nan;nan;nan;nan;nan;nan;nan;nan;nan;nan;nan;nan;nan;nan;nan;nan;nan;nan;nan;nan;nan;nan;nan;nan;nan;nan;nan;nan;nan;nan;nan;nan;nan;nan;nan;nan;nan;nan;nan;nan;nan;nan;nan;nan;nan;nan;nan;nan;nan;nan;nan;nan;nan;nan;nan;nan;nan;nan;nan;nan;nan;nan;nan;nan;nan;nan;nan;nan;nan;nan;nan;nan;nan;nan;nan;nan;nan;nan;nan;nan;nan;nan;nan;nan;nan;nan;nan;nan;nan;nan;nan;nan;nan;nan;nan;nan;nan;nan;nan;nan;nan;nan;nan;nan;nan;nan;nan;nan;nan;nan;nan;nan;nan;nan;nan;nan;nan;nan;nan;nan;nan;nan;nan;nan;nan;nan;nan;nan;nan;nan;nan;nan;nan;nan;nan;nan;nan;nan;nan;nan;nan;nan;nan;nan;nan;nan;nan;nan;nan;nan;nan;nan;nan;nan;nan;nan;nan;nan;nan;nan;nan;nan;nan;nan;nan;nan;nan;nan;nan;nan;nan;nan;nan;nan;nan;nan;nan;nan;nan;nan;nan;nan;nan;nan;nan;nan;nan;nan;nan;nan;nan;nan;nan;nan;nan;nan;nan;nan;nan;nan;nan;nan;nan;nan;nan;nan;nan;nan;nan;nan;nan;nan;nan;nan;nan;nan;nan;nan;nan;nan;nan;nan;nan;nan;nan;nan;nan;nan;nan;nan;nan;nan;nan;nan;nan;nan;nan;nan;nan;nan;nan;nan;nan;nan;nan;nan;nan;nan;nan;nan;nan;nan;nan;nan;nan;nan;nan;nan;nan;nan;nan;nan;nan;nan;nan;nan;nan;nan;nan;nan;nan;nan;nan;nan;nan;nan;nan;nan;nan;nan;nan;nan;nan;nan;nan;nan;nan;nan;nan;nan;nan;nan;nan;nan;nan;nan;nan;nan;nan;nan;nan;nan;nan;nan;nan;nan;nan;nan;nan;nan;nan;nan;nan;nan;nan;nan;nan;nan;nan;nan;nan;nan;nan;nan;nan;nan;nan;nan;nan;nan;nan;nan;nan;nan;nan;nan;nan;nan;nan;nan;nan;nan;nan;nan;nan;nan;nan;nan;nan;nan;nan;nan;nan;nan;nan;nan;nan;nan;nan;nan;nan;nan;nan;nan;nan;nan;nan;nan;nan;nan;nan;nan;nan;nan;nan;nan;nan;nan;nan;nan;nan;nan;nan;nan;nan;nan;nan;nan;nan;nan;nan;nan;nan;nan;nan;nan;nan;nan;nan;nan;nan;nan;nan;nan;nan;nan;nan;nan;nan;nan;nan;nan;nan;nan;nan;nan;nan;nan;nan;nan;nan;nan;nan;nan;nan;nan;nan;nan;nan;nan;nan;nan;nan;nan;nan;nan;nan;nan;nan;nan;nan;nan;nan;nan;nan;nan;nan;nan;nan;nan;nan;nan;nan;nan;nan;nan;nan;nan;nan;nan;0.75015104;1.9256763414763571;0.5058823529411764;0.4484368572603867;0.9351851851851852;0.322051;0.007037026839872209;0.9988;0.9985003604325191;0.8294179523141655;0.03939008712768555;0.75015104;1.9256763414763571;0.5058823529411764;0.4484368572603867;0.9351851851851852;0.322051;0.007037026839872209;0.9988;0.9985003604325191;0.8294179523141655;0.0;0.0;0.0;0.0;0.0;0.0;0.0;0.0;0.0;0.0;0.03939008712768555;0.624795;0.5706481909050661;0.7176470588235294;0.6541514213340838;0.7096774193548387;0.134566068649292;124.507286;0.12053222089900828;0.9529411764705882;0.9529411764705882;0.9922341696535245;15.828024625778198;0.555222;9.992007221626413e-16;1.0;1.0;0;0.49458545;9.992007221626413e-16;1.0;1.0;0;0.0012607574462890625;0.555222;9.992007221626413e-16;1.0;1.0;0.0;0.49458545;9.992007221626413e-16;1.0;1.0;0.0;0.0;0.0;0.0;0.0;0.0;0.0;0.0;0.0;0.0;0.0;0.0012607574462890625;0.72314256;0.9202734910208603;0.4482758620689655;0.6190476190476191;0;0.12755060195922852;16.296423;0.39407974738499213;0.8275862068965517;0.749512036434613;0.825;7.410394668579102;0.668677;0.6176820786182999;0.8514376996805112;0.8486342125429931;0.8221656423763536;0.48525104;0.24293687874711478;0.9072;0.9046715314646714;0.9164481563551667;0.0400540828704834;0.668677;0.6176820786182999;0.8514376996805112;0.8486342125429931;0.8221656423763536;0.48525104;0.24293687874711478;0.9072;0.9046715314646714;0.9164481563551667;0.0;0.0;0.0;0.0;0.0;0.0;0.0;0.0;0.0;0.0;0.0400540828704834;0.6572697;0.616975093611513;0.7204472843450479;0.640386618166343;0.46916008194322506;0.13518166542053223;1257.0381;0.41282050200093895;0.7971246006389776;0.7969923732219389;0.8725948066504763;36.704516649246216;nan;nan;nan;nan;nan;nan;nan;nan;nan;nan;nan;nan;nan;nan;nan;nan;nan;nan;nan;nan;nan;nan;nan;nan;nan;nan;nan;nan;nan;nan;nan;nan;nan;nan;nan;nan;nan;nan;nan;nan;nan;nan;nan;nan;nan;nan;nan;nan;nan;nan;nan;nan;nan;nan;nan;nan;nan;nan;nan;nan;nan;nan;nan;nan;nan;nan;nan;nan;nan;nan;nan;nan;nan;nan;nan;nan;nan;nan;nan;nan;nan;nan;nan;nan;nan;nan;nan;nan;nan;nan;nan;nan;nan;nan;nan;nan;nan;nan;nan;nan;nan;nan;nan;nan;nan;nan;nan;nan;nan;nan;nan;nan;nan;nan;nan;nan;nan;nan;nan;nan;nan;nan;nan;nan;nan;nan;nan;nan;nan;nan;nan;nan;nan;nan;nan;nan;nan;nan;nan;nan;nan;nan;nan;nan;nan;nan;nan;nan;nan;nan;nan;nan;nan;nan;nan;nan;nan;nan;nan;nan;nan;nan;nan;nan;nan;nan;nan;nan;nan;nan;nan;nan;nan;nan;nan;nan;nan;nan;nan;nan;nan;nan;nan;nan;nan;nan;nan;nan;nan;nan;nan;nan;nan;nan;nan;nan;nan;nan;nan;nan;nan;nan;nan;nan;nan;nan;nan;nan;nan;nan;nan;nan;nan;nan;nan;nan;nan;nan;nan;nan;nan;nan;nan;nan;nan;nan;nan;nan;nan;nan;nan;nan;nan;nan;nan;nan;nan;nan;nan;nan;nan;nan;nan;nan;nan;nan;nan;nan;nan;nan;nan;nan;nan;nan;nan;nan;nan;nan;nan;nan;nan;nan;nan;nan;nan;nan;nan;nan;nan;nan;nan;nan;nan;nan;nan;nan;nan;nan;nan;nan;nan;nan;nan;nan;nan;nan;nan;nan;nan;nan;nan;nan;nan;nan;nan;nan;nan;nan;nan;nan;nan;nan;nan;nan;nan;nan;nan;nan;nan;nan;nan;nan;nan;nan;nan;nan;nan;nan;nan;nan;nan;nan;nan;nan;nan;nan;nan;nan;nan;nan;nan;nan;nan;nan;nan;nan;nan;nan;nan;nan;nan;nan;nan;nan;nan;nan;nan;nan;nan;nan;nan;nan;nan;nan;nan;nan;nan;nan;nan;nan;nan;nan;nan;nan;nan;nan;nan;nan;nan;nan;nan;nan;nan;nan;nan;nan;nan;nan;nan;nan;nan;nan;nan;nan;nan;nan;nan;nan;nan;nan;nan;nan;nan;nan;nan;nan;nan;nan;nan;nan;nan;nan;nan;nan;nan;nan;nan;nan;nan;nan;nan;nan;nan;nan;nan;nan;nan;nan;nan;nan;nan;nan;nan;nan;nan;nan;nan;nan;nan;nan;nan;nan;nan;nan;nan;nan;nan;nan;nan;nan;nan;nan;nan;nan;nan;nan;nan;nan;nan;nan;nan;nan;nan;nan;nan;nan;nan;nan;nan;nan;nan;nan;nan;nan;nan;nan;nan;nan;nan;nan;nan;nan;nan;nan;nan;nan;nan;nan;nan;nan;nan;nan;nan;nan;nan;nan;nan;nan;nan;nan;nan;nan;nan;nan;nan;nan;nan;nan;nan;nan;nan;nan;nan;nan;nan;nan;nan;nan;nan;nan;nan;nan;nan;nan;nan;nan;nan;nan;nan;nan;nan;nan;nan;nan;nan;nan;nan;nan;nan;nan;nan;nan;nan;nan;nan;nan;nan;nan;nan;nan;nan;nan;nan;nan;nan;nan;nan;nan;nan;nan;nan;nan;nan;nan;nan;nan;nan;nan;nan;nan;nan;nan;nan;nan;nan;nan;nan;nan;nan;nan;nan;nan;0.67165434;1.331923041237477;0.5176470588235295;0.4660637418276976;0.9540023894862605;0.32643622;0.011210029325949281;0.9977;0.9967892554548924;0.8178668383952121;0.04094719886779785;0.67165434;1.331923041237477;0.5176470588235295;0.4660637418276976;0.9540023894862605;0.32643622;0.011210029325949281;0.9977;0.9967892554548924;0.8178668383952121;0.0;0.0;0.0;0.0;0.0;0.0;0.0;0.0;0.0;0.0;0.04094719886779785;0.624795;0.5706481909050661;0.7176470588235294;0.6541514213340838;0.7096774193548387;0.134566068649292;124.507286;0.12053222089900828;0.9529411764705882;0.9529411764705882;0.9922341696535245;15.828024625778198;0.555222;9.992007221626413e-16;1.0;1.0;0;0.4747537;9.992007221626413e-16;1.0;1.0;0;0.0008947849273681641;0.555222;9.992007221626413e-16;1.0;1.0;0.0;0.4747537;9.992007221626413e-16;1.0;1.0;0.0;0.0;0.0;0.0;0.0;0.0;0.0;0.0;0.0;0.0;0.0;0.0008947849273681641;0.72314256;0.9202734910208603;0.4482758620689655;0.6190476190476191;0;0.12755060195922852;16.296423;0.39407974738499213;0.8275862068965517;0.749512036434613;0.825;7.410394668579102;0.63104385;0.5244097190251862;0.8562300319488818;0.8554406946259171;0.8430962832894352;0.4782324;0.22086763680337276;0.9119;0.9130878751525195;0.9166278525413178;0.03851628303527832;0.63104385;0.5244097190251862;0.8562300319488818;0.8554406946259171;0.8430962832894352;0.4782324;0.22086763680337276;0.9119;0.9130878751525195;0.9166278525413178;0.0;0.0;0.0;0.0;0.0;0.0;0.0;0.0;0.0;0.0;0.03851628303527832;0.6572697;0.616975093611513;0.7204472843450479;0.640386618166343;0.46916008194322506;0.13518166542053223;1257.0381;0.41282050200093895;0.7971246006389776;0.7969923732219389;0.8725948066504763;36.704516649246216;nan;nan;nan;nan;nan;nan;nan;nan;nan;nan;nan;nan;nan;nan;nan;nan;nan;nan;nan;nan;nan;nan;nan;nan;nan;nan;nan;nan;nan;nan;nan;nan;nan;nan;nan;nan;nan;nan;nan;nan;nan;nan;nan;nan;nan;nan;nan;nan;nan;nan;nan;nan;nan;nan;nan;nan;nan;nan;nan;nan;nan;nan;nan;nan;nan;nan;nan;nan;nan;nan;nan;nan;nan;nan;nan;nan;nan;nan;nan;nan;nan;nan;nan;nan;nan;nan;nan;nan;nan;nan;nan;nan;nan;nan;nan;nan;nan;nan;nan;nan;nan;nan;nan;nan;nan;nan;nan;nan;nan;nan;nan;nan;nan;nan;nan;nan;nan;nan;nan;nan;nan;nan;nan;nan;nan;nan;nan;nan;nan;nan;nan;nan;nan;nan;nan;nan;nan;nan;nan;nan;nan;nan;nan;nan;nan;nan;nan;nan;nan;nan;nan;nan;nan;nan;nan;nan;nan;nan;nan;nan;nan;nan;nan;nan;nan;nan;nan;nan;nan;nan;nan;nan;nan;nan;nan;nan;nan;nan;nan;nan;nan;nan;nan;nan;nan;nan;nan;nan;nan;nan;nan;nan;nan;nan;nan;nan;nan;nan;nan;nan;nan;nan;nan;nan;nan;nan;nan;nan;nan;nan;nan;nan;nan;nan;nan;nan;nan;nan;nan;nan;nan;nan;nan;nan;nan;nan;nan;nan;nan;nan;nan;nan;nan;nan;nan;nan;nan;nan;nan;nan;nan;nan;nan;nan;nan;nan;nan;nan;nan;nan;nan;nan;nan;nan;nan;nan;nan;nan;nan;nan;nan;nan;nan;nan;nan;nan;nan;nan;nan;nan;nan;nan;nan;nan;nan;nan;nan;nan;nan;nan;nan;nan;nan;nan;nan;nan;nan;nan;nan;nan;nan;nan;nan;nan;nan;nan;nan;nan;nan;nan;nan;nan;nan;nan;nan;nan;nan;nan;nan;nan;nan;nan;nan;nan;nan;nan;nan;nan;nan;nan;nan;nan;nan;nan;nan;nan;nan;nan;nan;nan;nan;nan;nan;nan;nan;nan;nan;nan;nan;nan;nan;nan;nan;nan;nan;nan;nan;nan;nan;nan;nan;nan;nan;nan;nan;nan;nan;nan;nan;nan;nan;nan;nan;nan;nan;nan;nan;nan;nan;nan;nan;nan;nan;nan;nan;nan;nan;nan;nan;nan;nan;nan;nan;nan;nan;nan;nan;nan;nan;nan;nan;nan;nan;nan;nan;nan;nan;nan;nan;nan;nan;nan;nan;nan;nan;nan;nan;nan;nan;nan;nan;nan;nan;nan;nan;nan;nan;nan;nan;nan;nan;nan;nan;nan;nan;nan;nan;nan;nan;nan;nan;nan;nan;nan;nan;nan;nan;nan;nan;nan;nan;nan;nan;nan;nan;nan;nan;nan;nan;nan;nan;nan;nan;nan;nan;nan;nan;nan;nan;nan;nan;nan;nan;nan;nan;nan;nan;nan;nan;nan;nan;nan;nan;nan;nan;nan;nan;nan;nan;nan;nan;nan;nan;nan;nan;nan;nan;nan;nan;nan;nan;nan;nan;nan;nan;nan;nan;nan;nan;nan;nan;nan;nan;nan;nan;nan;nan;nan;nan;nan;nan;nan;nan;nan;nan;nan;nan;nan;nan;nan;nan;nan;nan;nan;nan;nan;nan;nan;nan;nan;nan;nan;nan;nan;nan;nan;nan;nan;nan;nan;nan;nan;nan;nan;nan;nan;nan;nan;nan;nan;nan;nan;nan;nan;nan;nan;nan;nan;nan;nan;nan;nan;nan;nan;nan;nan;nan;nan;nan;nan;nan;nan;0.9326247;21.942789453957733;0.36470588235294116;0.19492900608519267;0.5;0.3175472;9.992007221626413e-16;1.0;1.0;0;0.0011451244354248047;0.9326247;21.942789453957733;0.36470588235294116;0.19492900608519267;0.5;0.3175472;9.992007221626413e-16;1.0;1.0;0.0;0.0;0.0;0.0;0.0;0.0;0.0;0.0;0.0;0.0;0.0;0.0011451244354248047;0.624795;0.5706481909050661;0.7176470588235294;0.6541514213340838;0.7096774193548387;0.134566068649292;124.507286;0.12053222089900828;0.9529411764705882;0.9529411764705882;0.9922341696535245;15.828024625778198;0.555222;9.992007221626413e-16;1.0;1.0;0;0.47885382;9.992007221626413e-16;1.0;1.0;0;0.0009081363677978516;0.555222;9.992007221626413e-16;1.0;1.0;0.0;0.47885382;9.992007221626413e-16;1.0;1.0;0.0;0.0;0.0;0.0;0.0;0.0;0.0;0.0;0.0;0.0;0.0;0.0009081363677978516;0.72314256;0.9202734910208603;0.4482758620689655;0.6190476190476191;0;0.12755060195922852;16.296423;0.39407974738499213;0.8275862068965517;0.749512036434613;0.825;7.410394668579102;0.6355554;0.5478961731268487;0.8482428115015974;0.8485361198111707;0.8409950248756217;0.4673043;0.20641354220499933;0.9215;0.9202023193527428;0.9085142730543927;0.046828508377075195;0.6355554;0.5478961731268487;0.8482428115015974;0.8485361198111707;0.8409950248756217;0.4673043;0.20641354220499933;0.9215;0.9202023193527428;0.9085142730543927;0.0;0.0;0.0;0.0;0.0;0.0;0.0;0.0;0.0;0.0;0.046828508377075195;0.6572697;0.616975093611513;0.7204472843450479;0.640386618166343;0.46916008194322506;0.13518166542053223;1257.0381;0.41282050200093895;0.7971246006389776;0.7969923732219389;0.8725948066504763;36.704516649246216;nan;nan;nan;nan;nan;nan;nan;nan;nan;nan;nan;nan;nan;nan;nan;nan;nan;nan;nan;nan;nan;nan;nan;nan;nan;nan;nan;nan;nan;nan;nan;nan;nan;nan;nan;nan;nan;nan;nan;nan;nan;nan;nan;nan;nan;nan;nan;nan;nan;nan;nan;nan;nan;nan;nan;nan;nan;nan;nan;nan;nan;nan;nan;nan;nan;nan;nan;nan;nan;nan;nan;nan;nan;nan;nan;nan;nan;nan;nan;nan;nan;nan;nan;nan;nan;nan;nan;nan;nan;nan;nan;nan;nan;nan;nan;nan;nan;nan;nan;nan;nan;nan;nan;nan;nan;nan;nan;nan;nan;nan;nan;nan;nan;nan;nan;nan;nan;nan;nan;nan;nan;nan;nan;nan;nan;nan;nan;nan;nan;nan;nan;nan;nan;nan;nan;nan;nan;nan;nan;nan;nan;nan;nan;nan;nan;nan;nan;nan;nan;nan;nan;nan;nan;nan;nan;nan;nan;nan;nan;nan;nan;nan;nan;nan;nan;nan;nan;nan;nan;nan;nan;nan;nan;nan;nan;nan;nan;nan;nan;nan;nan;nan;nan;nan;nan;nan;nan;nan;nan;nan;nan;nan;nan;nan;nan;nan;nan;nan;nan;nan;nan;nan;nan;nan;nan;nan;nan;nan;nan;nan;nan;nan;nan;nan;nan;nan;nan;nan;nan;nan;nan;nan;nan;nan;nan;nan;nan;nan;nan;nan;nan;nan;nan;nan;nan;nan;nan;nan;nan;nan;nan;nan;nan;nan;nan;nan;nan;nan;nan;nan;nan;nan;nan;nan;nan;nan;nan;nan;nan;nan;nan;nan;nan;nan;nan;nan;nan;nan;nan;nan;nan;nan;nan;nan;nan;nan;nan;nan;nan;nan;nan;nan;nan;nan;nan;nan;nan;nan;nan;nan;nan;nan;nan;nan;nan;nan;nan;nan;nan;nan;nan;nan;nan;nan;nan;nan;nan;nan;nan;nan;nan;nan;nan;nan;nan;nan;nan;nan;nan;nan;nan;nan;nan;nan;nan;nan;nan;nan;nan;nan;nan;nan;nan;nan;nan;nan;nan;nan;nan;nan;nan;nan;nan;nan;nan;nan;nan;nan;nan;nan;nan;nan;nan;nan;nan;nan;nan;nan;nan;nan;nan;nan;nan;nan;nan;nan;nan;nan;nan;nan;nan;nan;nan;nan;nan;nan;nan;nan;nan;nan;nan;nan;nan;nan;nan;nan;nan;nan;nan;nan;nan;nan;nan;nan;nan;nan;nan;nan;nan;nan;nan;nan;nan;nan;nan;nan;nan;nan;nan;nan;nan;nan;nan;nan;nan;nan;nan;nan;nan;nan;nan;nan;nan;nan;nan;nan;nan;nan;nan;nan;nan;nan;nan;nan;nan;nan;nan;nan;nan;nan;nan;nan;nan;nan;nan;nan;nan;nan;nan;nan;nan;nan;nan;nan;nan;nan;nan;nan;nan;nan;nan;nan;nan;nan;nan;nan;nan;nan;nan;nan;nan;nan;nan;nan;nan;nan;nan;nan;nan;nan;nan;nan;nan;nan;nan;nan;nan;nan;nan;nan;nan;nan;nan;nan;nan;nan;nan;nan;nan;nan;nan;nan;nan;nan;nan;nan;nan;nan;nan;nan;nan;nan;nan;nan;nan;nan;nan;nan;nan;nan;nan;nan;nan;nan;nan;nan;nan;nan;nan;nan;nan;nan;nan;nan;nan;nan;nan;nan;nan;nan;nan;nan;nan;nan;nan;nan;nan;nan;nan;nan;nan;nan;nan;nan;nan;nan;nan;nan;nan;nan;nan;nan;nan;nan;nan;nan;nan;nan;nan;nan;nan;nan;0.84161836;2.5944029580456616;0.4;0.2669771774569166;0.7314814814814814;0.32555327;0.015520976835671224;0.9976;0.9965728705902549;0.614412858046305;0.039853811264038086;0.84161836;2.5944029580456616;0.4;0.2669771774569166;0.7314814814814814;0.32555327;0.015520976835671224;0.9976;0.9965728705902549;0.614412858046305;0.0;0.0;0.0;0.0;0.0;0.0;0.0;0.0;0.0;0.0;0.039853811264038086;0.624795;0.5706481909050661;0.7176470588235294;0.6541514213340838;0.7096774193548387;0.134566068649292;124.507286;0.12053222089900828;0.9529411764705882;0.9529411764705882;0.9922341696535245;15.828024625778198;0.555222;9.992007221626413e-16;1.0;1.0;0;0.48661265;9.992007221626413e-16;1.0;1.0;0;0.004380226135253906;0.555222;9.992007221626413e-16;1.0;1.0;0.0;0.48661265;9.992007221626413e-16;1.0;1.0;0.0;0.0;0.0;0.0;0.0;0.0;0.0;0.0;0.0;0.0;0.0;0.004380226135253906;0.72314256;0.9202734910208603;0.4482758620689655;0.6190476190476191;0;0.12755060195922852;16.296423;0.39407974738499213;0.8275862068965517;0.749512036434613;0.825;7.410394668579102;0.66399693;0.6415711145740411;0.7891373801916933;0.7830509781101154;0.7503306994439567;0.4595961;0.2064487275226171;0.9228;0.9204602451861796;0.8961021758784884;0.04441404342651367;0.66399693;0.6415711145740411;0.7891373801916933;0.7830509781101154;0.7503306994439567;0.4595961;0.2064487275226171;0.9228;0.9204602451861796;0.8961021758784884;0.0;0.0;0.0;0.0;0.0;0.0;0.0;0.0;0.0;0.0;0.04441404342651367;0.6572697;0.616975093611513;0.7204472843450479;0.640386618166343;0.46916008194322506;0.13518166542053223;1257.0381;0.41282050200093895;0.7971246006389776;0.7969923732219389;0.8725948066504763;36.704516649246216;nan;nan;nan;nan;nan;nan;nan;nan;nan;nan;nan;nan;nan;nan;nan;nan;nan;nan;nan;nan;nan;nan;nan;nan;nan;nan;nan;nan;nan;nan;nan;nan;nan;nan;nan;nan;nan;nan;nan;nan;nan;nan;nan;nan;nan;nan;nan;nan;nan;nan;nan;nan;nan;nan;nan;nan;nan;nan;nan;nan;nan;nan;nan;nan;nan;nan;nan;nan;nan;nan;nan;nan;nan;nan;nan;nan;nan;nan;nan;nan;nan;nan;nan;nan;nan;nan;nan;nan;nan;nan;nan;nan;nan;nan;nan;nan;nan;nan;nan;nan;nan;nan;nan;nan;nan;nan;nan;nan;nan;nan;nan;nan;nan;nan;nan;nan;nan;nan;nan;nan;nan;nan;nan;nan;nan;nan;nan;nan;nan;nan;nan;nan;nan;nan;nan;nan;nan;nan;nan;nan;nan;nan;nan;nan;nan;nan;nan;nan;nan;nan;nan;nan;nan;nan;nan;nan;nan;nan;nan;nan;nan;nan;nan;nan;nan;nan;nan;nan;nan;nan;nan;nan;nan;nan;nan;nan;nan;nan;nan;nan;nan;nan;nan;nan;nan;nan;nan;nan;nan;nan;nan;nan;nan;nan;nan;nan;nan;nan;nan;nan;nan;nan;nan;nan;nan;nan;nan;nan;nan;nan;nan;nan;nan;nan;nan;nan;nan;nan;nan;nan;nan;nan;nan;nan;nan;nan;nan;nan;nan;nan;nan;nan;nan;nan;nan;nan;nan;nan;nan;nan;nan;nan;nan;nan;nan;nan;nan;nan;nan;nan;nan;nan;nan;nan;nan;nan;nan;nan;nan;nan;nan;nan;nan;nan;nan;nan;nan;nan;nan;nan;nan;nan;nan;nan;nan;nan;nan;nan;nan;nan;nan;nan;nan;nan;nan;nan;nan;nan;nan;nan;nan;nan;nan;nan;nan;nan;nan;nan;nan;nan;nan;nan;nan;nan;nan;nan;nan;nan;nan;nan;nan;nan;nan;nan;nan;nan;nan;nan;nan;nan;nan;nan;nan;nan;nan;nan;nan;nan;nan;nan;nan;nan;nan;nan;nan;nan;nan;nan;nan;nan;nan;nan;nan;nan;nan;nan;nan;nan;nan;nan;nan;nan;nan;nan;nan;nan;nan;nan;nan;nan;nan;nan;nan;nan;nan;nan;nan;nan;nan;nan;nan;nan;nan;nan;nan;nan;nan;nan;nan;nan;nan;nan;nan;nan;nan;nan;nan;nan;nan;nan;nan;nan;nan;nan;nan;nan;nan;nan;nan;nan;nan;nan;nan;nan;nan;nan;nan;nan;nan;nan;nan;nan;nan;nan;nan;nan;nan;nan;nan;nan;nan;nan;nan;nan;nan;nan;nan;nan;nan;nan;nan;nan;nan;nan;nan;nan;nan;nan;nan;nan;nan;nan;nan;nan;nan;nan;nan;nan;nan;nan;nan;nan;nan;nan;nan;nan;nan;nan;nan;nan;nan;nan;nan;nan;nan;nan;nan;nan;nan;nan;nan;nan;nan;nan;nan;nan;nan;nan;nan;nan;nan;nan;nan;nan;nan;nan;nan;nan;nan;nan;nan;nan;nan;nan;nan;nan;nan;nan;nan;nan;nan;nan;nan;nan;nan;nan;nan;nan;nan;nan;nan;nan;nan;nan;nan;nan;nan;nan;nan;nan;nan;nan;nan;nan;nan;nan;nan;nan;nan;nan;nan;nan;nan;nan;nan;nan;nan;nan;nan;nan;nan;nan;nan;nan;nan;nan;nan;nan;nan;nan;nan;nan;nan;nan;nan;nan;nan;nan;nan;nan;nan;nan;nan;nan;nan;nan;nan;nan;nan;nan;nan;nan;0.907718;2.682679072311947;0.36470588235294116;0.19492900608519267;0.9166666666666667;0.32175893;0.004506165692003871;0.9992;0.9989715886835071;0.9030524486025537;0.04431319236755371;0.907718;2.682679072311947;0.36470588235294116;0.19492900608519267;0.9166666666666667;0.32175893;0.004506165692003871;0.9992;0.9989715886835071;0.9030524486025537;0.0;0.0;0.0;0.0;0.0;0.0;0.0;0.0;0.0;0.0;0.04431319236755371;0.624795;0.5706481909050661;0.7176470588235294;0.6541514213340838;0.7096774193548387;0.134566068649292;124.507286;0.12053222089900828;0.9529411764705882;0.9529411764705882;0.9922341696535245;15.828024625778198;0.555222;9.992007221626413e-16;1.0;1.0;0;0.48446035;9.992007221626413e-16;1.0;1.0;0;0.0009949207305908203;0.555222;9.992007221626413e-16;1.0;1.0;0.0;0.48446035;9.992007221626413e-16;1.0;1.0;0.0;0.0;0.0;0.0;0.0;0.0;0.0;0.0;0.0;0.0;0.0;0.0009949207305908203;0.72314256;0.9202734910208603;0.4482758620689655;0.6190476190476191;0;0.12755060195922852;16.296423;0.39407974738499213;0.8275862068965517;0.749512036434613;0.825;7.410394668579102;0.6715389;0.6382870920306628;0.854632587859425;0.8541422268568738;0.8323441615452152;0.47062993;0.2187930849822922;0.9188;0.9179060656950749;0.9003800232234076;0.050020456314086914;0.6715389;0.6382870920306628;0.854632587859425;0.8541422268568738;0.8323441615452152;0.47062993;0.2187930849822922;0.9188;0.9179060656950749;0.9003800232234076;0.0;0.0;0.0;0.0;0.0;0.0;0.0;0.0;0.0;0.0;0.050020456314086914;0.6572697;0.616975093611513;0.7204472843450479;0.640386618166343;0.46916008194322506;0.13518166542053223;1257.0381;0.41282050200093895;0.7971246006389776;0.7969923732219389;0.8725948066504763;36.704516649246216;nan;nan;nan;nan;nan;nan;nan;nan;nan;nan;nan;nan;nan;nan;nan;nan;nan;nan;nan;nan;nan;nan;nan;nan;nan;nan;nan;nan;nan;nan;nan;nan;nan;nan;nan;nan;nan;nan;nan;nan;nan;nan;nan;nan;nan;nan;nan;nan;nan;nan;nan;nan;nan;nan;nan;nan;nan;nan;nan;nan;nan;nan;nan;nan;nan;nan;nan;nan;nan;nan;nan;nan;nan;nan;nan;nan;nan;nan;nan;nan;nan;nan;nan;nan;nan;nan;nan;nan;nan;nan;nan;nan;nan;nan;nan;nan;nan;nan;nan;nan;nan;nan;nan;nan;nan;nan;nan;nan;nan;nan;nan;nan;nan;nan;nan;nan;nan;nan;nan;nan;nan;nan;nan;nan;nan;nan;nan;nan;nan;nan;nan;nan;nan;nan;nan;nan;nan;nan;nan;nan;nan;nan;nan;nan;nan;nan;nan;nan;nan;nan;nan;nan;nan;nan;nan;nan;nan;nan;nan;nan;nan;nan;nan;nan;nan;nan;nan;nan;nan;nan;nan;nan;nan;nan;nan;nan;nan;nan;nan;nan;nan;nan;nan;nan;nan;nan;nan;nan;nan;nan;nan;nan;nan;nan;nan;nan;nan;nan;nan;nan;nan;nan;nan;nan;nan;nan;nan;nan;nan;nan;nan;nan;nan;nan;nan;nan;nan;nan;nan;nan;nan;nan;nan;nan;nan;nan;nan;nan;nan;nan;nan;nan;nan;nan;nan;nan;nan;nan;nan;nan;nan;nan;nan;nan;nan;nan;nan;nan;nan;nan;nan;nan;nan;nan;nan;nan;nan;nan;nan;nan;nan;nan;nan;nan;nan;nan;nan;nan;nan;nan;nan;nan;nan;nan;nan;nan;nan;nan;nan;nan;nan;nan;nan;nan;nan;nan;nan;nan;nan;nan;nan;nan;nan;nan;nan;nan;nan;nan;nan;nan;nan;nan;nan;nan;nan;nan;nan;nan;nan;nan;nan;nan;nan;nan;nan;nan;nan;nan;nan;nan;nan;nan;nan;nan;nan;nan;nan;nan;nan;nan;nan;nan;nan;nan;nan;nan;nan;nan;nan;nan;nan;nan;nan;nan;nan;nan;nan;nan;nan;nan;nan;nan;nan;nan;nan;nan;nan;nan;nan;nan;nan;nan;nan;nan;nan;nan;nan;nan;nan;nan;nan;nan;nan;nan;nan;nan;nan;nan;nan;nan;nan;nan;nan;nan;nan;nan;nan;nan;nan;nan;nan;nan;nan;nan;nan;nan;nan;nan;nan;nan;nan;nan;nan;nan;nan;nan;nan;nan;nan;nan;nan;nan;nan;nan;nan;nan;nan;nan;nan;nan;nan;nan;nan;nan;nan;nan;nan;nan;nan;nan;nan;nan;nan;nan;nan;nan;nan;nan;nan;nan;nan;nan;nan;nan;nan;nan;nan;nan;nan;nan;nan;nan;nan;nan;nan;nan;nan;nan;nan;nan;nan;nan;nan;nan;nan;nan;nan;nan;nan;nan;nan;nan;nan;nan;nan;nan;nan;nan;nan;nan;nan;nan;nan;nan;nan;nan;nan;nan;nan;nan;nan;nan;nan;nan;nan;nan;nan;nan;nan;nan;nan;nan;nan;nan;nan;nan;nan;nan;nan;nan;nan;nan;nan;nan;nan;nan;nan;nan;nan;nan;nan;nan;nan;nan;nan;nan;nan;nan;nan;nan;nan;nan;nan;nan;nan;nan;nan;nan;nan;nan;nan;nan;nan;nan;nan;nan;nan;nan;nan;nan;nan;nan;nan;nan;nan;nan;nan;nan;nan;nan;nan;nan;nan;nan;nan;nan;nan;nan;nan;nan;nan;nan;0.47505018;5.28251398003531;0.8470588235294118;0.8499098665027373;0.8727598566308244;0.3170657;9.992007221626413e-16;1.0;1.0;1.0;0.027636289596557617;0.47505018;5.28251398003531;0.8470588235294118;0.8499098665027373;0.8727598566308244;0.3170657;9.992007221626413e-16;1.0;1.0;1.0;0.0;0.0;0.0;0.0;0.0;0.0;0.0;0.0;0.0;0.0;0.027636289596557617;0.624795;0.5706481909050661;0.7176470588235294;0.6541514213340838;0.7096774193548387;0.134566068649292;124.507286;0.12053222089900828;0.9529411764705882;0.9529411764705882;0.9922341696535245;15.828024625778198;0.555222;9.992007221626413e-16;1.0;1.0;0;0.48854628;9.992007221626413e-16;1.0;1.0;0;0.0009646415710449219;0.555222;9.992007221626413e-16;1.0;1.0;0.0;0.48854628;9.992007221626413e-16;1.0;1.0;0.0;0.0;0.0;0.0;0.0;0.0;0.0;0.0;0.0;0.0;0.0;0.0009646415710449219;0.72314256;0.9202734910208603;0.4482758620689655;0.6190476190476191;0;0.12755060195922852;16.296423;0.39407974738499213;0.8275862068965517;0.749512036434613;0.825;7.410394668579102;0.68958735;0.6981169628493947;0.3242811501597444;0.16281642622814782;0.8237342698273339;0.4579665;0.1943374515468197;0.9293;0.9248190031429507;0.9095766297839317;0.041695594787597656;0.68958735;0.6981169628493947;0.3242811501597444;0.16281642622814782;0.8237342698273339;0.4579665;0.1943374515468197;0.9293;0.9248190031429507;0.9095766297839317;0.0;0.0;0.0;0.0;0.0;0.0;0.0;0.0;0.0;0.0;0.041695594787597656;0.6572697;0.616975093611513;0.7204472843450479;0.640386618166343;0.46916008194322506;0.13518166542053223;1257.0381;0.41282050200093895;0.7971246006389776;0.7969923732219389;0.8725948066504763;36.704516649246216;nan;nan;nan;nan;nan;nan;nan;nan;nan;nan;nan;nan;nan;nan;nan;nan;nan;nan;nan;nan;nan;nan;nan;nan;nan;nan;nan;nan;nan;nan;nan;nan;nan;nan;nan;nan;nan;nan;nan;nan;nan;nan;nan;nan;nan;nan;nan;nan;nan;nan;nan;nan;nan;nan;nan;nan;nan;nan;nan;nan;nan;nan;nan;nan;nan;nan;nan;nan;nan;nan;nan;nan;nan;nan;nan;nan;nan;nan;nan;nan;nan;nan;nan;nan;nan;nan;nan;nan;nan;nan;nan;nan;nan;nan;nan;nan;nan;nan;nan;nan;nan;nan;nan;nan;nan;nan;nan;nan;nan;nan;nan;nan;nan;nan;nan;nan;nan;nan;nan;nan;nan;nan;nan;nan;nan;nan;nan;nan;nan;nan;nan;nan;nan;nan;nan;nan;nan;nan;nan;nan;nan;nan;nan;nan;nan;nan;nan;nan;nan;nan;nan;nan;nan;nan;nan;nan;nan;nan;nan;nan;nan;nan;nan;nan;nan;nan;nan;nan;nan;nan;nan;nan;nan;nan;nan;nan;nan;nan;nan;nan;nan;nan;nan;nan;nan;689.0708331659835;269.41595885980723;767.6563641259709;nan;nan;nan;nan;749.3578539835389;741.2239016553815;800.4673635640828;nan;nan;nan;nan;nan;nan;nan;nan;nan;183.75748;43.21882;227.1771;nan;nan;nan;nan;235.0001912149891;236.88582385576268;248.53288;nan;nan;nan;nan;nan;nan;nan;nan;nan;315.8814779206408;251.3900307558254;362.1406798163993;nan;nan;nan;nan;368.13174287247233;366.731576711354;377.32372859743964;nan;nan;nan;nan;nan;nan;nan;nan;nan;163.98208122106442;55.48681610645976;210.75199323322806;nan;nan;nan;nan;0.0;227.41040174724463;231.97583788403827;nan;nan;nan;nan;nan;nan;nan;nan;nan;4.0305566587187425;4.08738322284953;4.379406020482613;nan;nan;nan;nan;5.295376639113902;5.311838572036534;5.288597237526057;nan;nan;nan;nan;nan;nan;nan;nan;nan;0.6115478832924652;0.2856444958977051;1.5197993911987304;nan;nan;nan;nan;0.0;2.589263572;2.646502481418696;
3;1;1;True;vanilla;22;190;13;2;[];True;True;1;True;False;False;True;False;False;vanilla;3;1;distribution;True;[['uniform', 'normal', 'gamma', 'beta', 'poisson']];[['uniform', 'normal', 'gamma', 'beta', 'poisson']];classification;1;0;uniform;5000;10000;0;flip_percentage;0;5;1000;True;0.001;True;50;64;0;[128];False;adam;binary_crossentropy;1921;1;10000;[1792, 512, 512];[0, 0, 0.5];['sigmoid', 'sigmoid', 'sigmoid'];adam;0.001;False;None;None;False;binary_crossentropy;['binary_accuracy'];500;True;256;10000;10;True;False;5;False;True;True;None;None;0.25;False;SEQUENTIAL;60;greedy;10;False;500;['uniform', 'normal', 'gamma', 'beta', 'poisson'];5000;False;make_classification;5000;0;flip_percentage;100;100;False;8;False;2;42;0;0.5811812;0.580001;0.42678934;0.41496107;1.2202160423898991;0.6497341663595376;0.18696520836414016;0.18128639086513068;0.71592;0.7512000000000001;0.9233800000000001;0.9328000000000001;0.6644690867153695;0.7343001780481495;0.9195909430451532;0.9320602696055851;0.8165874694028119;0.8211412431247268;0.9179084383249638;0.9116498546821592;0.020352864265441896;0.020195722579956055;0.61404175;0.62940896;0.5449068143258989;0.5688139574319124;0.7265599999999999;0.7452;0.7044410272142231;0.7299283161420933;0.7155432780687487;0.7376334502097526;0.007600235939025879;0.007600235939025879;0.56300426;0.56749415;0.46516013;0.4525961;1.152631010221063;0.5702467836013309;0.2563101005084954;0.25875911552821795;0.7899999999999999;0.802;0.8850800000000001;0.8915;0.7745701900296639;0.7947168760033325;0.8834049001409783;0.8885747219456758;0.8181210194455174;0.8163286316792249;0.9193073817542347;0.9232084879453595;0.021341395378112794;0.020029902458190918;0.6508643;0.66679317;0.6212498378667235;0.6569156738400459;0.65296;0.6799999999999999;0.612589045499703;0.664647779607173;0.6581530297951955;0.6691088411093596;0.00988278388977051;0.009882783889770508;0.5671475;0.524773;0.40546006;0.3799377;2.3492404767712847;0.5079522191693991;0.1398370358648381;0.06069657401766177;0.778;0.825;0.94208;0.97775;0.732728590601605;0.8192888467335964;0.9420636984977344;0.9774229908382355;0.8407244770258968;0.9243668748114309;0.8546387036339198;0.9600909438050691;0.03521430492401123;0.041147828102111816;0.4077795;0.38825673;0.12777198173713314;0.12072004416001178;0.9617999999999999;0.97;0.9616791079813133;0.9699963562753036;0.9834010996297277;0.9875174586214619;0.53749764;0.543005;0.44229890284424994;0.469710372009732;0.7552;0.774;0.7179844968175704;0.7614169623073503;0.9309945623653479;0.9770318535600927;0.66373783;0.69672894;9.464015484375725;11.059435148495984;0.6444;0.559;0.5548072677153065;0.41869413658887344;0.6573380498435966;0.5509713618266923;0.61588836;0.6120083;0.5542219622723759;0.5461224248558283;0.7016000000000001;0.712;0.6605718549288235;0.6985391359341357;0.7583505917947585;0.7762450045706831;1.8575126647949218;0.1772899627685547;nan;nan;nan;nan;nan;nan;nan;nan;nan;nan;nan;nan;nan;nan;nan;nan;nan;nan;nan;nan;nan;nan;nan;nan;nan;nan;nan;nan;nan;nan;nan;nan;nan;nan;nan;nan;nan;nan;nan;nan;nan;nan;nan;nan;nan;nan;nan;nan;nan;nan;nan;nan;nan;nan;nan;nan;nan;nan;nan;nan;nan;nan;nan;nan;nan;nan;nan;nan;nan;nan;nan;nan;nan;nan;nan;nan;nan;nan;nan;nan;nan;nan;nan;nan;nan;nan;nan;nan;nan;nan;nan;nan;nan;nan;nan;nan;nan;nan;nan;nan;nan;nan;nan;nan;nan;nan;nan;nan;nan;nan;nan;nan;nan;nan;nan;nan;nan;nan;nan;nan;nan;nan;nan;nan;nan;nan;nan;nan;nan;nan;nan;nan;nan;nan;nan;nan;nan;nan;nan;nan;nan;nan;nan;nan;nan;nan;nan;nan;nan;nan;nan;nan;nan;nan;nan;nan;nan;nan;nan;nan;nan;nan;nan;nan;nan;nan;nan;nan;nan;nan;nan;nan;nan;nan;nan;nan;nan;nan;nan;nan;nan;nan;nan;nan;nan;nan;nan;nan;nan;nan;nan;nan;nan;nan;nan;nan;nan;nan;nan;nan;nan;nan;nan;nan;nan;nan;nan;nan;nan;nan;nan;nan;nan;nan;nan;nan;nan;nan;nan;nan;nan;nan;nan;nan;nan;nan;nan;nan;nan;nan;nan;nan;nan;nan;nan;nan;nan;nan;nan;nan;nan;nan;nan;nan;nan;nan;nan;nan;nan;nan;nan;nan;nan;nan;nan;nan;nan;nan;nan;nan;nan;nan;nan;nan;nan;nan;nan;nan;nan;nan;nan;nan;nan;nan;nan;nan;nan;nan;nan;nan;nan;nan;nan;nan;nan;nan;nan;nan;nan;nan;nan;nan;nan;nan;nan;nan;nan;nan;nan;nan;nan;nan;nan;nan;nan;nan;nan;nan;nan;nan;nan;nan;nan;nan;nan;nan;nan;nan;nan;nan;nan;nan;nan;nan;nan;nan;nan;nan;nan;nan;nan;nan;nan;nan;nan;nan;nan;nan;nan;nan;nan;nan;nan;nan;nan;nan;nan;nan;nan;nan;nan;nan;nan;nan;nan;nan;nan;nan;nan;nan;nan;nan;nan;nan;nan;nan;nan;nan;nan;nan;nan;nan;nan;nan;nan;nan;nan;nan;nan;nan;nan;nan;nan;nan;nan;nan;nan;nan;nan;nan;nan;nan;nan;nan;nan;nan;nan;nan;nan;nan;nan;nan;nan;nan;nan;nan;nan;nan;nan;nan;nan;nan;nan;nan;nan;nan;nan;nan;nan;nan;nan;nan;nan;nan;nan;nan;nan;nan;nan;nan;nan;nan;nan;nan;nan;nan;nan;nan;nan;nan;nan;nan;nan;nan;nan;nan;nan;nan;nan;nan;nan;nan;nan;nan;nan;nan;nan;nan;nan;nan;nan;nan;nan;nan;nan;nan;nan;nan;nan;nan;nan;nan;nan;nan;nan;nan;nan;nan;nan;nan;nan;nan;nan;nan;nan;nan;nan;nan;nan;nan;nan;nan;nan;nan;nan;nan;nan;nan;nan;nan;nan;nan;nan;nan;nan;nan;nan;nan;nan;nan;nan;nan;nan;nan;nan;nan;nan;nan;nan;nan;nan;nan;nan;nan;nan;nan;nan;nan;nan;nan;nan;nan;nan;nan;nan;nan;nan;nan;nan;nan;nan;nan;nan;nan;nan;nan;nan;nan;nan;nan;nan;nan;nan;nan;nan;nan;nan;nan;nan;nan;nan;nan;nan;nan;nan;nan;nan;nan;nan;nan;nan;nan;0.5598635;0.4183480938832092;0.8444444444444444;0.8412714601393847;0.875;0.5789728;0.20908729737282328;0.9159;0.9158920510560387;0.9508465264484562;0.05015373229980469;0.5598635;0.4183480938832092;0.8444444444444444;0.8412714601393847;0.875;0.5789728;0.20908729737282328;0.9159;0.9158920510560387;0.9508465264484562;0.0;0.0;0.0;0.0;0.0;0.0;0.0;0.0;0.0;0.0;0.05015373229980469;0.65545255;0.6187323504024081;0.6666666666666666;0.6137566137566138;0.7123015873015873;0.16521525382995605;74.74176;0.30082899116807515;0.9111111111111111;0.9111111111111111;0.9583333333333333;6.956901788711548;nan;nan;nan;nan;nan;nan;nan;nan;nan;nan;nan;nan;nan;nan;nan;nan;nan;nan;nan;nan;nan;nan;nan;nan;nan;nan;nan;nan;nan;nan;nan;nan;nan;nan;nan;nan;nan;nan;nan;nan;nan;nan;nan;nan;nan;nan;nan;nan;nan;nan;nan;nan;nan;nan;nan;nan;nan;nan;nan;nan;nan;nan;nan;nan;nan;nan;nan;nan;nan;nan;nan;nan;nan;nan;nan;nan;nan;nan;nan;nan;nan;nan;nan;nan;nan;nan;nan;nan;nan;nan;nan;nan;nan;nan;nan;nan;nan;nan;nan;nan;nan;nan;nan;nan;nan;nan;nan;nan;nan;nan;nan;nan;nan;nan;nan;nan;nan;nan;nan;nan;nan;nan;nan;nan;nan;nan;nan;nan;nan;nan;nan;nan;nan;nan;nan;nan;nan;nan;nan;nan;nan;nan;nan;nan;nan;nan;nan;nan;nan;nan;nan;nan;nan;nan;nan;nan;nan;nan;nan;nan;nan;nan;nan;nan;nan;nan;nan;nan;nan;nan;nan;nan;nan;nan;nan;nan;nan;nan;nan;nan;nan;nan;nan;nan;nan;nan;nan;nan;nan;nan;nan;nan;nan;nan;nan;nan;nan;nan;nan;nan;nan;nan;nan;nan;nan;nan;nan;nan;nan;nan;nan;nan;nan;nan;nan;nan;nan;nan;nan;nan;nan;nan;nan;nan;nan;nan;nan;nan;nan;nan;nan;nan;nan;nan;nan;nan;nan;nan;nan;nan;nan;nan;nan;nan;nan;nan;nan;nan;nan;nan;nan;nan;nan;nan;nan;nan;nan;nan;nan;nan;nan;nan;nan;nan;nan;nan;nan;nan;nan;nan;nan;nan;nan;nan;nan;nan;nan;nan;nan;nan;nan;nan;nan;nan;nan;nan;nan;nan;nan;nan;nan;nan;nan;nan;nan;nan;nan;nan;nan;nan;nan;nan;nan;nan;nan;nan;nan;nan;nan;nan;nan;nan;nan;nan;nan;nan;nan;nan;nan;nan;nan;nan;nan;nan;nan;nan;nan;nan;nan;nan;nan;nan;nan;nan;nan;nan;nan;nan;nan;nan;nan;nan;nan;nan;nan;nan;nan;nan;nan;nan;nan;nan;nan;nan;nan;nan;nan;nan;nan;nan;nan;nan;nan;nan;nan;nan;nan;nan;nan;nan;nan;nan;nan;nan;nan;nan;nan;nan;nan;nan;nan;nan;nan;nan;nan;nan;nan;nan;nan;nan;nan;nan;nan;nan;nan;nan;nan;nan;nan;nan;nan;nan;nan;nan;nan;nan;nan;nan;nan;nan;nan;nan;nan;nan;nan;nan;nan;nan;nan;nan;nan;nan;nan;nan;nan;nan;nan;nan;nan;nan;nan;nan;nan;nan;nan;nan;nan;nan;nan;nan;nan;nan;nan;nan;nan;nan;nan;nan;nan;nan;nan;nan;nan;nan;nan;nan;nan;nan;nan;nan;nan;nan;nan;nan;nan;nan;nan;nan;nan;nan;nan;nan;nan;nan;nan;nan;nan;nan;nan;nan;nan;nan;nan;nan;nan;nan;nan;nan;nan;nan;nan;nan;nan;nan;nan;nan;nan;nan;nan;nan;nan;nan;nan;nan;nan;nan;nan;nan;nan;nan;nan;nan;nan;nan;nan;nan;nan;nan;nan;nan;nan;nan;nan;nan;nan;nan;nan;nan;nan;nan;nan;nan;nan;nan;nan;nan;nan;nan;nan;nan;nan;nan;nan;nan;nan;nan;nan;nan;nan;nan;nan;nan;nan;nan;nan;nan;nan;nan;nan;nan;nan;nan;nan;nan;nan;nan;nan;nan;nan;nan;nan;nan;nan;nan;nan;nan;nan;nan;nan;nan;nan;nan;nan;nan;nan;nan;nan;nan;nan;nan;nan;nan;nan;nan;nan;nan;nan;nan;nan;nan;nan;nan;nan;nan;nan;nan;nan;nan;nan;nan;nan;nan;nan;nan;nan;nan;nan;nan;nan;nan;nan;nan;nan;nan;nan;nan;nan;nan;nan;nan;nan;nan;nan;nan;nan;nan;nan;nan;nan;nan;nan;nan;nan;nan;nan;nan;nan;nan;nan;nan;nan;nan;nan;nan;nan;nan;nan;nan;nan;nan;0.55989593;0.48015051852091595;0.8666666666666667;0.862962962962963;0.9087301587301586;0.503265;0.083652984690167;0.9719;0.9674665992536833;0.9168742488991433;0.03979349136352539;0.55989593;0.48015051852091595;0.8666666666666667;0.862962962962963;0.9087301587301586;0.503265;0.083652984690167;0.9719;0.9674665992536833;0.9168742488991433;0.0;0.0;0.0;0.0;0.0;0.0;0.0;0.0;0.0;0.0;0.03979349136352539;0.65545255;0.6187323504024081;0.6666666666666666;0.6137566137566138;0.7123015873015873;0.16521525382995605;74.74176;0.30082899116807515;0.9111111111111111;0.9111111111111111;0.9583333333333333;6.956901788711548;nan;nan;nan;nan;nan;nan;nan;nan;nan;nan;nan;nan;nan;nan;nan;nan;nan;nan;nan;nan;nan;nan;nan;nan;nan;nan;nan;nan;nan;nan;nan;nan;nan;nan;nan;nan;nan;nan;nan;nan;nan;nan;nan;nan;nan;nan;nan;nan;nan;nan;nan;nan;nan;nan;nan;nan;nan;nan;nan;nan;nan;nan;nan;nan;nan;nan;nan;nan;nan;nan;nan;nan;nan;nan;nan;nan;nan;nan;nan;nan;nan;nan;nan;nan;nan;nan;nan;nan;nan;nan;nan;nan;nan;nan;nan;nan;nan;nan;nan;nan;nan;nan;nan;nan;nan;nan;nan;nan;nan;nan;nan;nan;nan;nan;nan;nan;nan;nan;nan;nan;nan;nan;nan;nan;nan;nan;nan;nan;nan;nan;nan;nan;nan;nan;nan;nan;nan;nan;nan;nan;nan;nan;nan;nan;nan;nan;nan;nan;nan;nan;nan;nan;nan;nan;nan;nan;nan;nan;nan;nan;nan;nan;nan;nan;nan;nan;nan;nan;nan;nan;nan;nan;nan;nan;nan;nan;nan;nan;nan;nan;nan;nan;nan;nan;nan;nan;nan;nan;nan;nan;nan;nan;nan;nan;nan;nan;nan;nan;nan;nan;nan;nan;nan;nan;nan;nan;nan;nan;nan;nan;nan;nan;nan;nan;nan;nan;nan;nan;nan;nan;nan;nan;nan;nan;nan;nan;nan;nan;nan;nan;nan;nan;nan;nan;nan;nan;nan;nan;nan;nan;nan;nan;nan;nan;nan;nan;nan;nan;nan;nan;nan;nan;nan;nan;nan;nan;nan;nan;nan;nan;nan;nan;nan;nan;nan;nan;nan;nan;nan;nan;nan;nan;nan;nan;nan;nan;nan;nan;nan;nan;nan;nan;nan;nan;nan;nan;nan;nan;nan;nan;nan;nan;nan;nan;nan;nan;nan;nan;nan;nan;nan;nan;nan;nan;nan;nan;nan;nan;nan;nan;nan;nan;nan;nan;nan;nan;nan;nan;nan;nan;nan;nan;nan;nan;nan;nan;nan;nan;nan;nan;nan;nan;nan;nan;nan;nan;nan;nan;nan;nan;nan;nan;nan;nan;nan;nan;nan;nan;nan;nan;nan;nan;nan;nan;nan;nan;nan;nan;nan;nan;nan;nan;nan;nan;nan;nan;nan;nan;nan;nan;nan;nan;nan;nan;nan;nan;nan;nan;nan;nan;nan;nan;nan;nan;nan;nan;nan;nan;nan;nan;nan;nan;nan;nan;nan;nan;nan;nan;nan;nan;nan;nan;nan;nan;nan;nan;nan;nan;nan;nan;nan;nan;nan;nan;nan;nan;nan;nan;nan;nan;nan;nan;nan;nan;nan;nan;nan;nan;nan;nan;nan;nan;nan;nan;nan;nan;nan;nan;nan;nan;nan;nan;nan;nan;nan;nan;nan;nan;nan;nan;nan;nan;nan;nan;nan;nan;nan;nan;nan;nan;nan;nan;nan;nan;nan;nan;nan;nan;nan;nan;nan;nan;nan;nan;nan;nan;nan;nan;nan;nan;nan;nan;nan;nan;nan;nan;nan;nan;nan;nan;nan;nan;nan;nan;nan;nan;nan;nan;nan;nan;nan;nan;nan;nan;nan;nan;nan;nan;nan;nan;nan;nan;nan;nan;nan;nan;nan;nan;nan;nan;nan;nan;nan;nan;nan;nan;nan;nan;nan;nan;nan;nan;nan;nan;nan;nan;nan;nan;nan;nan;nan;nan;nan;nan;nan;nan;nan;nan;nan;nan;nan;nan;nan;nan;nan;nan;nan;nan;nan;nan;nan;nan;nan;nan;nan;nan;nan;nan;nan;nan;nan;nan;nan;nan;nan;nan;nan;nan;nan;nan;nan;nan;nan;nan;nan;nan;nan;nan;nan;nan;nan;nan;nan;nan;nan;nan;nan;nan;nan;nan;nan;nan;nan;nan;nan;nan;nan;nan;nan;nan;nan;nan;nan;nan;nan;nan;nan;nan;nan;nan;nan;nan;nan;nan;nan;nan;nan;nan;nan;nan;nan;nan;nan;nan;nan;nan;nan;nan;nan;nan;nan;nan;nan;nan;nan;nan;nan;nan;nan;nan;nan;nan;nan;nan;nan;nan;nan;nan;nan;nan;0.5634819;0.34941337748507795;0.7333333333333333;0.7238866396761133;0.929563492063492;0.6346645;0.28242814205045297;0.8765;0.8793778538002863;0.8961126041393772;0.04720187187194824;0.5634819;0.34941337748507795;0.7333333333333333;0.7238866396761133;0.929563492063492;0.6346645;0.28242814205045297;0.8765;0.8793778538002863;0.8961126041393772;0.0;0.0;0.0;0.0;0.0;0.0;0.0;0.0;0.0;0.0;0.04720187187194824;0.65545255;0.6187323504024081;0.6666666666666666;0.6137566137566138;0.7123015873015873;0.16521525382995605;74.74176;0.30082899116807515;0.9111111111111111;0.9111111111111111;0.9583333333333333;6.956901788711548;nan;nan;nan;nan;nan;nan;nan;nan;nan;nan;nan;nan;nan;nan;nan;nan;nan;nan;nan;nan;nan;nan;nan;nan;nan;nan;nan;nan;nan;nan;nan;nan;nan;nan;nan;nan;nan;nan;nan;nan;nan;nan;nan;nan;nan;nan;nan;nan;nan;nan;nan;nan;nan;nan;nan;nan;nan;nan;nan;nan;nan;nan;nan;nan;nan;nan;nan;nan;nan;nan;nan;nan;nan;nan;nan;nan;nan;nan;nan;nan;nan;nan;nan;nan;nan;nan;nan;nan;nan;nan;nan;nan;nan;nan;nan;nan;nan;nan;nan;nan;nan;nan;nan;nan;nan;nan;nan;nan;nan;nan;nan;nan;nan;nan;nan;nan;nan;nan;nan;nan;nan;nan;nan;nan;nan;nan;nan;nan;nan;nan;nan;nan;nan;nan;nan;nan;nan;nan;nan;nan;nan;nan;nan;nan;nan;nan;nan;nan;nan;nan;nan;nan;nan;nan;nan;nan;nan;nan;nan;nan;nan;nan;nan;nan;nan;nan;nan;nan;nan;nan;nan;nan;nan;nan;nan;nan;nan;nan;nan;nan;nan;nan;nan;nan;nan;nan;nan;nan;nan;nan;nan;nan;nan;nan;nan;nan;nan;nan;nan;nan;nan;nan;nan;nan;nan;nan;nan;nan;nan;nan;nan;nan;nan;nan;nan;nan;nan;nan;nan;nan;nan;nan;nan;nan;nan;nan;nan;nan;nan;nan;nan;nan;nan;nan;nan;nan;nan;nan;nan;nan;nan;nan;nan;nan;nan;nan;nan;nan;nan;nan;nan;nan;nan;nan;nan;nan;nan;nan;nan;nan;nan;nan;nan;nan;nan;nan;nan;nan;nan;nan;nan;nan;nan;nan;nan;nan;nan;nan;nan;nan;nan;nan;nan;nan;nan;nan;nan;nan;nan;nan;nan;nan;nan;nan;nan;nan;nan;nan;nan;nan;nan;nan;nan;nan;nan;nan;nan;nan;nan;nan;nan;nan;nan;nan;nan;nan;nan;nan;nan;nan;nan;nan;nan;nan;nan;nan;nan;nan;nan;nan;nan;nan;nan;nan;nan;nan;nan;nan;nan;nan;nan;nan;nan;nan;nan;nan;nan;nan;nan;nan;nan;nan;nan;nan;nan;nan;nan;nan;nan;nan;nan;nan;nan;nan;nan;nan;nan;nan;nan;nan;nan;nan;nan;nan;nan;nan;nan;nan;nan;nan;nan;nan;nan;nan;nan;nan;nan;nan;nan;nan;nan;nan;nan;nan;nan;nan;nan;nan;nan;nan;nan;nan;nan;nan;nan;nan;nan;nan;nan;nan;nan;nan;nan;nan;nan;nan;nan;nan;nan;nan;nan;nan;nan;nan;nan;nan;nan;nan;nan;nan;nan;nan;nan;nan;nan;nan;nan;nan;nan;nan;nan;nan;nan;nan;nan;nan;nan;nan;nan;nan;nan;nan;nan;nan;nan;nan;nan;nan;nan;nan;nan;nan;nan;nan;nan;nan;nan;nan;nan;nan;nan;nan;nan;nan;nan;nan;nan;nan;nan;nan;nan;nan;nan;nan;nan;nan;nan;nan;nan;nan;nan;nan;nan;nan;nan;nan;nan;nan;nan;nan;nan;nan;nan;nan;nan;nan;nan;nan;nan;nan;nan;nan;nan;nan;nan;nan;nan;nan;nan;nan;nan;nan;nan;nan;nan;nan;nan;nan;nan;nan;nan;nan;nan;nan;nan;nan;nan;nan;nan;nan;nan;nan;nan;nan;nan;nan;nan;nan;nan;nan;nan;nan;nan;nan;nan;nan;nan;nan;nan;nan;nan;nan;nan;nan;nan;nan;nan;nan;nan;nan;nan;nan;nan;nan;nan;nan;nan;nan;nan;nan;nan;nan;nan;nan;nan;nan;nan;nan;nan;nan;nan;nan;nan;nan;nan;nan;nan;nan;nan;nan;nan;nan;nan;nan;nan;nan;nan;nan;nan;nan;nan;nan;nan;nan;nan;nan;nan;nan;nan;nan;nan;nan;nan;nan;nan;nan;nan;nan;nan;nan;nan;nan;nan;nan;nan;nan;nan;nan;nan;nan;nan;nan;nan;nan;nan;nan;nan;nan;nan;nan;nan;nan;nan;nan;nan;nan;nan;nan;nan;nan;0.5213479;0.30582633375248586;0.8666666666666667;0.8666666666666667;0.9424603174603174;0.5714377;0.2156177177399415;0.9237;0.9236650800027867;0.9640514640363438;0.03710031509399414;0.5213479;0.30582633375248586;0.8666666666666667;0.8666666666666667;0.9424603174603174;0.5714377;0.2156177177399415;0.9237;0.9236650800027867;0.9640514640363438;0.0;0.0;0.0;0.0;0.0;0.0;0.0;0.0;0.0;0.0;0.03710031509399414;0.65545255;0.6187323504024081;0.6666666666666666;0.6137566137566138;0.7123015873015873;0.16521525382995605;74.74176;0.30082899116807515;0.9111111111111111;0.9111111111111111;0.9583333333333333;6.956901788711548;nan;nan;nan;nan;nan;nan;nan;nan;nan;nan;nan;nan;nan;nan;nan;nan;nan;nan;nan;nan;nan;nan;nan;nan;nan;nan;nan;nan;nan;nan;nan;nan;nan;nan;nan;nan;nan;nan;nan;nan;nan;nan;nan;nan;nan;nan;nan;nan;nan;nan;nan;nan;nan;nan;nan;nan;nan;nan;nan;nan;nan;nan;nan;nan;nan;nan;nan;nan;nan;nan;nan;nan;nan;nan;nan;nan;nan;nan;nan;nan;nan;nan;nan;nan;nan;nan;nan;nan;nan;nan;nan;nan;nan;nan;nan;nan;nan;nan;nan;nan;nan;nan;nan;nan;nan;nan;nan;nan;nan;nan;nan;nan;nan;nan;nan;nan;nan;nan;nan;nan;nan;nan;nan;nan;nan;nan;nan;nan;nan;nan;nan;nan;nan;nan;nan;nan;nan;nan;nan;nan;nan;nan;nan;nan;nan;nan;nan;nan;nan;nan;nan;nan;nan;nan;nan;nan;nan;nan;nan;nan;nan;nan;nan;nan;nan;nan;nan;nan;nan;nan;nan;nan;nan;nan;nan;nan;nan;nan;nan;nan;nan;nan;nan;nan;nan;nan;nan;nan;nan;nan;nan;nan;nan;nan;nan;nan;nan;nan;nan;nan;nan;nan;nan;nan;nan;nan;nan;nan;nan;nan;nan;nan;nan;nan;nan;nan;nan;nan;nan;nan;nan;nan;nan;nan;nan;nan;nan;nan;nan;nan;nan;nan;nan;nan;nan;nan;nan;nan;nan;nan;nan;nan;nan;nan;nan;nan;nan;nan;nan;nan;nan;nan;nan;nan;nan;nan;nan;nan;nan;nan;nan;nan;nan;nan;nan;nan;nan;nan;nan;nan;nan;nan;nan;nan;nan;nan;nan;nan;nan;nan;nan;nan;nan;nan;nan;nan;nan;nan;nan;nan;nan;nan;nan;nan;nan;nan;nan;nan;nan;nan;nan;nan;nan;nan;nan;nan;nan;nan;nan;nan;nan;nan;nan;nan;nan;nan;nan;nan;nan;nan;nan;nan;nan;nan;nan;nan;nan;nan;nan;nan;nan;nan;nan;nan;nan;nan;nan;nan;nan;nan;nan;nan;nan;nan;nan;nan;nan;nan;nan;nan;nan;nan;nan;nan;nan;nan;nan;nan;nan;nan;nan;nan;nan;nan;nan;nan;nan;nan;nan;nan;nan;nan;nan;nan;nan;nan;nan;nan;nan;nan;nan;nan;nan;nan;nan;nan;nan;nan;nan;nan;nan;nan;nan;nan;nan;nan;nan;nan;nan;nan;nan;nan;nan;nan;nan;nan;nan;nan;nan;nan;nan;nan;nan;nan;nan;nan;nan;nan;nan;nan;nan;nan;nan;nan;nan;nan;nan;nan;nan;nan;nan;nan;nan;nan;nan;nan;nan;nan;nan;nan;nan;nan;nan;nan;nan;nan;nan;nan;nan;nan;nan;nan;nan;nan;nan;nan;nan;nan;nan;nan;nan;nan;nan;nan;nan;nan;nan;nan;nan;nan;nan;nan;nan;nan;nan;nan;nan;nan;nan;nan;nan;nan;nan;nan;nan;nan;nan;nan;nan;nan;nan;nan;nan;nan;nan;nan;nan;nan;nan;nan;nan;nan;nan;nan;nan;nan;nan;nan;nan;nan;nan;nan;nan;nan;nan;nan;nan;nan;nan;nan;nan;nan;nan;nan;nan;nan;nan;nan;nan;nan;nan;nan;nan;nan;nan;nan;nan;nan;nan;nan;nan;nan;nan;nan;nan;nan;nan;nan;nan;nan;nan;nan;nan;nan;nan;nan;nan;nan;nan;nan;nan;nan;nan;nan;nan;nan;nan;nan;nan;nan;nan;nan;nan;nan;nan;nan;nan;nan;nan;nan;nan;nan;nan;nan;nan;nan;nan;nan;nan;nan;nan;nan;nan;nan;nan;nan;nan;nan;nan;nan;nan;nan;nan;nan;nan;nan;nan;nan;nan;nan;nan;nan;nan;nan;nan;nan;nan;nan;nan;nan;nan;nan;nan;nan;nan;nan;nan;nan;nan;nan;nan;nan;nan;nan;nan;nan;nan;nan;nan;nan;nan;nan;nan;nan;nan;nan;nan;nan;nan;nan;nan;nan;nan;nan;nan;nan;nan;nan;nan;nan;0.7812125;16.118095650958317;0.5333333333333333;0.37101449275362325;0.5;0.38645622;9.992007221626413e-16;1.0;1.0;0;0.0016541481018066406;0.7812125;16.118095650958317;0.5333333333333333;0.37101449275362325;0.5;0.38645622;9.992007221626413e-16;1.0;1.0;0.0;0.0;0.0;0.0;0.0;0.0;0.0;0.0;0.0;0.0;0.0;0.0016541481018066406;0.65545255;0.6187323504024081;0.6666666666666666;0.6137566137566138;0.7123015873015873;0.16521525382995605;74.74176;0.30082899116807515;0.9111111111111111;0.9111111111111111;0.9583333333333333;6.956901788711548;nan;nan;nan;nan;nan;nan;nan;nan;nan;nan;nan;nan;nan;nan;nan;nan;nan;nan;nan;nan;nan;nan;nan;nan;nan;nan;nan;nan;nan;nan;nan;nan;nan;nan;nan;nan;nan;nan;nan;nan;nan;nan;nan;nan;nan;nan;nan;nan;nan;nan;nan;nan;nan;nan;nan;nan;nan;nan;nan;nan;nan;nan;nan;nan;nan;nan;nan;nan;nan;nan;nan;nan;nan;nan;nan;nan;nan;nan;nan;nan;nan;nan;nan;nan;nan;nan;nan;nan;nan;nan;nan;nan;nan;nan;nan;nan;nan;nan;nan;nan;nan;nan;nan;nan;nan;nan;nan;nan;nan;nan;nan;nan;nan;nan;nan;nan;nan;nan;nan;nan;nan;nan;nan;nan;nan;nan;nan;nan;nan;nan;nan;nan;nan;nan;nan;nan;nan;nan;nan;nan;nan;nan;nan;nan;nan;nan;nan;nan;nan;nan;nan;nan;nan;nan;nan;nan;nan;nan;nan;nan;nan;nan;nan;nan;nan;nan;nan;nan;nan;nan;nan;nan;nan;nan;nan;nan;nan;nan;nan;nan;nan;nan;nan;nan;nan;nan;nan;nan;nan;nan;nan;nan;nan;nan;nan;nan;nan;nan;nan;nan;nan;nan;nan;nan;nan;nan;nan;nan;nan;nan;nan;nan;nan;nan;nan;nan;nan;nan;nan;nan;nan;nan;nan;nan;nan;nan;nan;nan;nan;nan;nan;nan;nan;nan;nan;nan;nan;nan;nan;nan;nan;nan;nan;nan;nan;nan;nan;nan;nan;nan;nan;nan;nan;nan;nan;nan;nan;nan;nan;nan;nan;nan;nan;nan;nan;nan;nan;nan;nan;nan;nan;nan;nan;nan;nan;nan;nan;nan;nan;nan;nan;nan;nan;nan;nan;nan;nan;nan;nan;nan;nan;nan;nan;nan;nan;nan;nan;nan;nan;nan;nan;nan;nan;nan;nan;nan;nan;nan;nan;nan;nan;nan;nan;nan;nan;nan;nan;nan;nan;nan;nan;nan;nan;nan;nan;nan;nan;nan;nan;nan;nan;nan;nan;nan;nan;nan;nan;nan;nan;nan;nan;nan;nan;nan;nan;nan;nan;nan;nan;nan;nan;nan;nan;nan;nan;nan;nan;nan;nan;nan;nan;nan;nan;nan;nan;nan;nan;nan;nan;nan;nan;nan;nan;nan;nan;nan;nan;nan;nan;nan;nan;nan;nan;nan;nan;nan;nan;nan;nan;nan;nan;nan;nan;nan;nan;nan;nan;nan;nan;nan;nan;nan;nan;nan;nan;nan;nan;nan;nan;nan;nan;nan;nan;nan;nan;nan;nan;nan;nan;nan;nan;nan;nan;nan;nan;nan;nan;nan;nan;nan;nan;nan;nan;nan;nan;nan;nan;nan;nan;nan;nan;nan;nan;nan;nan;nan;nan;nan;nan;nan;nan;nan;nan;nan;nan;nan;nan;nan;nan;nan;nan;nan;nan;nan;nan;nan;nan;nan;nan;nan;nan;nan;nan;nan;nan;nan;nan;nan;nan;nan;nan;nan;nan;nan;nan;nan;nan;nan;nan;nan;nan;nan;nan;nan;nan;nan;nan;nan;nan;nan;nan;nan;nan;nan;nan;nan;nan;nan;nan;nan;nan;nan;nan;nan;nan;nan;nan;nan;nan;nan;nan;nan;nan;nan;nan;nan;nan;nan;nan;nan;nan;nan;nan;nan;nan;nan;nan;nan;nan;nan;nan;nan;nan;nan;nan;nan;nan;nan;nan;nan;nan;nan;nan;nan;nan;nan;nan;nan;nan;nan;nan;nan;nan;nan;nan;nan;nan;nan;nan;nan;nan;nan;nan;nan;nan;nan;nan;nan;nan;nan;nan;nan;nan;nan;nan;nan;nan;nan;nan;nan;nan;nan;nan;nan;nan;nan;nan;nan;nan;nan;nan;nan;nan;nan;nan;nan;nan;nan;nan;nan;nan;nan;nan;nan;nan;nan;nan;nan;nan;nan;nan;nan;nan;nan;nan;nan;nan;nan;nan;nan;nan;nan;nan;nan;nan;nan;nan;nan;nan;nan;nan;nan;nan;nan;nan;nan;nan;nan;nan;nan;nan;nan;nan;nan;nan;nan;nan;nan;nan;nan;0.5856159;0.4734543214176042;0.9111111111111111;0.9106666666666667;0.925595238095238;0.6046979;0.22555526075332186;0.9113;0.9032672344631419;0.8637682861204256;0.043694496154785156;0.5856159;0.4734543214176042;0.9111111111111111;0.9106666666666667;0.925595238095238;0.6046979;0.22555526075332186;0.9113;0.9032672344631419;0.8637682861204256;0.0;0.0;0.0;0.0;0.0;0.0;0.0;0.0;0.0;0.0;0.043694496154785156;0.65545255;0.6187323504024081;0.6666666666666666;0.6137566137566138;0.7123015873015873;0.16521525382995605;74.74176;0.30082899116807515;0.9111111111111111;0.9111111111111111;0.9583333333333333;6.956901788711548;nan;nan;nan;nan;nan;nan;nan;nan;nan;nan;nan;nan;nan;nan;nan;nan;nan;nan;nan;nan;nan;nan;nan;nan;nan;nan;nan;nan;nan;nan;nan;nan;nan;nan;nan;nan;nan;nan;nan;nan;nan;nan;nan;nan;nan;nan;nan;nan;nan;nan;nan;nan;nan;nan;nan;nan;nan;nan;nan;nan;nan;nan;nan;nan;nan;nan;nan;nan;nan;nan;nan;nan;nan;nan;nan;nan;nan;nan;nan;nan;nan;nan;nan;nan;nan;nan;nan;nan;nan;nan;nan;nan;nan;nan;nan;nan;nan;nan;nan;nan;nan;nan;nan;nan;nan;nan;nan;nan;nan;nan;nan;nan;nan;nan;nan;nan;nan;nan;nan;nan;nan;nan;nan;nan;nan;nan;nan;nan;nan;nan;nan;nan;nan;nan;nan;nan;nan;nan;nan;nan;nan;nan;nan;nan;nan;nan;nan;nan;nan;nan;nan;nan;nan;nan;nan;nan;nan;nan;nan;nan;nan;nan;nan;nan;nan;nan;nan;nan;nan;nan;nan;nan;nan;nan;nan;nan;nan;nan;nan;nan;nan;nan;nan;nan;nan;nan;nan;nan;nan;nan;nan;nan;nan;nan;nan;nan;nan;nan;nan;nan;nan;nan;nan;nan;nan;nan;nan;nan;nan;nan;nan;nan;nan;nan;nan;nan;nan;nan;nan;nan;nan;nan;nan;nan;nan;nan;nan;nan;nan;nan;nan;nan;nan;nan;nan;nan;nan;nan;nan;nan;nan;nan;nan;nan;nan;nan;nan;nan;nan;nan;nan;nan;nan;nan;nan;nan;nan;nan;nan;nan;nan;nan;nan;nan;nan;nan;nan;nan;nan;nan;nan;nan;nan;nan;nan;nan;nan;nan;nan;nan;nan;nan;nan;nan;nan;nan;nan;nan;nan;nan;nan;nan;nan;nan;nan;nan;nan;nan;nan;nan;nan;nan;nan;nan;nan;nan;nan;nan;nan;nan;nan;nan;nan;nan;nan;nan;nan;nan;nan;nan;nan;nan;nan;nan;nan;nan;nan;nan;nan;nan;nan;nan;nan;nan;nan;nan;nan;nan;nan;nan;nan;nan;nan;nan;nan;nan;nan;nan;nan;nan;nan;nan;nan;nan;nan;nan;nan;nan;nan;nan;nan;nan;nan;nan;nan;nan;nan;nan;nan;nan;nan;nan;nan;nan;nan;nan;nan;nan;nan;nan;nan;nan;nan;nan;nan;nan;nan;nan;nan;nan;nan;nan;nan;nan;nan;nan;nan;nan;nan;nan;nan;nan;nan;nan;nan;nan;nan;nan;nan;nan;nan;nan;nan;nan;nan;nan;nan;nan;nan;nan;nan;nan;nan;nan;nan;nan;nan;nan;nan;nan;nan;nan;nan;nan;nan;nan;nan;nan;nan;nan;nan;nan;nan;nan;nan;nan;nan;nan;nan;nan;nan;nan;nan;nan;nan;nan;nan;nan;nan;nan;nan;nan;nan;nan;nan;nan;nan;nan;nan;nan;nan;nan;nan;nan;nan;nan;nan;nan;nan;nan;nan;nan;nan;nan;nan;nan;nan;nan;nan;nan;nan;nan;nan;nan;nan;nan;nan;nan;nan;nan;nan;nan;nan;nan;nan;nan;nan;nan;nan;nan;nan;nan;nan;nan;nan;nan;nan;nan;nan;nan;nan;nan;nan;nan;nan;nan;nan;nan;nan;nan;nan;nan;nan;nan;nan;nan;nan;nan;nan;nan;nan;nan;nan;nan;nan;nan;nan;nan;nan;nan;nan;nan;nan;nan;nan;nan;nan;nan;nan;nan;nan;nan;nan;nan;nan;nan;nan;nan;nan;nan;nan;nan;nan;nan;nan;nan;nan;nan;nan;nan;nan;nan;nan;nan;nan;nan;nan;nan;nan;nan;nan;nan;nan;nan;nan;nan;nan;nan;nan;nan;nan;nan;nan;nan;nan;nan;nan;nan;nan;nan;nan;nan;nan;nan;nan;nan;nan;nan;nan;nan;nan;nan;nan;nan;nan;nan;nan;nan;nan;nan;nan;nan;nan;nan;nan;nan;nan;nan;nan;nan;nan;nan;nan;nan;nan;nan;nan;nan;nan;nan;nan;nan;nan;nan;nan;nan;nan;nan;nan;nan;0.5509366;0.4279686941326855;0.8444444444444444;0.8412714601393847;0.9047619047619049;0.5226224;0.06978134676343982;0.9777;0.9738739923724268;0.9430364718838693;0.05585646629333496;0.5509366;0.4279686941326855;0.8444444444444444;0.8412714601393847;0.9047619047619049;0.5226224;0.06978134676343982;0.9777;0.9738739923724268;0.9430364718838693;0.0;0.0;0.0;0.0;0.0;0.0;0.0;0.0;0.0;0.0;0.05585646629333496;0.65545255;0.6187323504024081;0.6666666666666666;0.6137566137566138;0.7123015873015873;0.16521525382995605;74.74176;0.30082899116807515;0.9111111111111111;0.9111111111111111;0.9583333333333333;6.956901788711548;nan;nan;nan;nan;nan;nan;nan;nan;nan;nan;nan;nan;nan;nan;nan;nan;nan;nan;nan;nan;nan;nan;nan;nan;nan;nan;nan;nan;nan;nan;nan;nan;nan;nan;nan;nan;nan;nan;nan;nan;nan;nan;nan;nan;nan;nan;nan;nan;nan;nan;nan;nan;nan;nan;nan;nan;nan;nan;nan;nan;nan;nan;nan;nan;nan;nan;nan;nan;nan;nan;nan;nan;nan;nan;nan;nan;nan;nan;nan;nan;nan;nan;nan;nan;nan;nan;nan;nan;nan;nan;nan;nan;nan;nan;nan;nan;nan;nan;nan;nan;nan;nan;nan;nan;nan;nan;nan;nan;nan;nan;nan;nan;nan;nan;nan;nan;nan;nan;nan;nan;nan;nan;nan;nan;nan;nan;nan;nan;nan;nan;nan;nan;nan;nan;nan;nan;nan;nan;nan;nan;nan;nan;nan;nan;nan;nan;nan;nan;nan;nan;nan;nan;nan;nan;nan;nan;nan;nan;nan;nan;nan;nan;nan;nan;nan;nan;nan;nan;nan;nan;nan;nan;nan;nan;nan;nan;nan;nan;nan;nan;nan;nan;nan;nan;nan;nan;nan;nan;nan;nan;nan;nan;nan;nan;nan;nan;nan;nan;nan;nan;nan;nan;nan;nan;nan;nan;nan;nan;nan;nan;nan;nan;nan;nan;nan;nan;nan;nan;nan;nan;nan;nan;nan;nan;nan;nan;nan;nan;nan;nan;nan;nan;nan;nan;nan;nan;nan;nan;nan;nan;nan;nan;nan;nan;nan;nan;nan;nan;nan;nan;nan;nan;nan;nan;nan;nan;nan;nan;nan;nan;nan;nan;nan;nan;nan;nan;nan;nan;nan;nan;nan;nan;nan;nan;nan;nan;nan;nan;nan;nan;nan;nan;nan;nan;nan;nan;nan;nan;nan;nan;nan;nan;nan;nan;nan;nan;nan;nan;nan;nan;nan;nan;nan;nan;nan;nan;nan;nan;nan;nan;nan;nan;nan;nan;nan;nan;nan;nan;nan;nan;nan;nan;nan;nan;nan;nan;nan;nan;nan;nan;nan;nan;nan;nan;nan;nan;nan;nan;nan;nan;nan;nan;nan;nan;nan;nan;nan;nan;nan;nan;nan;nan;nan;nan;nan;nan;nan;nan;nan;nan;nan;nan;nan;nan;nan;nan;nan;nan;nan;nan;nan;nan;nan;nan;nan;nan;nan;nan;nan;nan;nan;nan;nan;nan;nan;nan;nan;nan;nan;nan;nan;nan;nan;nan;nan;nan;nan;nan;nan;nan;nan;nan;nan;nan;nan;nan;nan;nan;nan;nan;nan;nan;nan;nan;nan;nan;nan;nan;nan;nan;nan;nan;nan;nan;nan;nan;nan;nan;nan;nan;nan;nan;nan;nan;nan;nan;nan;nan;nan;nan;nan;nan;nan;nan;nan;nan;nan;nan;nan;nan;nan;nan;nan;nan;nan;nan;nan;nan;nan;nan;nan;nan;nan;nan;nan;nan;nan;nan;nan;nan;nan;nan;nan;nan;nan;nan;nan;nan;nan;nan;nan;nan;nan;nan;nan;nan;nan;nan;nan;nan;nan;nan;nan;nan;nan;nan;nan;nan;nan;nan;nan;nan;nan;nan;nan;nan;nan;nan;nan;nan;nan;nan;nan;nan;nan;nan;nan;nan;nan;nan;nan;nan;nan;nan;nan;nan;nan;nan;nan;nan;nan;nan;nan;nan;nan;nan;nan;nan;nan;nan;nan;nan;nan;nan;nan;nan;nan;nan;nan;nan;nan;nan;nan;nan;nan;nan;nan;nan;nan;nan;nan;nan;nan;nan;nan;nan;nan;nan;nan;nan;nan;nan;nan;nan;nan;nan;nan;nan;nan;nan;nan;nan;nan;nan;nan;nan;nan;nan;nan;nan;nan;nan;nan;nan;nan;nan;nan;nan;nan;nan;nan;nan;nan;nan;nan;nan;nan;nan;nan;nan;nan;nan;nan;nan;nan;nan;nan;nan;nan;nan;nan;nan;nan;nan;nan;nan;nan;nan;nan;nan;nan;nan;nan;nan;nan;nan;nan;nan;nan;nan;nan;nan;nan;nan;nan;nan;nan;nan;nan;nan;nan;nan;nan;nan;nan;nan;nan;nan;nan;nan;0.5798679;0.5526655473639982;0.7333333333333333;0.7238866396761133;0.919642857142857;0.5641284;0.09965602498212808;0.9608;0.960864181742035;0.9880307628789908;0.0399320125579834;0.5798679;0.5526655473639982;0.7333333333333333;0.7238866396761133;0.919642857142857;0.5641284;0.09965602498212808;0.9608;0.960864181742035;0.9880307628789908;0.0;0.0;0.0;0.0;0.0;0.0;0.0;0.0;0.0;0.0;0.0399320125579834;0.65545255;0.6187323504024081;0.6666666666666666;0.6137566137566138;0.7123015873015873;0.16521525382995605;74.74176;0.30082899116807515;0.9111111111111111;0.9111111111111111;0.9583333333333333;6.956901788711548;nan;nan;nan;nan;nan;nan;nan;nan;nan;nan;nan;nan;nan;nan;nan;nan;nan;nan;nan;nan;nan;nan;nan;nan;nan;nan;nan;nan;nan;nan;nan;nan;nan;nan;nan;nan;nan;nan;nan;nan;nan;nan;nan;nan;nan;nan;nan;nan;nan;nan;nan;nan;nan;nan;nan;nan;nan;nan;nan;nan;nan;nan;nan;nan;nan;nan;nan;nan;nan;nan;nan;nan;nan;nan;nan;nan;nan;nan;nan;nan;nan;nan;nan;nan;nan;nan;nan;nan;nan;nan;nan;nan;nan;nan;nan;nan;nan;nan;nan;nan;nan;nan;nan;nan;nan;nan;nan;nan;nan;nan;nan;nan;nan;nan;nan;nan;nan;nan;nan;nan;nan;nan;nan;nan;nan;nan;nan;nan;nan;nan;nan;nan;nan;nan;nan;nan;nan;nan;nan;nan;nan;nan;nan;nan;nan;nan;nan;nan;nan;nan;nan;nan;nan;nan;nan;nan;nan;nan;nan;nan;nan;nan;nan;nan;nan;nan;nan;nan;nan;nan;nan;nan;nan;nan;nan;nan;nan;nan;nan;nan;nan;nan;nan;nan;nan;nan;nan;nan;nan;nan;nan;nan;nan;nan;nan;nan;nan;nan;nan;nan;nan;nan;nan;nan;nan;nan;nan;nan;nan;nan;nan;nan;nan;nan;nan;nan;nan;nan;nan;nan;nan;nan;nan;nan;nan;nan;nan;nan;nan;nan;nan;nan;nan;nan;nan;nan;nan;nan;nan;nan;nan;nan;nan;nan;nan;nan;nan;nan;nan;nan;nan;nan;nan;nan;nan;nan;nan;nan;nan;nan;nan;nan;nan;nan;nan;nan;nan;nan;nan;nan;nan;nan;nan;nan;nan;nan;nan;nan;nan;nan;nan;nan;nan;nan;nan;nan;nan;nan;nan;nan;nan;nan;nan;nan;nan;nan;nan;nan;nan;nan;nan;nan;nan;nan;nan;nan;nan;nan;nan;nan;nan;nan;nan;nan;nan;nan;nan;nan;nan;nan;nan;nan;nan;nan;nan;nan;nan;nan;nan;nan;nan;nan;nan;nan;nan;nan;nan;nan;nan;nan;nan;nan;nan;nan;nan;nan;nan;nan;nan;nan;nan;nan;nan;nan;nan;nan;nan;nan;nan;nan;nan;nan;nan;nan;nan;nan;nan;nan;nan;nan;nan;nan;nan;nan;nan;nan;nan;nan;nan;nan;nan;nan;nan;nan;nan;nan;nan;nan;nan;nan;nan;nan;nan;nan;nan;nan;nan;nan;nan;nan;nan;nan;nan;nan;nan;nan;nan;nan;nan;nan;nan;nan;nan;nan;nan;nan;nan;nan;nan;nan;nan;nan;nan;nan;nan;nan;nan;nan;nan;nan;nan;nan;nan;nan;nan;nan;nan;nan;nan;nan;nan;nan;nan;nan;nan;nan;nan;nan;nan;nan;nan;nan;nan;nan;nan;nan;nan;nan;nan;nan;nan;nan;nan;nan;nan;nan;nan;nan;nan;nan;nan;nan;nan;nan;nan;nan;nan;nan;nan;nan;nan;nan;nan;nan;nan;nan;nan;nan;nan;nan;nan;nan;nan;nan;nan;nan;nan;nan;nan;nan;nan;nan;nan;nan;nan;nan;nan;nan;nan;nan;nan;nan;nan;nan;nan;nan;nan;nan;nan;nan;nan;nan;nan;nan;nan;nan;nan;nan;nan;nan;nan;nan;nan;nan;nan;nan;nan;nan;nan;nan;nan;nan;nan;nan;nan;nan;nan;nan;nan;nan;nan;nan;nan;nan;nan;nan;nan;nan;nan;nan;nan;nan;nan;nan;nan;nan;nan;nan;nan;nan;nan;nan;nan;nan;nan;nan;nan;nan;nan;nan;nan;nan;nan;nan;nan;nan;nan;nan;nan;nan;nan;nan;nan;nan;nan;nan;nan;nan;nan;nan;nan;nan;nan;nan;nan;nan;nan;nan;nan;nan;nan;nan;nan;nan;nan;nan;nan;nan;nan;nan;nan;nan;nan;nan;nan;nan;nan;nan;nan;nan;nan;nan;nan;nan;nan;nan;nan;nan;nan;nan;nan;nan;nan;nan;nan;nan;nan;nan;nan;nan;nan;nan;nan;nan;nan;nan;nan;nan;nan;nan;0.5845486;0.43936056076308333;0.8222222222222222;0.821870882740448;0.8412698412698413;0.5546944;0.23113477163681884;0.8926;0.8919979404754671;0.926301265849171;0.0429081916809082;0.5845486;0.43936056076308333;0.8222222222222222;0.821870882740448;0.8412698412698413;0.5546944;0.23113477163681884;0.8926;0.8919979404754671;0.926301265849171;0.0;0.0;0.0;0.0;0.0;0.0;0.0;0.0;0.0;0.0;0.0429081916809082;0.65545255;0.6187323504024081;0.6666666666666666;0.6137566137566138;0.7123015873015873;0.16521525382995605;74.74176;0.30082899116807515;0.9111111111111111;0.9111111111111111;0.9583333333333333;6.956901788711548;nan;nan;nan;nan;nan;nan;nan;nan;nan;nan;nan;nan;nan;nan;nan;nan;nan;nan;nan;nan;nan;nan;nan;nan;nan;nan;nan;nan;nan;nan;nan;nan;nan;nan;nan;nan;nan;nan;nan;nan;nan;nan;nan;nan;nan;nan;nan;nan;nan;nan;nan;nan;nan;nan;nan;nan;nan;nan;nan;nan;nan;nan;nan;nan;nan;nan;nan;nan;nan;nan;nan;nan;nan;nan;nan;nan;nan;nan;nan;nan;nan;nan;nan;nan;nan;nan;nan;nan;nan;nan;nan;nan;nan;nan;nan;nan;nan;nan;nan;nan;nan;nan;nan;nan;nan;nan;nan;nan;nan;nan;nan;nan;nan;nan;nan;nan;nan;nan;nan;nan;nan;nan;nan;nan;nan;nan;nan;nan;nan;nan;nan;nan;nan;nan;nan;nan;nan;nan;nan;nan;nan;nan;nan;nan;nan;nan;nan;nan;nan;nan;nan;nan;nan;nan;nan;nan;nan;nan;nan;nan;nan;nan;nan;nan;nan;nan;nan;nan;nan;nan;nan;nan;nan;nan;nan;nan;nan;nan;nan;nan;nan;nan;nan;nan;nan;nan;nan;nan;nan;nan;nan;nan;nan;nan;nan;nan;nan;nan;nan;nan;nan;nan;nan;nan;nan;nan;nan;nan;nan;nan;nan;nan;nan;nan;nan;nan;nan;nan;nan;nan;nan;nan;nan;nan;nan;nan;nan;nan;nan;nan;nan;nan;nan;nan;nan;nan;nan;nan;nan;nan;nan;nan;nan;nan;nan;nan;nan;nan;nan;nan;nan;nan;nan;nan;nan;nan;nan;nan;nan;nan;nan;nan;nan;nan;nan;nan;nan;nan;nan;nan;nan;nan;nan;nan;nan;nan;nan;nan;nan;nan;nan;nan;nan;nan;nan;nan;nan;nan;nan;nan;nan;nan;nan;nan;nan;nan;nan;nan;nan;nan;nan;nan;nan;nan;nan;nan;nan;nan;nan;nan;nan;nan;nan;nan;nan;nan;nan;nan;nan;nan;nan;nan;nan;nan;nan;nan;nan;nan;nan;nan;nan;nan;nan;nan;nan;nan;nan;nan;nan;nan;nan;nan;nan;nan;nan;nan;nan;nan;nan;nan;nan;nan;nan;nan;nan;nan;nan;nan;nan;nan;nan;nan;nan;nan;nan;nan;nan;nan;nan;nan;nan;nan;nan;nan;nan;nan;nan;nan;nan;nan;nan;nan;nan;nan;nan;nan;nan;nan;nan;nan;nan;nan;nan;nan;nan;nan;nan;nan;nan;nan;nan;nan;nan;nan;nan;nan;nan;nan;nan;nan;nan;nan;nan;nan;nan;nan;nan;nan;nan;nan;nan;nan;nan;nan;nan;nan;nan;nan;nan;nan;nan;nan;nan;nan;nan;nan;nan;nan;nan;nan;nan;nan;nan;nan;nan;nan;nan;nan;nan;nan;nan;nan;nan;nan;nan;nan;nan;nan;nan;nan;nan;nan;nan;nan;nan;nan;nan;nan;nan;nan;nan;nan;nan;nan;nan;nan;nan;nan;nan;nan;nan;nan;nan;nan;nan;nan;nan;nan;nan;nan;nan;nan;nan;nan;nan;nan;nan;nan;nan;nan;nan;nan;nan;nan;nan;nan;nan;nan;nan;nan;nan;nan;nan;nan;nan;nan;nan;nan;nan;nan;nan;nan;nan;nan;nan;nan;nan;nan;nan;nan;nan;nan;nan;nan;nan;nan;nan;nan;nan;nan;nan;nan;nan;nan;nan;nan;nan;nan;nan;nan;nan;nan;nan;nan;nan;nan;nan;nan;nan;nan;nan;nan;nan;nan;nan;nan;nan;nan;nan;nan;nan;nan;nan;nan;nan;nan;nan;nan;nan;nan;nan;nan;nan;nan;nan;nan;nan;nan;nan;nan;nan;nan;nan;nan;nan;nan;nan;nan;nan;nan;nan;nan;nan;nan;nan;nan;nan;nan;nan;nan;nan;nan;nan;nan;nan;nan;nan;nan;nan;nan;nan;nan;nan;nan;nan;nan;nan;nan;nan;nan;nan;nan;nan;nan;nan;nan;nan;nan;nan;nan;nan;nan;nan;nan;nan;nan;nan;nan;nan;nan;nan;nan;nan;nan;nan;nan;nan;nan;nan;nan;0.57571083;0.47329612194007414;0.8;0.8;0.8918650793650793;0.566447;0.17251743794246163;0.9316;0.9262668821489457;0.9469818760106415;0.05391502380371094;0.57571083;0.47329612194007414;0.8;0.8;0.8918650793650793;0.566447;0.17251743794246163;0.9316;0.9262668821489457;0.9469818760106415;0.0;0.0;0.0;0.0;0.0;0.0;0.0;0.0;0.0;0.0;0.05391502380371094;0.65545255;0.6187323504024081;0.6666666666666666;0.6137566137566138;0.7123015873015873;0.16521525382995605;74.74176;0.30082899116807515;0.9111111111111111;0.9111111111111111;0.9583333333333333;6.956901788711548;nan;nan;nan;nan;nan;nan;nan;nan;nan;nan;nan;nan;nan;nan;nan;nan;nan;nan;nan;nan;nan;nan;nan;nan;nan;nan;nan;nan;nan;nan;nan;nan;nan;nan;nan;nan;nan;nan;nan;nan;nan;nan;nan;nan;nan;nan;nan;nan;nan;nan;nan;nan;nan;nan;nan;nan;nan;nan;nan;nan;nan;nan;nan;nan;nan;nan;nan;nan;nan;nan;nan;nan;nan;nan;nan;nan;nan;nan;nan;nan;nan;nan;nan;nan;nan;nan;nan;nan;nan;nan;nan;nan;nan;nan;nan;nan;nan;nan;nan;nan;nan;nan;nan;nan;nan;nan;nan;nan;nan;nan;nan;nan;nan;nan;nan;nan;nan;nan;nan;nan;nan;nan;nan;nan;nan;nan;nan;nan;nan;nan;nan;nan;nan;nan;nan;nan;nan;nan;nan;nan;nan;nan;nan;nan;nan;nan;nan;nan;nan;nan;nan;nan;nan;nan;nan;nan;nan;nan;nan;nan;nan;nan;nan;nan;nan;nan;nan;nan;nan;nan;nan;nan;nan;nan;nan;nan;nan;nan;nan;nan;nan;nan;nan;nan;nan;nan;nan;nan;nan;nan;nan;nan;nan;nan;nan;nan;nan;nan;nan;nan;nan;nan;nan;nan;nan;nan;nan;nan;nan;nan;nan;nan;nan;nan;nan;nan;nan;nan;nan;nan;nan;nan;nan;nan;nan;nan;nan;nan;nan;nan;nan;nan;nan;nan;nan;nan;nan;nan;nan;nan;nan;nan;nan;nan;nan;nan;nan;nan;nan;nan;nan;nan;nan;nan;nan;nan;nan;nan;nan;nan;nan;nan;nan;nan;nan;nan;nan;nan;nan;nan;nan;nan;nan;nan;nan;nan;nan;nan;nan;nan;nan;nan;nan;nan;nan;nan;nan;nan;nan;nan;nan;nan;nan;nan;nan;nan;nan;nan;nan;nan;nan;nan;nan;nan;nan;nan;nan;nan;nan;nan;nan;nan;nan;nan;nan;nan;nan;nan;nan;nan;nan;nan;nan;nan;nan;nan;nan;nan;nan;nan;nan;nan;nan;nan;nan;nan;nan;nan;nan;nan;nan;nan;nan;nan;nan;nan;nan;nan;nan;nan;nan;nan;nan;nan;nan;nan;nan;nan;nan;nan;nan;nan;nan;nan;nan;nan;nan;nan;nan;nan;nan;nan;nan;nan;nan;nan;nan;nan;nan;nan;nan;nan;nan;nan;nan;nan;nan;nan;nan;nan;nan;nan;nan;nan;nan;nan;nan;nan;nan;nan;nan;nan;nan;nan;nan;nan;nan;nan;nan;nan;nan;nan;nan;nan;nan;nan;nan;nan;nan;nan;nan;nan;nan;nan;nan;nan;nan;nan;nan;nan;nan;nan;nan;nan;nan;nan;nan;nan;nan;nan;nan;nan;nan;nan;nan;nan;nan;nan;nan;nan;nan;nan;nan;nan;nan;nan;nan;nan;nan;nan;nan;nan;nan;nan;nan;nan;nan;nan;nan;nan;nan;nan;nan;nan;nan;nan;nan;nan;nan;nan;nan;nan;nan;nan;nan;nan;nan;nan;nan;nan;nan;nan;nan;nan;nan;nan;nan;nan;nan;nan;nan;nan;nan;nan;nan;nan;nan;nan;nan;nan;nan;nan;nan;nan;nan;nan;nan;nan;nan;nan;nan;nan;nan;nan;nan;nan;nan;nan;nan;nan;nan;nan;nan;nan;nan;nan;nan;nan;nan;nan;nan;nan;nan;nan;nan;nan;nan;nan;nan;nan;nan;nan;nan;nan;nan;nan;nan;nan;nan;nan;nan;nan;nan;nan;nan;nan;nan;nan;nan;nan;nan;nan;nan;nan;nan;nan;nan;nan;nan;nan;nan;nan;nan;nan;nan;nan;nan;nan;nan;nan;nan;nan;nan;nan;nan;nan;nan;nan;nan;nan;nan;nan;nan;nan;nan;nan;nan;nan;nan;nan;nan;nan;nan;nan;nan;nan;nan;nan;nan;nan;nan;nan;nan;nan;nan;nan;nan;nan;nan;nan;nan;nan;nan;nan;nan;nan;nan;nan;nan;nan;nan;nan;nan;nan;nan;nan;nan;nan;nan;nan;nan;nan;nan;nan;nan;nan;nan;nan;nan;nan;0.56210166;2.4646722639105763;0.8888888888888888;0.8888888888888888;0.8621031746031744;0.516283;0.1981102405266949;0.9345794392523364;0.9345217949129694;0.9561928219563688;0.0007462501525878906;0.56210166;2.4646722639105763;0.8888888888888888;0.8888888888888888;0.8621031746031744;0.516283;0.1981102405266949;0.9345794392523364;0.9345217949129694;0.9561928219563688;0.0;0.0;0.0;0.0;0.0;0.0;0.0;0.0;0.0;0.0;0.0007462501525878906;0.65545255;0.6187323504024081;0.6666666666666666;0.6137566137566138;0.7123015873015873;0.16521525382995605;74.74176;0.30082899116807515;0.9111111111111111;0.9111111111111111;0.9583333333333333;6.956901788711548;nan;nan;nan;nan;nan;nan;nan;nan;nan;nan;nan;nan;nan;nan;nan;nan;nan;nan;nan;nan;nan;nan;nan;nan;nan;nan;nan;nan;nan;nan;nan;nan;nan;nan;nan;nan;nan;nan;nan;nan;nan;nan;nan;nan;nan;nan;nan;nan;nan;nan;nan;nan;nan;nan;nan;nan;nan;nan;nan;nan;nan;nan;nan;nan;nan;nan;nan;nan;nan;nan;nan;nan;nan;nan;nan;nan;nan;nan;nan;nan;nan;nan;nan;nan;nan;nan;nan;nan;nan;nan;nan;nan;nan;nan;nan;nan;nan;nan;nan;nan;nan;nan;nan;nan;nan;nan;nan;nan;nan;nan;nan;nan;nan;nan;nan;nan;nan;nan;nan;nan;nan;nan;nan;nan;nan;nan;nan;nan;nan;nan;nan;nan;nan;nan;nan;nan;nan;nan;nan;nan;nan;nan;nan;nan;nan;nan;nan;nan;nan;nan;nan;nan;nan;nan;nan;nan;nan;nan;nan;nan;nan;nan;nan;nan;nan;nan;nan;nan;nan;nan;nan;nan;nan;nan;nan;nan;nan;nan;nan;nan;nan;nan;nan;nan;nan;nan;nan;nan;nan;nan;nan;nan;nan;nan;nan;nan;nan;nan;nan;nan;nan;nan;nan;nan;nan;nan;nan;nan;nan;nan;nan;nan;nan;nan;nan;nan;nan;nan;nan;nan;nan;nan;nan;nan;nan;nan;nan;nan;nan;nan;nan;nan;nan;nan;nan;nan;nan;nan;nan;nan;nan;nan;nan;nan;nan;nan;nan;nan;nan;nan;nan;nan;nan;nan;nan;nan;nan;nan;nan;nan;nan;nan;nan;nan;nan;nan;nan;nan;nan;nan;nan;nan;nan;nan;nan;nan;nan;nan;nan;nan;nan;nan;nan;nan;nan;nan;nan;nan;nan;nan;nan;nan;nan;nan;nan;nan;nan;nan;nan;nan;nan;nan;nan;nan;nan;nan;nan;nan;nan;nan;nan;nan;nan;nan;nan;nan;nan;nan;nan;nan;nan;nan;nan;nan;nan;nan;nan;nan;nan;nan;nan;nan;nan;nan;nan;nan;nan;nan;nan;nan;nan;nan;nan;nan;nan;nan;nan;nan;nan;nan;nan;nan;nan;nan;nan;nan;nan;nan;nan;nan;nan;nan;nan;nan;nan;nan;nan;nan;nan;nan;nan;nan;nan;nan;nan;nan;nan;nan;nan;nan;nan;nan;nan;nan;nan;nan;nan;nan;nan;nan;nan;nan;nan;nan;nan;nan;nan;nan;nan;nan;nan;nan;nan;nan;nan;nan;nan;nan;nan;nan;nan;nan;nan;nan;nan;nan;nan;nan;nan;nan;nan;nan;nan;nan;nan;nan;nan;nan;nan;nan;nan;nan;nan;nan;nan;nan;nan;nan;nan;nan;nan;nan;nan;nan;nan;nan;nan;nan;nan;nan;nan;nan;nan;nan;nan;nan;nan;nan;nan;nan;nan;nan;nan;nan;nan;nan;nan;nan;nan;nan;nan;nan;nan;nan;nan;nan;nan;nan;nan;nan;nan;nan;nan;nan;nan;nan;nan;nan;nan;nan;nan;nan;nan;nan;nan;nan;nan;nan;nan;nan;nan;nan;nan;nan;nan;nan;nan;nan;nan;nan;nan;nan;nan;nan;nan;nan;nan;nan;nan;nan;nan;nan;nan;nan;nan;nan;nan;nan;nan;nan;nan;nan;nan;nan;nan;nan;nan;nan;nan;nan;nan;nan;nan;nan;nan;nan;nan;nan;nan;nan;nan;nan;nan;nan;nan;nan;nan;nan;nan;nan;nan;nan;nan;nan;nan;nan;nan;nan;nan;nan;nan;nan;nan;nan;nan;nan;nan;nan;nan;nan;nan;nan;nan;nan;nan;nan;nan;nan;nan;nan;nan;nan;nan;nan;nan;nan;nan;nan;nan;nan;nan;nan;nan;nan;nan;nan;nan;nan;nan;nan;nan;nan;nan;nan;nan;nan;nan;nan;nan;nan;nan;nan;nan;nan;nan;nan;nan;nan;nan;nan;nan;nan;nan;nan;nan;nan;nan;nan;nan;nan;nan;nan;nan;nan;nan;nan;nan;nan;nan;nan;nan;nan;nan;nan;nan;nan;nan;nan;nan;nan;0.5671499;0.4055505289077016;0.8222222222222222;0.8140056022408964;0.8938492063492064;0.535971;0.2589389038545478;0.8921;0.8756877772854222;0.894250644545178;0.05240511894226074;0.5671499;0.4055505289077016;0.8222222222222222;0.8140056022408964;0.8938492063492064;0.535971;0.2589389038545478;0.8921;0.8756877772854222;0.894250644545178;0.0;0.0;0.0;0.0;0.0;0.0;0.0;0.0;0.0;0.0;0.05240511894226074;0.65545255;0.6187323504024081;0.6666666666666666;0.6137566137566138;0.7123015873015873;0.16521525382995605;74.74176;0.30082899116807515;0.9111111111111111;0.9111111111111111;0.9583333333333333;6.956901788711548;nan;nan;nan;nan;nan;nan;nan;nan;nan;nan;nan;nan;nan;nan;nan;nan;nan;nan;nan;nan;nan;nan;nan;nan;nan;nan;nan;nan;nan;nan;nan;nan;nan;nan;nan;nan;nan;nan;nan;nan;nan;nan;nan;nan;nan;nan;nan;nan;nan;nan;nan;nan;nan;nan;nan;nan;nan;nan;nan;nan;nan;nan;nan;nan;nan;nan;nan;nan;nan;nan;nan;nan;nan;nan;nan;nan;nan;nan;nan;nan;nan;nan;nan;nan;nan;nan;nan;nan;nan;nan;nan;nan;nan;nan;nan;nan;nan;nan;nan;nan;nan;nan;nan;nan;nan;nan;nan;nan;nan;nan;nan;nan;nan;nan;nan;nan;nan;nan;nan;nan;nan;nan;nan;nan;nan;nan;nan;nan;nan;nan;nan;nan;nan;nan;nan;nan;nan;nan;nan;nan;nan;nan;nan;nan;nan;nan;nan;nan;nan;nan;nan;nan;nan;nan;nan;nan;nan;nan;nan;nan;nan;nan;nan;nan;nan;nan;nan;nan;nan;nan;nan;nan;nan;nan;nan;nan;nan;nan;nan;nan;nan;nan;nan;nan;nan;nan;nan;nan;nan;nan;nan;nan;nan;nan;nan;nan;nan;nan;nan;nan;nan;nan;nan;nan;nan;nan;nan;nan;nan;nan;nan;nan;nan;nan;nan;nan;nan;nan;nan;nan;nan;nan;nan;nan;nan;nan;nan;nan;nan;nan;nan;nan;nan;nan;nan;nan;nan;nan;nan;nan;nan;nan;nan;nan;nan;nan;nan;nan;nan;nan;nan;nan;nan;nan;nan;nan;nan;nan;nan;nan;nan;nan;nan;nan;nan;nan;nan;nan;nan;nan;nan;nan;nan;nan;nan;nan;nan;nan;nan;nan;nan;nan;nan;nan;nan;nan;nan;nan;nan;nan;nan;nan;nan;nan;nan;nan;nan;nan;nan;nan;nan;nan;nan;nan;nan;nan;nan;nan;nan;nan;nan;nan;nan;nan;nan;nan;nan;nan;nan;nan;nan;nan;nan;nan;nan;nan;nan;nan;nan;nan;nan;nan;nan;nan;nan;nan;nan;nan;nan;nan;nan;nan;nan;nan;nan;nan;nan;nan;nan;nan;nan;nan;nan;nan;nan;nan;nan;nan;nan;nan;nan;nan;nan;nan;nan;nan;nan;nan;nan;nan;nan;nan;nan;nan;nan;nan;nan;nan;nan;nan;nan;nan;nan;nan;nan;nan;nan;nan;nan;nan;nan;nan;nan;nan;nan;nan;nan;nan;nan;nan;nan;nan;nan;nan;nan;nan;nan;nan;nan;nan;nan;nan;nan;nan;nan;nan;nan;nan;nan;nan;nan;nan;nan;nan;nan;nan;nan;nan;nan;nan;nan;nan;nan;nan;nan;nan;nan;nan;nan;nan;nan;nan;nan;nan;nan;nan;nan;nan;nan;nan;nan;nan;nan;nan;nan;nan;nan;nan;nan;nan;nan;nan;nan;nan;nan;nan;nan;nan;nan;nan;nan;nan;nan;nan;nan;nan;nan;nan;nan;nan;nan;nan;nan;nan;nan;nan;nan;nan;nan;nan;nan;nan;nan;nan;nan;nan;nan;nan;nan;nan;nan;nan;nan;nan;nan;nan;nan;nan;nan;nan;nan;nan;nan;nan;nan;nan;nan;nan;nan;nan;nan;nan;nan;nan;nan;nan;nan;nan;nan;nan;nan;nan;nan;nan;nan;nan;nan;nan;nan;nan;nan;nan;nan;nan;nan;nan;nan;nan;nan;nan;nan;nan;nan;nan;nan;nan;nan;nan;nan;nan;nan;nan;nan;nan;nan;nan;nan;nan;nan;nan;nan;nan;nan;nan;nan;nan;nan;nan;nan;nan;nan;nan;nan;nan;nan;nan;nan;nan;nan;nan;nan;nan;nan;nan;nan;nan;nan;nan;nan;nan;nan;nan;nan;nan;nan;nan;nan;nan;nan;nan;nan;nan;nan;nan;nan;nan;nan;nan;nan;nan;nan;nan;nan;nan;nan;nan;nan;nan;nan;nan;nan;nan;nan;nan;nan;nan;nan;nan;nan;nan;nan;nan;nan;nan;nan;nan;nan;nan;nan;nan;nan;nan;nan;nan;nan;nan;nan;nan;nan;nan;0.5711021;0.428894869922996;0.8222222222222222;0.8140056022408964;0.935515873015873;0.53502893;0.255949766846438;0.8956;0.8843037159984675;0.8943805992493994;0.05144500732421875;0.5711021;0.428894869922996;0.8222222222222222;0.8140056022408964;0.935515873015873;0.53502893;0.255949766846438;0.8956;0.8843037159984675;0.8943805992493994;0.0;0.0;0.0;0.0;0.0;0.0;0.0;0.0;0.0;0.0;0.05144500732421875;0.65545255;0.6187323504024081;0.6666666666666666;0.6137566137566138;0.7123015873015873;0.16521525382995605;74.74176;0.30082899116807515;0.9111111111111111;0.9111111111111111;0.9583333333333333;6.956901788711548;nan;nan;nan;nan;nan;nan;nan;nan;nan;nan;nan;nan;nan;nan;nan;nan;nan;nan;nan;nan;nan;nan;nan;nan;nan;nan;nan;nan;nan;nan;nan;nan;nan;nan;nan;nan;nan;nan;nan;nan;nan;nan;nan;nan;nan;nan;nan;nan;nan;nan;nan;nan;nan;nan;nan;nan;nan;nan;nan;nan;nan;nan;nan;nan;nan;nan;nan;nan;nan;nan;nan;nan;nan;nan;nan;nan;nan;nan;nan;nan;nan;nan;nan;nan;nan;nan;nan;nan;nan;nan;nan;nan;nan;nan;nan;nan;nan;nan;nan;nan;nan;nan;nan;nan;nan;nan;nan;nan;nan;nan;nan;nan;nan;nan;nan;nan;nan;nan;nan;nan;nan;nan;nan;nan;nan;nan;nan;nan;nan;nan;nan;nan;nan;nan;nan;nan;nan;nan;nan;nan;nan;nan;nan;nan;nan;nan;nan;nan;nan;nan;nan;nan;nan;nan;nan;nan;nan;nan;nan;nan;nan;nan;nan;nan;nan;nan;nan;nan;nan;nan;nan;nan;nan;nan;nan;nan;nan;nan;nan;nan;nan;nan;nan;nan;nan;nan;nan;nan;nan;nan;nan;nan;nan;nan;nan;nan;nan;nan;nan;nan;nan;nan;nan;nan;nan;nan;nan;nan;nan;nan;nan;nan;nan;nan;nan;nan;nan;nan;nan;nan;nan;nan;nan;nan;nan;nan;nan;nan;nan;nan;nan;nan;nan;nan;nan;nan;nan;nan;nan;nan;nan;nan;nan;nan;nan;nan;nan;nan;nan;nan;nan;nan;nan;nan;nan;nan;nan;nan;nan;nan;nan;nan;nan;nan;nan;nan;nan;nan;nan;nan;nan;nan;nan;nan;nan;nan;nan;nan;nan;nan;nan;nan;nan;nan;nan;nan;nan;nan;nan;nan;nan;nan;nan;nan;nan;nan;nan;nan;nan;nan;nan;nan;nan;nan;nan;nan;nan;nan;nan;nan;nan;nan;nan;nan;nan;nan;nan;nan;nan;nan;nan;nan;nan;nan;nan;nan;nan;nan;nan;nan;nan;nan;nan;nan;nan;nan;nan;nan;nan;nan;nan;nan;nan;nan;nan;nan;nan;nan;nan;nan;nan;nan;nan;nan;nan;nan;nan;nan;nan;nan;nan;nan;nan;nan;nan;nan;nan;nan;nan;nan;nan;nan;nan;nan;nan;nan;nan;nan;nan;nan;nan;nan;nan;nan;nan;nan;nan;nan;nan;nan;nan;nan;nan;nan;nan;nan;nan;nan;nan;nan;nan;nan;nan;nan;nan;nan;nan;nan;nan;nan;nan;nan;nan;nan;nan;nan;nan;nan;nan;nan;nan;nan;nan;nan;nan;nan;nan;nan;nan;nan;nan;nan;nan;nan;nan;nan;nan;nan;nan;nan;nan;nan;nan;nan;nan;nan;nan;nan;nan;nan;nan;nan;nan;nan;nan;nan;nan;nan;nan;nan;nan;nan;nan;nan;nan;nan;nan;nan;nan;nan;nan;nan;nan;nan;nan;nan;nan;nan;nan;nan;nan;nan;nan;nan;nan;nan;nan;nan;nan;nan;nan;nan;nan;nan;nan;nan;nan;nan;nan;nan;nan;nan;nan;nan;nan;nan;nan;nan;nan;nan;nan;nan;nan;nan;nan;nan;nan;nan;nan;nan;nan;nan;nan;nan;nan;nan;nan;nan;nan;nan;nan;nan;nan;nan;nan;nan;nan;nan;nan;nan;nan;nan;nan;nan;nan;nan;nan;nan;nan;nan;nan;nan;nan;nan;nan;nan;nan;nan;nan;nan;nan;nan;nan;nan;nan;nan;nan;nan;nan;nan;nan;nan;nan;nan;nan;nan;nan;nan;nan;nan;nan;nan;nan;nan;nan;nan;nan;nan;nan;nan;nan;nan;nan;nan;nan;nan;nan;nan;nan;nan;nan;nan;nan;nan;nan;nan;nan;nan;nan;nan;nan;nan;nan;nan;nan;nan;nan;nan;nan;nan;nan;nan;nan;nan;nan;nan;nan;nan;nan;nan;nan;nan;nan;nan;nan;nan;nan;nan;nan;nan;nan;nan;nan;nan;nan;nan;nan;nan;nan;nan;nan;nan;nan;nan;nan;nan;nan;nan;nan;nan;0.5658753;0.4406922533314418;0.8222222222222222;0.8140056022408964;0.9226190476190477;0.5345396;0.24783954153890358;0.8962;0.8797540162388429;0.8959879155735455;0.05335807800292969;0.5658753;0.4406922533314418;0.8222222222222222;0.8140056022408964;0.9226190476190477;0.5345396;0.24783954153890358;0.8962;0.8797540162388429;0.8959879155735455;0.0;0.0;0.0;0.0;0.0;0.0;0.0;0.0;0.0;0.0;0.05335807800292969;0.65545255;0.6187323504024081;0.6666666666666666;0.6137566137566138;0.7123015873015873;0.16521525382995605;74.74176;0.30082899116807515;0.9111111111111111;0.9111111111111111;0.9583333333333333;6.956901788711548;nan;nan;nan;nan;nan;nan;nan;nan;nan;nan;nan;nan;nan;nan;nan;nan;nan;nan;nan;nan;nan;nan;nan;nan;nan;nan;nan;nan;nan;nan;nan;nan;nan;nan;nan;nan;nan;nan;nan;nan;nan;nan;nan;nan;nan;nan;nan;nan;nan;nan;nan;nan;nan;nan;nan;nan;nan;nan;nan;nan;nan;nan;nan;nan;nan;nan;nan;nan;nan;nan;nan;nan;nan;nan;nan;nan;nan;nan;nan;nan;nan;nan;nan;nan;nan;nan;nan;nan;nan;nan;nan;nan;nan;nan;nan;nan;nan;nan;nan;nan;nan;nan;nan;nan;nan;nan;nan;nan;nan;nan;nan;nan;nan;nan;nan;nan;nan;nan;nan;nan;nan;nan;nan;nan;nan;nan;nan;nan;nan;nan;nan;nan;nan;nan;nan;nan;nan;nan;nan;nan;nan;nan;nan;nan;nan;nan;nan;nan;nan;nan;nan;nan;nan;nan;nan;nan;nan;nan;nan;nan;nan;nan;nan;nan;nan;nan;nan;nan;nan;nan;nan;nan;nan;nan;nan;nan;nan;nan;nan;nan;nan;nan;nan;nan;nan;nan;nan;nan;nan;nan;nan;nan;nan;nan;nan;nan;nan;nan;nan;nan;nan;nan;nan;nan;nan;nan;nan;nan;nan;nan;nan;nan;nan;nan;nan;nan;nan;nan;nan;nan;nan;nan;nan;nan;nan;nan;nan;nan;nan;nan;nan;nan;nan;nan;nan;nan;nan;nan;nan;nan;nan;nan;nan;nan;nan;nan;nan;nan;nan;nan;nan;nan;nan;nan;nan;nan;nan;nan;nan;nan;nan;nan;nan;nan;nan;nan;nan;nan;nan;nan;nan;nan;nan;nan;nan;nan;nan;nan;nan;nan;nan;nan;nan;nan;nan;nan;nan;nan;nan;nan;nan;nan;nan;nan;nan;nan;nan;nan;nan;nan;nan;nan;nan;nan;nan;nan;nan;nan;nan;nan;nan;nan;nan;nan;nan;nan;nan;nan;nan;nan;nan;nan;nan;nan;nan;nan;nan;nan;nan;nan;nan;nan;nan;nan;nan;nan;nan;nan;nan;nan;nan;nan;nan;nan;nan;nan;nan;nan;nan;nan;nan;nan;nan;nan;nan;nan;nan;nan;nan;nan;nan;nan;nan;nan;nan;nan;nan;nan;nan;nan;nan;nan;nan;nan;nan;nan;nan;nan;nan;nan;nan;nan;nan;nan;nan;nan;nan;nan;nan;nan;nan;nan;nan;nan;nan;nan;nan;nan;nan;nan;nan;nan;nan;nan;nan;nan;nan;nan;nan;nan;nan;nan;nan;nan;nan;nan;nan;nan;nan;nan;nan;nan;nan;nan;nan;nan;nan;nan;nan;nan;nan;nan;nan;nan;nan;nan;nan;nan;nan;nan;nan;nan;nan;nan;nan;nan;nan;nan;nan;nan;nan;nan;nan;nan;nan;nan;nan;nan;nan;nan;nan;nan;nan;nan;nan;nan;nan;nan;nan;nan;nan;nan;nan;nan;nan;nan;nan;nan;nan;nan;nan;nan;nan;nan;nan;nan;nan;nan;nan;nan;nan;nan;nan;nan;nan;nan;nan;nan;nan;nan;nan;nan;nan;nan;nan;nan;nan;nan;nan;nan;nan;nan;nan;nan;nan;nan;nan;nan;nan;nan;nan;nan;nan;nan;nan;nan;nan;nan;nan;nan;nan;nan;nan;nan;nan;nan;nan;nan;nan;nan;nan;nan;nan;nan;nan;nan;nan;nan;nan;nan;nan;nan;nan;nan;nan;nan;nan;nan;nan;nan;nan;nan;nan;nan;nan;nan;nan;nan;nan;nan;nan;nan;nan;nan;nan;nan;nan;nan;nan;nan;nan;nan;nan;nan;nan;nan;nan;nan;nan;nan;nan;nan;nan;nan;nan;nan;nan;nan;nan;nan;nan;nan;nan;nan;nan;nan;nan;nan;nan;nan;nan;nan;nan;nan;nan;nan;nan;nan;nan;nan;nan;nan;nan;nan;nan;nan;nan;nan;nan;nan;nan;nan;nan;nan;nan;nan;nan;nan;nan;nan;nan;nan;nan;nan;nan;nan;nan;nan;nan;nan;nan;nan;nan;nan;nan;nan;nan;nan;nan;nan;0.5706799;0.45901377904186486;0.8222222222222222;0.8140056022408964;0.9206349206349205;0.5339077;0.2457966213337536;0.8996;0.8884167912363068;0.902241425548001;0.06182408332824707;0.5706799;0.45901377904186486;0.8222222222222222;0.8140056022408964;0.9206349206349205;0.5339077;0.2457966213337536;0.8996;0.8884167912363068;0.902241425548001;0.0;0.0;0.0;0.0;0.0;0.0;0.0;0.0;0.0;0.0;0.06182408332824707;0.65545255;0.6187323504024081;0.6666666666666666;0.6137566137566138;0.7123015873015873;0.16521525382995605;74.74176;0.30082899116807515;0.9111111111111111;0.9111111111111111;0.9583333333333333;6.956901788711548;nan;nan;nan;nan;nan;nan;nan;nan;nan;nan;nan;nan;nan;nan;nan;nan;nan;nan;nan;nan;nan;nan;nan;nan;nan;nan;nan;nan;nan;nan;nan;nan;nan;nan;nan;nan;nan;nan;nan;nan;nan;nan;nan;nan;nan;nan;nan;nan;nan;nan;nan;nan;nan;nan;nan;nan;nan;nan;nan;nan;nan;nan;nan;nan;nan;nan;nan;nan;nan;nan;nan;nan;nan;nan;nan;nan;nan;nan;nan;nan;nan;nan;nan;nan;nan;nan;nan;nan;nan;nan;nan;nan;nan;nan;nan;nan;nan;nan;nan;nan;nan;nan;nan;nan;nan;nan;nan;nan;nan;nan;nan;nan;nan;nan;nan;nan;nan;nan;nan;nan;nan;nan;nan;nan;nan;nan;nan;nan;nan;nan;nan;nan;nan;nan;nan;nan;nan;nan;nan;nan;nan;nan;nan;nan;nan;nan;nan;nan;nan;nan;nan;nan;nan;nan;nan;nan;nan;nan;nan;nan;nan;nan;nan;nan;nan;nan;nan;nan;nan;nan;nan;nan;nan;nan;nan;nan;nan;nan;nan;nan;nan;nan;nan;nan;nan;nan;nan;nan;nan;nan;nan;nan;nan;nan;nan;nan;nan;nan;nan;nan;nan;nan;nan;nan;nan;nan;nan;nan;nan;nan;nan;nan;nan;nan;nan;nan;nan;nan;nan;nan;nan;nan;nan;nan;nan;nan;nan;nan;nan;nan;nan;nan;nan;nan;nan;nan;nan;nan;nan;nan;nan;nan;nan;nan;nan;nan;nan;nan;nan;nan;nan;nan;nan;nan;nan;nan;nan;nan;nan;nan;nan;nan;nan;nan;nan;nan;nan;nan;nan;nan;nan;nan;nan;nan;nan;nan;nan;nan;nan;nan;nan;nan;nan;nan;nan;nan;nan;nan;nan;nan;nan;nan;nan;nan;nan;nan;nan;nan;nan;nan;nan;nan;nan;nan;nan;nan;nan;nan;nan;nan;nan;nan;nan;nan;nan;nan;nan;nan;nan;nan;nan;nan;nan;nan;nan;nan;nan;nan;nan;nan;nan;nan;nan;nan;nan;nan;nan;nan;nan;nan;nan;nan;nan;nan;nan;nan;nan;nan;nan;nan;nan;nan;nan;nan;nan;nan;nan;nan;nan;nan;nan;nan;nan;nan;nan;nan;nan;nan;nan;nan;nan;nan;nan;nan;nan;nan;nan;nan;nan;nan;nan;nan;nan;nan;nan;nan;nan;nan;nan;nan;nan;nan;nan;nan;nan;nan;nan;nan;nan;nan;nan;nan;nan;nan;nan;nan;nan;nan;nan;nan;nan;nan;nan;nan;nan;nan;nan;nan;nan;nan;nan;nan;nan;nan;nan;nan;nan;nan;nan;nan;nan;nan;nan;nan;nan;nan;nan;nan;nan;nan;nan;nan;nan;nan;nan;nan;nan;nan;nan;nan;nan;nan;nan;nan;nan;nan;nan;nan;nan;nan;nan;nan;nan;nan;nan;nan;nan;nan;nan;nan;nan;nan;nan;nan;nan;nan;nan;nan;nan;nan;nan;nan;nan;nan;nan;nan;nan;nan;nan;nan;nan;nan;nan;nan;nan;nan;nan;nan;nan;nan;nan;nan;nan;nan;nan;nan;nan;nan;nan;nan;nan;nan;nan;nan;nan;nan;nan;nan;nan;nan;nan;nan;nan;nan;nan;nan;nan;nan;nan;nan;nan;nan;nan;nan;nan;nan;nan;nan;nan;nan;nan;nan;nan;nan;nan;nan;nan;nan;nan;nan;nan;nan;nan;nan;nan;nan;nan;nan;nan;nan;nan;nan;nan;nan;nan;nan;nan;nan;nan;nan;nan;nan;nan;nan;nan;nan;nan;nan;nan;nan;nan;nan;nan;nan;nan;nan;nan;nan;nan;nan;nan;nan;nan;nan;nan;nan;nan;nan;nan;nan;nan;nan;nan;nan;nan;nan;nan;nan;nan;nan;nan;nan;nan;nan;nan;nan;nan;nan;nan;nan;nan;nan;nan;nan;nan;nan;nan;nan;nan;nan;nan;nan;nan;nan;nan;nan;nan;nan;nan;nan;nan;nan;nan;nan;nan;nan;nan;nan;nan;nan;nan;nan;nan;nan;nan;nan;nan;nan;nan;nan;0.5739335;0.5171043153567112;0.8222222222222222;0.8140056022408964;0.8839285714285714;0.5334509;0.24877738077572759;0.8999;0.8902187646401144;0.8983647009966779;0.04951930046081543;0.5739335;0.5171043153567112;0.8222222222222222;0.8140056022408964;0.8839285714285714;0.5334509;0.24877738077572759;0.8999;0.8902187646401144;0.8983647009966779;0.0;0.0;0.0;0.0;0.0;0.0;0.0;0.0;0.0;0.0;0.04951930046081543;0.65545255;0.6187323504024081;0.6666666666666666;0.6137566137566138;0.7123015873015873;0.16521525382995605;74.74176;0.30082899116807515;0.9111111111111111;0.9111111111111111;0.9583333333333333;6.956901788711548;nan;nan;nan;nan;nan;nan;nan;nan;nan;nan;nan;nan;nan;nan;nan;nan;nan;nan;nan;nan;nan;nan;nan;nan;nan;nan;nan;nan;nan;nan;nan;nan;nan;nan;nan;nan;nan;nan;nan;nan;nan;nan;nan;nan;nan;nan;nan;nan;nan;nan;nan;nan;nan;nan;nan;nan;nan;nan;nan;nan;nan;nan;nan;nan;nan;nan;nan;nan;nan;nan;nan;nan;nan;nan;nan;nan;nan;nan;nan;nan;nan;nan;nan;nan;nan;nan;nan;nan;nan;nan;nan;nan;nan;nan;nan;nan;nan;nan;nan;nan;nan;nan;nan;nan;nan;nan;nan;nan;nan;nan;nan;nan;nan;nan;nan;nan;nan;nan;nan;nan;nan;nan;nan;nan;nan;nan;nan;nan;nan;nan;nan;nan;nan;nan;nan;nan;nan;nan;nan;nan;nan;nan;nan;nan;nan;nan;nan;nan;nan;nan;nan;nan;nan;nan;nan;nan;nan;nan;nan;nan;nan;nan;nan;nan;nan;nan;nan;nan;nan;nan;nan;nan;nan;nan;nan;nan;nan;nan;nan;nan;nan;nan;nan;nan;nan;nan;nan;nan;nan;nan;nan;nan;nan;nan;nan;nan;nan;nan;nan;nan;nan;nan;nan;nan;nan;nan;nan;nan;nan;nan;nan;nan;nan;nan;nan;nan;nan;nan;nan;nan;nan;nan;nan;nan;nan;nan;nan;nan;nan;nan;nan;nan;nan;nan;nan;nan;nan;nan;nan;nan;nan;nan;nan;nan;nan;nan;nan;nan;nan;nan;nan;nan;nan;nan;nan;nan;nan;nan;nan;nan;nan;nan;nan;nan;nan;nan;nan;nan;nan;nan;nan;nan;nan;nan;nan;nan;nan;nan;nan;nan;nan;nan;nan;nan;nan;nan;nan;nan;nan;nan;nan;nan;nan;nan;nan;nan;nan;nan;nan;nan;nan;nan;nan;nan;nan;nan;nan;nan;nan;nan;nan;nan;nan;nan;nan;nan;nan;nan;nan;nan;nan;nan;nan;nan;nan;nan;nan;nan;nan;nan;nan;nan;nan;nan;nan;nan;nan;nan;nan;nan;nan;nan;nan;nan;nan;nan;nan;nan;nan;nan;nan;nan;nan;nan;nan;nan;nan;nan;nan;nan;nan;nan;nan;nan;nan;nan;nan;nan;nan;nan;nan;nan;nan;nan;nan;nan;nan;nan;nan;nan;nan;nan;nan;nan;nan;nan;nan;nan;nan;nan;nan;nan;nan;nan;nan;nan;nan;nan;nan;nan;nan;nan;nan;nan;nan;nan;nan;nan;nan;nan;nan;nan;nan;nan;nan;nan;nan;nan;nan;nan;nan;nan;nan;nan;nan;nan;nan;nan;nan;nan;nan;nan;nan;nan;nan;nan;nan;nan;nan;nan;nan;nan;nan;nan;nan;nan;nan;nan;nan;nan;nan;nan;nan;nan;nan;nan;nan;nan;nan;nan;nan;nan;nan;nan;nan;nan;nan;nan;nan;nan;nan;nan;nan;nan;nan;nan;nan;nan;nan;nan;nan;nan;nan;nan;nan;nan;nan;nan;nan;nan;nan;nan;nan;nan;nan;nan;nan;nan;nan;nan;nan;nan;nan;nan;nan;nan;nan;nan;nan;nan;nan;nan;nan;nan;nan;nan;nan;nan;nan;nan;nan;nan;nan;nan;nan;nan;nan;nan;nan;nan;nan;nan;nan;nan;nan;nan;nan;nan;nan;nan;nan;nan;nan;nan;nan;nan;nan;nan;nan;nan;nan;nan;nan;nan;nan;nan;nan;nan;nan;nan;nan;nan;nan;nan;nan;nan;nan;nan;nan;nan;nan;nan;nan;nan;nan;nan;nan;nan;nan;nan;nan;nan;nan;nan;nan;nan;nan;nan;nan;nan;nan;nan;nan;nan;nan;nan;nan;nan;nan;nan;nan;nan;nan;nan;nan;nan;nan;nan;nan;nan;nan;nan;nan;nan;nan;nan;nan;nan;nan;nan;nan;nan;nan;nan;nan;nan;nan;nan;nan;nan;nan;nan;nan;nan;nan;nan;nan;nan;nan;nan;nan;nan;nan;nan;nan;nan;nan;nan;nan;nan;nan;nan;nan;nan;nan;nan;nan;nan;nan;nan;0.54941094;0.37456113988162015;0.8222222222222222;0.8140056022408964;0.9226190476190474;0.53515935;0.258676140681262;0.8888;0.8636868299993983;0.886780266220597;0.05459856986999512;0.54941094;0.37456113988162015;0.8222222222222222;0.8140056022408964;0.9226190476190474;0.53515935;0.258676140681262;0.8888;0.8636868299993983;0.886780266220597;0.0;0.0;0.0;0.0;0.0;0.0;0.0;0.0;0.0;0.0;0.05459856986999512;0.65545255;0.6187323504024081;0.6666666666666666;0.6137566137566138;0.7123015873015873;0.16521525382995605;74.74176;0.30082899116807515;0.9111111111111111;0.9111111111111111;0.9583333333333333;6.956901788711548;nan;nan;nan;nan;nan;nan;nan;nan;nan;nan;nan;nan;nan;nan;nan;nan;nan;nan;nan;nan;nan;nan;nan;nan;nan;nan;nan;nan;nan;nan;nan;nan;nan;nan;nan;nan;nan;nan;nan;nan;nan;nan;nan;nan;nan;nan;nan;nan;nan;nan;nan;nan;nan;nan;nan;nan;nan;nan;nan;nan;nan;nan;nan;nan;nan;nan;nan;nan;nan;nan;nan;nan;nan;nan;nan;nan;nan;nan;nan;nan;nan;nan;nan;nan;nan;nan;nan;nan;nan;nan;nan;nan;nan;nan;nan;nan;nan;nan;nan;nan;nan;nan;nan;nan;nan;nan;nan;nan;nan;nan;nan;nan;nan;nan;nan;nan;nan;nan;nan;nan;nan;nan;nan;nan;nan;nan;nan;nan;nan;nan;nan;nan;nan;nan;nan;nan;nan;nan;nan;nan;nan;nan;nan;nan;nan;nan;nan;nan;nan;nan;nan;nan;nan;nan;nan;nan;nan;nan;nan;nan;nan;nan;nan;nan;nan;nan;nan;nan;nan;nan;nan;nan;nan;nan;nan;nan;nan;nan;nan;nan;nan;nan;nan;nan;nan;nan;nan;nan;nan;nan;nan;nan;nan;nan;nan;nan;nan;nan;nan;nan;nan;nan;nan;nan;nan;nan;nan;nan;nan;nan;nan;nan;nan;nan;nan;nan;nan;nan;nan;nan;nan;nan;nan;nan;nan;nan;nan;nan;nan;nan;nan;nan;nan;nan;nan;nan;nan;nan;nan;nan;nan;nan;nan;nan;nan;nan;nan;nan;nan;nan;nan;nan;nan;nan;nan;nan;nan;nan;nan;nan;nan;nan;nan;nan;nan;nan;nan;nan;nan;nan;nan;nan;nan;nan;nan;nan;nan;nan;nan;nan;nan;nan;nan;nan;nan;nan;nan;nan;nan;nan;nan;nan;nan;nan;nan;nan;nan;nan;nan;nan;nan;nan;nan;nan;nan;nan;nan;nan;nan;nan;nan;nan;nan;nan;nan;nan;nan;nan;nan;nan;nan;nan;nan;nan;nan;nan;nan;nan;nan;nan;nan;nan;nan;nan;nan;nan;nan;nan;nan;nan;nan;nan;nan;nan;nan;nan;nan;nan;nan;nan;nan;nan;nan;nan;nan;nan;nan;nan;nan;nan;nan;nan;nan;nan;nan;nan;nan;nan;nan;nan;nan;nan;nan;nan;nan;nan;nan;nan;nan;nan;nan;nan;nan;nan;nan;nan;nan;nan;nan;nan;nan;nan;nan;nan;nan;nan;nan;nan;nan;nan;nan;nan;nan;nan;nan;nan;nan;nan;nan;nan;nan;nan;nan;nan;nan;nan;nan;nan;nan;nan;nan;nan;nan;nan;nan;nan;nan;nan;nan;nan;nan;nan;nan;nan;nan;nan;nan;nan;nan;nan;nan;nan;nan;nan;nan;nan;nan;nan;nan;nan;nan;nan;nan;nan;nan;nan;nan;nan;nan;nan;nan;nan;nan;nan;nan;nan;nan;nan;nan;nan;nan;nan;nan;nan;nan;nan;nan;nan;nan;nan;nan;nan;nan;nan;nan;nan;nan;nan;nan;nan;nan;nan;nan;nan;nan;nan;nan;nan;nan;nan;nan;nan;nan;nan;nan;nan;nan;nan;nan;nan;nan;nan;nan;nan;nan;nan;nan;nan;nan;nan;nan;nan;nan;nan;nan;nan;nan;nan;nan;nan;nan;nan;nan;nan;nan;nan;nan;nan;nan;nan;nan;nan;nan;nan;nan;nan;nan;nan;nan;nan;nan;nan;nan;nan;nan;nan;nan;nan;nan;nan;nan;nan;nan;nan;nan;nan;nan;nan;nan;nan;nan;nan;nan;nan;nan;nan;nan;nan;nan;nan;nan;nan;nan;nan;nan;nan;nan;nan;nan;nan;nan;nan;nan;nan;nan;nan;nan;nan;nan;nan;nan;nan;nan;nan;nan;nan;nan;nan;nan;nan;nan;nan;nan;nan;nan;nan;nan;nan;nan;nan;nan;nan;nan;nan;nan;nan;nan;nan;nan;nan;nan;nan;nan;nan;nan;nan;nan;nan;nan;nan;nan;nan;nan;nan;nan;nan;nan;nan;nan;nan;nan;nan;nan;nan;nan;nan;nan;nan;nan;nan;0.55448043;0.3874092006675959;0.8222222222222222;0.8140056022408964;0.9375;0.535743;0.2561942791230447;0.8917;0.8734246754645785;0.8995695287786232;0.05733156204223633;0.55448043;0.3874092006675959;0.8222222222222222;0.8140056022408964;0.9375;0.535743;0.2561942791230447;0.8917;0.8734246754645785;0.8995695287786232;0.0;0.0;0.0;0.0;0.0;0.0;0.0;0.0;0.0;0.0;0.05733156204223633;0.65545255;0.6187323504024081;0.6666666666666666;0.6137566137566138;0.7123015873015873;0.16521525382995605;74.74176;0.30082899116807515;0.9111111111111111;0.9111111111111111;0.9583333333333333;6.956901788711548;nan;nan;nan;nan;nan;nan;nan;nan;nan;nan;nan;nan;nan;nan;nan;nan;nan;nan;nan;nan;nan;nan;nan;nan;nan;nan;nan;nan;nan;nan;nan;nan;nan;nan;nan;nan;nan;nan;nan;nan;nan;nan;nan;nan;nan;nan;nan;nan;nan;nan;nan;nan;nan;nan;nan;nan;nan;nan;nan;nan;nan;nan;nan;nan;nan;nan;nan;nan;nan;nan;nan;nan;nan;nan;nan;nan;nan;nan;nan;nan;nan;nan;nan;nan;nan;nan;nan;nan;nan;nan;nan;nan;nan;nan;nan;nan;nan;nan;nan;nan;nan;nan;nan;nan;nan;nan;nan;nan;nan;nan;nan;nan;nan;nan;nan;nan;nan;nan;nan;nan;nan;nan;nan;nan;nan;nan;nan;nan;nan;nan;nan;nan;nan;nan;nan;nan;nan;nan;nan;nan;nan;nan;nan;nan;nan;nan;nan;nan;nan;nan;nan;nan;nan;nan;nan;nan;nan;nan;nan;nan;nan;nan;nan;nan;nan;nan;nan;nan;nan;nan;nan;nan;nan;nan;nan;nan;nan;nan;nan;nan;nan;nan;nan;nan;nan;nan;nan;nan;nan;nan;nan;nan;nan;nan;nan;nan;nan;nan;nan;nan;nan;nan;nan;nan;nan;nan;nan;nan;nan;nan;nan;nan;nan;nan;nan;nan;nan;nan;nan;nan;nan;nan;nan;nan;nan;nan;nan;nan;nan;nan;nan;nan;nan;nan;nan;nan;nan;nan;nan;nan;nan;nan;nan;nan;nan;nan;nan;nan;nan;nan;nan;nan;nan;nan;nan;nan;nan;nan;nan;nan;nan;nan;nan;nan;nan;nan;nan;nan;nan;nan;nan;nan;nan;nan;nan;nan;nan;nan;nan;nan;nan;nan;nan;nan;nan;nan;nan;nan;nan;nan;nan;nan;nan;nan;nan;nan;nan;nan;nan;nan;nan;nan;nan;nan;nan;nan;nan;nan;nan;nan;nan;nan;nan;nan;nan;nan;nan;nan;nan;nan;nan;nan;nan;nan;nan;nan;nan;nan;nan;nan;nan;nan;nan;nan;nan;nan;nan;nan;nan;nan;nan;nan;nan;nan;nan;nan;nan;nan;nan;nan;nan;nan;nan;nan;nan;nan;nan;nan;nan;nan;nan;nan;nan;nan;nan;nan;nan;nan;nan;nan;nan;nan;nan;nan;nan;nan;nan;nan;nan;nan;nan;nan;nan;nan;nan;nan;nan;nan;nan;nan;nan;nan;nan;nan;nan;nan;nan;nan;nan;nan;nan;nan;nan;nan;nan;nan;nan;nan;nan;nan;nan;nan;nan;nan;nan;nan;nan;nan;nan;nan;nan;nan;nan;nan;nan;nan;nan;nan;nan;nan;nan;nan;nan;nan;nan;nan;nan;nan;nan;nan;nan;nan;nan;nan;nan;nan;nan;nan;nan;nan;nan;nan;nan;nan;nan;nan;nan;nan;nan;nan;nan;nan;nan;nan;nan;nan;nan;nan;nan;nan;nan;nan;nan;nan;nan;nan;nan;nan;nan;nan;nan;nan;nan;nan;nan;nan;nan;nan;nan;nan;nan;nan;nan;nan;nan;nan;nan;nan;nan;nan;nan;nan;nan;nan;nan;nan;nan;nan;nan;nan;nan;nan;nan;nan;nan;nan;nan;nan;nan;nan;nan;nan;nan;nan;nan;nan;nan;nan;nan;nan;nan;nan;nan;nan;nan;nan;nan;nan;nan;nan;nan;nan;nan;nan;nan;nan;nan;nan;nan;nan;nan;nan;nan;nan;nan;nan;nan;nan;nan;nan;nan;nan;nan;nan;nan;nan;nan;nan;nan;nan;nan;nan;nan;nan;nan;nan;nan;nan;nan;nan;nan;nan;nan;nan;nan;nan;nan;nan;nan;nan;nan;nan;nan;nan;nan;nan;nan;nan;nan;nan;nan;nan;nan;nan;nan;nan;nan;nan;nan;nan;nan;nan;nan;nan;nan;nan;nan;nan;nan;nan;nan;nan;nan;nan;nan;nan;nan;nan;nan;nan;nan;nan;nan;nan;nan;nan;nan;nan;nan;nan;nan;nan;nan;nan;nan;nan;nan;nan;nan;nan;nan;nan;nan;nan;nan;nan;nan;nan;nan;nan;0.5640173;0.4432287040177767;0.8444444444444444;0.8387878787878789;0.9226190476190474;0.5362113;0.2531667582792601;0.8978;0.8849751119817687;0.8950168917076344;0.05891990661621094;0.5640173;0.4432287040177767;0.8444444444444444;0.8387878787878789;0.9226190476190474;0.5362113;0.2531667582792601;0.8978;0.8849751119817687;0.8950168917076344;0.0;0.0;0.0;0.0;0.0;0.0;0.0;0.0;0.0;0.0;0.05891990661621094;0.65545255;0.6187323504024081;0.6666666666666666;0.6137566137566138;0.7123015873015873;0.16521525382995605;74.74176;0.30082899116807515;0.9111111111111111;0.9111111111111111;0.9583333333333333;6.956901788711548;nan;nan;nan;nan;nan;nan;nan;nan;nan;nan;nan;nan;nan;nan;nan;nan;nan;nan;nan;nan;nan;nan;nan;nan;nan;nan;nan;nan;nan;nan;nan;nan;nan;nan;nan;nan;nan;nan;nan;nan;nan;nan;nan;nan;nan;nan;nan;nan;nan;nan;nan;nan;nan;nan;nan;nan;nan;nan;nan;nan;nan;nan;nan;nan;nan;nan;nan;nan;nan;nan;nan;nan;nan;nan;nan;nan;nan;nan;nan;nan;nan;nan;nan;nan;nan;nan;nan;nan;nan;nan;nan;nan;nan;nan;nan;nan;nan;nan;nan;nan;nan;nan;nan;nan;nan;nan;nan;nan;nan;nan;nan;nan;nan;nan;nan;nan;nan;nan;nan;nan;nan;nan;nan;nan;nan;nan;nan;nan;nan;nan;nan;nan;nan;nan;nan;nan;nan;nan;nan;nan;nan;nan;nan;nan;nan;nan;nan;nan;nan;nan;nan;nan;nan;nan;nan;nan;nan;nan;nan;nan;nan;nan;nan;nan;nan;nan;nan;nan;nan;nan;nan;nan;nan;nan;nan;nan;nan;nan;nan;nan;nan;nan;nan;nan;nan;nan;nan;nan;nan;nan;nan;nan;nan;nan;nan;nan;nan;nan;nan;nan;nan;nan;nan;nan;nan;nan;nan;nan;nan;nan;nan;nan;nan;nan;nan;nan;nan;nan;nan;nan;nan;nan;nan;nan;nan;nan;nan;nan;nan;nan;nan;nan;nan;nan;nan;nan;nan;nan;nan;nan;nan;nan;nan;nan;nan;nan;nan;nan;nan;nan;nan;nan;nan;nan;nan;nan;nan;nan;nan;nan;nan;nan;nan;nan;nan;nan;nan;nan;nan;nan;nan;nan;nan;nan;nan;nan;nan;nan;nan;nan;nan;nan;nan;nan;nan;nan;nan;nan;nan;nan;nan;nan;nan;nan;nan;nan;nan;nan;nan;nan;nan;nan;nan;nan;nan;nan;nan;nan;nan;nan;nan;nan;nan;nan;nan;nan;nan;nan;nan;nan;nan;nan;nan;nan;nan;nan;nan;nan;nan;nan;nan;nan;nan;nan;nan;nan;nan;nan;nan;nan;nan;nan;nan;nan;nan;nan;nan;nan;nan;nan;nan;nan;nan;nan;nan;nan;nan;nan;nan;nan;nan;nan;nan;nan;nan;nan;nan;nan;nan;nan;nan;nan;nan;nan;nan;nan;nan;nan;nan;nan;nan;nan;nan;nan;nan;nan;nan;nan;nan;nan;nan;nan;nan;nan;nan;nan;nan;nan;nan;nan;nan;nan;nan;nan;nan;nan;nan;nan;nan;nan;nan;nan;nan;nan;nan;nan;nan;nan;nan;nan;nan;nan;nan;nan;nan;nan;nan;nan;nan;nan;nan;nan;nan;nan;nan;nan;nan;nan;nan;nan;nan;nan;nan;nan;nan;nan;nan;nan;nan;nan;nan;nan;nan;nan;nan;nan;nan;nan;nan;nan;nan;nan;nan;nan;nan;nan;nan;nan;nan;nan;nan;nan;nan;nan;nan;nan;nan;nan;nan;nan;nan;nan;nan;nan;nan;nan;nan;nan;nan;nan;nan;nan;nan;nan;nan;nan;nan;nan;nan;nan;nan;nan;nan;nan;nan;nan;nan;nan;nan;nan;nan;nan;nan;nan;nan;nan;nan;nan;nan;nan;nan;nan;nan;nan;nan;nan;nan;nan;nan;nan;nan;nan;nan;nan;nan;nan;nan;nan;nan;nan;nan;nan;nan;nan;nan;nan;nan;nan;nan;nan;nan;nan;nan;nan;nan;nan;nan;nan;nan;nan;nan;nan;nan;nan;nan;nan;nan;nan;nan;nan;nan;nan;nan;nan;nan;nan;nan;nan;nan;nan;nan;nan;nan;nan;nan;nan;nan;nan;nan;nan;nan;nan;nan;nan;nan;nan;nan;nan;nan;nan;nan;nan;nan;nan;nan;nan;nan;nan;nan;nan;nan;nan;nan;nan;nan;nan;nan;nan;nan;nan;nan;nan;nan;nan;nan;nan;nan;nan;nan;nan;nan;nan;nan;nan;nan;nan;nan;nan;nan;nan;nan;nan;nan;nan;nan;nan;nan;nan;nan;nan;nan;nan;nan;nan;nan;nan;nan;nan;nan;nan;0.5541426;0.4448095984376029;0.8222222222222222;0.8140056022408964;0.9226190476190476;0.5351396;0.25240231423912207;0.8903;0.8690526771549245;0.8988520266879403;0.04806375503540039;0.5541426;0.4448095984376029;0.8222222222222222;0.8140056022408964;0.9226190476190476;0.5351396;0.25240231423912207;0.8903;0.8690526771549245;0.8988520266879403;0.0;0.0;0.0;0.0;0.0;0.0;0.0;0.0;0.0;0.0;0.04806375503540039;0.65545255;0.6187323504024081;0.6666666666666666;0.6137566137566138;0.7123015873015873;0.16521525382995605;74.74176;0.30082899116807515;0.9111111111111111;0.9111111111111111;0.9583333333333333;6.956901788711548;nan;nan;nan;nan;nan;nan;nan;nan;nan;nan;nan;nan;nan;nan;nan;nan;nan;nan;nan;nan;nan;nan;nan;nan;nan;nan;nan;nan;nan;nan;nan;nan;nan;nan;nan;nan;nan;nan;nan;nan;nan;nan;nan;nan;nan;nan;nan;nan;nan;nan;nan;nan;nan;nan;nan;nan;nan;nan;nan;nan;nan;nan;nan;nan;nan;nan;nan;nan;nan;nan;nan;nan;nan;nan;nan;nan;nan;nan;nan;nan;nan;nan;nan;nan;nan;nan;nan;nan;nan;nan;nan;nan;nan;nan;nan;nan;nan;nan;nan;nan;nan;nan;nan;nan;nan;nan;nan;nan;nan;nan;nan;nan;nan;nan;nan;nan;nan;nan;nan;nan;nan;nan;nan;nan;nan;nan;nan;nan;nan;nan;nan;nan;nan;nan;nan;nan;nan;nan;nan;nan;nan;nan;nan;nan;nan;nan;nan;nan;nan;nan;nan;nan;nan;nan;nan;nan;nan;nan;nan;nan;nan;nan;nan;nan;nan;nan;nan;nan;nan;nan;nan;nan;nan;nan;nan;nan;nan;nan;nan;nan;nan;nan;nan;nan;nan;nan;nan;nan;nan;nan;nan;nan;nan;nan;nan;nan;nan;nan;nan;nan;nan;nan;nan;nan;nan;nan;nan;nan;nan;nan;nan;nan;nan;nan;nan;nan;nan;nan;nan;nan;nan;nan;nan;nan;nan;nan;nan;nan;nan;nan;nan;nan;nan;nan;nan;nan;nan;nan;nan;nan;nan;nan;nan;nan;nan;nan;nan;nan;nan;nan;nan;nan;nan;nan;nan;nan;nan;nan;nan;nan;nan;nan;nan;nan;nan;nan;nan;nan;nan;nan;nan;nan;nan;nan;nan;nan;nan;nan;nan;nan;nan;nan;nan;nan;nan;nan;nan;nan;nan;nan;nan;nan;nan;nan;nan;nan;nan;nan;nan;nan;nan;nan;nan;nan;nan;nan;nan;nan;nan;nan;nan;nan;nan;nan;nan;nan;nan;nan;nan;nan;nan;nan;nan;nan;nan;nan;nan;nan;nan;nan;nan;nan;nan;nan;nan;nan;nan;nan;nan;nan;nan;nan;nan;nan;nan;nan;nan;nan;nan;nan;nan;nan;nan;nan;nan;nan;nan;nan;nan;nan;nan;nan;nan;nan;nan;nan;nan;nan;nan;nan;nan;nan;nan;nan;nan;nan;nan;nan;nan;nan;nan;nan;nan;nan;nan;nan;nan;nan;nan;nan;nan;nan;nan;nan;nan;nan;nan;nan;nan;nan;nan;nan;nan;nan;nan;nan;nan;nan;nan;nan;nan;nan;nan;nan;nan;nan;nan;nan;nan;nan;nan;nan;nan;nan;nan;nan;nan;nan;nan;nan;nan;nan;nan;nan;nan;nan;nan;nan;nan;nan;nan;nan;nan;nan;nan;nan;nan;nan;nan;nan;nan;nan;nan;nan;nan;nan;nan;nan;nan;nan;nan;nan;nan;nan;nan;nan;nan;nan;nan;nan;nan;nan;nan;nan;nan;nan;nan;nan;nan;nan;nan;nan;nan;nan;nan;nan;nan;nan;nan;nan;nan;nan;nan;nan;nan;nan;nan;nan;nan;nan;nan;nan;nan;nan;nan;nan;nan;nan;nan;nan;nan;nan;nan;nan;nan;nan;nan;nan;nan;nan;nan;nan;nan;nan;nan;nan;nan;nan;nan;nan;nan;nan;nan;nan;nan;nan;nan;nan;nan;nan;nan;nan;nan;nan;nan;nan;nan;nan;nan;nan;nan;nan;nan;nan;nan;nan;nan;nan;nan;nan;nan;nan;nan;nan;nan;nan;nan;nan;nan;nan;nan;nan;nan;nan;nan;nan;nan;nan;nan;nan;nan;nan;nan;nan;nan;nan;nan;nan;nan;nan;nan;nan;nan;nan;nan;nan;nan;nan;nan;nan;nan;nan;nan;nan;nan;nan;nan;nan;nan;nan;nan;nan;nan;nan;nan;nan;nan;nan;nan;nan;nan;nan;nan;nan;nan;nan;nan;nan;nan;nan;nan;nan;nan;nan;nan;nan;nan;nan;nan;nan;nan;nan;nan;nan;nan;nan;nan;nan;nan;nan;nan;nan;nan;nan;nan;nan;nan;nan;nan;nan;0.5681577;0.47265388922281554;0.8222222222222222;0.8140056022408964;0.9176587301587302;0.5366706;0.2521170601908165;0.8989;0.8863451988294628;0.8962145493983604;0.05328536033630371;0.5681577;0.47265388922281554;0.8222222222222222;0.8140056022408964;0.9176587301587302;0.5366706;0.2521170601908165;0.8989;0.8863451988294628;0.8962145493983604;0.0;0.0;0.0;0.0;0.0;0.0;0.0;0.0;0.0;0.0;0.05328536033630371;0.65545255;0.6187323504024081;0.6666666666666666;0.6137566137566138;0.7123015873015873;0.16521525382995605;74.74176;0.30082899116807515;0.9111111111111111;0.9111111111111111;0.9583333333333333;6.956901788711548;nan;nan;nan;nan;nan;nan;nan;nan;nan;nan;nan;nan;nan;nan;nan;nan;nan;nan;nan;nan;nan;nan;nan;nan;nan;nan;nan;nan;nan;nan;nan;nan;nan;nan;nan;nan;nan;nan;nan;nan;nan;nan;nan;nan;nan;nan;nan;nan;nan;nan;nan;nan;nan;nan;nan;nan;nan;nan;nan;nan;nan;nan;nan;nan;nan;nan;nan;nan;nan;nan;nan;nan;nan;nan;nan;nan;nan;nan;nan;nan;nan;nan;nan;nan;nan;nan;nan;nan;nan;nan;nan;nan;nan;nan;nan;nan;nan;nan;nan;nan;nan;nan;nan;nan;nan;nan;nan;nan;nan;nan;nan;nan;nan;nan;nan;nan;nan;nan;nan;nan;nan;nan;nan;nan;nan;nan;nan;nan;nan;nan;nan;nan;nan;nan;nan;nan;nan;nan;nan;nan;nan;nan;nan;nan;nan;nan;nan;nan;nan;nan;nan;nan;nan;nan;nan;nan;nan;nan;nan;nan;nan;nan;nan;nan;nan;nan;nan;nan;nan;nan;nan;nan;nan;nan;nan;nan;nan;nan;nan;nan;nan;nan;nan;nan;nan;nan;nan;nan;nan;nan;nan;nan;nan;nan;nan;nan;nan;nan;nan;nan;nan;nan;nan;nan;nan;nan;nan;nan;nan;nan;nan;nan;nan;nan;nan;nan;nan;nan;nan;nan;nan;nan;nan;nan;nan;nan;nan;nan;nan;nan;nan;nan;nan;nan;nan;nan;nan;nan;nan;nan;nan;nan;nan;nan;nan;nan;nan;nan;nan;nan;nan;nan;nan;nan;nan;nan;nan;nan;nan;nan;nan;nan;nan;nan;nan;nan;nan;nan;nan;nan;nan;nan;nan;nan;nan;nan;nan;nan;nan;nan;nan;nan;nan;nan;nan;nan;nan;nan;nan;nan;nan;nan;nan;nan;nan;nan;nan;nan;nan;nan;nan;nan;nan;nan;nan;nan;nan;nan;nan;nan;nan;nan;nan;nan;nan;nan;nan;nan;nan;nan;nan;nan;nan;nan;nan;nan;nan;nan;nan;nan;nan;nan;nan;nan;nan;nan;nan;nan;nan;nan;nan;nan;nan;nan;nan;nan;nan;nan;nan;nan;nan;nan;nan;nan;nan;nan;nan;nan;nan;nan;nan;nan;nan;nan;nan;nan;nan;nan;nan;nan;nan;nan;nan;nan;nan;nan;nan;nan;nan;nan;nan;nan;nan;nan;nan;nan;nan;nan;nan;nan;nan;nan;nan;nan;nan;nan;nan;nan;nan;nan;nan;nan;nan;nan;nan;nan;nan;nan;nan;nan;nan;nan;nan;nan;nan;nan;nan;nan;nan;nan;nan;nan;nan;nan;nan;nan;nan;nan;nan;nan;nan;nan;nan;nan;nan;nan;nan;nan;nan;nan;nan;nan;nan;nan;nan;nan;nan;nan;nan;nan;nan;nan;nan;nan;nan;nan;nan;nan;nan;nan;nan;nan;nan;nan;nan;nan;nan;nan;nan;nan;nan;nan;nan;nan;nan;nan;nan;nan;nan;nan;nan;nan;nan;nan;nan;nan;nan;nan;nan;nan;nan;nan;nan;nan;nan;nan;nan;nan;nan;nan;nan;nan;nan;nan;nan;nan;nan;nan;nan;nan;nan;nan;nan;nan;nan;nan;nan;nan;nan;nan;nan;nan;nan;nan;nan;nan;nan;nan;nan;nan;nan;nan;nan;nan;nan;nan;nan;nan;nan;nan;nan;nan;nan;nan;nan;nan;nan;nan;nan;nan;nan;nan;nan;nan;nan;nan;nan;nan;nan;nan;nan;nan;nan;nan;nan;nan;nan;nan;nan;nan;nan;nan;nan;nan;nan;nan;nan;nan;nan;nan;nan;nan;nan;nan;nan;nan;nan;nan;nan;nan;nan;nan;nan;nan;nan;nan;nan;nan;nan;nan;nan;nan;nan;nan;nan;nan;nan;nan;nan;nan;nan;nan;nan;nan;nan;nan;nan;nan;nan;nan;nan;nan;nan;nan;nan;nan;nan;nan;nan;nan;nan;nan;nan;nan;nan;nan;nan;nan;nan;nan;nan;nan;nan;nan;nan;nan;nan;nan;nan;nan;nan;nan;nan;nan;nan;nan;nan;nan;nan;nan;0.6543328;3.5215689510925716;0.5333333333333333;0.37101449275362325;0.7619047619047619;0.48168638;0.015629465911389126;0.9971;0.9961676627968483;0.8372952898698155;0.05600738525390625;0.6543328;3.5215689510925716;0.5333333333333333;0.37101449275362325;0.7619047619047619;0.48168638;0.015629465911389126;0.9971;0.9961676627968483;0.8372952898698155;0.0;0.0;0.0;0.0;0.0;0.0;0.0;0.0;0.0;0.0;0.05600738525390625;0.65545255;0.6187323504024081;0.6666666666666666;0.6137566137566138;0.7123015873015873;0.16521525382995605;74.74176;0.30082899116807515;0.9111111111111111;0.9111111111111111;0.9583333333333333;6.956901788711548;nan;nan;nan;nan;nan;nan;nan;nan;nan;nan;nan;nan;nan;nan;nan;nan;nan;nan;nan;nan;nan;nan;nan;nan;nan;nan;nan;nan;nan;nan;nan;nan;nan;nan;nan;nan;nan;nan;nan;nan;nan;nan;nan;nan;nan;nan;nan;nan;nan;nan;nan;nan;nan;nan;nan;nan;nan;nan;nan;nan;nan;nan;nan;nan;nan;nan;nan;nan;nan;nan;nan;nan;nan;nan;nan;nan;nan;nan;nan;nan;nan;nan;nan;nan;nan;nan;nan;nan;nan;nan;nan;nan;nan;nan;nan;nan;nan;nan;nan;nan;nan;nan;nan;nan;nan;nan;nan;nan;nan;nan;nan;nan;nan;nan;nan;nan;nan;nan;nan;nan;nan;nan;nan;nan;nan;nan;nan;nan;nan;nan;nan;nan;nan;nan;nan;nan;nan;nan;nan;nan;nan;nan;nan;nan;nan;nan;nan;nan;nan;nan;nan;nan;nan;nan;nan;nan;nan;nan;nan;nan;nan;nan;nan;nan;nan;nan;nan;nan;nan;nan;nan;nan;nan;nan;nan;nan;nan;nan;nan;nan;nan;nan;nan;nan;nan;nan;nan;nan;nan;nan;nan;nan;nan;nan;nan;nan;nan;nan;nan;nan;nan;nan;nan;nan;nan;nan;nan;nan;nan;nan;nan;nan;nan;nan;nan;nan;nan;nan;nan;nan;nan;nan;nan;nan;nan;nan;nan;nan;nan;nan;nan;nan;nan;nan;nan;nan;nan;nan;nan;nan;nan;nan;nan;nan;nan;nan;nan;nan;nan;nan;nan;nan;nan;nan;nan;nan;nan;nan;nan;nan;nan;nan;nan;nan;nan;nan;nan;nan;nan;nan;nan;nan;nan;nan;nan;nan;nan;nan;nan;nan;nan;nan;nan;nan;nan;nan;nan;nan;nan;nan;nan;nan;nan;nan;nan;nan;nan;nan;nan;nan;nan;nan;nan;nan;nan;nan;nan;nan;nan;nan;nan;nan;nan;nan;nan;nan;nan;nan;nan;nan;nan;nan;nan;nan;nan;nan;nan;nan;nan;nan;nan;nan;nan;nan;nan;nan;nan;nan;nan;nan;nan;nan;nan;nan;nan;nan;nan;nan;nan;nan;nan;nan;nan;nan;nan;nan;nan;nan;nan;nan;nan;nan;nan;nan;nan;nan;nan;nan;nan;nan;nan;nan;nan;nan;nan;nan;nan;nan;nan;nan;nan;nan;nan;nan;nan;nan;nan;nan;nan;nan;nan;nan;nan;nan;nan;nan;nan;nan;nan;nan;nan;nan;nan;nan;nan;nan;nan;nan;nan;nan;nan;nan;nan;nan;nan;nan;nan;nan;nan;nan;nan;nan;nan;nan;nan;nan;nan;nan;nan;nan;nan;nan;nan;nan;nan;nan;nan;nan;nan;nan;nan;nan;nan;nan;nan;nan;nan;nan;nan;nan;nan;nan;nan;nan;nan;nan;nan;nan;nan;nan;nan;nan;nan;nan;nan;nan;nan;nan;nan;nan;nan;nan;nan;nan;nan;nan;nan;nan;nan;nan;nan;nan;nan;nan;nan;nan;nan;nan;nan;nan;nan;nan;nan;nan;nan;nan;nan;nan;nan;nan;nan;nan;nan;nan;nan;nan;nan;nan;nan;nan;nan;nan;nan;nan;nan;nan;nan;nan;nan;nan;nan;nan;nan;nan;nan;nan;nan;nan;nan;nan;nan;nan;nan;nan;nan;nan;nan;nan;nan;nan;nan;nan;nan;nan;nan;nan;nan;nan;nan;nan;nan;nan;nan;nan;nan;nan;nan;nan;nan;nan;nan;nan;nan;nan;nan;nan;nan;nan;nan;nan;nan;nan;nan;nan;nan;nan;nan;nan;nan;nan;nan;nan;nan;nan;nan;nan;nan;nan;nan;nan;nan;nan;nan;nan;nan;nan;nan;nan;nan;nan;nan;nan;nan;nan;nan;nan;nan;nan;nan;nan;nan;nan;nan;nan;nan;nan;nan;nan;nan;nan;nan;nan;nan;nan;nan;nan;nan;nan;nan;nan;nan;nan;nan;nan;nan;nan;nan;nan;nan;nan;nan;nan;nan;nan;nan;nan;nan;nan;nan;nan;nan;nan;nan;nan;nan;nan;nan;nan;nan;nan;0.54088324;0.9728586099056923;0.8888888888888888;0.8866224715281319;0.9037698412698412;0.47839227;0.018957374937379298;0.9961;0.9947696028417832;0.7614120696007504;0.05246758460998535;0.54088324;0.9728586099056923;0.8888888888888888;0.8866224715281319;0.9037698412698412;0.47839227;0.018957374937379298;0.9961;0.9947696028417832;0.7614120696007504;0.0;0.0;0.0;0.0;0.0;0.0;0.0;0.0;0.0;0.0;0.05246758460998535;0.65545255;0.6187323504024081;0.6666666666666666;0.6137566137566138;0.7123015873015873;0.16521525382995605;74.74176;0.30082899116807515;0.9111111111111111;0.9111111111111111;0.9583333333333333;6.956901788711548;nan;nan;nan;nan;nan;nan;nan;nan;nan;nan;nan;nan;nan;nan;nan;nan;nan;nan;nan;nan;nan;nan;nan;nan;nan;nan;nan;nan;nan;nan;nan;nan;nan;nan;nan;nan;nan;nan;nan;nan;nan;nan;nan;nan;nan;nan;nan;nan;nan;nan;nan;nan;nan;nan;nan;nan;nan;nan;nan;nan;nan;nan;nan;nan;nan;nan;nan;nan;nan;nan;nan;nan;nan;nan;nan;nan;nan;nan;nan;nan;nan;nan;nan;nan;nan;nan;nan;nan;nan;nan;nan;nan;nan;nan;nan;nan;nan;nan;nan;nan;nan;nan;nan;nan;nan;nan;nan;nan;nan;nan;nan;nan;nan;nan;nan;nan;nan;nan;nan;nan;nan;nan;nan;nan;nan;nan;nan;nan;nan;nan;nan;nan;nan;nan;nan;nan;nan;nan;nan;nan;nan;nan;nan;nan;nan;nan;nan;nan;nan;nan;nan;nan;nan;nan;nan;nan;nan;nan;nan;nan;nan;nan;nan;nan;nan;nan;nan;nan;nan;nan;nan;nan;nan;nan;nan;nan;nan;nan;nan;nan;nan;nan;nan;nan;nan;nan;nan;nan;nan;nan;nan;nan;nan;nan;nan;nan;nan;nan;nan;nan;nan;nan;nan;nan;nan;nan;nan;nan;nan;nan;nan;nan;nan;nan;nan;nan;nan;nan;nan;nan;nan;nan;nan;nan;nan;nan;nan;nan;nan;nan;nan;nan;nan;nan;nan;nan;nan;nan;nan;nan;nan;nan;nan;nan;nan;nan;nan;nan;nan;nan;nan;nan;nan;nan;nan;nan;nan;nan;nan;nan;nan;nan;nan;nan;nan;nan;nan;nan;nan;nan;nan;nan;nan;nan;nan;nan;nan;nan;nan;nan;nan;nan;nan;nan;nan;nan;nan;nan;nan;nan;nan;nan;nan;nan;nan;nan;nan;nan;nan;nan;nan;nan;nan;nan;nan;nan;nan;nan;nan;nan;nan;nan;nan;nan;nan;nan;nan;nan;nan;nan;nan;nan;nan;nan;nan;nan;nan;nan;nan;nan;nan;nan;nan;nan;nan;nan;nan;nan;nan;nan;nan;nan;nan;nan;nan;nan;nan;nan;nan;nan;nan;nan;nan;nan;nan;nan;nan;nan;nan;nan;nan;nan;nan;nan;nan;nan;nan;nan;nan;nan;nan;nan;nan;nan;nan;nan;nan;nan;nan;nan;nan;nan;nan;nan;nan;nan;nan;nan;nan;nan;nan;nan;nan;nan;nan;nan;nan;nan;nan;nan;nan;nan;nan;nan;nan;nan;nan;nan;nan;nan;nan;nan;nan;nan;nan;nan;nan;nan;nan;nan;nan;nan;nan;nan;nan;nan;nan;nan;nan;nan;nan;nan;nan;nan;nan;nan;nan;nan;nan;nan;nan;nan;nan;nan;nan;nan;nan;nan;nan;nan;nan;nan;nan;nan;nan;nan;nan;nan;nan;nan;nan;nan;nan;nan;nan;nan;nan;nan;nan;nan;nan;nan;nan;nan;nan;nan;nan;nan;nan;nan;nan;nan;nan;nan;nan;nan;nan;nan;nan;nan;nan;nan;nan;nan;nan;nan;nan;nan;nan;nan;nan;nan;nan;nan;nan;nan;nan;nan;nan;nan;nan;nan;nan;nan;nan;nan;nan;nan;nan;nan;nan;nan;nan;nan;nan;nan;nan;nan;nan;nan;nan;nan;nan;nan;nan;nan;nan;nan;nan;nan;nan;nan;nan;nan;nan;nan;nan;nan;nan;nan;nan;nan;nan;nan;nan;nan;nan;nan;nan;nan;nan;nan;nan;nan;nan;nan;nan;nan;nan;nan;nan;nan;nan;nan;nan;nan;nan;nan;nan;nan;nan;nan;nan;nan;nan;nan;nan;nan;nan;nan;nan;nan;nan;nan;nan;nan;nan;nan;nan;nan;nan;nan;nan;nan;nan;nan;nan;nan;nan;nan;nan;nan;nan;nan;nan;nan;nan;nan;nan;nan;nan;nan;nan;nan;nan;nan;nan;nan;nan;nan;nan;nan;nan;nan;nan;nan;nan;nan;nan;nan;nan;nan;nan;nan;nan;nan;nan;nan;nan;nan;nan;nan;nan;nan;nan;nan;nan;nan;nan;nan;0.5490804;4.1215637375986365;0.8444444444444444;0.8387878787878789;0.7559523809523808;0.513965;0.03388838134068228;0.9915;0.9882039412965802;0.8928550236260803;0.055838823318481445;0.5490804;4.1215637375986365;0.8444444444444444;0.8387878787878789;0.7559523809523808;0.513965;0.03388838134068228;0.9915;0.9882039412965802;0.8928550236260803;0.0;0.0;0.0;0.0;0.0;0.0;0.0;0.0;0.0;0.0;0.055838823318481445;0.65545255;0.6187323504024081;0.6666666666666666;0.6137566137566138;0.7123015873015873;0.16521525382995605;74.74176;0.30082899116807515;0.9111111111111111;0.9111111111111111;0.9583333333333333;6.956901788711548;nan;nan;nan;nan;nan;nan;nan;nan;nan;nan;nan;nan;nan;nan;nan;nan;nan;nan;nan;nan;nan;nan;nan;nan;nan;nan;nan;nan;nan;nan;nan;nan;nan;nan;nan;nan;nan;nan;nan;nan;nan;nan;nan;nan;nan;nan;nan;nan;nan;nan;nan;nan;nan;nan;nan;nan;nan;nan;nan;nan;nan;nan;nan;nan;nan;nan;nan;nan;nan;nan;nan;nan;nan;nan;nan;nan;nan;nan;nan;nan;nan;nan;nan;nan;nan;nan;nan;nan;nan;nan;nan;nan;nan;nan;nan;nan;nan;nan;nan;nan;nan;nan;nan;nan;nan;nan;nan;nan;nan;nan;nan;nan;nan;nan;nan;nan;nan;nan;nan;nan;nan;nan;nan;nan;nan;nan;nan;nan;nan;nan;nan;nan;nan;nan;nan;nan;nan;nan;nan;nan;nan;nan;nan;nan;nan;nan;nan;nan;nan;nan;nan;nan;nan;nan;nan;nan;nan;nan;nan;nan;nan;nan;nan;nan;nan;nan;nan;nan;nan;nan;nan;nan;nan;nan;nan;nan;nan;nan;nan;nan;nan;nan;nan;nan;nan;nan;nan;nan;nan;nan;nan;nan;nan;nan;nan;nan;nan;nan;nan;nan;nan;nan;nan;nan;nan;nan;nan;nan;nan;nan;nan;nan;nan;nan;nan;nan;nan;nan;nan;nan;nan;nan;nan;nan;nan;nan;nan;nan;nan;nan;nan;nan;nan;nan;nan;nan;nan;nan;nan;nan;nan;nan;nan;nan;nan;nan;nan;nan;nan;nan;nan;nan;nan;nan;nan;nan;nan;nan;nan;nan;nan;nan;nan;nan;nan;nan;nan;nan;nan;nan;nan;nan;nan;nan;nan;nan;nan;nan;nan;nan;nan;nan;nan;nan;nan;nan;nan;nan;nan;nan;nan;nan;nan;nan;nan;nan;nan;nan;nan;nan;nan;nan;nan;nan;nan;nan;nan;nan;nan;nan;nan;nan;nan;nan;nan;nan;nan;nan;nan;nan;nan;nan;nan;nan;nan;nan;nan;nan;nan;nan;nan;nan;nan;nan;nan;nan;nan;nan;nan;nan;nan;nan;nan;nan;nan;nan;nan;nan;nan;nan;nan;nan;nan;nan;nan;nan;nan;nan;nan;nan;nan;nan;nan;nan;nan;nan;nan;nan;nan;nan;nan;nan;nan;nan;nan;nan;nan;nan;nan;nan;nan;nan;nan;nan;nan;nan;nan;nan;nan;nan;nan;nan;nan;nan;nan;nan;nan;nan;nan;nan;nan;nan;nan;nan;nan;nan;nan;nan;nan;nan;nan;nan;nan;nan;nan;nan;nan;nan;nan;nan;nan;nan;nan;nan;nan;nan;nan;nan;nan;nan;nan;nan;nan;nan;nan;nan;nan;nan;nan;nan;nan;nan;nan;nan;nan;nan;nan;nan;nan;nan;nan;nan;nan;nan;nan;nan;nan;nan;nan;nan;nan;nan;nan;nan;nan;nan;nan;nan;nan;nan;nan;nan;nan;nan;nan;nan;nan;nan;nan;nan;nan;nan;nan;nan;nan;nan;nan;nan;nan;nan;nan;nan;nan;nan;nan;nan;nan;nan;nan;nan;nan;nan;nan;nan;nan;nan;nan;nan;nan;nan;nan;nan;nan;nan;nan;nan;nan;nan;nan;nan;nan;nan;nan;nan;nan;nan;nan;nan;nan;nan;nan;nan;nan;nan;nan;nan;nan;nan;nan;nan;nan;nan;nan;nan;nan;nan;nan;nan;nan;nan;nan;nan;nan;nan;nan;nan;nan;nan;nan;nan;nan;nan;nan;nan;nan;nan;nan;nan;nan;nan;nan;nan;nan;nan;nan;nan;nan;nan;nan;nan;nan;nan;nan;nan;nan;nan;nan;nan;nan;nan;nan;nan;nan;nan;nan;nan;nan;nan;nan;nan;nan;nan;nan;nan;nan;nan;nan;nan;nan;nan;nan;nan;nan;nan;nan;nan;nan;nan;nan;nan;nan;nan;nan;nan;nan;nan;nan;nan;nan;nan;nan;nan;nan;nan;nan;nan;nan;nan;nan;nan;nan;nan;nan;nan;nan;nan;nan;nan;nan;nan;nan;nan;nan;nan;nan;nan;nan;nan;nan;nan;0.6161995;1.9607672496631563;0.7777777777777778;0.7716049382716049;0.9087301587301587;0.53118956;0.056065990942907026;0.9846;0.9808961007726302;0.8466974780853785;0.060204505920410156;0.6161995;1.9607672496631563;0.7777777777777778;0.7716049382716049;0.9087301587301587;0.53118956;0.056065990942907026;0.9846;0.9808961007726302;0.8466974780853785;0.0;0.0;0.0;0.0;0.0;0.0;0.0;0.0;0.0;0.0;0.060204505920410156;0.65545255;0.6187323504024081;0.6666666666666666;0.6137566137566138;0.7123015873015873;0.16521525382995605;74.74176;0.30082899116807515;0.9111111111111111;0.9111111111111111;0.9583333333333333;6.956901788711548;nan;nan;nan;nan;nan;nan;nan;nan;nan;nan;nan;nan;nan;nan;nan;nan;nan;nan;nan;nan;nan;nan;nan;nan;nan;nan;nan;nan;nan;nan;nan;nan;nan;nan;nan;nan;nan;nan;nan;nan;nan;nan;nan;nan;nan;nan;nan;nan;nan;nan;nan;nan;nan;nan;nan;nan;nan;nan;nan;nan;nan;nan;nan;nan;nan;nan;nan;nan;nan;nan;nan;nan;nan;nan;nan;nan;nan;nan;nan;nan;nan;nan;nan;nan;nan;nan;nan;nan;nan;nan;nan;nan;nan;nan;nan;nan;nan;nan;nan;nan;nan;nan;nan;nan;nan;nan;nan;nan;nan;nan;nan;nan;nan;nan;nan;nan;nan;nan;nan;nan;nan;nan;nan;nan;nan;nan;nan;nan;nan;nan;nan;nan;nan;nan;nan;nan;nan;nan;nan;nan;nan;nan;nan;nan;nan;nan;nan;nan;nan;nan;nan;nan;nan;nan;nan;nan;nan;nan;nan;nan;nan;nan;nan;nan;nan;nan;nan;nan;nan;nan;nan;nan;nan;nan;nan;nan;nan;nan;nan;nan;nan;nan;nan;nan;nan;nan;nan;nan;nan;nan;nan;nan;nan;nan;nan;nan;nan;nan;nan;nan;nan;nan;nan;nan;nan;nan;nan;nan;nan;nan;nan;nan;nan;nan;nan;nan;nan;nan;nan;nan;nan;nan;nan;nan;nan;nan;nan;nan;nan;nan;nan;nan;nan;nan;nan;nan;nan;nan;nan;nan;nan;nan;nan;nan;nan;nan;nan;nan;nan;nan;nan;nan;nan;nan;nan;nan;nan;nan;nan;nan;nan;nan;nan;nan;nan;nan;nan;nan;nan;nan;nan;nan;nan;nan;nan;nan;nan;nan;nan;nan;nan;nan;nan;nan;nan;nan;nan;nan;nan;nan;nan;nan;nan;nan;nan;nan;nan;nan;nan;nan;nan;nan;nan;nan;nan;nan;nan;nan;nan;nan;nan;nan;nan;nan;nan;nan;nan;nan;nan;nan;nan;nan;nan;nan;nan;nan;nan;nan;nan;nan;nan;nan;nan;nan;nan;nan;nan;nan;nan;nan;nan;nan;nan;nan;nan;nan;nan;nan;nan;nan;nan;nan;nan;nan;nan;nan;nan;nan;nan;nan;nan;nan;nan;nan;nan;nan;nan;nan;nan;nan;nan;nan;nan;nan;nan;nan;nan;nan;nan;nan;nan;nan;nan;nan;nan;nan;nan;nan;nan;nan;nan;nan;nan;nan;nan;nan;nan;nan;nan;nan;nan;nan;nan;nan;nan;nan;nan;nan;nan;nan;nan;nan;nan;nan;nan;nan;nan;nan;nan;nan;nan;nan;nan;nan;nan;nan;nan;nan;nan;nan;nan;nan;nan;nan;nan;nan;nan;nan;nan;nan;nan;nan;nan;nan;nan;nan;nan;nan;nan;nan;nan;nan;nan;nan;nan;nan;nan;nan;nan;nan;nan;nan;nan;nan;nan;nan;nan;nan;nan;nan;nan;nan;nan;nan;nan;nan;nan;nan;nan;nan;nan;nan;nan;nan;nan;nan;nan;nan;nan;nan;nan;nan;nan;nan;nan;nan;nan;nan;nan;nan;nan;nan;nan;nan;nan;nan;nan;nan;nan;nan;nan;nan;nan;nan;nan;nan;nan;nan;nan;nan;nan;nan;nan;nan;nan;nan;nan;nan;nan;nan;nan;nan;nan;nan;nan;nan;nan;nan;nan;nan;nan;nan;nan;nan;nan;nan;nan;nan;nan;nan;nan;nan;nan;nan;nan;nan;nan;nan;nan;nan;nan;nan;nan;nan;nan;nan;nan;nan;nan;nan;nan;nan;nan;nan;nan;nan;nan;nan;nan;nan;nan;nan;nan;nan;nan;nan;nan;nan;nan;nan;nan;nan;nan;nan;nan;nan;nan;nan;nan;nan;nan;nan;nan;nan;nan;nan;nan;nan;nan;nan;nan;nan;nan;nan;nan;nan;nan;nan;nan;nan;nan;nan;nan;nan;nan;nan;nan;nan;nan;nan;nan;nan;nan;nan;nan;nan;nan;nan;nan;nan;nan;nan;nan;nan;nan;nan;nan;nan;nan;nan;nan;nan;nan;nan;nan;nan;nan;nan;nan;nan;0.6263609;4.259428316921826;0.7777777777777778;0.7777777777777778;0.7529761904761905;0.50773185;0.026377921768987848;0.9924;0.9920323334267825;0.9360875658706133;0.05648541450500488;0.6263609;4.259428316921826;0.7777777777777778;0.7777777777777778;0.7529761904761905;0.50773185;0.026377921768987848;0.9924;0.9920323334267825;0.9360875658706133;0.0;0.0;0.0;0.0;0.0;0.0;0.0;0.0;0.0;0.0;0.05648541450500488;0.65545255;0.6187323504024081;0.6666666666666666;0.6137566137566138;0.7123015873015873;0.16521525382995605;74.74176;0.30082899116807515;0.9111111111111111;0.9111111111111111;0.9583333333333333;6.956901788711548;nan;nan;nan;nan;nan;nan;nan;nan;nan;nan;nan;nan;nan;nan;nan;nan;nan;nan;nan;nan;nan;nan;nan;nan;nan;nan;nan;nan;nan;nan;nan;nan;nan;nan;nan;nan;nan;nan;nan;nan;nan;nan;nan;nan;nan;nan;nan;nan;nan;nan;nan;nan;nan;nan;nan;nan;nan;nan;nan;nan;nan;nan;nan;nan;nan;nan;nan;nan;nan;nan;nan;nan;nan;nan;nan;nan;nan;nan;nan;nan;nan;nan;nan;nan;nan;nan;nan;nan;nan;nan;nan;nan;nan;nan;nan;nan;nan;nan;nan;nan;nan;nan;nan;nan;nan;nan;nan;nan;nan;nan;nan;nan;nan;nan;nan;nan;nan;nan;nan;nan;nan;nan;nan;nan;nan;nan;nan;nan;nan;nan;nan;nan;nan;nan;nan;nan;nan;nan;nan;nan;nan;nan;nan;nan;nan;nan;nan;nan;nan;nan;nan;nan;nan;nan;nan;nan;nan;nan;nan;nan;nan;nan;nan;nan;nan;nan;nan;nan;nan;nan;nan;nan;nan;nan;nan;nan;nan;nan;nan;nan;nan;nan;nan;nan;nan;nan;nan;nan;nan;nan;nan;nan;nan;nan;nan;nan;nan;nan;nan;nan;nan;nan;nan;nan;nan;nan;nan;nan;nan;nan;nan;nan;nan;nan;nan;nan;nan;nan;nan;nan;nan;nan;nan;nan;nan;nan;nan;nan;nan;nan;nan;nan;nan;nan;nan;nan;nan;nan;nan;nan;nan;nan;nan;nan;nan;nan;nan;nan;nan;nan;nan;nan;nan;nan;nan;nan;nan;nan;nan;nan;nan;nan;nan;nan;nan;nan;nan;nan;nan;nan;nan;nan;nan;nan;nan;nan;nan;nan;nan;nan;nan;nan;nan;nan;nan;nan;nan;nan;nan;nan;nan;nan;nan;nan;nan;nan;nan;nan;nan;nan;nan;nan;nan;nan;nan;nan;nan;nan;nan;nan;nan;nan;nan;nan;nan;nan;nan;nan;nan;nan;nan;nan;nan;nan;nan;nan;nan;nan;nan;nan;nan;nan;nan;nan;nan;nan;nan;nan;nan;nan;nan;nan;nan;nan;nan;nan;nan;nan;nan;nan;nan;nan;nan;nan;nan;nan;nan;nan;nan;nan;nan;nan;nan;nan;nan;nan;nan;nan;nan;nan;nan;nan;nan;nan;nan;nan;nan;nan;nan;nan;nan;nan;nan;nan;nan;nan;nan;nan;nan;nan;nan;nan;nan;nan;nan;nan;nan;nan;nan;nan;nan;nan;nan;nan;nan;nan;nan;nan;nan;nan;nan;nan;nan;nan;nan;nan;nan;nan;nan;nan;nan;nan;nan;nan;nan;nan;nan;nan;nan;nan;nan;nan;nan;nan;nan;nan;nan;nan;nan;nan;nan;nan;nan;nan;nan;nan;nan;nan;nan;nan;nan;nan;nan;nan;nan;nan;nan;nan;nan;nan;nan;nan;nan;nan;nan;nan;nan;nan;nan;nan;nan;nan;nan;nan;nan;nan;nan;nan;nan;nan;nan;nan;nan;nan;nan;nan;nan;nan;nan;nan;nan;nan;nan;nan;nan;nan;nan;nan;nan;nan;nan;nan;nan;nan;nan;nan;nan;nan;nan;nan;nan;nan;nan;nan;nan;nan;nan;nan;nan;nan;nan;nan;nan;nan;nan;nan;nan;nan;nan;nan;nan;nan;nan;nan;nan;nan;nan;nan;nan;nan;nan;nan;nan;nan;nan;nan;nan;nan;nan;nan;nan;nan;nan;nan;nan;nan;nan;nan;nan;nan;nan;nan;nan;nan;nan;nan;nan;nan;nan;nan;nan;nan;nan;nan;nan;nan;nan;nan;nan;nan;nan;nan;nan;nan;nan;nan;nan;nan;nan;nan;nan;nan;nan;nan;nan;nan;nan;nan;nan;nan;nan;nan;nan;nan;nan;nan;nan;nan;nan;nan;nan;nan;nan;nan;nan;nan;nan;nan;nan;nan;nan;nan;nan;nan;nan;nan;nan;nan;nan;nan;nan;nan;nan;nan;nan;nan;nan;nan;nan;nan;nan;nan;nan;nan;nan;nan;nan;nan;nan;nan;nan;nan;nan;nan;nan;nan;nan;nan;nan;nan;0.562297;0.47373030017776036;0.8888888888888888;0.8866224715281319;0.9067460317460316;0.49984345;0.01968191507449359;0.9952;0.993912752040651;0.8973516096579476;0.05497312545776367;0.562297;0.47373030017776036;0.8888888888888888;0.8866224715281319;0.9067460317460316;0.49984345;0.01968191507449359;0.9952;0.993912752040651;0.8973516096579476;0.0;0.0;0.0;0.0;0.0;0.0;0.0;0.0;0.0;0.0;0.05497312545776367;0.65545255;0.6187323504024081;0.6666666666666666;0.6137566137566138;0.7123015873015873;0.16521525382995605;74.74176;0.30082899116807515;0.9111111111111111;0.9111111111111111;0.9583333333333333;6.956901788711548;nan;nan;nan;nan;nan;nan;nan;nan;nan;nan;nan;nan;nan;nan;nan;nan;nan;nan;nan;nan;nan;nan;nan;nan;nan;nan;nan;nan;nan;nan;nan;nan;nan;nan;nan;nan;nan;nan;nan;nan;nan;nan;nan;nan;nan;nan;nan;nan;nan;nan;nan;nan;nan;nan;nan;nan;nan;nan;nan;nan;nan;nan;nan;nan;nan;nan;nan;nan;nan;nan;nan;nan;nan;nan;nan;nan;nan;nan;nan;nan;nan;nan;nan;nan;nan;nan;nan;nan;nan;nan;nan;nan;nan;nan;nan;nan;nan;nan;nan;nan;nan;nan;nan;nan;nan;nan;nan;nan;nan;nan;nan;nan;nan;nan;nan;nan;nan;nan;nan;nan;nan;nan;nan;nan;nan;nan;nan;nan;nan;nan;nan;nan;nan;nan;nan;nan;nan;nan;nan;nan;nan;nan;nan;nan;nan;nan;nan;nan;nan;nan;nan;nan;nan;nan;nan;nan;nan;nan;nan;nan;nan;nan;nan;nan;nan;nan;nan;nan;nan;nan;nan;nan;nan;nan;nan;nan;nan;nan;nan;nan;nan;nan;nan;nan;nan;nan;nan;nan;nan;nan;nan;nan;nan;nan;nan;nan;nan;nan;nan;nan;nan;nan;nan;nan;nan;nan;nan;nan;nan;nan;nan;nan;nan;nan;nan;nan;nan;nan;nan;nan;nan;nan;nan;nan;nan;nan;nan;nan;nan;nan;nan;nan;nan;nan;nan;nan;nan;nan;nan;nan;nan;nan;nan;nan;nan;nan;nan;nan;nan;nan;nan;nan;nan;nan;nan;nan;nan;nan;nan;nan;nan;nan;nan;nan;nan;nan;nan;nan;nan;nan;nan;nan;nan;nan;nan;nan;nan;nan;nan;nan;nan;nan;nan;nan;nan;nan;nan;nan;nan;nan;nan;nan;nan;nan;nan;nan;nan;nan;nan;nan;nan;nan;nan;nan;nan;nan;nan;nan;nan;nan;nan;nan;nan;nan;nan;nan;nan;nan;nan;nan;nan;nan;nan;nan;nan;nan;nan;nan;nan;nan;nan;nan;nan;nan;nan;nan;nan;nan;nan;nan;nan;nan;nan;nan;nan;nan;nan;nan;nan;nan;nan;nan;nan;nan;nan;nan;nan;nan;nan;nan;nan;nan;nan;nan;nan;nan;nan;nan;nan;nan;nan;nan;nan;nan;nan;nan;nan;nan;nan;nan;nan;nan;nan;nan;nan;nan;nan;nan;nan;nan;nan;nan;nan;nan;nan;nan;nan;nan;nan;nan;nan;nan;nan;nan;nan;nan;nan;nan;nan;nan;nan;nan;nan;nan;nan;nan;nan;nan;nan;nan;nan;nan;nan;nan;nan;nan;nan;nan;nan;nan;nan;nan;nan;nan;nan;nan;nan;nan;nan;nan;nan;nan;nan;nan;nan;nan;nan;nan;nan;nan;nan;nan;nan;nan;nan;nan;nan;nan;nan;nan;nan;nan;nan;nan;nan;nan;nan;nan;nan;nan;nan;nan;nan;nan;nan;nan;nan;nan;nan;nan;nan;nan;nan;nan;nan;nan;nan;nan;nan;nan;nan;nan;nan;nan;nan;nan;nan;nan;nan;nan;nan;nan;nan;nan;nan;nan;nan;nan;nan;nan;nan;nan;nan;nan;nan;nan;nan;nan;nan;nan;nan;nan;nan;nan;nan;nan;nan;nan;nan;nan;nan;nan;nan;nan;nan;nan;nan;nan;nan;nan;nan;nan;nan;nan;nan;nan;nan;nan;nan;nan;nan;nan;nan;nan;nan;nan;nan;nan;nan;nan;nan;nan;nan;nan;nan;nan;nan;nan;nan;nan;nan;nan;nan;nan;nan;nan;nan;nan;nan;nan;nan;nan;nan;nan;nan;nan;nan;nan;nan;nan;nan;nan;nan;nan;nan;nan;nan;nan;nan;nan;nan;nan;nan;nan;nan;nan;nan;nan;nan;nan;nan;nan;nan;nan;nan;nan;nan;nan;nan;nan;nan;nan;nan;nan;nan;nan;nan;nan;nan;nan;nan;nan;nan;nan;nan;nan;nan;nan;nan;nan;nan;nan;nan;nan;nan;nan;nan;nan;nan;nan;nan;nan;nan;nan;nan;nan;nan;nan;nan;nan;0.5315963;1.341343503126065;0.8666666666666667;0.8647773279352227;0.9007936507936507;0.49335307;0.01622868283484761;0.9956;0.9944099089670991;0.9626445770121621;0.07111525535583496;0.5315963;1.341343503126065;0.8666666666666667;0.8647773279352227;0.9007936507936507;0.49335307;0.01622868283484761;0.9956;0.9944099089670991;0.9626445770121621;0.0;0.0;0.0;0.0;0.0;0.0;0.0;0.0;0.0;0.0;0.07111525535583496;0.65545255;0.6187323504024081;0.6666666666666666;0.6137566137566138;0.7123015873015873;0.16521525382995605;74.74176;0.30082899116807515;0.9111111111111111;0.9111111111111111;0.9583333333333333;6.956901788711548;nan;nan;nan;nan;nan;nan;nan;nan;nan;nan;nan;nan;nan;nan;nan;nan;nan;nan;nan;nan;nan;nan;nan;nan;nan;nan;nan;nan;nan;nan;nan;nan;nan;nan;nan;nan;nan;nan;nan;nan;nan;nan;nan;nan;nan;nan;nan;nan;nan;nan;nan;nan;nan;nan;nan;nan;nan;nan;nan;nan;nan;nan;nan;nan;nan;nan;nan;nan;nan;nan;nan;nan;nan;nan;nan;nan;nan;nan;nan;nan;nan;nan;nan;nan;nan;nan;nan;nan;nan;nan;nan;nan;nan;nan;nan;nan;nan;nan;nan;nan;nan;nan;nan;nan;nan;nan;nan;nan;nan;nan;nan;nan;nan;nan;nan;nan;nan;nan;nan;nan;nan;nan;nan;nan;nan;nan;nan;nan;nan;nan;nan;nan;nan;nan;nan;nan;nan;nan;nan;nan;nan;nan;nan;nan;nan;nan;nan;nan;nan;nan;nan;nan;nan;nan;nan;nan;nan;nan;nan;nan;nan;nan;nan;nan;nan;nan;nan;nan;nan;nan;nan;nan;nan;nan;nan;nan;nan;nan;nan;nan;nan;nan;nan;nan;nan;nan;nan;nan;nan;nan;nan;nan;nan;nan;nan;nan;nan;nan;nan;nan;nan;nan;nan;nan;nan;nan;nan;nan;nan;nan;nan;nan;nan;nan;nan;nan;nan;nan;nan;nan;nan;nan;nan;nan;nan;nan;nan;nan;nan;nan;nan;nan;nan;nan;nan;nan;nan;nan;nan;nan;nan;nan;nan;nan;nan;nan;nan;nan;nan;nan;nan;nan;nan;nan;nan;nan;nan;nan;nan;nan;nan;nan;nan;nan;nan;nan;nan;nan;nan;nan;nan;nan;nan;nan;nan;nan;nan;nan;nan;nan;nan;nan;nan;nan;nan;nan;nan;nan;nan;nan;nan;nan;nan;nan;nan;nan;nan;nan;nan;nan;nan;nan;nan;nan;nan;nan;nan;nan;nan;nan;nan;nan;nan;nan;nan;nan;nan;nan;nan;nan;nan;nan;nan;nan;nan;nan;nan;nan;nan;nan;nan;nan;nan;nan;nan;nan;nan;nan;nan;nan;nan;nan;nan;nan;nan;nan;nan;nan;nan;nan;nan;nan;nan;nan;nan;nan;nan;nan;nan;nan;nan;nan;nan;nan;nan;nan;nan;nan;nan;nan;nan;nan;nan;nan;nan;nan;nan;nan;nan;nan;nan;nan;nan;nan;nan;nan;nan;nan;nan;nan;nan;nan;nan;nan;nan;nan;nan;nan;nan;nan;nan;nan;nan;nan;nan;nan;nan;nan;nan;nan;nan;nan;nan;nan;nan;nan;nan;nan;nan;nan;nan;nan;nan;nan;nan;nan;nan;nan;nan;nan;nan;nan;nan;nan;nan;nan;nan;nan;nan;nan;nan;nan;nan;nan;nan;nan;nan;nan;nan;nan;nan;nan;nan;nan;nan;nan;nan;nan;nan;nan;nan;nan;nan;nan;nan;nan;nan;nan;nan;nan;nan;nan;nan;nan;nan;nan;nan;nan;nan;nan;nan;nan;nan;nan;nan;nan;nan;nan;nan;nan;nan;nan;nan;nan;nan;nan;nan;nan;nan;nan;nan;nan;nan;nan;nan;nan;nan;nan;nan;nan;nan;nan;nan;nan;nan;nan;nan;nan;nan;nan;nan;nan;nan;nan;nan;nan;nan;nan;nan;nan;nan;nan;nan;nan;nan;nan;nan;nan;nan;nan;nan;nan;nan;nan;nan;nan;nan;nan;nan;nan;nan;nan;nan;nan;nan;nan;nan;nan;nan;nan;nan;nan;nan;nan;nan;nan;nan;nan;nan;nan;nan;nan;nan;nan;nan;nan;nan;nan;nan;nan;nan;nan;nan;nan;nan;nan;nan;nan;nan;nan;nan;nan;nan;nan;nan;nan;nan;nan;nan;nan;nan;nan;nan;nan;nan;nan;nan;nan;nan;nan;nan;nan;nan;nan;nan;nan;nan;nan;nan;nan;nan;nan;nan;nan;nan;nan;nan;nan;nan;nan;nan;nan;nan;nan;nan;nan;nan;nan;nan;nan;nan;nan;nan;nan;nan;nan;nan;nan;nan;nan;nan;nan;nan;nan;nan;nan;nan;nan;nan;nan;0.6420194;2.732486848367147;0.5777777777777777;0.463248972528661;0.7688492063492063;0.49221015;0.021971806403478355;0.9946;0.9928948537785407;0.8919266548561933;0.053371429443359375;0.6420194;2.732486848367147;0.5777777777777777;0.463248972528661;0.7688492063492063;0.49221015;0.021971806403478355;0.9946;0.9928948537785407;0.8919266548561933;0.0;0.0;0.0;0.0;0.0;0.0;0.0;0.0;0.0;0.0;0.053371429443359375;0.65545255;0.6187323504024081;0.6666666666666666;0.6137566137566138;0.7123015873015873;0.16521525382995605;74.74176;0.30082899116807515;0.9111111111111111;0.9111111111111111;0.9583333333333333;6.956901788711548;nan;nan;nan;nan;nan;nan;nan;nan;nan;nan;nan;nan;nan;nan;nan;nan;nan;nan;nan;nan;nan;nan;nan;nan;nan;nan;nan;nan;nan;nan;nan;nan;nan;nan;nan;nan;nan;nan;nan;nan;nan;nan;nan;nan;nan;nan;nan;nan;nan;nan;nan;nan;nan;nan;nan;nan;nan;nan;nan;nan;nan;nan;nan;nan;nan;nan;nan;nan;nan;nan;nan;nan;nan;nan;nan;nan;nan;nan;nan;nan;nan;nan;nan;nan;nan;nan;nan;nan;nan;nan;nan;nan;nan;nan;nan;nan;nan;nan;nan;nan;nan;nan;nan;nan;nan;nan;nan;nan;nan;nan;nan;nan;nan;nan;nan;nan;nan;nan;nan;nan;nan;nan;nan;nan;nan;nan;nan;nan;nan;nan;nan;nan;nan;nan;nan;nan;nan;nan;nan;nan;nan;nan;nan;nan;nan;nan;nan;nan;nan;nan;nan;nan;nan;nan;nan;nan;nan;nan;nan;nan;nan;nan;nan;nan;nan;nan;nan;nan;nan;nan;nan;nan;nan;nan;nan;nan;nan;nan;nan;nan;nan;nan;nan;nan;nan;nan;nan;nan;nan;nan;nan;nan;nan;nan;nan;nan;nan;nan;nan;nan;nan;nan;nan;nan;nan;nan;nan;nan;nan;nan;nan;nan;nan;nan;nan;nan;nan;nan;nan;nan;nan;nan;nan;nan;nan;nan;nan;nan;nan;nan;nan;nan;nan;nan;nan;nan;nan;nan;nan;nan;nan;nan;nan;nan;nan;nan;nan;nan;nan;nan;nan;nan;nan;nan;nan;nan;nan;nan;nan;nan;nan;nan;nan;nan;nan;nan;nan;nan;nan;nan;nan;nan;nan;nan;nan;nan;nan;nan;nan;nan;nan;nan;nan;nan;nan;nan;nan;nan;nan;nan;nan;nan;nan;nan;nan;nan;nan;nan;nan;nan;nan;nan;nan;nan;nan;nan;nan;nan;nan;nan;nan;nan;nan;nan;nan;nan;nan;nan;nan;nan;nan;nan;nan;nan;nan;nan;nan;nan;nan;nan;nan;nan;nan;nan;nan;nan;nan;nan;nan;nan;nan;nan;nan;nan;nan;nan;nan;nan;nan;nan;nan;nan;nan;nan;nan;nan;nan;nan;nan;nan;nan;nan;nan;nan;nan;nan;nan;nan;nan;nan;nan;nan;nan;nan;nan;nan;nan;nan;nan;nan;nan;nan;nan;nan;nan;nan;nan;nan;nan;nan;nan;nan;nan;nan;nan;nan;nan;nan;nan;nan;nan;nan;nan;nan;nan;nan;nan;nan;nan;nan;nan;nan;nan;nan;nan;nan;nan;nan;nan;nan;nan;nan;nan;nan;nan;nan;nan;nan;nan;nan;nan;nan;nan;nan;nan;nan;nan;nan;nan;nan;nan;nan;nan;nan;nan;nan;nan;nan;nan;nan;nan;nan;nan;nan;nan;nan;nan;nan;nan;nan;nan;nan;nan;nan;nan;nan;nan;nan;nan;nan;nan;nan;nan;nan;nan;nan;nan;nan;nan;nan;nan;nan;nan;nan;nan;nan;nan;nan;nan;nan;nan;nan;nan;nan;nan;nan;nan;nan;nan;nan;nan;nan;nan;nan;nan;nan;nan;nan;nan;nan;nan;nan;nan;nan;nan;nan;nan;nan;nan;nan;nan;nan;nan;nan;nan;nan;nan;nan;nan;nan;nan;nan;nan;nan;nan;nan;nan;nan;nan;nan;nan;nan;nan;nan;nan;nan;nan;nan;nan;nan;nan;nan;nan;nan;nan;nan;nan;nan;nan;nan;nan;nan;nan;nan;nan;nan;nan;nan;nan;nan;nan;nan;nan;nan;nan;nan;nan;nan;nan;nan;nan;nan;nan;nan;nan;nan;nan;nan;nan;nan;nan;nan;nan;nan;nan;nan;nan;nan;nan;nan;nan;nan;nan;nan;nan;nan;nan;nan;nan;nan;nan;nan;nan;nan;nan;nan;nan;nan;nan;nan;nan;nan;nan;nan;nan;nan;nan;nan;nan;nan;nan;nan;nan;nan;nan;nan;nan;nan;nan;nan;nan;nan;nan;nan;nan;nan;nan;nan;nan;nan;nan;nan;nan;nan;nan;nan;nan;nan;nan;nan;0.5201834;1.005351144757534;0.8666666666666667;0.8647773279352227;0.935515873015873;0.46969506;0.016732321451849344;0.9974;0.9965969316517067;0.6756855662192632;0.05609893798828125;0.5201834;1.005351144757534;0.8666666666666667;0.8647773279352227;0.935515873015873;0.46969506;0.016732321451849344;0.9974;0.9965969316517067;0.6756855662192632;0.0;0.0;0.0;0.0;0.0;0.0;0.0;0.0;0.0;0.0;0.05609893798828125;0.65545255;0.6187323504024081;0.6666666666666666;0.6137566137566138;0.7123015873015873;0.16521525382995605;74.74176;0.30082899116807515;0.9111111111111111;0.9111111111111111;0.9583333333333333;6.956901788711548;nan;nan;nan;nan;nan;nan;nan;nan;nan;nan;nan;nan;nan;nan;nan;nan;nan;nan;nan;nan;nan;nan;nan;nan;nan;nan;nan;nan;nan;nan;nan;nan;nan;nan;nan;nan;nan;nan;nan;nan;nan;nan;nan;nan;nan;nan;nan;nan;nan;nan;nan;nan;nan;nan;nan;nan;nan;nan;nan;nan;nan;nan;nan;nan;nan;nan;nan;nan;nan;nan;nan;nan;nan;nan;nan;nan;nan;nan;nan;nan;nan;nan;nan;nan;nan;nan;nan;nan;nan;nan;nan;nan;nan;nan;nan;nan;nan;nan;nan;nan;nan;nan;nan;nan;nan;nan;nan;nan;nan;nan;nan;nan;nan;nan;nan;nan;nan;nan;nan;nan;nan;nan;nan;nan;nan;nan;nan;nan;nan;nan;nan;nan;nan;nan;nan;nan;nan;nan;nan;nan;nan;nan;nan;nan;nan;nan;nan;nan;nan;nan;nan;nan;nan;nan;nan;nan;nan;nan;nan;nan;nan;nan;nan;nan;nan;nan;nan;nan;nan;nan;nan;nan;nan;nan;nan;nan;nan;nan;nan;nan;nan;nan;nan;nan;nan;nan;nan;nan;nan;nan;nan;nan;nan;nan;nan;nan;nan;nan;nan;nan;nan;nan;nan;nan;nan;nan;nan;nan;nan;nan;nan;nan;nan;nan;nan;nan;nan;nan;nan;nan;nan;nan;nan;nan;nan;nan;nan;nan;nan;nan;nan;nan;nan;nan;nan;nan;nan;nan;nan;nan;nan;nan;nan;nan;nan;nan;nan;nan;nan;nan;nan;nan;nan;nan;nan;nan;nan;nan;nan;nan;nan;nan;nan;nan;nan;nan;nan;nan;nan;nan;nan;nan;nan;nan;nan;nan;nan;nan;nan;nan;nan;nan;nan;nan;nan;nan;nan;nan;nan;nan;nan;nan;nan;nan;nan;nan;nan;nan;nan;nan;nan;nan;nan;nan;nan;nan;nan;nan;nan;nan;nan;nan;nan;nan;nan;nan;nan;nan;nan;nan;nan;nan;nan;nan;nan;nan;nan;nan;nan;nan;nan;nan;nan;nan;nan;nan;nan;nan;nan;nan;nan;nan;nan;nan;nan;nan;nan;nan;nan;nan;nan;nan;nan;nan;nan;nan;nan;nan;nan;nan;nan;nan;nan;nan;nan;nan;nan;nan;nan;nan;nan;nan;nan;nan;nan;nan;nan;nan;nan;nan;nan;nan;nan;nan;nan;nan;nan;nan;nan;nan;nan;nan;nan;nan;nan;nan;nan;nan;nan;nan;nan;nan;nan;nan;nan;nan;nan;nan;nan;nan;nan;nan;nan;nan;nan;nan;nan;nan;nan;nan;nan;nan;nan;nan;nan;nan;nan;nan;nan;nan;nan;nan;nan;nan;nan;nan;nan;nan;nan;nan;nan;nan;nan;nan;nan;nan;nan;nan;nan;nan;nan;nan;nan;nan;nan;nan;nan;nan;nan;nan;nan;nan;nan;nan;nan;nan;nan;nan;nan;nan;nan;nan;nan;nan;nan;nan;nan;nan;nan;nan;nan;nan;nan;nan;nan;nan;nan;nan;nan;nan;nan;nan;nan;nan;nan;nan;nan;nan;nan;nan;nan;nan;nan;nan;nan;nan;nan;nan;nan;nan;nan;nan;nan;nan;nan;nan;nan;nan;nan;nan;nan;nan;nan;nan;nan;nan;nan;nan;nan;nan;nan;nan;nan;nan;nan;nan;nan;nan;nan;nan;nan;nan;nan;nan;nan;nan;nan;nan;nan;nan;nan;nan;nan;nan;nan;nan;nan;nan;nan;nan;nan;nan;nan;nan;nan;nan;nan;nan;nan;nan;nan;nan;nan;nan;nan;nan;nan;nan;nan;nan;nan;nan;nan;nan;nan;nan;nan;nan;nan;nan;nan;nan;nan;nan;nan;nan;nan;nan;nan;nan;nan;nan;nan;nan;nan;nan;nan;nan;nan;nan;nan;nan;nan;nan;nan;nan;nan;nan;nan;nan;nan;nan;nan;nan;nan;nan;nan;nan;nan;nan;nan;nan;nan;nan;nan;nan;nan;nan;nan;nan;nan;nan;nan;nan;nan;nan;nan;nan;nan;nan;nan;nan;nan;nan;nan;nan;nan;nan;nan;nan;0.70861286;3.2814457558108474;0.6222222222222222;0.5904137051211956;0.8055555555555556;0.4967431;0.021595046649348908;0.9948;0.9940940428795794;0.8446748218595564;0.06420755386352539;0.70861286;3.2814457558108474;0.6222222222222222;0.5904137051211956;0.8055555555555556;0.4967431;0.021595046649348908;0.9948;0.9940940428795794;0.8446748218595564;0.0;0.0;0.0;0.0;0.0;0.0;0.0;0.0;0.0;0.0;0.06420755386352539;0.65545255;0.6187323504024081;0.6666666666666666;0.6137566137566138;0.7123015873015873;0.16521525382995605;74.74176;0.30082899116807515;0.9111111111111111;0.9111111111111111;0.9583333333333333;6.956901788711548;nan;nan;nan;nan;nan;nan;nan;nan;nan;nan;nan;nan;nan;nan;nan;nan;nan;nan;nan;nan;nan;nan;nan;nan;nan;nan;nan;nan;nan;nan;nan;nan;nan;nan;nan;nan;nan;nan;nan;nan;nan;nan;nan;nan;nan;nan;nan;nan;nan;nan;nan;nan;nan;nan;nan;nan;nan;nan;nan;nan;nan;nan;nan;nan;nan;nan;nan;nan;nan;nan;nan;nan;nan;nan;nan;nan;nan;nan;nan;nan;nan;nan;nan;nan;nan;nan;nan;nan;nan;nan;nan;nan;nan;nan;nan;nan;nan;nan;nan;nan;nan;519.8700446515991;nan;nan;978.1250605714638;998.970601406756;1044.0330565208217;nan;nan;nan;nan;nan;nan;nan;nan;nan;nan;nan;nan;nan;110.429474;nan;nan;280.6825016309168;275.16040937733794;282.78082;nan;nan;nan;nan;nan;nan;nan;nan;nan;nan;nan;nan;nan;292.7249064559189;nan;nan;423.2162513108236;416.1619520061742;419.1309843977826;nan;nan;nan;nan;nan;nan;nan;nan;nan;nan;nan;nan;nan;135.3765092399274;nan;nan;0.0;273.4717461304406;273.1913073604684;nan;nan;nan;nan;nan;nan;nan;nan;nan;nan;nan;nan;nan;3.6870544403622336;nan;nan;5.071039837941173;5.021694367867658;4.718971717369554;nan;nan;nan;nan;nan;nan;nan;nan;nan;nan;nan;nan;nan;0.33622742086414337;nan;nan;0.0;2.833204001;2.315963102836011;
3;1;1;True;vanilla;22;218;15;2;[];True;True;1;True;False;False;True;False;False;vanilla;3;1;distribution;True;[['uniform', 'normal', 'gamma', 'beta', 'poisson']];[['uniform', 'normal', 'gamma', 'beta', 'poisson']];classification;1;0;uniform;5000;10000;0;flip_percentage;0;5;1000;True;0.001;True;50;64;0;[128];False;adam;binary_crossentropy;2177;1;10000;[1792, 512, 512];[0, 0, 0.5];['sigmoid', 'sigmoid', 'sigmoid'];adam;0.001;False;None;None;False;binary_crossentropy;['binary_accuracy'];500;True;256;10000;10;True;False;5;False;True;True;None;None;0.25;False;SEQUENTIAL;60;greedy;10;False;500;['uniform', 'normal', 'gamma', 'beta', 'poisson'];5000;False;make_classification;5000;0;flip_percentage;100;100;False;8;False;2;42;0;0.5713776;0.5585924;0.4390669;0.4670894;1.7145093178389899;0.9285640498225833;0.2150164821528327;0.24898376755685184;0.72984;0.7568;0.90954;0.9008;0.6805958004001932;0.7468890898317964;0.905076499254051;0.8864247734535621;0.8288720550321571;0.8601163004258284;0.8958801805766738;0.8744861958928274;0.021053433418273926;0.02161121368408203;0.6309936;0.6566393;0.581145368602127;0.6245246021389961;0.6841599999999999;0.6576;0.6435642524993115;0.6332545080825052;0.6969549488506112;0.6870488090331279;0.006361818313598633;0.006361818313598633;0.60042465;0.6163218;0.48887628;0.47403213;2.0522161702525095;0.6122506885189821;0.2959522076969316;0.2878421658357668;0.7083999999999999;0.7028;0.8695;0.8811;0.6646523676352336;0.67881464512295;0.8687741433780889;0.8808656379851145;0.7923765667824745;0.7930601789641591;0.9106764446315616;0.9143992103533608;0.01769249439239502;0.01775527000427246;0.62664026;0.6578071;0.5763967840540409;0.6241129305601121;0.69384;0.6776;0.6600548820656449;0.6709711745969489;0.7319310822766829;0.7189208328363355;0.008395338058471678;0.00839533805847168;0.5209026;0.5112031;0.41918802;0.37317622;2.259256095597747;0.5048187055669127;0.15467299582869481;0.08961503518602598;0.8268000000000001;0.828;0.9337799999999999;0.9614;0.804894200915591;0.8226353031827278;0.9319428634895768;0.9617925209214992;0.8712254089258398;0.905906507339778;0.8507997534061225;0.9600771745031753;0.03879063129425049;0.04496943950653076;0.39694947;0.3780912;0.13048227101868362;0.11654891840129855;0.9571999999999999;0.969;0.9570023499826561;0.9689733029632202;0.979516106150349;0.9893827290531597;0.5074889;0.4914227;0.3944797731936407;0.329703184169983;0.808;0.862;0.7777972922866723;0.8602769958081209;0.9215436047146628;0.954822445107075;0.5760558;0.534199;5.019385834168305;0.8228496230015484;0.7417999999999999;0.787;0.6948225335231085;0.7754835528418506;0.7830424788576914;0.8623657357679915;0.63753384;0.64226854;0.594784942664206;0.6116315651684999;0.695;0.704;0.6650220605602272;0.6864445871403786;0.723156977716222;0.7240510842494893;0.161448335647583;0.14528155326843262;nan;nan;nan;nan;nan;nan;nan;nan;nan;nan;nan;nan;nan;nan;nan;nan;nan;nan;nan;nan;nan;nan;nan;nan;nan;nan;nan;nan;nan;nan;nan;nan;nan;nan;nan;nan;nan;nan;nan;nan;nan;nan;nan;nan;nan;nan;nan;nan;nan;nan;nan;nan;nan;nan;nan;nan;nan;nan;nan;nan;nan;nan;nan;nan;nan;nan;nan;nan;nan;nan;nan;nan;nan;nan;nan;nan;nan;nan;nan;nan;nan;nan;nan;nan;nan;nan;nan;nan;0.7523325;1.3612041678896483;0.4594594594594595;0.36417186417186415;0.6387163561076604;0.41586053;0.019695098126074014;0.9917;0.9916441924481867;0.9956732380146417;0.04289507865905762;0.7523325;1.3612041678896483;0.4594594594594595;0.36417186417186415;0.6387163561076604;0.41586053;0.019695098126074014;0.9917;0.9916441924481867;0.9956732380146417;0.0;0.0;0.0;0.0;0.0;0.0;0.0;0.0;0.0;0.0;0.04289507865905762;0.68723524;0.6720907347159343;0.6126126126126126;0.5348496872444624;0.4849896480331263;0.17035722732543945;209.49594;0.6475259981973952;0.6486486486486487;0.6464947706327016;0.6772727272727272;10.021446466445923;nan;nan;nan;nan;nan;nan;nan;nan;nan;nan;nan;nan;nan;nan;nan;nan;nan;nan;nan;nan;nan;nan;nan;nan;nan;nan;nan;nan;nan;nan;nan;nan;nan;nan;nan;nan;nan;nan;nan;nan;nan;nan;nan;nan;nan;nan;nan;nan;nan;nan;nan;nan;nan;nan;nan;nan;nan;nan;nan;nan;nan;nan;nan;nan;nan;nan;nan;nan;nan;nan;nan;nan;nan;nan;nan;nan;nan;nan;nan;nan;nan;nan;nan;nan;nan;nan;nan;nan;nan;nan;nan;nan;nan;nan;nan;nan;nan;nan;nan;nan;nan;nan;nan;nan;nan;nan;nan;nan;nan;nan;nan;nan;nan;nan;nan;nan;nan;nan;nan;nan;nan;nan;nan;nan;nan;nan;nan;nan;nan;nan;nan;nan;nan;nan;nan;nan;nan;nan;nan;nan;nan;nan;nan;nan;nan;nan;nan;nan;nan;nan;nan;nan;nan;nan;nan;nan;nan;nan;nan;nan;nan;nan;nan;nan;nan;nan;nan;nan;nan;nan;nan;nan;nan;nan;nan;nan;0.90685767;2.0749173475501506;0.09375;0.04577205882352941;0.4163533834586466;0.6145649;0.22095748842255383;0.9177;0.9179057513343931;0.9602212598552093;0.04857015609741211;0.90685767;2.0749173475501506;0.09375;0.04577205882352941;0.4163533834586466;0.6145649;0.22095748842255383;0.9177;0.9179057513343931;0.9602212598552093;0.0;0.0;0.0;0.0;0.0;0.0;0.0;0.0;0.0;0.0;0.04857015609741211;0.71289563;0.7572382956277579;0.390625;0.4652645148968679;0.62468671679198;0.14451956748962402;23.599583;0.43920243135653436;0.8828125;0.9083423550966023;0.6747967479674798;10.722700357437134;nan;nan;nan;nan;nan;nan;nan;nan;nan;nan;nan;nan;nan;nan;nan;nan;nan;nan;nan;nan;nan;nan;nan;nan;nan;nan;nan;nan;nan;nan;nan;nan;nan;nan;nan;nan;nan;nan;nan;nan;nan;nan;nan;nan;nan;nan;nan;nan;nan;nan;nan;nan;nan;nan;nan;nan;nan;nan;nan;nan;nan;nan;nan;nan;nan;nan;nan;nan;nan;nan;nan;nan;nan;nan;nan;nan;nan;nan;nan;nan;nan;nan;nan;nan;nan;nan;nan;nan;nan;nan;nan;nan;nan;nan;nan;nan;nan;nan;nan;nan;nan;nan;nan;nan;nan;nan;nan;nan;nan;nan;nan;nan;nan;nan;nan;nan;nan;nan;nan;nan;nan;nan;nan;nan;nan;nan;nan;nan;nan;nan;nan;nan;nan;nan;nan;nan;nan;nan;nan;nan;nan;nan;nan;nan;nan;nan;nan;nan;nan;nan;nan;nan;nan;nan;nan;nan;nan;nan;nan;nan;nan;nan;nan;nan;nan;nan;nan;nan;nan;nan;nan;nan;nan;nan;nan;nan;nan;nan;nan;nan;nan;nan;nan;nan;nan;nan;nan;nan;nan;nan;nan;nan;nan;nan;nan;nan;nan;nan;nan;nan;nan;nan;nan;nan;nan;nan;nan;nan;nan;nan;nan;nan;nan;nan;nan;nan;nan;nan;nan;nan;nan;nan;nan;nan;nan;nan;nan;nan;nan;nan;nan;nan;nan;nan;nan;nan;nan;nan;nan;nan;nan;nan;nan;nan;nan;nan;nan;nan;nan;nan;nan;nan;nan;nan;nan;nan;nan;nan;nan;nan;nan;nan;nan;nan;nan;nan;nan;nan;nan;nan;nan;nan;nan;nan;nan;nan;nan;nan;nan;nan;nan;nan;nan;nan;nan;nan;nan;nan;nan;nan;nan;nan;nan;nan;nan;nan;nan;nan;nan;nan;nan;nan;nan;nan;nan;nan;nan;nan;nan;nan;nan;nan;nan;nan;nan;nan;nan;nan;nan;nan;nan;nan;nan;nan;nan;nan;nan;nan;nan;nan;nan;nan;nan;nan;nan;nan;nan;nan;nan;nan;nan;nan;nan;nan;nan;nan;nan;nan;nan;nan;nan;nan;nan;nan;nan;nan;nan;nan;nan;nan;nan;nan;nan;nan;nan;nan;nan;nan;nan;nan;nan;nan;nan;nan;nan;nan;nan;nan;nan;nan;nan;nan;nan;nan;nan;nan;nan;nan;nan;nan;nan;nan;nan;nan;nan;nan;nan;nan;nan;nan;nan;nan;nan;nan;nan;nan;nan;nan;nan;nan;nan;nan;nan;nan;nan;nan;nan;nan;nan;nan;nan;nan;nan;nan;nan;nan;nan;nan;nan;nan;nan;nan;nan;nan;nan;nan;nan;nan;nan;nan;0.6361911;0.458443685090471;0.8648648648648649;0.8619842412945861;0.8479986197377501;0.6268379;0.2969975334774825;0.8832;0.8796087769634628;0.8936321549478056;0.04706835746765137;0.6361911;0.458443685090471;0.8648648648648649;0.8619842412945861;0.8479986197377501;0.6268379;0.2969975334774825;0.8832;0.8796087769634628;0.8936321549478056;0.0;0.0;0.0;0.0;0.0;0.0;0.0;0.0;0.0;0.0;0.04706835746765137;0.68723524;0.6720907347159343;0.6126126126126126;0.5348496872444624;0.4849896480331263;0.17035722732543945;209.49594;0.6475259981973952;0.6486486486486487;0.6464947706327016;0.6772727272727272;10.021446466445923;nan;nan;nan;nan;nan;nan;nan;nan;nan;nan;nan;nan;nan;nan;nan;nan;nan;nan;nan;nan;nan;nan;nan;nan;nan;nan;nan;nan;nan;nan;nan;nan;nan;nan;nan;nan;nan;nan;nan;nan;nan;nan;nan;nan;nan;nan;nan;nan;nan;nan;nan;nan;nan;nan;nan;nan;nan;nan;nan;nan;nan;nan;nan;nan;nan;nan;nan;nan;nan;nan;nan;nan;nan;nan;nan;nan;nan;nan;nan;nan;nan;nan;nan;nan;nan;nan;nan;nan;nan;nan;nan;nan;nan;nan;nan;nan;nan;nan;nan;nan;nan;nan;nan;nan;nan;nan;nan;nan;nan;nan;nan;nan;nan;nan;nan;nan;nan;nan;nan;nan;nan;nan;nan;nan;nan;nan;nan;nan;nan;nan;nan;nan;nan;nan;nan;nan;nan;nan;nan;nan;nan;nan;nan;nan;nan;nan;nan;nan;nan;nan;nan;nan;nan;nan;nan;nan;nan;nan;nan;nan;nan;nan;nan;nan;nan;nan;nan;nan;nan;nan;nan;nan;nan;nan;nan;nan;0.65296686;0.49385518505695036;0.9140625;0.8882368323898597;0.6318922305764412;0.56475216;0.20578252969148247;0.9241;0.9018841950956615;0.8543348546163999;0.05331134796142578;0.65296686;0.49385518505695036;0.9140625;0.8882368323898597;0.6318922305764412;0.56475216;0.20578252969148247;0.9241;0.9018841950956615;0.8543348546163999;0.0;0.0;0.0;0.0;0.0;0.0;0.0;0.0;0.0;0.0;0.05331134796142578;0.71289563;0.7572382956277579;0.390625;0.4652645148968679;0.62468671679198;0.14451956748962402;23.599583;0.43920243135653436;0.8828125;0.9083423550966023;0.6747967479674798;10.722700357437134;nan;nan;nan;nan;nan;nan;nan;nan;nan;nan;nan;nan;nan;nan;nan;nan;nan;nan;nan;nan;nan;nan;nan;nan;nan;nan;nan;nan;nan;nan;nan;nan;nan;nan;nan;nan;nan;nan;nan;nan;nan;nan;nan;nan;nan;nan;nan;nan;nan;nan;nan;nan;nan;nan;nan;nan;nan;nan;nan;nan;nan;nan;nan;nan;nan;nan;nan;nan;nan;nan;nan;nan;nan;nan;nan;nan;nan;nan;nan;nan;nan;nan;nan;nan;nan;nan;nan;nan;nan;nan;nan;nan;nan;nan;nan;nan;nan;nan;nan;nan;nan;nan;nan;nan;nan;nan;nan;nan;nan;nan;nan;nan;nan;nan;nan;nan;nan;nan;nan;nan;nan;nan;nan;nan;nan;nan;nan;nan;nan;nan;nan;nan;nan;nan;nan;nan;nan;nan;nan;nan;nan;nan;nan;nan;nan;nan;nan;nan;nan;nan;nan;nan;nan;nan;nan;nan;nan;nan;nan;nan;nan;nan;nan;nan;nan;nan;nan;nan;nan;nan;nan;nan;nan;nan;nan;nan;nan;nan;nan;nan;nan;nan;nan;nan;nan;nan;nan;nan;nan;nan;nan;nan;nan;nan;nan;nan;nan;nan;nan;nan;nan;nan;nan;nan;nan;nan;nan;nan;nan;nan;nan;nan;nan;nan;nan;nan;nan;nan;nan;nan;nan;nan;nan;nan;nan;nan;nan;nan;nan;nan;nan;nan;nan;nan;nan;nan;nan;nan;nan;nan;nan;nan;nan;nan;nan;nan;nan;nan;nan;nan;nan;nan;nan;nan;nan;nan;nan;nan;nan;nan;nan;nan;nan;nan;nan;nan;nan;nan;nan;nan;nan;nan;nan;nan;nan;nan;nan;nan;nan;nan;nan;nan;nan;nan;nan;nan;nan;nan;nan;nan;nan;nan;nan;nan;nan;nan;nan;nan;nan;nan;nan;nan;nan;nan;nan;nan;nan;nan;nan;nan;nan;nan;nan;nan;nan;nan;nan;nan;nan;nan;nan;nan;nan;nan;nan;nan;nan;nan;nan;nan;nan;nan;nan;nan;nan;nan;nan;nan;nan;nan;nan;nan;nan;nan;nan;nan;nan;nan;nan;nan;nan;nan;nan;nan;nan;nan;nan;nan;nan;nan;nan;nan;nan;nan;nan;nan;nan;nan;nan;nan;nan;nan;nan;nan;nan;nan;nan;nan;nan;nan;nan;nan;nan;nan;nan;nan;nan;nan;nan;nan;nan;nan;nan;nan;nan;nan;nan;nan;nan;nan;nan;nan;nan;nan;nan;nan;nan;nan;nan;nan;nan;nan;nan;nan;nan;nan;nan;nan;nan;nan;nan;nan;nan;nan;nan;nan;nan;nan;nan;nan;nan;nan;nan;nan;nan;nan;nan;nan;nan;nan;0.6517045;0.5922057629775062;0.6846846846846847;0.6039681299796907;0.6376811594202899;0.5479551;0.055729914556829206;0.9833;0.9805957564577171;0.9210529607923201;0.08228731155395508;0.6517045;0.5922057629775062;0.6846846846846847;0.6039681299796907;0.6376811594202899;0.5479551;0.055729914556829206;0.9833;0.9805957564577171;0.9210529607923201;0.0;0.0;0.0;0.0;0.0;0.0;0.0;0.0;0.0;0.0;0.08228731155395508;0.68723524;0.6720907347159343;0.6126126126126126;0.5348496872444624;0.4849896480331263;0.17035722732543945;209.49594;0.6475259981973952;0.6486486486486487;0.6464947706327016;0.6772727272727272;10.021446466445923;nan;nan;nan;nan;nan;nan;nan;nan;nan;nan;nan;nan;nan;nan;nan;nan;nan;nan;nan;nan;nan;nan;nan;nan;nan;nan;nan;nan;nan;nan;nan;nan;nan;nan;nan;nan;nan;nan;nan;nan;nan;nan;nan;nan;nan;nan;nan;nan;nan;nan;nan;nan;nan;nan;nan;nan;nan;nan;nan;nan;nan;nan;nan;nan;nan;nan;nan;nan;nan;nan;nan;nan;nan;nan;nan;nan;nan;nan;nan;nan;nan;nan;nan;nan;nan;nan;nan;nan;nan;nan;nan;nan;nan;nan;nan;nan;nan;nan;nan;nan;nan;nan;nan;nan;nan;nan;nan;nan;nan;nan;nan;nan;nan;nan;nan;nan;nan;nan;nan;nan;nan;nan;nan;nan;nan;nan;nan;nan;nan;nan;nan;nan;nan;nan;nan;nan;nan;nan;nan;nan;nan;nan;nan;nan;nan;nan;nan;nan;nan;nan;nan;nan;nan;nan;nan;nan;nan;nan;nan;nan;nan;nan;nan;nan;nan;nan;nan;nan;nan;nan;nan;nan;nan;nan;nan;nan;0.65050864;0.5281222572252416;0.8984375;0.8763116255829446;0.46679197994987476;0.593771;0.28762645562881506;0.8735;0.8733103597512308;0.9432343193130147;0.05637335777282715;0.65050864;0.5281222572252416;0.8984375;0.8763116255829446;0.46679197994987476;0.593771;0.28762645562881506;0.8735;0.8733103597512308;0.9432343193130147;0.0;0.0;0.0;0.0;0.0;0.0;0.0;0.0;0.0;0.0;0.05637335777282715;0.71289563;0.7572382956277579;0.390625;0.4652645148968679;0.62468671679198;0.14451956748962402;23.599583;0.43920243135653436;0.8828125;0.9083423550966023;0.6747967479674798;10.722700357437134;nan;nan;nan;nan;nan;nan;nan;nan;nan;nan;nan;nan;nan;nan;nan;nan;nan;nan;nan;nan;nan;nan;nan;nan;nan;nan;nan;nan;nan;nan;nan;nan;nan;nan;nan;nan;nan;nan;nan;nan;nan;nan;nan;nan;nan;nan;nan;nan;nan;nan;nan;nan;nan;nan;nan;nan;nan;nan;nan;nan;nan;nan;nan;nan;nan;nan;nan;nan;nan;nan;nan;nan;nan;nan;nan;nan;nan;nan;nan;nan;nan;nan;nan;nan;nan;nan;nan;nan;nan;nan;nan;nan;nan;nan;nan;nan;nan;nan;nan;nan;nan;nan;nan;nan;nan;nan;nan;nan;nan;nan;nan;nan;nan;nan;nan;nan;nan;nan;nan;nan;nan;nan;nan;nan;nan;nan;nan;nan;nan;nan;nan;nan;nan;nan;nan;nan;nan;nan;nan;nan;nan;nan;nan;nan;nan;nan;nan;nan;nan;nan;nan;nan;nan;nan;nan;nan;nan;nan;nan;nan;nan;nan;nan;nan;nan;nan;nan;nan;nan;nan;nan;nan;nan;nan;nan;nan;nan;nan;nan;nan;nan;nan;nan;nan;nan;nan;nan;nan;nan;nan;nan;nan;nan;nan;nan;nan;nan;nan;nan;nan;nan;nan;nan;nan;nan;nan;nan;nan;nan;nan;nan;nan;nan;nan;nan;nan;nan;nan;nan;nan;nan;nan;nan;nan;nan;nan;nan;nan;nan;nan;nan;nan;nan;nan;nan;nan;nan;nan;nan;nan;nan;nan;nan;nan;nan;nan;nan;nan;nan;nan;nan;nan;nan;nan;nan;nan;nan;nan;nan;nan;nan;nan;nan;nan;nan;nan;nan;nan;nan;nan;nan;nan;nan;nan;nan;nan;nan;nan;nan;nan;nan;nan;nan;nan;nan;nan;nan;nan;nan;nan;nan;nan;nan;nan;nan;nan;nan;nan;nan;nan;nan;nan;nan;nan;nan;nan;nan;nan;nan;nan;nan;nan;nan;nan;nan;nan;nan;nan;nan;nan;nan;nan;nan;nan;nan;nan;nan;nan;nan;nan;nan;nan;nan;nan;nan;nan;nan;nan;nan;nan;nan;nan;nan;nan;nan;nan;nan;nan;nan;nan;nan;nan;nan;nan;nan;nan;nan;nan;nan;nan;nan;nan;nan;nan;nan;nan;nan;nan;nan;nan;nan;nan;nan;nan;nan;nan;nan;nan;nan;nan;nan;nan;nan;nan;nan;nan;nan;nan;nan;nan;nan;nan;nan;nan;nan;nan;nan;nan;nan;nan;nan;nan;nan;nan;nan;nan;nan;nan;nan;nan;nan;nan;nan;nan;nan;nan;nan;nan;nan;nan;nan;nan;nan;nan;nan;nan;nan;nan;nan;nan;nan;nan;nan;nan;nan;nan;nan;nan;nan;nan;0.68805695;0.8498247283359985;0.5315315315315315;0.5062588904694169;0.520703933747412;0.5975054;0.2560083039791057;0.8899;0.8903639843818514;0.9458232673438108;0.04239606857299805;0.68805695;0.8498247283359985;0.5315315315315315;0.5062588904694169;0.520703933747412;0.5975054;0.2560083039791057;0.8899;0.8903639843818514;0.9458232673438108;0.0;0.0;0.0;0.0;0.0;0.0;0.0;0.0;0.0;0.0;0.04239606857299805;0.68723524;0.6720907347159343;0.6126126126126126;0.5348496872444624;0.4849896480331263;0.17035722732543945;209.49594;0.6475259981973952;0.6486486486486487;0.6464947706327016;0.6772727272727272;10.021446466445923;nan;nan;nan;nan;nan;nan;nan;nan;nan;nan;nan;nan;nan;nan;nan;nan;nan;nan;nan;nan;nan;nan;nan;nan;nan;nan;nan;nan;nan;nan;nan;nan;nan;nan;nan;nan;nan;nan;nan;nan;nan;nan;nan;nan;nan;nan;nan;nan;nan;nan;nan;nan;nan;nan;nan;nan;nan;nan;nan;nan;nan;nan;nan;nan;nan;nan;nan;nan;nan;nan;nan;nan;nan;nan;nan;nan;nan;nan;nan;nan;nan;nan;nan;nan;nan;nan;nan;nan;nan;nan;nan;nan;nan;nan;nan;nan;nan;nan;nan;nan;nan;nan;nan;nan;nan;nan;nan;nan;nan;nan;nan;nan;nan;nan;nan;nan;nan;nan;nan;nan;nan;nan;nan;nan;nan;nan;nan;nan;nan;nan;nan;nan;nan;nan;nan;nan;nan;nan;nan;nan;nan;nan;nan;nan;nan;nan;nan;nan;nan;nan;nan;nan;nan;nan;nan;nan;nan;nan;nan;nan;nan;nan;nan;nan;nan;nan;nan;nan;nan;nan;nan;nan;nan;nan;nan;nan;0.62421465;0.33394809294376526;0.90625;0.8734375000000001;0.7061403508771931;0.65479296;0.4399515551156701;0.798;0.7977656582522582;0.8716657603282115;0.04018354415893555;0.62421465;0.33394809294376526;0.90625;0.8734375000000001;0.7061403508771931;0.65479296;0.4399515551156701;0.798;0.7977656582522582;0.8716657603282115;0.0;0.0;0.0;0.0;0.0;0.0;0.0;0.0;0.0;0.0;0.04018354415893555;0.71289563;0.7572382956277579;0.390625;0.4652645148968679;0.62468671679198;0.14451956748962402;23.599583;0.43920243135653436;0.8828125;0.9083423550966023;0.6747967479674798;10.722700357437134;nan;nan;nan;nan;nan;nan;nan;nan;nan;nan;nan;nan;nan;nan;nan;nan;nan;nan;nan;nan;nan;nan;nan;nan;nan;nan;nan;nan;nan;nan;nan;nan;nan;nan;nan;nan;nan;nan;nan;nan;nan;nan;nan;nan;nan;nan;nan;nan;nan;nan;nan;nan;nan;nan;nan;nan;nan;nan;nan;nan;nan;nan;nan;nan;nan;nan;nan;nan;nan;nan;nan;nan;nan;nan;nan;nan;nan;nan;nan;nan;nan;nan;nan;nan;nan;nan;nan;nan;nan;nan;nan;nan;nan;nan;nan;nan;nan;nan;nan;nan;nan;nan;nan;nan;nan;nan;nan;nan;nan;nan;nan;nan;nan;nan;nan;nan;nan;nan;nan;nan;nan;nan;nan;nan;nan;nan;nan;nan;nan;nan;nan;nan;nan;nan;nan;nan;nan;nan;nan;nan;nan;nan;nan;nan;nan;nan;nan;nan;nan;nan;nan;nan;nan;nan;nan;nan;nan;nan;nan;nan;nan;nan;nan;nan;nan;nan;nan;nan;nan;nan;nan;nan;nan;nan;nan;nan;nan;nan;nan;nan;nan;nan;nan;nan;nan;nan;nan;nan;nan;nan;nan;nan;nan;nan;nan;nan;nan;nan;nan;nan;nan;nan;nan;nan;nan;nan;nan;nan;nan;nan;nan;nan;nan;nan;nan;nan;nan;nan;nan;nan;nan;nan;nan;nan;nan;nan;nan;nan;nan;nan;nan;nan;nan;nan;nan;nan;nan;nan;nan;nan;nan;nan;nan;nan;nan;nan;nan;nan;nan;nan;nan;nan;nan;nan;nan;nan;nan;nan;nan;nan;nan;nan;nan;nan;nan;nan;nan;nan;nan;nan;nan;nan;nan;nan;nan;nan;nan;nan;nan;nan;nan;nan;nan;nan;nan;nan;nan;nan;nan;nan;nan;nan;nan;nan;nan;nan;nan;nan;nan;nan;nan;nan;nan;nan;nan;nan;nan;nan;nan;nan;nan;nan;nan;nan;nan;nan;nan;nan;nan;nan;nan;nan;nan;nan;nan;nan;nan;nan;nan;nan;nan;nan;nan;nan;nan;nan;nan;nan;nan;nan;nan;nan;nan;nan;nan;nan;nan;nan;nan;nan;nan;nan;nan;nan;nan;nan;nan;nan;nan;nan;nan;nan;nan;nan;nan;nan;nan;nan;nan;nan;nan;nan;nan;nan;nan;nan;nan;nan;nan;nan;nan;nan;nan;nan;nan;nan;nan;nan;nan;nan;nan;nan;nan;nan;nan;nan;nan;nan;nan;nan;nan;nan;nan;nan;nan;nan;nan;nan;nan;nan;nan;nan;nan;nan;nan;nan;nan;nan;nan;nan;nan;nan;nan;nan;nan;nan;nan;nan;nan;nan;nan;nan;nan;nan;nan;nan;nan;nan;nan;nan;0.6481102;0.5736496149309037;0.6936936936936937;0.6282744282744283;0.6511387163561076;0.5396584;0.15570240746200567;0.9356;0.93306622800655;0.9683749889232741;0.043549299240112305;0.6481102;0.5736496149309037;0.6936936936936937;0.6282744282744283;0.6511387163561076;0.5396584;0.15570240746200567;0.9356;0.93306622800655;0.9683749889232741;0.0;0.0;0.0;0.0;0.0;0.0;0.0;0.0;0.0;0.0;0.043549299240112305;0.68723524;0.6720907347159343;0.6126126126126126;0.5348496872444624;0.4849896480331263;0.17035722732543945;209.49594;0.6475259981973952;0.6486486486486487;0.6464947706327016;0.6772727272727272;10.021446466445923;nan;nan;nan;nan;nan;nan;nan;nan;nan;nan;nan;nan;nan;nan;nan;nan;nan;nan;nan;nan;nan;nan;nan;nan;nan;nan;nan;nan;nan;nan;nan;nan;nan;nan;nan;nan;nan;nan;nan;nan;nan;nan;nan;nan;nan;nan;nan;nan;nan;nan;nan;nan;nan;nan;nan;nan;nan;nan;nan;nan;nan;nan;nan;nan;nan;nan;nan;nan;nan;nan;nan;nan;nan;nan;nan;nan;nan;nan;nan;nan;nan;nan;nan;nan;nan;nan;nan;nan;nan;nan;nan;nan;nan;nan;nan;nan;nan;nan;nan;nan;nan;nan;nan;nan;nan;nan;nan;nan;nan;nan;nan;nan;nan;nan;nan;nan;nan;nan;nan;nan;nan;nan;nan;nan;nan;nan;nan;nan;nan;nan;nan;nan;nan;nan;nan;nan;nan;nan;nan;nan;nan;nan;nan;nan;nan;nan;nan;nan;nan;nan;nan;nan;nan;nan;nan;nan;nan;nan;nan;nan;nan;nan;nan;nan;nan;nan;nan;nan;nan;nan;nan;nan;nan;nan;nan;nan;0.6175802;0.2681635392743822;0.9296875;0.9143695869420387;0.7396616541353385;0.604532;0.3066172950601082;0.87;0.86994402353968;0.9372017977128396;0.04984617233276367;0.6175802;0.2681635392743822;0.9296875;0.9143695869420387;0.7396616541353385;0.604532;0.3066172950601082;0.87;0.86994402353968;0.9372017977128396;0.0;0.0;0.0;0.0;0.0;0.0;0.0;0.0;0.0;0.0;0.04984617233276367;0.71289563;0.7572382956277579;0.390625;0.4652645148968679;0.62468671679198;0.14451956748962402;23.599583;0.43920243135653436;0.8828125;0.9083423550966023;0.6747967479674798;10.722700357437134;nan;nan;nan;nan;nan;nan;nan;nan;nan;nan;nan;nan;nan;nan;nan;nan;nan;nan;nan;nan;nan;nan;nan;nan;nan;nan;nan;nan;nan;nan;nan;nan;nan;nan;nan;nan;nan;nan;nan;nan;nan;nan;nan;nan;nan;nan;nan;nan;nan;nan;nan;nan;nan;nan;nan;nan;nan;nan;nan;nan;nan;nan;nan;nan;nan;nan;nan;nan;nan;nan;nan;nan;nan;nan;nan;nan;nan;nan;nan;nan;nan;nan;nan;nan;nan;nan;nan;nan;nan;nan;nan;nan;nan;nan;nan;nan;nan;nan;nan;nan;nan;nan;nan;nan;nan;nan;nan;nan;nan;nan;nan;nan;nan;nan;nan;nan;nan;nan;nan;nan;nan;nan;nan;nan;nan;nan;nan;nan;nan;nan;nan;nan;nan;nan;nan;nan;nan;nan;nan;nan;nan;nan;nan;nan;nan;nan;nan;nan;nan;nan;nan;nan;nan;nan;nan;nan;nan;nan;nan;nan;nan;nan;nan;nan;nan;nan;nan;nan;nan;nan;nan;nan;nan;nan;nan;nan;nan;nan;nan;nan;nan;nan;nan;nan;nan;nan;nan;nan;nan;nan;nan;nan;nan;nan;nan;nan;nan;nan;nan;nan;nan;nan;nan;nan;nan;nan;nan;nan;nan;nan;nan;nan;nan;nan;nan;nan;nan;nan;nan;nan;nan;nan;nan;nan;nan;nan;nan;nan;nan;nan;nan;nan;nan;nan;nan;nan;nan;nan;nan;nan;nan;nan;nan;nan;nan;nan;nan;nan;nan;nan;nan;nan;nan;nan;nan;nan;nan;nan;nan;nan;nan;nan;nan;nan;nan;nan;nan;nan;nan;nan;nan;nan;nan;nan;nan;nan;nan;nan;nan;nan;nan;nan;nan;nan;nan;nan;nan;nan;nan;nan;nan;nan;nan;nan;nan;nan;nan;nan;nan;nan;nan;nan;nan;nan;nan;nan;nan;nan;nan;nan;nan;nan;nan;nan;nan;nan;nan;nan;nan;nan;nan;nan;nan;nan;nan;nan;nan;nan;nan;nan;nan;nan;nan;nan;nan;nan;nan;nan;nan;nan;nan;nan;nan;nan;nan;nan;nan;nan;nan;nan;nan;nan;nan;nan;nan;nan;nan;nan;nan;nan;nan;nan;nan;nan;nan;nan;nan;nan;nan;nan;nan;nan;nan;nan;nan;nan;nan;nan;nan;nan;nan;nan;nan;nan;nan;nan;nan;nan;nan;nan;nan;nan;nan;nan;nan;nan;nan;nan;nan;nan;nan;nan;nan;nan;nan;nan;nan;nan;nan;nan;nan;nan;nan;nan;nan;nan;nan;nan;nan;nan;nan;nan;nan;nan;nan;nan;nan;nan;nan;nan;nan;nan;nan;nan;nan;nan;nan;nan;nan;nan;0.6717225;0.8658930157301495;0.6306306306306306;0.4968380098950451;0.6480331262939959;0.4461761;0.0748901125118458;0.9705;0.9673592734198557;0.9672658027644225;0.05752253532409668;0.6717225;0.8658930157301495;0.6306306306306306;0.4968380098950451;0.6480331262939959;0.4461761;0.0748901125118458;0.9705;0.9673592734198557;0.9672658027644225;0.0;0.0;0.0;0.0;0.0;0.0;0.0;0.0;0.0;0.0;0.05752253532409668;0.68723524;0.6720907347159343;0.6126126126126126;0.5348496872444624;0.4849896480331263;0.17035722732543945;209.49594;0.6475259981973952;0.6486486486486487;0.6464947706327016;0.6772727272727272;10.021446466445923;nan;nan;nan;nan;nan;nan;nan;nan;nan;nan;nan;nan;nan;nan;nan;nan;nan;nan;nan;nan;nan;nan;nan;nan;nan;nan;nan;nan;nan;nan;nan;nan;nan;nan;nan;nan;nan;nan;nan;nan;nan;nan;nan;nan;nan;nan;nan;nan;nan;nan;nan;nan;nan;nan;nan;nan;nan;nan;nan;nan;nan;nan;nan;nan;nan;nan;nan;nan;nan;nan;nan;nan;nan;nan;nan;nan;nan;nan;nan;nan;nan;nan;nan;nan;nan;nan;nan;nan;nan;nan;nan;nan;nan;nan;nan;nan;nan;nan;nan;nan;nan;nan;nan;nan;nan;nan;nan;nan;nan;nan;nan;nan;nan;nan;nan;nan;nan;nan;nan;nan;nan;nan;nan;nan;nan;nan;nan;nan;nan;nan;nan;nan;nan;nan;nan;nan;nan;nan;nan;nan;nan;nan;nan;nan;nan;nan;nan;nan;nan;nan;nan;nan;nan;nan;nan;nan;nan;nan;nan;nan;nan;nan;nan;nan;nan;nan;nan;nan;nan;nan;nan;nan;nan;nan;nan;nan;0.6915878;0.6466352110788548;0.40625;0.48677667269439423;0.6644736842105263;0.59889895;0.3228405280422115;0.8576;0.858402001459723;0.9032774838794578;0.05744671821594238;0.6915878;0.6466352110788548;0.40625;0.48677667269439423;0.6644736842105263;0.59889895;0.3228405280422115;0.8576;0.858402001459723;0.9032774838794578;0.0;0.0;0.0;0.0;0.0;0.0;0.0;0.0;0.0;0.0;0.05744671821594238;0.71289563;0.7572382956277579;0.390625;0.4652645148968679;0.62468671679198;0.14451956748962402;23.599583;0.43920243135653436;0.8828125;0.9083423550966023;0.6747967479674798;10.722700357437134;nan;nan;nan;nan;nan;nan;nan;nan;nan;nan;nan;nan;nan;nan;nan;nan;nan;nan;nan;nan;nan;nan;nan;nan;nan;nan;nan;nan;nan;nan;nan;nan;nan;nan;nan;nan;nan;nan;nan;nan;nan;nan;nan;nan;nan;nan;nan;nan;nan;nan;nan;nan;nan;nan;nan;nan;nan;nan;nan;nan;nan;nan;nan;nan;nan;nan;nan;nan;nan;nan;nan;nan;nan;nan;nan;nan;nan;nan;nan;nan;nan;nan;nan;nan;nan;nan;nan;nan;nan;nan;nan;nan;nan;nan;nan;nan;nan;nan;nan;nan;nan;nan;nan;nan;nan;nan;nan;nan;nan;nan;nan;nan;nan;nan;nan;nan;nan;nan;nan;nan;nan;nan;nan;nan;nan;nan;nan;nan;nan;nan;nan;nan;nan;nan;nan;nan;nan;nan;nan;nan;nan;nan;nan;nan;nan;nan;nan;nan;nan;nan;nan;nan;nan;nan;nan;nan;nan;nan;nan;nan;nan;nan;nan;nan;nan;nan;nan;nan;nan;nan;nan;nan;nan;nan;nan;nan;nan;nan;nan;nan;nan;nan;nan;nan;nan;nan;nan;nan;nan;nan;nan;nan;nan;nan;nan;nan;nan;nan;nan;nan;nan;nan;nan;nan;nan;nan;nan;nan;nan;nan;nan;nan;nan;nan;nan;nan;nan;nan;nan;nan;nan;nan;nan;nan;nan;nan;nan;nan;nan;nan;nan;nan;nan;nan;nan;nan;nan;nan;nan;nan;nan;nan;nan;nan;nan;nan;nan;nan;nan;nan;nan;nan;nan;nan;nan;nan;nan;nan;nan;nan;nan;nan;nan;nan;nan;nan;nan;nan;nan;nan;nan;nan;nan;nan;nan;nan;nan;nan;nan;nan;nan;nan;nan;nan;nan;nan;nan;nan;nan;nan;nan;nan;nan;nan;nan;nan;nan;nan;nan;nan;nan;nan;nan;nan;nan;nan;nan;nan;nan;nan;nan;nan;nan;nan;nan;nan;nan;nan;nan;nan;nan;nan;nan;nan;nan;nan;nan;nan;nan;nan;nan;nan;nan;nan;nan;nan;nan;nan;nan;nan;nan;nan;nan;nan;nan;nan;nan;nan;nan;nan;nan;nan;nan;nan;nan;nan;nan;nan;nan;nan;nan;nan;nan;nan;nan;nan;nan;nan;nan;nan;nan;nan;nan;nan;nan;nan;nan;nan;nan;nan;nan;nan;nan;nan;nan;nan;nan;nan;nan;nan;nan;nan;nan;nan;nan;nan;nan;nan;nan;nan;nan;nan;nan;nan;nan;nan;nan;nan;nan;nan;nan;nan;nan;nan;nan;nan;nan;nan;nan;nan;nan;nan;nan;nan;nan;nan;nan;nan;nan;nan;nan;nan;nan;nan;nan;nan;nan;nan;nan;nan;0.67150027;0.9315932917994989;0.7117117117117117;0.6501406383759325;0.6956521739130435;0.54463536;0.04357706150935386;0.9905;0.9873658364779873;0.742960442447609;0.05930137634277344;0.67150027;0.9315932917994989;0.7117117117117117;0.6501406383759325;0.6956521739130435;0.54463536;0.04357706150935386;0.9905;0.9873658364779873;0.742960442447609;0.0;0.0;0.0;0.0;0.0;0.0;0.0;0.0;0.0;0.0;0.05930137634277344;0.68723524;0.6720907347159343;0.6126126126126126;0.5348496872444624;0.4849896480331263;0.17035722732543945;209.49594;0.6475259981973952;0.6486486486486487;0.6464947706327016;0.6772727272727272;10.021446466445923;nan;nan;nan;nan;nan;nan;nan;nan;nan;nan;nan;nan;nan;nan;nan;nan;nan;nan;nan;nan;nan;nan;nan;nan;nan;nan;nan;nan;nan;nan;nan;nan;nan;nan;nan;nan;nan;nan;nan;nan;nan;nan;nan;nan;nan;nan;nan;nan;nan;nan;nan;nan;nan;nan;nan;nan;nan;nan;nan;nan;nan;nan;nan;nan;nan;nan;nan;nan;nan;nan;nan;nan;nan;nan;nan;nan;nan;nan;nan;nan;nan;nan;nan;nan;nan;nan;nan;nan;nan;nan;nan;nan;nan;nan;nan;nan;nan;nan;nan;nan;nan;nan;nan;nan;nan;nan;nan;nan;nan;nan;nan;nan;nan;nan;nan;nan;nan;nan;nan;nan;nan;nan;nan;nan;nan;nan;nan;nan;nan;nan;nan;nan;nan;nan;nan;nan;nan;nan;nan;nan;nan;nan;nan;nan;nan;nan;nan;nan;nan;nan;nan;nan;nan;nan;nan;nan;nan;nan;nan;nan;nan;nan;nan;nan;nan;nan;nan;nan;nan;nan;nan;nan;nan;nan;nan;nan;0.9855261;4.736258998960949;0.109375;0.021566901408450703;0.5745614035087719;0.49790868;0.08513177384561245;0.9726;0.9635940125421759;0.903094426126881;0.05849480628967285;0.9855261;4.736258998960949;0.109375;0.021566901408450703;0.5745614035087719;0.49790868;0.08513177384561245;0.9726;0.9635940125421759;0.903094426126881;0.0;0.0;0.0;0.0;0.0;0.0;0.0;0.0;0.0;0.0;0.05849480628967285;0.71289563;0.7572382956277579;0.390625;0.4652645148968679;0.62468671679198;0.14451956748962402;23.599583;0.43920243135653436;0.8828125;0.9083423550966023;0.6747967479674798;10.722700357437134;nan;nan;nan;nan;nan;nan;nan;nan;nan;nan;nan;nan;nan;nan;nan;nan;nan;nan;nan;nan;nan;nan;nan;nan;nan;nan;nan;nan;nan;nan;nan;nan;nan;nan;nan;nan;nan;nan;nan;nan;nan;nan;nan;nan;nan;nan;nan;nan;nan;nan;nan;nan;nan;nan;nan;nan;nan;nan;nan;nan;nan;nan;nan;nan;nan;nan;nan;nan;nan;nan;nan;nan;nan;nan;nan;nan;nan;nan;nan;nan;nan;nan;nan;nan;nan;nan;nan;nan;nan;nan;nan;nan;nan;nan;nan;nan;nan;nan;nan;nan;nan;nan;nan;nan;nan;nan;nan;nan;nan;nan;nan;nan;nan;nan;nan;nan;nan;nan;nan;nan;nan;nan;nan;nan;nan;nan;nan;nan;nan;nan;nan;nan;nan;nan;nan;nan;nan;nan;nan;nan;nan;nan;nan;nan;nan;nan;nan;nan;nan;nan;nan;nan;nan;nan;nan;nan;nan;nan;nan;nan;nan;nan;nan;nan;nan;nan;nan;nan;nan;nan;nan;nan;nan;nan;nan;nan;nan;nan;nan;nan;nan;nan;nan;nan;nan;nan;nan;nan;nan;nan;nan;nan;nan;nan;nan;nan;nan;nan;nan;nan;nan;nan;nan;nan;nan;nan;nan;nan;nan;nan;nan;nan;nan;nan;nan;nan;nan;nan;nan;nan;nan;nan;nan;nan;nan;nan;nan;nan;nan;nan;nan;nan;nan;nan;nan;nan;nan;nan;nan;nan;nan;nan;nan;nan;nan;nan;nan;nan;nan;nan;nan;nan;nan;nan;nan;nan;nan;nan;nan;nan;nan;nan;nan;nan;nan;nan;nan;nan;nan;nan;nan;nan;nan;nan;nan;nan;nan;nan;nan;nan;nan;nan;nan;nan;nan;nan;nan;nan;nan;nan;nan;nan;nan;nan;nan;nan;nan;nan;nan;nan;nan;nan;nan;nan;nan;nan;nan;nan;nan;nan;nan;nan;nan;nan;nan;nan;nan;nan;nan;nan;nan;nan;nan;nan;nan;nan;nan;nan;nan;nan;nan;nan;nan;nan;nan;nan;nan;nan;nan;nan;nan;nan;nan;nan;nan;nan;nan;nan;nan;nan;nan;nan;nan;nan;nan;nan;nan;nan;nan;nan;nan;nan;nan;nan;nan;nan;nan;nan;nan;nan;nan;nan;nan;nan;nan;nan;nan;nan;nan;nan;nan;nan;nan;nan;nan;nan;nan;nan;nan;nan;nan;nan;nan;nan;nan;nan;nan;nan;nan;nan;nan;nan;nan;nan;nan;nan;nan;nan;nan;nan;nan;nan;nan;nan;nan;nan;nan;nan;nan;nan;nan;nan;nan;nan;nan;nan;nan;nan;nan;nan;nan;nan;nan;nan;nan;nan;nan;nan;nan;nan;0.6475883;4.392136008058924;0.7657657657657657;0.7657657657657657;0.7555210489993098;0.36083657;0.003731269340371617;0.9988;0.9987572631940864;0.9985289200936142;0.039212942123413086;0.6475883;4.392136008058924;0.7657657657657657;0.7657657657657657;0.7555210489993098;0.36083657;0.003731269340371617;0.9988;0.9987572631940864;0.9985289200936142;0.0;0.0;0.0;0.0;0.0;0.0;0.0;0.0;0.0;0.0;0.039212942123413086;0.68723524;0.6720907347159343;0.6126126126126126;0.5348496872444624;0.4849896480331263;0.17035722732543945;209.49594;0.6475259981973952;0.6486486486486487;0.6464947706327016;0.6772727272727272;10.021446466445923;nan;nan;nan;nan;nan;nan;nan;nan;nan;nan;nan;nan;nan;nan;nan;nan;nan;nan;nan;nan;nan;nan;nan;nan;nan;nan;nan;nan;nan;nan;nan;nan;nan;nan;nan;nan;nan;nan;nan;nan;nan;nan;nan;nan;nan;nan;nan;nan;nan;nan;nan;nan;nan;nan;nan;nan;nan;nan;nan;nan;nan;nan;nan;nan;nan;nan;nan;nan;nan;nan;nan;nan;nan;nan;nan;nan;nan;nan;nan;nan;nan;nan;nan;nan;nan;nan;nan;nan;nan;nan;nan;nan;nan;nan;nan;nan;nan;nan;nan;nan;nan;nan;nan;nan;nan;nan;nan;nan;nan;nan;nan;nan;nan;nan;nan;nan;nan;nan;nan;nan;nan;nan;nan;nan;nan;nan;nan;nan;nan;nan;nan;nan;nan;nan;nan;nan;nan;nan;nan;nan;nan;nan;nan;nan;nan;nan;nan;nan;nan;nan;nan;nan;nan;nan;nan;nan;nan;nan;nan;nan;nan;nan;nan;nan;nan;nan;nan;nan;nan;nan;nan;nan;nan;nan;nan;nan;0.6331881;0.41475663403024227;0.890625;0.8824533045977011;0.6954887218045113;0.52307326;0.08457948526011155;0.9641;0.9639054042353596;0.9853353700619089;0.07031989097595215;0.6331881;0.41475663403024227;0.890625;0.8824533045977011;0.6954887218045113;0.52307326;0.08457948526011155;0.9641;0.9639054042353596;0.9853353700619089;0.0;0.0;0.0;0.0;0.0;0.0;0.0;0.0;0.0;0.0;0.07031989097595215;0.71289563;0.7572382956277579;0.390625;0.4652645148968679;0.62468671679198;0.14451956748962402;23.599583;0.43920243135653436;0.8828125;0.9083423550966023;0.6747967479674798;10.722700357437134;nan;nan;nan;nan;nan;nan;nan;nan;nan;nan;nan;nan;nan;nan;nan;nan;nan;nan;nan;nan;nan;nan;nan;nan;nan;nan;nan;nan;nan;nan;nan;nan;nan;nan;nan;nan;nan;nan;nan;nan;nan;nan;nan;nan;nan;nan;nan;nan;nan;nan;nan;nan;nan;nan;nan;nan;nan;nan;nan;nan;nan;nan;nan;nan;nan;nan;nan;nan;nan;nan;nan;nan;nan;nan;nan;nan;nan;nan;nan;nan;nan;nan;nan;nan;nan;nan;nan;nan;nan;nan;nan;nan;nan;nan;nan;nan;nan;nan;nan;nan;nan;nan;nan;nan;nan;nan;nan;nan;nan;nan;nan;nan;nan;nan;nan;nan;nan;nan;nan;nan;nan;nan;nan;nan;nan;nan;nan;nan;nan;nan;nan;nan;nan;nan;nan;nan;nan;nan;nan;nan;nan;nan;nan;nan;nan;nan;nan;nan;nan;nan;nan;nan;nan;nan;nan;nan;nan;nan;nan;nan;nan;nan;nan;nan;nan;nan;nan;nan;nan;nan;nan;nan;nan;nan;nan;nan;nan;nan;nan;nan;nan;nan;nan;nan;nan;nan;nan;nan;nan;nan;nan;nan;nan;nan;nan;nan;nan;nan;nan;nan;nan;nan;nan;nan;nan;nan;nan;nan;nan;nan;nan;nan;nan;nan;nan;nan;nan;nan;nan;nan;nan;nan;nan;nan;nan;nan;nan;nan;nan;nan;nan;nan;nan;nan;nan;nan;nan;nan;nan;nan;nan;nan;nan;nan;nan;nan;nan;nan;nan;nan;nan;nan;nan;nan;nan;nan;nan;nan;nan;nan;nan;nan;nan;nan;nan;nan;nan;nan;nan;nan;nan;nan;nan;nan;nan;nan;nan;nan;nan;nan;nan;nan;nan;nan;nan;nan;nan;nan;nan;nan;nan;nan;nan;nan;nan;nan;nan;nan;nan;nan;nan;nan;nan;nan;nan;nan;nan;nan;nan;nan;nan;nan;nan;nan;nan;nan;nan;nan;nan;nan;nan;nan;nan;nan;nan;nan;nan;nan;nan;nan;nan;nan;nan;nan;nan;nan;nan;nan;nan;nan;nan;nan;nan;nan;nan;nan;nan;nan;nan;nan;nan;nan;nan;nan;nan;nan;nan;nan;nan;nan;nan;nan;nan;nan;nan;nan;nan;nan;nan;nan;nan;nan;nan;nan;nan;nan;nan;nan;nan;nan;nan;nan;nan;nan;nan;nan;nan;nan;nan;nan;nan;nan;nan;nan;nan;nan;nan;nan;nan;nan;nan;nan;nan;nan;nan;nan;nan;nan;nan;nan;nan;nan;nan;nan;nan;nan;nan;nan;nan;nan;nan;nan;nan;nan;nan;nan;nan;nan;nan;nan;nan;nan;nan;nan;nan;nan;nan;nan;nan;nan;0.6664837;0.6211673458738554;0.4594594594594595;0.36417186417186415;0.6469979296066253;0.5290613;0.15463811269510946;0.9374;0.93548245087505;0.9504007284068194;0.056812286376953125;0.6664837;0.6211673458738554;0.4594594594594595;0.36417186417186415;0.6469979296066253;0.5290613;0.15463811269510946;0.9374;0.93548245087505;0.9504007284068194;0.0;0.0;0.0;0.0;0.0;0.0;0.0;0.0;0.0;0.0;0.056812286376953125;0.68723524;0.6720907347159343;0.6126126126126126;0.5348496872444624;0.4849896480331263;0.17035722732543945;209.49594;0.6475259981973952;0.6486486486486487;0.6464947706327016;0.6772727272727272;10.021446466445923;nan;nan;nan;nan;nan;nan;nan;nan;nan;nan;nan;nan;nan;nan;nan;nan;nan;nan;nan;nan;nan;nan;nan;nan;nan;nan;nan;nan;nan;nan;nan;nan;nan;nan;nan;nan;nan;nan;nan;nan;nan;nan;nan;nan;nan;nan;nan;nan;nan;nan;nan;nan;nan;nan;nan;nan;nan;nan;nan;nan;nan;nan;nan;nan;nan;nan;nan;nan;nan;nan;nan;nan;nan;nan;nan;nan;nan;nan;nan;nan;nan;nan;nan;nan;nan;nan;nan;nan;nan;nan;nan;nan;nan;nan;nan;nan;nan;nan;nan;nan;nan;nan;nan;nan;nan;nan;nan;nan;nan;nan;nan;nan;nan;nan;nan;nan;nan;nan;nan;nan;nan;nan;nan;nan;nan;nan;nan;nan;nan;nan;nan;nan;nan;nan;nan;nan;nan;nan;nan;nan;nan;nan;nan;nan;nan;nan;nan;nan;nan;nan;nan;nan;nan;nan;nan;nan;nan;nan;nan;nan;nan;nan;nan;nan;nan;nan;nan;nan;nan;nan;nan;nan;nan;nan;nan;nan;0.80475;1.2160790465434685;0.125;0.05258620689655172;0.5513784461152882;0.6523559;0.46095182652722505;0.7932;0.7938413138100877;0.8430717891015023;0.051085710525512695;0.80475;1.2160790465434685;0.125;0.05258620689655172;0.5513784461152882;0.6523559;0.46095182652722505;0.7932;0.7938413138100877;0.8430717891015023;0.0;0.0;0.0;0.0;0.0;0.0;0.0;0.0;0.0;0.0;0.051085710525512695;0.71289563;0.7572382956277579;0.390625;0.4652645148968679;0.62468671679198;0.14451956748962402;23.599583;0.43920243135653436;0.8828125;0.9083423550966023;0.6747967479674798;10.722700357437134;nan;nan;nan;nan;nan;nan;nan;nan;nan;nan;nan;nan;nan;nan;nan;nan;nan;nan;nan;nan;nan;nan;nan;nan;nan;nan;nan;nan;nan;nan;nan;nan;nan;nan;nan;nan;nan;nan;nan;nan;nan;nan;nan;nan;nan;nan;nan;nan;nan;nan;nan;nan;nan;nan;nan;nan;nan;nan;nan;nan;nan;nan;nan;nan;nan;nan;nan;nan;nan;nan;nan;nan;nan;nan;nan;nan;nan;nan;nan;nan;nan;nan;nan;nan;nan;nan;nan;nan;nan;nan;nan;nan;nan;nan;nan;nan;nan;nan;nan;nan;nan;nan;nan;nan;nan;nan;nan;nan;nan;nan;nan;nan;nan;nan;nan;nan;nan;nan;nan;nan;nan;nan;nan;nan;nan;nan;nan;nan;nan;nan;nan;nan;nan;nan;nan;nan;nan;nan;nan;nan;nan;nan;nan;nan;nan;nan;nan;nan;nan;nan;nan;nan;nan;nan;nan;nan;nan;nan;nan;nan;nan;nan;nan;nan;nan;nan;nan;nan;nan;nan;nan;nan;nan;nan;nan;nan;nan;nan;nan;nan;nan;nan;nan;nan;nan;nan;nan;nan;nan;nan;nan;nan;nan;nan;nan;nan;nan;nan;nan;nan;nan;nan;nan;nan;nan;nan;nan;nan;nan;nan;nan;nan;nan;nan;nan;nan;nan;nan;nan;nan;nan;nan;nan;nan;nan;nan;nan;nan;nan;nan;nan;nan;nan;nan;nan;nan;nan;nan;nan;nan;nan;nan;nan;nan;nan;nan;nan;nan;nan;nan;nan;nan;nan;nan;nan;nan;nan;nan;nan;nan;nan;nan;nan;nan;nan;nan;nan;nan;nan;nan;nan;nan;nan;nan;nan;nan;nan;nan;nan;nan;nan;nan;nan;nan;nan;nan;nan;nan;nan;nan;nan;nan;nan;nan;nan;nan;nan;nan;nan;nan;nan;nan;nan;nan;nan;nan;nan;nan;nan;nan;nan;nan;nan;nan;nan;nan;nan;nan;nan;nan;nan;nan;nan;nan;nan;nan;nan;nan;nan;nan;nan;nan;nan;nan;nan;nan;nan;nan;nan;nan;nan;nan;nan;nan;nan;nan;nan;nan;nan;nan;nan;nan;nan;nan;nan;nan;nan;nan;nan;nan;nan;nan;nan;nan;nan;nan;nan;nan;nan;nan;nan;nan;nan;nan;nan;nan;nan;nan;nan;nan;nan;nan;nan;nan;nan;nan;nan;nan;nan;nan;nan;nan;nan;nan;nan;nan;nan;nan;nan;nan;nan;nan;nan;nan;nan;nan;nan;nan;nan;nan;nan;nan;nan;nan;nan;nan;nan;nan;nan;nan;nan;nan;nan;nan;nan;nan;nan;nan;nan;nan;nan;nan;nan;nan;nan;nan;nan;nan;nan;nan;0.716414;0.8071973553909761;0.4594594594594595;0.36417186417186415;0.6469979296066253;0.43598828;0.03870033803677908;0.9837;0.9837118341237112;0.9858976140391105;0.05632805824279785;0.716414;0.8071973553909761;0.4594594594594595;0.36417186417186415;0.6469979296066253;0.43598828;0.03870033803677908;0.9837;0.9837118341237112;0.9858976140391105;0.0;0.0;0.0;0.0;0.0;0.0;0.0;0.0;0.0;0.0;0.05632805824279785;0.68723524;0.6720907347159343;0.6126126126126126;0.5348496872444624;0.4849896480331263;0.17035722732543945;209.49594;0.6475259981973952;0.6486486486486487;0.6464947706327016;0.6772727272727272;10.021446466445923;nan;nan;nan;nan;nan;nan;nan;nan;nan;nan;nan;nan;nan;nan;nan;nan;nan;nan;nan;nan;nan;nan;nan;nan;nan;nan;nan;nan;nan;nan;nan;nan;nan;nan;nan;nan;nan;nan;nan;nan;nan;nan;nan;nan;nan;nan;nan;nan;nan;nan;nan;nan;nan;nan;nan;nan;nan;nan;nan;nan;nan;nan;nan;nan;nan;nan;nan;nan;nan;nan;nan;nan;nan;nan;nan;nan;nan;nan;nan;nan;nan;nan;nan;nan;nan;nan;nan;nan;nan;nan;nan;nan;nan;nan;nan;nan;nan;nan;nan;nan;nan;nan;nan;nan;nan;nan;nan;nan;nan;nan;nan;nan;nan;nan;nan;nan;nan;nan;nan;nan;nan;nan;nan;nan;nan;nan;nan;nan;nan;nan;nan;nan;nan;nan;nan;nan;nan;nan;nan;nan;nan;nan;nan;nan;nan;nan;nan;nan;nan;nan;nan;nan;nan;nan;nan;nan;nan;nan;nan;nan;nan;nan;nan;nan;nan;nan;nan;nan;nan;nan;nan;nan;nan;nan;nan;nan;0.73245513;0.8795223670551529;0.109375;0.09828296703296704;0.3486842105263158;0.6576855;0.40710723887119804;0.8345;0.8247276086096857;0.8431729155008394;0.05261397361755371;0.73245513;0.8795223670551529;0.109375;0.09828296703296704;0.3486842105263158;0.6576855;0.40710723887119804;0.8345;0.8247276086096857;0.8431729155008394;0.0;0.0;0.0;0.0;0.0;0.0;0.0;0.0;0.0;0.0;0.05261397361755371;0.71289563;0.7572382956277579;0.390625;0.4652645148968679;0.62468671679198;0.14451956748962402;23.599583;0.43920243135653436;0.8828125;0.9083423550966023;0.6747967479674798;10.722700357437134;nan;nan;nan;nan;nan;nan;nan;nan;nan;nan;nan;nan;nan;nan;nan;nan;nan;nan;nan;nan;nan;nan;nan;nan;nan;nan;nan;nan;nan;nan;nan;nan;nan;nan;nan;nan;nan;nan;nan;nan;nan;nan;nan;nan;nan;nan;nan;nan;nan;nan;nan;nan;nan;nan;nan;nan;nan;nan;nan;nan;nan;nan;nan;nan;nan;nan;nan;nan;nan;nan;nan;nan;nan;nan;nan;nan;nan;nan;nan;nan;nan;nan;nan;nan;nan;nan;nan;nan;nan;nan;nan;nan;nan;nan;nan;nan;nan;nan;nan;nan;nan;nan;nan;nan;nan;nan;nan;nan;nan;nan;nan;nan;nan;nan;nan;nan;nan;nan;nan;nan;nan;nan;nan;nan;nan;nan;nan;nan;nan;nan;nan;nan;nan;nan;nan;nan;nan;nan;nan;nan;nan;nan;nan;nan;nan;nan;nan;nan;nan;nan;nan;nan;nan;nan;nan;nan;nan;nan;nan;nan;nan;nan;nan;nan;nan;nan;nan;nan;nan;nan;nan;nan;nan;nan;nan;nan;nan;nan;nan;nan;nan;nan;nan;nan;nan;nan;nan;nan;nan;nan;nan;nan;nan;nan;nan;nan;nan;nan;nan;nan;nan;nan;nan;nan;nan;nan;nan;nan;nan;nan;nan;nan;nan;nan;nan;nan;nan;nan;nan;nan;nan;nan;nan;nan;nan;nan;nan;nan;nan;nan;nan;nan;nan;nan;nan;nan;nan;nan;nan;nan;nan;nan;nan;nan;nan;nan;nan;nan;nan;nan;nan;nan;nan;nan;nan;nan;nan;nan;nan;nan;nan;nan;nan;nan;nan;nan;nan;nan;nan;nan;nan;nan;nan;nan;nan;nan;nan;nan;nan;nan;nan;nan;nan;nan;nan;nan;nan;nan;nan;nan;nan;nan;nan;nan;nan;nan;nan;nan;nan;nan;nan;nan;nan;nan;nan;nan;nan;nan;nan;nan;nan;nan;nan;nan;nan;nan;nan;nan;nan;nan;nan;nan;nan;nan;nan;nan;nan;nan;nan;nan;nan;nan;nan;nan;nan;nan;nan;nan;nan;nan;nan;nan;nan;nan;nan;nan;nan;nan;nan;nan;nan;nan;nan;nan;nan;nan;nan;nan;nan;nan;nan;nan;nan;nan;nan;nan;nan;nan;nan;nan;nan;nan;nan;nan;nan;nan;nan;nan;nan;nan;nan;nan;nan;nan;nan;nan;nan;nan;nan;nan;nan;nan;nan;nan;nan;nan;nan;nan;nan;nan;nan;nan;nan;nan;nan;nan;nan;nan;nan;nan;nan;nan;nan;nan;nan;nan;nan;nan;nan;nan;nan;nan;nan;nan;nan;nan;nan;nan;nan;nan;nan;nan;nan;nan;nan;nan;nan;nan;nan;nan;0.6046511;0.05494299636596439;0.990990990990991;0.9910111055667089;0.995169082125604;0.62477386;0.09370057903763652;0.9768339768339769;0.9768339768339769;0.9826007326007326;0.000766754150390625;0.6046511;0.05494299636596439;0.990990990990991;0.9910111055667089;0.995169082125604;0.62477386;0.09370057903763652;0.9768339768339769;0.9768339768339769;0.9826007326007326;0.0;0.0;0.0;0.0;0.0;0.0;0.0;0.0;0.0;0.0;0.000766754150390625;0.68723524;0.6720907347159343;0.6126126126126126;0.5348496872444624;0.4849896480331263;0.17035722732543945;209.49594;0.6475259981973952;0.6486486486486487;0.6464947706327016;0.6772727272727272;10.021446466445923;nan;nan;nan;nan;nan;nan;nan;nan;nan;nan;nan;nan;nan;nan;nan;nan;nan;nan;nan;nan;nan;nan;nan;nan;nan;nan;nan;nan;nan;nan;nan;nan;nan;nan;nan;nan;nan;nan;nan;nan;nan;nan;nan;nan;nan;nan;nan;nan;nan;nan;nan;nan;nan;nan;nan;nan;nan;nan;nan;nan;nan;nan;nan;nan;nan;nan;nan;nan;nan;nan;nan;nan;nan;nan;nan;nan;nan;nan;nan;nan;nan;nan;nan;nan;nan;nan;nan;nan;nan;nan;nan;nan;nan;nan;nan;nan;nan;nan;nan;nan;nan;nan;nan;nan;nan;nan;nan;nan;nan;nan;nan;nan;nan;nan;nan;nan;nan;nan;nan;nan;nan;nan;nan;nan;nan;nan;nan;nan;nan;nan;nan;nan;nan;nan;nan;nan;nan;nan;nan;nan;nan;nan;nan;nan;nan;nan;nan;nan;nan;nan;nan;nan;nan;nan;nan;nan;nan;nan;nan;nan;nan;nan;nan;nan;nan;nan;nan;nan;nan;nan;nan;nan;nan;nan;nan;nan;0.5959859;0.18036464909391609;0.921875;0.9277126391096979;0.9176065162907269;0.5698449;0.1267657827917713;0.953125;0.9533660900544346;0.9833333333333334;0.0007905960083007812;0.5959859;0.18036464909391609;0.921875;0.9277126391096979;0.9176065162907269;0.5698449;0.1267657827917713;0.953125;0.9533660900544346;0.9833333333333334;0.0;0.0;0.0;0.0;0.0;0.0;0.0;0.0;0.0;0.0;0.0007905960083007812;0.71289563;0.7572382956277579;0.390625;0.4652645148968679;0.62468671679198;0.14451956748962402;23.599583;0.43920243135653436;0.8828125;0.9083423550966023;0.6747967479674798;10.722700357437134;nan;nan;nan;nan;nan;nan;nan;nan;nan;nan;nan;nan;nan;nan;nan;nan;nan;nan;nan;nan;nan;nan;nan;nan;nan;nan;nan;nan;nan;nan;nan;nan;nan;nan;nan;nan;nan;nan;nan;nan;nan;nan;nan;nan;nan;nan;nan;nan;nan;nan;nan;nan;nan;nan;nan;nan;nan;nan;nan;nan;nan;nan;nan;nan;nan;nan;nan;nan;nan;nan;nan;nan;nan;nan;nan;nan;nan;nan;nan;nan;nan;nan;nan;nan;nan;nan;nan;nan;nan;nan;nan;nan;nan;nan;nan;nan;nan;nan;nan;nan;nan;nan;nan;nan;nan;nan;nan;nan;nan;nan;nan;nan;nan;nan;nan;nan;nan;nan;nan;nan;nan;nan;nan;nan;nan;nan;nan;nan;nan;nan;nan;nan;nan;nan;nan;nan;nan;nan;nan;nan;nan;nan;nan;nan;nan;nan;nan;nan;nan;nan;nan;nan;nan;nan;nan;nan;nan;nan;nan;nan;nan;nan;nan;nan;nan;nan;nan;nan;nan;nan;nan;nan;nan;nan;nan;nan;nan;nan;nan;nan;nan;nan;nan;nan;nan;nan;nan;nan;nan;nan;nan;nan;nan;nan;nan;nan;nan;nan;nan;nan;nan;nan;nan;nan;nan;nan;nan;nan;nan;nan;nan;nan;nan;nan;nan;nan;nan;nan;nan;nan;nan;nan;nan;nan;nan;nan;nan;nan;nan;nan;nan;nan;nan;nan;nan;nan;nan;nan;nan;nan;nan;nan;nan;nan;nan;nan;nan;nan;nan;nan;nan;nan;nan;nan;nan;nan;nan;nan;nan;nan;nan;nan;nan;nan;nan;nan;nan;nan;nan;nan;nan;nan;nan;nan;nan;nan;nan;nan;nan;nan;nan;nan;nan;nan;nan;nan;nan;nan;nan;nan;nan;nan;nan;nan;nan;nan;nan;nan;nan;nan;nan;nan;nan;nan;nan;nan;nan;nan;nan;nan;nan;nan;nan;nan;nan;nan;nan;nan;nan;nan;nan;nan;nan;nan;nan;nan;nan;nan;nan;nan;nan;nan;nan;nan;nan;nan;nan;nan;nan;nan;nan;nan;nan;nan;nan;nan;nan;nan;nan;nan;nan;nan;nan;nan;nan;nan;nan;nan;nan;nan;nan;nan;nan;nan;nan;nan;nan;nan;nan;nan;nan;nan;nan;nan;nan;nan;nan;nan;nan;nan;nan;nan;nan;nan;nan;nan;nan;nan;nan;nan;nan;nan;nan;nan;nan;nan;nan;nan;nan;nan;nan;nan;nan;nan;nan;nan;nan;nan;nan;nan;nan;nan;nan;nan;nan;nan;nan;nan;nan;nan;nan;nan;nan;nan;nan;nan;nan;nan;nan;nan;nan;nan;nan;nan;nan;nan;nan;nan;nan;nan;0.68031484;0.6363390422568616;0.4594594594594595;0.36417186417186415;0.7857142857142857;0.5592102;0.2968007003419616;0.8643;0.8647840230107453;0.9165328739020189;0.06728601455688477;0.68031484;0.6363390422568616;0.4594594594594595;0.36417186417186415;0.7857142857142857;0.5592102;0.2968007003419616;0.8643;0.8647840230107453;0.9165328739020189;0.0;0.0;0.0;0.0;0.0;0.0;0.0;0.0;0.0;0.0;0.06728601455688477;0.68723524;0.6720907347159343;0.6126126126126126;0.5348496872444624;0.4849896480331263;0.17035722732543945;209.49594;0.6475259981973952;0.6486486486486487;0.6464947706327016;0.6772727272727272;10.021446466445923;nan;nan;nan;nan;nan;nan;nan;nan;nan;nan;nan;nan;nan;nan;nan;nan;nan;nan;nan;nan;nan;nan;nan;nan;nan;nan;nan;nan;nan;nan;nan;nan;nan;nan;nan;nan;nan;nan;nan;nan;nan;nan;nan;nan;nan;nan;nan;nan;nan;nan;nan;nan;nan;nan;nan;nan;nan;nan;nan;nan;nan;nan;nan;nan;nan;nan;nan;nan;nan;nan;nan;nan;nan;nan;nan;nan;nan;nan;nan;nan;nan;nan;nan;nan;nan;nan;nan;nan;nan;nan;nan;nan;nan;nan;nan;nan;nan;nan;nan;nan;nan;nan;nan;nan;nan;nan;nan;nan;nan;nan;nan;nan;nan;nan;nan;nan;nan;nan;nan;nan;nan;nan;nan;nan;nan;nan;nan;nan;nan;nan;nan;nan;nan;nan;nan;nan;nan;nan;nan;nan;nan;nan;nan;nan;nan;nan;nan;nan;nan;nan;nan;nan;nan;nan;nan;nan;nan;nan;nan;nan;nan;nan;nan;nan;nan;nan;nan;nan;nan;nan;nan;nan;nan;nan;nan;nan;0.8274096;1.4224677716758538;0.1171875;0.037208988590810975;0.7290100250626567;0.5854941;0.3782667655667278;0.8151;0.8084852757263089;0.8617078163388069;0.05606436729431152;0.8274096;1.4224677716758538;0.1171875;0.037208988590810975;0.7290100250626567;0.5854941;0.3782667655667278;0.8151;0.8084852757263089;0.8617078163388069;0.0;0.0;0.0;0.0;0.0;0.0;0.0;0.0;0.0;0.0;0.05606436729431152;0.71289563;0.7572382956277579;0.390625;0.4652645148968679;0.62468671679198;0.14451956748962402;23.599583;0.43920243135653436;0.8828125;0.9083423550966023;0.6747967479674798;10.722700357437134;nan;nan;nan;nan;nan;nan;nan;nan;nan;nan;nan;nan;nan;nan;nan;nan;nan;nan;nan;nan;nan;nan;nan;nan;nan;nan;nan;nan;nan;nan;nan;nan;nan;nan;nan;nan;nan;nan;nan;nan;nan;nan;nan;nan;nan;nan;nan;nan;nan;nan;nan;nan;nan;nan;nan;nan;nan;nan;nan;nan;nan;nan;nan;nan;nan;nan;nan;nan;nan;nan;nan;nan;nan;nan;nan;nan;nan;nan;nan;nan;nan;nan;nan;nan;nan;nan;nan;nan;nan;nan;nan;nan;nan;nan;nan;nan;nan;nan;nan;nan;nan;nan;nan;nan;nan;nan;nan;nan;nan;nan;nan;nan;nan;nan;nan;nan;nan;nan;nan;nan;nan;nan;nan;nan;nan;nan;nan;nan;nan;nan;nan;nan;nan;nan;nan;nan;nan;nan;nan;nan;nan;nan;nan;nan;nan;nan;nan;nan;nan;nan;nan;nan;nan;nan;nan;nan;nan;nan;nan;nan;nan;nan;nan;nan;nan;nan;nan;nan;nan;nan;nan;nan;nan;nan;nan;nan;nan;nan;nan;nan;nan;nan;nan;nan;nan;nan;nan;nan;nan;nan;nan;nan;nan;nan;nan;nan;nan;nan;nan;nan;nan;nan;nan;nan;nan;nan;nan;nan;nan;nan;nan;nan;nan;nan;nan;nan;nan;nan;nan;nan;nan;nan;nan;nan;nan;nan;nan;nan;nan;nan;nan;nan;nan;nan;nan;nan;nan;nan;nan;nan;nan;nan;nan;nan;nan;nan;nan;nan;nan;nan;nan;nan;nan;nan;nan;nan;nan;nan;nan;nan;nan;nan;nan;nan;nan;nan;nan;nan;nan;nan;nan;nan;nan;nan;nan;nan;nan;nan;nan;nan;nan;nan;nan;nan;nan;nan;nan;nan;nan;nan;nan;nan;nan;nan;nan;nan;nan;nan;nan;nan;nan;nan;nan;nan;nan;nan;nan;nan;nan;nan;nan;nan;nan;nan;nan;nan;nan;nan;nan;nan;nan;nan;nan;nan;nan;nan;nan;nan;nan;nan;nan;nan;nan;nan;nan;nan;nan;nan;nan;nan;nan;nan;nan;nan;nan;nan;nan;nan;nan;nan;nan;nan;nan;nan;nan;nan;nan;nan;nan;nan;nan;nan;nan;nan;nan;nan;nan;nan;nan;nan;nan;nan;nan;nan;nan;nan;nan;nan;nan;nan;nan;nan;nan;nan;nan;nan;nan;nan;nan;nan;nan;nan;nan;nan;nan;nan;nan;nan;nan;nan;nan;nan;nan;nan;nan;nan;nan;nan;nan;nan;nan;nan;nan;nan;nan;nan;nan;nan;nan;nan;nan;nan;nan;nan;nan;nan;nan;nan;nan;nan;nan;nan;nan;nan;nan;nan;nan;nan;nan;nan;0.67318803;0.6229492136140637;0.4594594594594595;0.36417186417186415;0.7908902691511387;0.558229;0.297417237688113;0.8597;0.8621998386394364;0.9170472301947609;0.08350944519042969;0.67318803;0.6229492136140637;0.4594594594594595;0.36417186417186415;0.7908902691511387;0.558229;0.297417237688113;0.8597;0.8621998386394364;0.9170472301947609;0.0;0.0;0.0;0.0;0.0;0.0;0.0;0.0;0.0;0.0;0.08350944519042969;0.68723524;0.6720907347159343;0.6126126126126126;0.5348496872444624;0.4849896480331263;0.17035722732543945;209.49594;0.6475259981973952;0.6486486486486487;0.6464947706327016;0.6772727272727272;10.021446466445923;nan;nan;nan;nan;nan;nan;nan;nan;nan;nan;nan;nan;nan;nan;nan;nan;nan;nan;nan;nan;nan;nan;nan;nan;nan;nan;nan;nan;nan;nan;nan;nan;nan;nan;nan;nan;nan;nan;nan;nan;nan;nan;nan;nan;nan;nan;nan;nan;nan;nan;nan;nan;nan;nan;nan;nan;nan;nan;nan;nan;nan;nan;nan;nan;nan;nan;nan;nan;nan;nan;nan;nan;nan;nan;nan;nan;nan;nan;nan;nan;nan;nan;nan;nan;nan;nan;nan;nan;nan;nan;nan;nan;nan;nan;nan;nan;nan;nan;nan;nan;nan;nan;nan;nan;nan;nan;nan;nan;nan;nan;nan;nan;nan;nan;nan;nan;nan;nan;nan;nan;nan;nan;nan;nan;nan;nan;nan;nan;nan;nan;nan;nan;nan;nan;nan;nan;nan;nan;nan;nan;nan;nan;nan;nan;nan;nan;nan;nan;nan;nan;nan;nan;nan;nan;nan;nan;nan;nan;nan;nan;nan;nan;nan;nan;nan;nan;nan;nan;nan;nan;nan;nan;nan;nan;nan;nan;0.67914003;0.6375543136611134;0.9296875;0.9190159574468085;0.7111528822055138;0.5866864;0.3802567581743332;0.8195;0.8211957829339023;0.8679274983889238;0.058707237243652344;0.67914003;0.6375543136611134;0.9296875;0.9190159574468085;0.7111528822055138;0.5866864;0.3802567581743332;0.8195;0.8211957829339023;0.8679274983889238;0.0;0.0;0.0;0.0;0.0;0.0;0.0;0.0;0.0;0.0;0.058707237243652344;0.71289563;0.7572382956277579;0.390625;0.4652645148968679;0.62468671679198;0.14451956748962402;23.599583;0.43920243135653436;0.8828125;0.9083423550966023;0.6747967479674798;10.722700357437134;nan;nan;nan;nan;nan;nan;nan;nan;nan;nan;nan;nan;nan;nan;nan;nan;nan;nan;nan;nan;nan;nan;nan;nan;nan;nan;nan;nan;nan;nan;nan;nan;nan;nan;nan;nan;nan;nan;nan;nan;nan;nan;nan;nan;nan;nan;nan;nan;nan;nan;nan;nan;nan;nan;nan;nan;nan;nan;nan;nan;nan;nan;nan;nan;nan;nan;nan;nan;nan;nan;nan;nan;nan;nan;nan;nan;nan;nan;nan;nan;nan;nan;nan;nan;nan;nan;nan;nan;nan;nan;nan;nan;nan;nan;nan;nan;nan;nan;nan;nan;nan;nan;nan;nan;nan;nan;nan;nan;nan;nan;nan;nan;nan;nan;nan;nan;nan;nan;nan;nan;nan;nan;nan;nan;nan;nan;nan;nan;nan;nan;nan;nan;nan;nan;nan;nan;nan;nan;nan;nan;nan;nan;nan;nan;nan;nan;nan;nan;nan;nan;nan;nan;nan;nan;nan;nan;nan;nan;nan;nan;nan;nan;nan;nan;nan;nan;nan;nan;nan;nan;nan;nan;nan;nan;nan;nan;nan;nan;nan;nan;nan;nan;nan;nan;nan;nan;nan;nan;nan;nan;nan;nan;nan;nan;nan;nan;nan;nan;nan;nan;nan;nan;nan;nan;nan;nan;nan;nan;nan;nan;nan;nan;nan;nan;nan;nan;nan;nan;nan;nan;nan;nan;nan;nan;nan;nan;nan;nan;nan;nan;nan;nan;nan;nan;nan;nan;nan;nan;nan;nan;nan;nan;nan;nan;nan;nan;nan;nan;nan;nan;nan;nan;nan;nan;nan;nan;nan;nan;nan;nan;nan;nan;nan;nan;nan;nan;nan;nan;nan;nan;nan;nan;nan;nan;nan;nan;nan;nan;nan;nan;nan;nan;nan;nan;nan;nan;nan;nan;nan;nan;nan;nan;nan;nan;nan;nan;nan;nan;nan;nan;nan;nan;nan;nan;nan;nan;nan;nan;nan;nan;nan;nan;nan;nan;nan;nan;nan;nan;nan;nan;nan;nan;nan;nan;nan;nan;nan;nan;nan;nan;nan;nan;nan;nan;nan;nan;nan;nan;nan;nan;nan;nan;nan;nan;nan;nan;nan;nan;nan;nan;nan;nan;nan;nan;nan;nan;nan;nan;nan;nan;nan;nan;nan;nan;nan;nan;nan;nan;nan;nan;nan;nan;nan;nan;nan;nan;nan;nan;nan;nan;nan;nan;nan;nan;nan;nan;nan;nan;nan;nan;nan;nan;nan;nan;nan;nan;nan;nan;nan;nan;nan;nan;nan;nan;nan;nan;nan;nan;nan;nan;nan;nan;nan;nan;nan;nan;nan;nan;nan;nan;nan;nan;nan;nan;nan;nan;nan;nan;nan;nan;nan;nan;nan;nan;nan;nan;nan;nan;nan;nan;0.68280065;0.6953796026141934;0.4594594594594595;0.36417186417186415;0.36853002070393376;0.5588589;0.29815663176992946;0.8619;0.8632544152548917;0.9174634683847707;0.08060121536254883;0.68280065;0.6953796026141934;0.4594594594594595;0.36417186417186415;0.36853002070393376;0.5588589;0.29815663176992946;0.8619;0.8632544152548917;0.9174634683847707;0.0;0.0;0.0;0.0;0.0;0.0;0.0;0.0;0.0;0.0;0.08060121536254883;0.68723524;0.6720907347159343;0.6126126126126126;0.5348496872444624;0.4849896480331263;0.17035722732543945;209.49594;0.6475259981973952;0.6486486486486487;0.6464947706327016;0.6772727272727272;10.021446466445923;nan;nan;nan;nan;nan;nan;nan;nan;nan;nan;nan;nan;nan;nan;nan;nan;nan;nan;nan;nan;nan;nan;nan;nan;nan;nan;nan;nan;nan;nan;nan;nan;nan;nan;nan;nan;nan;nan;nan;nan;nan;nan;nan;nan;nan;nan;nan;nan;nan;nan;nan;nan;nan;nan;nan;nan;nan;nan;nan;nan;nan;nan;nan;nan;nan;nan;nan;nan;nan;nan;nan;nan;nan;nan;nan;nan;nan;nan;nan;nan;nan;nan;nan;nan;nan;nan;nan;nan;nan;nan;nan;nan;nan;nan;nan;nan;nan;nan;nan;nan;nan;nan;nan;nan;nan;nan;nan;nan;nan;nan;nan;nan;nan;nan;nan;nan;nan;nan;nan;nan;nan;nan;nan;nan;nan;nan;nan;nan;nan;nan;nan;nan;nan;nan;nan;nan;nan;nan;nan;nan;nan;nan;nan;nan;nan;nan;nan;nan;nan;nan;nan;nan;nan;nan;nan;nan;nan;nan;nan;nan;nan;nan;nan;nan;nan;nan;nan;nan;nan;nan;nan;nan;nan;nan;nan;nan;0.6661917;0.578706247609184;0.9375;0.9328304597701148;0.7775689223057644;0.5859225;0.37222650923665157;0.8288;0.825536275104874;0.8711669604358965;0.06559252738952637;0.6661917;0.578706247609184;0.9375;0.9328304597701148;0.7775689223057644;0.5859225;0.37222650923665157;0.8288;0.825536275104874;0.8711669604358965;0.0;0.0;0.0;0.0;0.0;0.0;0.0;0.0;0.0;0.0;0.06559252738952637;0.71289563;0.7572382956277579;0.390625;0.4652645148968679;0.62468671679198;0.14451956748962402;23.599583;0.43920243135653436;0.8828125;0.9083423550966023;0.6747967479674798;10.722700357437134;nan;nan;nan;nan;nan;nan;nan;nan;nan;nan;nan;nan;nan;nan;nan;nan;nan;nan;nan;nan;nan;nan;nan;nan;nan;nan;nan;nan;nan;nan;nan;nan;nan;nan;nan;nan;nan;nan;nan;nan;nan;nan;nan;nan;nan;nan;nan;nan;nan;nan;nan;nan;nan;nan;nan;nan;nan;nan;nan;nan;nan;nan;nan;nan;nan;nan;nan;nan;nan;nan;nan;nan;nan;nan;nan;nan;nan;nan;nan;nan;nan;nan;nan;nan;nan;nan;nan;nan;nan;nan;nan;nan;nan;nan;nan;nan;nan;nan;nan;nan;nan;nan;nan;nan;nan;nan;nan;nan;nan;nan;nan;nan;nan;nan;nan;nan;nan;nan;nan;nan;nan;nan;nan;nan;nan;nan;nan;nan;nan;nan;nan;nan;nan;nan;nan;nan;nan;nan;nan;nan;nan;nan;nan;nan;nan;nan;nan;nan;nan;nan;nan;nan;nan;nan;nan;nan;nan;nan;nan;nan;nan;nan;nan;nan;nan;nan;nan;nan;nan;nan;nan;nan;nan;nan;nan;nan;nan;nan;nan;nan;nan;nan;nan;nan;nan;nan;nan;nan;nan;nan;nan;nan;nan;nan;nan;nan;nan;nan;nan;nan;nan;nan;nan;nan;nan;nan;nan;nan;nan;nan;nan;nan;nan;nan;nan;nan;nan;nan;nan;nan;nan;nan;nan;nan;nan;nan;nan;nan;nan;nan;nan;nan;nan;nan;nan;nan;nan;nan;nan;nan;nan;nan;nan;nan;nan;nan;nan;nan;nan;nan;nan;nan;nan;nan;nan;nan;nan;nan;nan;nan;nan;nan;nan;nan;nan;nan;nan;nan;nan;nan;nan;nan;nan;nan;nan;nan;nan;nan;nan;nan;nan;nan;nan;nan;nan;nan;nan;nan;nan;nan;nan;nan;nan;nan;nan;nan;nan;nan;nan;nan;nan;nan;nan;nan;nan;nan;nan;nan;nan;nan;nan;nan;nan;nan;nan;nan;nan;nan;nan;nan;nan;nan;nan;nan;nan;nan;nan;nan;nan;nan;nan;nan;nan;nan;nan;nan;nan;nan;nan;nan;nan;nan;nan;nan;nan;nan;nan;nan;nan;nan;nan;nan;nan;nan;nan;nan;nan;nan;nan;nan;nan;nan;nan;nan;nan;nan;nan;nan;nan;nan;nan;nan;nan;nan;nan;nan;nan;nan;nan;nan;nan;nan;nan;nan;nan;nan;nan;nan;nan;nan;nan;nan;nan;nan;nan;nan;nan;nan;nan;nan;nan;nan;nan;nan;nan;nan;nan;nan;nan;nan;nan;nan;nan;nan;nan;nan;nan;nan;nan;nan;nan;nan;nan;nan;nan;nan;nan;nan;nan;nan;nan;nan;nan;nan;nan;nan;nan;nan;nan;nan;0.64590544;0.5966116961180351;0.6396396396396397;0.6326509038373446;0.7995169082125604;0.5586899;0.29764587133105963;0.8638;0.8645540580793794;0.9169702407081756;0.06552338600158691;0.64590544;0.5966116961180351;0.6396396396396397;0.6326509038373446;0.7995169082125604;0.5586899;0.29764587133105963;0.8638;0.8645540580793794;0.9169702407081756;0.0;0.0;0.0;0.0;0.0;0.0;0.0;0.0;0.0;0.0;0.06552338600158691;0.68723524;0.6720907347159343;0.6126126126126126;0.5348496872444624;0.4849896480331263;0.17035722732543945;209.49594;0.6475259981973952;0.6486486486486487;0.6464947706327016;0.6772727272727272;10.021446466445923;nan;nan;nan;nan;nan;nan;nan;nan;nan;nan;nan;nan;nan;nan;nan;nan;nan;nan;nan;nan;nan;nan;nan;nan;nan;nan;nan;nan;nan;nan;nan;nan;nan;nan;nan;nan;nan;nan;nan;nan;nan;nan;nan;nan;nan;nan;nan;nan;nan;nan;nan;nan;nan;nan;nan;nan;nan;nan;nan;nan;nan;nan;nan;nan;nan;nan;nan;nan;nan;nan;nan;nan;nan;nan;nan;nan;nan;nan;nan;nan;nan;nan;nan;nan;nan;nan;nan;nan;nan;nan;nan;nan;nan;nan;nan;nan;nan;nan;nan;nan;nan;nan;nan;nan;nan;nan;nan;nan;nan;nan;nan;nan;nan;nan;nan;nan;nan;nan;nan;nan;nan;nan;nan;nan;nan;nan;nan;nan;nan;nan;nan;nan;nan;nan;nan;nan;nan;nan;nan;nan;nan;nan;nan;nan;nan;nan;nan;nan;nan;nan;nan;nan;nan;nan;nan;nan;nan;nan;nan;nan;nan;nan;nan;nan;nan;nan;nan;nan;nan;nan;nan;nan;nan;nan;nan;nan;0.70014286;0.7229466530178303;0.1171875;0.037208988590810975;0.7471804511278195;0.58936393;0.395033106131583;0.8111;0.8019043676869358;0.8528832468792514;0.07642793655395508;0.70014286;0.7229466530178303;0.1171875;0.037208988590810975;0.7471804511278195;0.58936393;0.395033106131583;0.8111;0.8019043676869358;0.8528832468792514;0.0;0.0;0.0;0.0;0.0;0.0;0.0;0.0;0.0;0.0;0.07642793655395508;0.71289563;0.7572382956277579;0.390625;0.4652645148968679;0.62468671679198;0.14451956748962402;23.599583;0.43920243135653436;0.8828125;0.9083423550966023;0.6747967479674798;10.722700357437134;nan;nan;nan;nan;nan;nan;nan;nan;nan;nan;nan;nan;nan;nan;nan;nan;nan;nan;nan;nan;nan;nan;nan;nan;nan;nan;nan;nan;nan;nan;nan;nan;nan;nan;nan;nan;nan;nan;nan;nan;nan;nan;nan;nan;nan;nan;nan;nan;nan;nan;nan;nan;nan;nan;nan;nan;nan;nan;nan;nan;nan;nan;nan;nan;nan;nan;nan;nan;nan;nan;nan;nan;nan;nan;nan;nan;nan;nan;nan;nan;nan;nan;nan;nan;nan;nan;nan;nan;nan;nan;nan;nan;nan;nan;nan;nan;nan;nan;nan;nan;nan;nan;nan;nan;nan;nan;nan;nan;nan;nan;nan;nan;nan;nan;nan;nan;nan;nan;nan;nan;nan;nan;nan;nan;nan;nan;nan;nan;nan;nan;nan;nan;nan;nan;nan;nan;nan;nan;nan;nan;nan;nan;nan;nan;nan;nan;nan;nan;nan;nan;nan;nan;nan;nan;nan;nan;nan;nan;nan;nan;nan;nan;nan;nan;nan;nan;nan;nan;nan;nan;nan;nan;nan;nan;nan;nan;nan;nan;nan;nan;nan;nan;nan;nan;nan;nan;nan;nan;nan;nan;nan;nan;nan;nan;nan;nan;nan;nan;nan;nan;nan;nan;nan;nan;nan;nan;nan;nan;nan;nan;nan;nan;nan;nan;nan;nan;nan;nan;nan;nan;nan;nan;nan;nan;nan;nan;nan;nan;nan;nan;nan;nan;nan;nan;nan;nan;nan;nan;nan;nan;nan;nan;nan;nan;nan;nan;nan;nan;nan;nan;nan;nan;nan;nan;nan;nan;nan;nan;nan;nan;nan;nan;nan;nan;nan;nan;nan;nan;nan;nan;nan;nan;nan;nan;nan;nan;nan;nan;nan;nan;nan;nan;nan;nan;nan;nan;nan;nan;nan;nan;nan;nan;nan;nan;nan;nan;nan;nan;nan;nan;nan;nan;nan;nan;nan;nan;nan;nan;nan;nan;nan;nan;nan;nan;nan;nan;nan;nan;nan;nan;nan;nan;nan;nan;nan;nan;nan;nan;nan;nan;nan;nan;nan;nan;nan;nan;nan;nan;nan;nan;nan;nan;nan;nan;nan;nan;nan;nan;nan;nan;nan;nan;nan;nan;nan;nan;nan;nan;nan;nan;nan;nan;nan;nan;nan;nan;nan;nan;nan;nan;nan;nan;nan;nan;nan;nan;nan;nan;nan;nan;nan;nan;nan;nan;nan;nan;nan;nan;nan;nan;nan;nan;nan;nan;nan;nan;nan;nan;nan;nan;nan;nan;nan;nan;nan;nan;nan;nan;nan;nan;nan;nan;nan;nan;nan;nan;nan;nan;nan;nan;nan;nan;nan;nan;nan;nan;nan;nan;nan;nan;nan;nan;nan;nan;nan;nan;nan;nan;nan;nan;0.64520615;0.5920671989233851;0.7477477477477478;0.7500043960681567;0.8079710144927538;0.5603539;0.29407971233584684;0.8668;0.8678231783788786;0.9206187096602546;0.06447410583496094;0.64520615;0.5920671989233851;0.7477477477477478;0.7500043960681567;0.8079710144927538;0.5603539;0.29407971233584684;0.8668;0.8678231783788786;0.9206187096602546;0.0;0.0;0.0;0.0;0.0;0.0;0.0;0.0;0.0;0.0;0.06447410583496094;0.68723524;0.6720907347159343;0.6126126126126126;0.5348496872444624;0.4849896480331263;0.17035722732543945;209.49594;0.6475259981973952;0.6486486486486487;0.6464947706327016;0.6772727272727272;10.021446466445923;nan;nan;nan;nan;nan;nan;nan;nan;nan;nan;nan;nan;nan;nan;nan;nan;nan;nan;nan;nan;nan;nan;nan;nan;nan;nan;nan;nan;nan;nan;nan;nan;nan;nan;nan;nan;nan;nan;nan;nan;nan;nan;nan;nan;nan;nan;nan;nan;nan;nan;nan;nan;nan;nan;nan;nan;nan;nan;nan;nan;nan;nan;nan;nan;nan;nan;nan;nan;nan;nan;nan;nan;nan;nan;nan;nan;nan;nan;nan;nan;nan;nan;nan;nan;nan;nan;nan;nan;nan;nan;nan;nan;nan;nan;nan;nan;nan;nan;nan;nan;nan;nan;nan;nan;nan;nan;nan;nan;nan;nan;nan;nan;nan;nan;nan;nan;nan;nan;nan;nan;nan;nan;nan;nan;nan;nan;nan;nan;nan;nan;nan;nan;nan;nan;nan;nan;nan;nan;nan;nan;nan;nan;nan;nan;nan;nan;nan;nan;nan;nan;nan;nan;nan;nan;nan;nan;nan;nan;nan;nan;nan;nan;nan;nan;nan;nan;nan;nan;nan;nan;nan;nan;nan;nan;nan;nan;0.65678245;0.5445333199844034;0.90625;0.90625;0.7666040100250627;0.5901587;0.39490328082390247;0.8286;0.816937202666862;0.8560890051354024;0.07906413078308105;0.65678245;0.5445333199844034;0.90625;0.90625;0.7666040100250627;0.5901587;0.39490328082390247;0.8286;0.816937202666862;0.8560890051354024;0.0;0.0;0.0;0.0;0.0;0.0;0.0;0.0;0.0;0.0;0.07906413078308105;0.71289563;0.7572382956277579;0.390625;0.4652645148968679;0.62468671679198;0.14451956748962402;23.599583;0.43920243135653436;0.8828125;0.9083423550966023;0.6747967479674798;10.722700357437134;nan;nan;nan;nan;nan;nan;nan;nan;nan;nan;nan;nan;nan;nan;nan;nan;nan;nan;nan;nan;nan;nan;nan;nan;nan;nan;nan;nan;nan;nan;nan;nan;nan;nan;nan;nan;nan;nan;nan;nan;nan;nan;nan;nan;nan;nan;nan;nan;nan;nan;nan;nan;nan;nan;nan;nan;nan;nan;nan;nan;nan;nan;nan;nan;nan;nan;nan;nan;nan;nan;nan;nan;nan;nan;nan;nan;nan;nan;nan;nan;nan;nan;nan;nan;nan;nan;nan;nan;nan;nan;nan;nan;nan;nan;nan;nan;nan;nan;nan;nan;nan;nan;nan;nan;nan;nan;nan;nan;nan;nan;nan;nan;nan;nan;nan;nan;nan;nan;nan;nan;nan;nan;nan;nan;nan;nan;nan;nan;nan;nan;nan;nan;nan;nan;nan;nan;nan;nan;nan;nan;nan;nan;nan;nan;nan;nan;nan;nan;nan;nan;nan;nan;nan;nan;nan;nan;nan;nan;nan;nan;nan;nan;nan;nan;nan;nan;nan;nan;nan;nan;nan;nan;nan;nan;nan;nan;nan;nan;nan;nan;nan;nan;nan;nan;nan;nan;nan;nan;nan;nan;nan;nan;nan;nan;nan;nan;nan;nan;nan;nan;nan;nan;nan;nan;nan;nan;nan;nan;nan;nan;nan;nan;nan;nan;nan;nan;nan;nan;nan;nan;nan;nan;nan;nan;nan;nan;nan;nan;nan;nan;nan;nan;nan;nan;nan;nan;nan;nan;nan;nan;nan;nan;nan;nan;nan;nan;nan;nan;nan;nan;nan;nan;nan;nan;nan;nan;nan;nan;nan;nan;nan;nan;nan;nan;nan;nan;nan;nan;nan;nan;nan;nan;nan;nan;nan;nan;nan;nan;nan;nan;nan;nan;nan;nan;nan;nan;nan;nan;nan;nan;nan;nan;nan;nan;nan;nan;nan;nan;nan;nan;nan;nan;nan;nan;nan;nan;nan;nan;nan;nan;nan;nan;nan;nan;nan;nan;nan;nan;nan;nan;nan;nan;nan;nan;nan;nan;nan;nan;nan;nan;nan;nan;nan;nan;nan;nan;nan;nan;nan;nan;nan;nan;nan;nan;nan;nan;nan;nan;nan;nan;nan;nan;nan;nan;nan;nan;nan;nan;nan;nan;nan;nan;nan;nan;nan;nan;nan;nan;nan;nan;nan;nan;nan;nan;nan;nan;nan;nan;nan;nan;nan;nan;nan;nan;nan;nan;nan;nan;nan;nan;nan;nan;nan;nan;nan;nan;nan;nan;nan;nan;nan;nan;nan;nan;nan;nan;nan;nan;nan;nan;nan;nan;nan;nan;nan;nan;nan;nan;nan;nan;nan;nan;nan;nan;nan;nan;nan;nan;nan;nan;nan;nan;nan;nan;nan;nan;nan;nan;nan;nan;0.68566495;0.6915391053841917;0.4594594594594595;0.36417186417186415;0.8461007591442374;0.55767405;0.2882282970136536;0.8656;0.8680714902830364;0.9209403149358673;0.0973958969116211;0.68566495;0.6915391053841917;0.4594594594594595;0.36417186417186415;0.8461007591442374;0.55767405;0.2882282970136536;0.8656;0.8680714902830364;0.9209403149358673;0.0;0.0;0.0;0.0;0.0;0.0;0.0;0.0;0.0;0.0;0.0973958969116211;0.68723524;0.6720907347159343;0.6126126126126126;0.5348496872444624;0.4849896480331263;0.17035722732543945;209.49594;0.6475259981973952;0.6486486486486487;0.6464947706327016;0.6772727272727272;10.021446466445923;nan;nan;nan;nan;nan;nan;nan;nan;nan;nan;nan;nan;nan;nan;nan;nan;nan;nan;nan;nan;nan;nan;nan;nan;nan;nan;nan;nan;nan;nan;nan;nan;nan;nan;nan;nan;nan;nan;nan;nan;nan;nan;nan;nan;nan;nan;nan;nan;nan;nan;nan;nan;nan;nan;nan;nan;nan;nan;nan;nan;nan;nan;nan;nan;nan;nan;nan;nan;nan;nan;nan;nan;nan;nan;nan;nan;nan;nan;nan;nan;nan;nan;nan;nan;nan;nan;nan;nan;nan;nan;nan;nan;nan;nan;nan;nan;nan;nan;nan;nan;nan;nan;nan;nan;nan;nan;nan;nan;nan;nan;nan;nan;nan;nan;nan;nan;nan;nan;nan;nan;nan;nan;nan;nan;nan;nan;nan;nan;nan;nan;nan;nan;nan;nan;nan;nan;nan;nan;nan;nan;nan;nan;nan;nan;nan;nan;nan;nan;nan;nan;nan;nan;nan;nan;nan;nan;nan;nan;nan;nan;nan;nan;nan;nan;nan;nan;nan;nan;nan;nan;nan;nan;nan;nan;nan;nan;0.6914988;0.6875291894006447;0.1171875;0.037208988590810975;0.7124060150375939;0.58596325;0.38328651041642126;0.8129;0.8005221724340377;0.8650590581999738;0.07297682762145996;0.6914988;0.6875291894006447;0.1171875;0.037208988590810975;0.7124060150375939;0.58596325;0.38328651041642126;0.8129;0.8005221724340377;0.8650590581999738;0.0;0.0;0.0;0.0;0.0;0.0;0.0;0.0;0.0;0.0;0.07297682762145996;0.71289563;0.7572382956277579;0.390625;0.4652645148968679;0.62468671679198;0.14451956748962402;23.599583;0.43920243135653436;0.8828125;0.9083423550966023;0.6747967479674798;10.722700357437134;nan;nan;nan;nan;nan;nan;nan;nan;nan;nan;nan;nan;nan;nan;nan;nan;nan;nan;nan;nan;nan;nan;nan;nan;nan;nan;nan;nan;nan;nan;nan;nan;nan;nan;nan;nan;nan;nan;nan;nan;nan;nan;nan;nan;nan;nan;nan;nan;nan;nan;nan;nan;nan;nan;nan;nan;nan;nan;nan;nan;nan;nan;nan;nan;nan;nan;nan;nan;nan;nan;nan;nan;nan;nan;nan;nan;nan;nan;nan;nan;nan;nan;nan;nan;nan;nan;nan;nan;nan;nan;nan;nan;nan;nan;nan;nan;nan;nan;nan;nan;nan;nan;nan;nan;nan;nan;nan;nan;nan;nan;nan;nan;nan;nan;nan;nan;nan;nan;nan;nan;nan;nan;nan;nan;nan;nan;nan;nan;nan;nan;nan;nan;nan;nan;nan;nan;nan;nan;nan;nan;nan;nan;nan;nan;nan;nan;nan;nan;nan;nan;nan;nan;nan;nan;nan;nan;nan;nan;nan;nan;nan;nan;nan;nan;nan;nan;nan;nan;nan;nan;nan;nan;nan;nan;nan;nan;nan;nan;nan;nan;nan;nan;nan;nan;nan;nan;nan;nan;nan;nan;nan;nan;nan;nan;nan;nan;nan;nan;nan;nan;nan;nan;nan;nan;nan;nan;nan;nan;nan;nan;nan;nan;nan;nan;nan;nan;nan;nan;nan;nan;nan;nan;nan;nan;nan;nan;nan;nan;nan;nan;nan;nan;nan;nan;nan;nan;nan;nan;nan;nan;nan;nan;nan;nan;nan;nan;nan;nan;nan;nan;nan;nan;nan;nan;nan;nan;nan;nan;nan;nan;nan;nan;nan;nan;nan;nan;nan;nan;nan;nan;nan;nan;nan;nan;nan;nan;nan;nan;nan;nan;nan;nan;nan;nan;nan;nan;nan;nan;nan;nan;nan;nan;nan;nan;nan;nan;nan;nan;nan;nan;nan;nan;nan;nan;nan;nan;nan;nan;nan;nan;nan;nan;nan;nan;nan;nan;nan;nan;nan;nan;nan;nan;nan;nan;nan;nan;nan;nan;nan;nan;nan;nan;nan;nan;nan;nan;nan;nan;nan;nan;nan;nan;nan;nan;nan;nan;nan;nan;nan;nan;nan;nan;nan;nan;nan;nan;nan;nan;nan;nan;nan;nan;nan;nan;nan;nan;nan;nan;nan;nan;nan;nan;nan;nan;nan;nan;nan;nan;nan;nan;nan;nan;nan;nan;nan;nan;nan;nan;nan;nan;nan;nan;nan;nan;nan;nan;nan;nan;nan;nan;nan;nan;nan;nan;nan;nan;nan;nan;nan;nan;nan;nan;nan;nan;nan;nan;nan;nan;nan;nan;nan;nan;nan;nan;nan;nan;nan;nan;nan;nan;nan;nan;nan;nan;nan;nan;nan;nan;nan;nan;0.6474119;0.6001939692432763;0.6396396396396397;0.6326509038373446;0.7995169082125604;0.55807304;0.2991714567387718;0.866;0.8669187174011594;0.9170324911429761;0.07166910171508789;0.6474119;0.6001939692432763;0.6396396396396397;0.6326509038373446;0.7995169082125604;0.55807304;0.2991714567387718;0.866;0.8669187174011594;0.9170324911429761;0.0;0.0;0.0;0.0;0.0;0.0;0.0;0.0;0.0;0.0;0.07166910171508789;0.68723524;0.6720907347159343;0.6126126126126126;0.5348496872444624;0.4849896480331263;0.17035722732543945;209.49594;0.6475259981973952;0.6486486486486487;0.6464947706327016;0.6772727272727272;10.021446466445923;nan;nan;nan;nan;nan;nan;nan;nan;nan;nan;nan;nan;nan;nan;nan;nan;nan;nan;nan;nan;nan;nan;nan;nan;nan;nan;nan;nan;nan;nan;nan;nan;nan;nan;nan;nan;nan;nan;nan;nan;nan;nan;nan;nan;nan;nan;nan;nan;nan;nan;nan;nan;nan;nan;nan;nan;nan;nan;nan;nan;nan;nan;nan;nan;nan;nan;nan;nan;nan;nan;nan;nan;nan;nan;nan;nan;nan;nan;nan;nan;nan;nan;nan;nan;nan;nan;nan;nan;nan;nan;nan;nan;nan;nan;nan;nan;nan;nan;nan;nan;nan;nan;nan;nan;nan;nan;nan;nan;nan;nan;nan;nan;nan;nan;nan;nan;nan;nan;nan;nan;nan;nan;nan;nan;nan;nan;nan;nan;nan;nan;nan;nan;nan;nan;nan;nan;nan;nan;nan;nan;nan;nan;nan;nan;nan;nan;nan;nan;nan;nan;nan;nan;nan;nan;nan;nan;nan;nan;nan;nan;nan;nan;nan;nan;nan;nan;nan;nan;nan;nan;nan;nan;nan;nan;nan;nan;0.68397903;0.6538176822675037;0.9375;0.9297785547785548;0.7468671679197995;0.5901289;0.3960224627061978;0.8089;0.7983396602564169;0.856822479005177;0.0545194149017334;0.68397903;0.6538176822675037;0.9375;0.9297785547785548;0.7468671679197995;0.5901289;0.3960224627061978;0.8089;0.7983396602564169;0.856822479005177;0.0;0.0;0.0;0.0;0.0;0.0;0.0;0.0;0.0;0.0;0.0545194149017334;0.71289563;0.7572382956277579;0.390625;0.4652645148968679;0.62468671679198;0.14451956748962402;23.599583;0.43920243135653436;0.8828125;0.9083423550966023;0.6747967479674798;10.722700357437134;nan;nan;nan;nan;nan;nan;nan;nan;nan;nan;nan;nan;nan;nan;nan;nan;nan;nan;nan;nan;nan;nan;nan;nan;nan;nan;nan;nan;nan;nan;nan;nan;nan;nan;nan;nan;nan;nan;nan;nan;nan;nan;nan;nan;nan;nan;nan;nan;nan;nan;nan;nan;nan;nan;nan;nan;nan;nan;nan;nan;nan;nan;nan;nan;nan;nan;nan;nan;nan;nan;nan;nan;nan;nan;nan;nan;nan;nan;nan;nan;nan;nan;nan;nan;nan;nan;nan;nan;nan;nan;nan;nan;nan;nan;nan;nan;nan;nan;nan;nan;nan;nan;nan;nan;nan;nan;nan;nan;nan;nan;nan;nan;nan;nan;nan;nan;nan;nan;nan;nan;nan;nan;nan;nan;nan;nan;nan;nan;nan;nan;nan;nan;nan;nan;nan;nan;nan;nan;nan;nan;nan;nan;nan;nan;nan;nan;nan;nan;nan;nan;nan;nan;nan;nan;nan;nan;nan;nan;nan;nan;nan;nan;nan;nan;nan;nan;nan;nan;nan;nan;nan;nan;nan;nan;nan;nan;nan;nan;nan;nan;nan;nan;nan;nan;nan;nan;nan;nan;nan;nan;nan;nan;nan;nan;nan;nan;nan;nan;nan;nan;nan;nan;nan;nan;nan;nan;nan;nan;nan;nan;nan;nan;nan;nan;nan;nan;nan;nan;nan;nan;nan;nan;nan;nan;nan;nan;nan;nan;nan;nan;nan;nan;nan;nan;nan;nan;nan;nan;nan;nan;nan;nan;nan;nan;nan;nan;nan;nan;nan;nan;nan;nan;nan;nan;nan;nan;nan;nan;nan;nan;nan;nan;nan;nan;nan;nan;nan;nan;nan;nan;nan;nan;nan;nan;nan;nan;nan;nan;nan;nan;nan;nan;nan;nan;nan;nan;nan;nan;nan;nan;nan;nan;nan;nan;nan;nan;nan;nan;nan;nan;nan;nan;nan;nan;nan;nan;nan;nan;nan;nan;nan;nan;nan;nan;nan;nan;nan;nan;nan;nan;nan;nan;nan;nan;nan;nan;nan;nan;nan;nan;nan;nan;nan;nan;nan;nan;nan;nan;nan;nan;nan;nan;nan;nan;nan;nan;nan;nan;nan;nan;nan;nan;nan;nan;nan;nan;nan;nan;nan;nan;nan;nan;nan;nan;nan;nan;nan;nan;nan;nan;nan;nan;nan;nan;nan;nan;nan;nan;nan;nan;nan;nan;nan;nan;nan;nan;nan;nan;nan;nan;nan;nan;nan;nan;nan;nan;nan;nan;nan;nan;nan;nan;nan;nan;nan;nan;nan;nan;nan;nan;nan;nan;nan;nan;nan;nan;nan;nan;nan;nan;nan;nan;nan;nan;nan;nan;nan;nan;nan;nan;nan;nan;nan;nan;nan;nan;nan;nan;nan;nan;0.6273747;0.3986635522759781;0.8738738738738738;0.8716504966504967;0.8771566597653554;0.5558834;0.28295377784284903;0.8712;0.8698596397062194;0.9243556590696669;0.06893205642700195;0.6273747;0.3986635522759781;0.8738738738738738;0.8716504966504967;0.8771566597653554;0.5558834;0.28295377784284903;0.8712;0.8698596397062194;0.9243556590696669;0.0;0.0;0.0;0.0;0.0;0.0;0.0;0.0;0.0;0.0;0.06893205642700195;0.68723524;0.6720907347159343;0.6126126126126126;0.5348496872444624;0.4849896480331263;0.17035722732543945;209.49594;0.6475259981973952;0.6486486486486487;0.6464947706327016;0.6772727272727272;10.021446466445923;nan;nan;nan;nan;nan;nan;nan;nan;nan;nan;nan;nan;nan;nan;nan;nan;nan;nan;nan;nan;nan;nan;nan;nan;nan;nan;nan;nan;nan;nan;nan;nan;nan;nan;nan;nan;nan;nan;nan;nan;nan;nan;nan;nan;nan;nan;nan;nan;nan;nan;nan;nan;nan;nan;nan;nan;nan;nan;nan;nan;nan;nan;nan;nan;nan;nan;nan;nan;nan;nan;nan;nan;nan;nan;nan;nan;nan;nan;nan;nan;nan;nan;nan;nan;nan;nan;nan;nan;nan;nan;nan;nan;nan;nan;nan;nan;nan;nan;nan;nan;nan;nan;nan;nan;nan;nan;nan;nan;nan;nan;nan;nan;nan;nan;nan;nan;nan;nan;nan;nan;nan;nan;nan;nan;nan;nan;nan;nan;nan;nan;nan;nan;nan;nan;nan;nan;nan;nan;nan;nan;nan;nan;nan;nan;nan;nan;nan;nan;nan;nan;nan;nan;nan;nan;nan;nan;nan;nan;nan;nan;nan;nan;nan;nan;nan;nan;nan;nan;nan;nan;nan;nan;nan;nan;nan;nan;0.683419;0.6478686119939945;0.9375;0.9297785547785548;0.7474937343358395;0.5859025;0.37956239264412306;0.821;0.8205515826954195;0.8681592544789387;0.055342912673950195;0.683419;0.6478686119939945;0.9375;0.9297785547785548;0.7474937343358395;0.5859025;0.37956239264412306;0.821;0.8205515826954195;0.8681592544789387;0.0;0.0;0.0;0.0;0.0;0.0;0.0;0.0;0.0;0.0;0.055342912673950195;0.71289563;0.7572382956277579;0.390625;0.4652645148968679;0.62468671679198;0.14451956748962402;23.599583;0.43920243135653436;0.8828125;0.9083423550966023;0.6747967479674798;10.722700357437134;nan;nan;nan;nan;nan;nan;nan;nan;nan;nan;nan;nan;nan;nan;nan;nan;nan;nan;nan;nan;nan;nan;nan;nan;nan;nan;nan;nan;nan;nan;nan;nan;nan;nan;nan;nan;nan;nan;nan;nan;nan;nan;nan;nan;nan;nan;nan;nan;nan;nan;nan;nan;nan;nan;nan;nan;nan;nan;nan;nan;nan;nan;nan;nan;nan;nan;nan;nan;nan;nan;nan;nan;nan;nan;nan;nan;nan;nan;nan;nan;nan;nan;nan;nan;nan;nan;nan;nan;nan;nan;nan;nan;nan;nan;nan;nan;nan;nan;nan;nan;nan;nan;nan;nan;nan;nan;nan;nan;nan;nan;nan;nan;nan;nan;nan;nan;nan;nan;nan;nan;nan;nan;nan;nan;nan;nan;nan;nan;nan;nan;nan;nan;nan;nan;nan;nan;nan;nan;nan;nan;nan;nan;nan;nan;nan;nan;nan;nan;nan;nan;nan;nan;nan;nan;nan;nan;nan;nan;nan;nan;nan;nan;nan;nan;nan;nan;nan;nan;nan;nan;nan;nan;nan;nan;nan;nan;nan;nan;nan;nan;nan;nan;nan;nan;nan;nan;nan;nan;nan;nan;nan;nan;nan;nan;nan;nan;nan;nan;nan;nan;nan;nan;nan;nan;nan;nan;nan;nan;nan;nan;nan;nan;nan;nan;nan;nan;nan;nan;nan;nan;nan;nan;nan;nan;nan;nan;nan;nan;nan;nan;nan;nan;nan;nan;nan;nan;nan;nan;nan;nan;nan;nan;nan;nan;nan;nan;nan;nan;nan;nan;nan;nan;nan;nan;nan;nan;nan;nan;nan;nan;nan;nan;nan;nan;nan;nan;nan;nan;nan;nan;nan;nan;nan;nan;nan;nan;nan;nan;nan;nan;nan;nan;nan;nan;nan;nan;nan;nan;nan;nan;nan;nan;nan;nan;nan;nan;nan;nan;nan;nan;nan;nan;nan;nan;nan;nan;nan;nan;nan;nan;nan;nan;nan;nan;nan;nan;nan;nan;nan;nan;nan;nan;nan;nan;nan;nan;nan;nan;nan;nan;nan;nan;nan;nan;nan;nan;nan;nan;nan;nan;nan;nan;nan;nan;nan;nan;nan;nan;nan;nan;nan;nan;nan;nan;nan;nan;nan;nan;nan;nan;nan;nan;nan;nan;nan;nan;nan;nan;nan;nan;nan;nan;nan;nan;nan;nan;nan;nan;nan;nan;nan;nan;nan;nan;nan;nan;nan;nan;nan;nan;nan;nan;nan;nan;nan;nan;nan;nan;nan;nan;nan;nan;nan;nan;nan;nan;nan;nan;nan;nan;nan;nan;nan;nan;nan;nan;nan;nan;nan;nan;nan;nan;nan;nan;nan;nan;nan;nan;nan;nan;nan;nan;nan;nan;nan;nan;nan;nan;nan;nan;0.62402755;0.3539590743138858;0.9099099099099099;0.9094547509181655;0.9206349206349207;0.56013125;0.29529681479044445;0.8671;0.8665296975921961;0.9190736586025139;0.05969953536987305;0.62402755;0.3539590743138858;0.9099099099099099;0.9094547509181655;0.9206349206349207;0.56013125;0.29529681479044445;0.8671;0.8665296975921961;0.9190736586025139;0.0;0.0;0.0;0.0;0.0;0.0;0.0;0.0;0.0;0.0;0.05969953536987305;0.68723524;0.6720907347159343;0.6126126126126126;0.5348496872444624;0.4849896480331263;0.17035722732543945;209.49594;0.6475259981973952;0.6486486486486487;0.6464947706327016;0.6772727272727272;10.021446466445923;nan;nan;nan;nan;nan;nan;nan;nan;nan;nan;nan;nan;nan;nan;nan;nan;nan;nan;nan;nan;nan;nan;nan;nan;nan;nan;nan;nan;nan;nan;nan;nan;nan;nan;nan;nan;nan;nan;nan;nan;nan;nan;nan;nan;nan;nan;nan;nan;nan;nan;nan;nan;nan;nan;nan;nan;nan;nan;nan;nan;nan;nan;nan;nan;nan;nan;nan;nan;nan;nan;nan;nan;nan;nan;nan;nan;nan;nan;nan;nan;nan;nan;nan;nan;nan;nan;nan;nan;nan;nan;nan;nan;nan;nan;nan;nan;nan;nan;nan;nan;nan;nan;nan;nan;nan;nan;nan;nan;nan;nan;nan;nan;nan;nan;nan;nan;nan;nan;nan;nan;nan;nan;nan;nan;nan;nan;nan;nan;nan;nan;nan;nan;nan;nan;nan;nan;nan;nan;nan;nan;nan;nan;nan;nan;nan;nan;nan;nan;nan;nan;nan;nan;nan;nan;nan;nan;nan;nan;nan;nan;nan;nan;nan;nan;nan;nan;nan;nan;nan;nan;nan;nan;nan;nan;nan;nan;0.79379797;1.1919448069161986;0.1171875;0.037208988590810975;0.6826441102756892;0.58806115;0.3832758228646605;0.8142;0.8076145900184003;0.8699213699903038;0.06545877456665039;0.79379797;1.1919448069161986;0.1171875;0.037208988590810975;0.6826441102756892;0.58806115;0.3832758228646605;0.8142;0.8076145900184003;0.8699213699903038;0.0;0.0;0.0;0.0;0.0;0.0;0.0;0.0;0.0;0.0;0.06545877456665039;0.71289563;0.7572382956277579;0.390625;0.4652645148968679;0.62468671679198;0.14451956748962402;23.599583;0.43920243135653436;0.8828125;0.9083423550966023;0.6747967479674798;10.722700357437134;nan;nan;nan;nan;nan;nan;nan;nan;nan;nan;nan;nan;nan;nan;nan;nan;nan;nan;nan;nan;nan;nan;nan;nan;nan;nan;nan;nan;nan;nan;nan;nan;nan;nan;nan;nan;nan;nan;nan;nan;nan;nan;nan;nan;nan;nan;nan;nan;nan;nan;nan;nan;nan;nan;nan;nan;nan;nan;nan;nan;nan;nan;nan;nan;nan;nan;nan;nan;nan;nan;nan;nan;nan;nan;nan;nan;nan;nan;nan;nan;nan;nan;nan;nan;nan;nan;nan;nan;nan;nan;nan;nan;nan;nan;nan;nan;nan;nan;nan;nan;nan;nan;nan;nan;nan;nan;nan;nan;nan;nan;nan;nan;nan;nan;nan;nan;nan;nan;nan;nan;nan;nan;nan;nan;nan;nan;nan;nan;nan;nan;nan;nan;nan;nan;nan;nan;nan;nan;nan;nan;nan;nan;nan;nan;nan;nan;nan;nan;nan;nan;nan;nan;nan;nan;nan;nan;nan;nan;nan;nan;nan;nan;nan;nan;nan;nan;nan;nan;nan;nan;nan;nan;nan;nan;nan;nan;nan;nan;nan;nan;nan;nan;nan;nan;nan;nan;nan;nan;nan;nan;nan;nan;nan;nan;nan;nan;nan;nan;nan;nan;nan;nan;nan;nan;nan;nan;nan;nan;nan;nan;nan;nan;nan;nan;nan;nan;nan;nan;nan;nan;nan;nan;nan;nan;nan;nan;nan;nan;nan;nan;nan;nan;nan;nan;nan;nan;nan;nan;nan;nan;nan;nan;nan;nan;nan;nan;nan;nan;nan;nan;nan;nan;nan;nan;nan;nan;nan;nan;nan;nan;nan;nan;nan;nan;nan;nan;nan;nan;nan;nan;nan;nan;nan;nan;nan;nan;nan;nan;nan;nan;nan;nan;nan;nan;nan;nan;nan;nan;nan;nan;nan;nan;nan;nan;nan;nan;nan;nan;nan;nan;nan;nan;nan;nan;nan;nan;nan;nan;nan;nan;nan;nan;nan;nan;nan;nan;nan;nan;nan;nan;nan;nan;nan;nan;nan;nan;nan;nan;nan;nan;nan;nan;nan;nan;nan;nan;nan;nan;nan;nan;nan;nan;nan;nan;nan;nan;nan;nan;nan;nan;nan;nan;nan;nan;nan;nan;nan;nan;nan;nan;nan;nan;nan;nan;nan;nan;nan;nan;nan;nan;nan;nan;nan;nan;nan;nan;nan;nan;nan;nan;nan;nan;nan;nan;nan;nan;nan;nan;nan;nan;nan;nan;nan;nan;nan;nan;nan;nan;nan;nan;nan;nan;nan;nan;nan;nan;nan;nan;nan;nan;nan;nan;nan;nan;nan;nan;nan;nan;nan;nan;nan;nan;nan;nan;nan;nan;nan;nan;nan;nan;nan;nan;nan;nan;nan;nan;nan;nan;nan;nan;0.6399892;0.5288084691241198;0.6666666666666666;0.6565747483839293;0.8802622498274671;0.5575213;0.28916718014826903;0.8668;0.8675106560365979;0.9199213250274879;0.09065937995910645;0.6399892;0.5288084691241198;0.6666666666666666;0.6565747483839293;0.8802622498274671;0.5575213;0.28916718014826903;0.8668;0.8675106560365979;0.9199213250274879;0.0;0.0;0.0;0.0;0.0;0.0;0.0;0.0;0.0;0.0;0.09065937995910645;0.68723524;0.6720907347159343;0.6126126126126126;0.5348496872444624;0.4849896480331263;0.17035722732543945;209.49594;0.6475259981973952;0.6486486486486487;0.6464947706327016;0.6772727272727272;10.021446466445923;nan;nan;nan;nan;nan;nan;nan;nan;nan;nan;nan;nan;nan;nan;nan;nan;nan;nan;nan;nan;nan;nan;nan;nan;nan;nan;nan;nan;nan;nan;nan;nan;nan;nan;nan;nan;nan;nan;nan;nan;nan;nan;nan;nan;nan;nan;nan;nan;nan;nan;nan;nan;nan;nan;nan;nan;nan;nan;nan;nan;nan;nan;nan;nan;nan;nan;nan;nan;nan;nan;nan;nan;nan;nan;nan;nan;nan;nan;nan;nan;nan;nan;nan;nan;nan;nan;nan;nan;nan;nan;nan;nan;nan;nan;nan;nan;nan;nan;nan;nan;nan;nan;nan;nan;nan;nan;nan;nan;nan;nan;nan;nan;nan;nan;nan;nan;nan;nan;nan;nan;nan;nan;nan;nan;nan;nan;nan;nan;nan;nan;nan;nan;nan;nan;nan;nan;nan;nan;nan;nan;nan;nan;nan;nan;nan;nan;nan;nan;nan;nan;nan;nan;nan;nan;nan;nan;nan;nan;nan;nan;nan;nan;nan;nan;nan;nan;nan;nan;nan;nan;nan;nan;nan;nan;nan;nan;0.7189896;0.8108593265010482;0.1171875;0.037208988590810975;0.7111528822055138;0.58726597;0.383517738663923;0.8194;0.7981507694816795;0.8648296559530997;0.06832003593444824;0.7189896;0.8108593265010482;0.1171875;0.037208988590810975;0.7111528822055138;0.58726597;0.383517738663923;0.8194;0.7981507694816795;0.8648296559530997;0.0;0.0;0.0;0.0;0.0;0.0;0.0;0.0;0.0;0.0;0.06832003593444824;0.71289563;0.7572382956277579;0.390625;0.4652645148968679;0.62468671679198;0.14451956748962402;23.599583;0.43920243135653436;0.8828125;0.9083423550966023;0.6747967479674798;10.722700357437134;nan;nan;nan;nan;nan;nan;nan;nan;nan;nan;nan;nan;nan;nan;nan;nan;nan;nan;nan;nan;nan;nan;nan;nan;nan;nan;nan;nan;nan;nan;nan;nan;nan;nan;nan;nan;nan;nan;nan;nan;nan;nan;nan;nan;nan;nan;nan;nan;nan;nan;nan;nan;nan;nan;nan;nan;nan;nan;nan;nan;nan;nan;nan;nan;nan;nan;nan;nan;nan;nan;nan;nan;nan;nan;nan;nan;nan;nan;nan;nan;nan;nan;nan;nan;nan;nan;nan;nan;nan;nan;nan;nan;nan;nan;nan;nan;nan;nan;nan;nan;nan;nan;nan;nan;nan;nan;nan;nan;nan;nan;nan;nan;nan;nan;nan;nan;nan;nan;nan;nan;nan;nan;nan;nan;nan;nan;nan;nan;nan;nan;nan;nan;nan;nan;nan;nan;nan;nan;nan;nan;nan;nan;nan;nan;nan;nan;nan;nan;nan;nan;nan;nan;nan;nan;nan;nan;nan;nan;nan;nan;nan;nan;nan;nan;nan;nan;nan;nan;nan;nan;nan;nan;nan;nan;nan;nan;nan;nan;nan;nan;nan;nan;nan;nan;nan;nan;nan;nan;nan;nan;nan;nan;nan;nan;nan;nan;nan;nan;nan;nan;nan;nan;nan;nan;nan;nan;nan;nan;nan;nan;nan;nan;nan;nan;nan;nan;nan;nan;nan;nan;nan;nan;nan;nan;nan;nan;nan;nan;nan;nan;nan;nan;nan;nan;nan;nan;nan;nan;nan;nan;nan;nan;nan;nan;nan;nan;nan;nan;nan;nan;nan;nan;nan;nan;nan;nan;nan;nan;nan;nan;nan;nan;nan;nan;nan;nan;nan;nan;nan;nan;nan;nan;nan;nan;nan;nan;nan;nan;nan;nan;nan;nan;nan;nan;nan;nan;nan;nan;nan;nan;nan;nan;nan;nan;nan;nan;nan;nan;nan;nan;nan;nan;nan;nan;nan;nan;nan;nan;nan;nan;nan;nan;nan;nan;nan;nan;nan;nan;nan;nan;nan;nan;nan;nan;nan;nan;nan;nan;nan;nan;nan;nan;nan;nan;nan;nan;nan;nan;nan;nan;nan;nan;nan;nan;nan;nan;nan;nan;nan;nan;nan;nan;nan;nan;nan;nan;nan;nan;nan;nan;nan;nan;nan;nan;nan;nan;nan;nan;nan;nan;nan;nan;nan;nan;nan;nan;nan;nan;nan;nan;nan;nan;nan;nan;nan;nan;nan;nan;nan;nan;nan;nan;nan;nan;nan;nan;nan;nan;nan;nan;nan;nan;nan;nan;nan;nan;nan;nan;nan;nan;nan;nan;nan;nan;nan;nan;nan;nan;nan;nan;nan;nan;nan;nan;nan;nan;nan;nan;nan;nan;nan;nan;nan;nan;nan;nan;nan;nan;nan;nan;0.6460016;0.5550863272885612;0.7477477477477478;0.7203356582388841;0.7158385093167702;0.5482682;0.06067117551785176;0.9817;0.9784904347573423;0.9043897948723312;0.06872725486755371;0.6460016;0.5550863272885612;0.7477477477477478;0.7203356582388841;0.7158385093167702;0.5482682;0.06067117551785176;0.9817;0.9784904347573423;0.9043897948723312;0.0;0.0;0.0;0.0;0.0;0.0;0.0;0.0;0.0;0.0;0.06872725486755371;0.68723524;0.6720907347159343;0.6126126126126126;0.5348496872444624;0.4849896480331263;0.17035722732543945;209.49594;0.6475259981973952;0.6486486486486487;0.6464947706327016;0.6772727272727272;10.021446466445923;nan;nan;nan;nan;nan;nan;nan;nan;nan;nan;nan;nan;nan;nan;nan;nan;nan;nan;nan;nan;nan;nan;nan;nan;nan;nan;nan;nan;nan;nan;nan;nan;nan;nan;nan;nan;nan;nan;nan;nan;nan;nan;nan;nan;nan;nan;nan;nan;nan;nan;nan;nan;nan;nan;nan;nan;nan;nan;nan;nan;nan;nan;nan;nan;nan;nan;nan;nan;nan;nan;nan;nan;nan;nan;nan;nan;nan;nan;nan;nan;nan;nan;nan;nan;nan;nan;nan;nan;nan;nan;nan;nan;nan;nan;nan;nan;nan;nan;nan;nan;nan;nan;nan;nan;nan;nan;nan;nan;nan;nan;nan;nan;nan;nan;nan;nan;nan;nan;nan;nan;nan;nan;nan;nan;nan;nan;nan;nan;nan;nan;nan;nan;nan;nan;nan;nan;nan;nan;nan;nan;nan;nan;nan;nan;nan;nan;nan;nan;nan;nan;nan;nan;nan;nan;nan;nan;nan;nan;nan;nan;nan;nan;nan;nan;nan;nan;nan;nan;nan;nan;nan;nan;nan;nan;nan;nan;0.9307486;2.290146524688619;0.109375;0.021566901408450703;0.6732456140350878;0.5395436;0.08131167034788848;0.9762;0.9666622647607499;0.8840818385212107;0.06234884262084961;0.9307486;2.290146524688619;0.109375;0.021566901408450703;0.6732456140350878;0.5395436;0.08131167034788848;0.9762;0.9666622647607499;0.8840818385212107;0.0;0.0;0.0;0.0;0.0;0.0;0.0;0.0;0.0;0.0;0.06234884262084961;0.71289563;0.7572382956277579;0.390625;0.4652645148968679;0.62468671679198;0.14451956748962402;23.599583;0.43920243135653436;0.8828125;0.9083423550966023;0.6747967479674798;10.722700357437134;nan;nan;nan;nan;nan;nan;nan;nan;nan;nan;nan;nan;nan;nan;nan;nan;nan;nan;nan;nan;nan;nan;nan;nan;nan;nan;nan;nan;nan;nan;nan;nan;nan;nan;nan;nan;nan;nan;nan;nan;nan;nan;nan;nan;nan;nan;nan;nan;nan;nan;nan;nan;nan;nan;nan;nan;nan;nan;nan;nan;nan;nan;nan;nan;nan;nan;nan;nan;nan;nan;nan;nan;nan;nan;nan;nan;nan;nan;nan;nan;nan;nan;nan;nan;nan;nan;nan;nan;nan;nan;nan;nan;nan;nan;nan;nan;nan;nan;nan;nan;nan;nan;nan;nan;nan;nan;nan;nan;nan;nan;nan;nan;nan;nan;nan;nan;nan;nan;nan;nan;nan;nan;nan;nan;nan;nan;nan;nan;nan;nan;nan;nan;nan;nan;nan;nan;nan;nan;nan;nan;nan;nan;nan;nan;nan;nan;nan;nan;nan;nan;nan;nan;nan;nan;nan;nan;nan;nan;nan;nan;nan;nan;nan;nan;nan;nan;nan;nan;nan;nan;nan;nan;nan;nan;nan;nan;nan;nan;nan;nan;nan;nan;nan;nan;nan;nan;nan;nan;nan;nan;nan;nan;nan;nan;nan;nan;nan;nan;nan;nan;nan;nan;nan;nan;nan;nan;nan;nan;nan;nan;nan;nan;nan;nan;nan;nan;nan;nan;nan;nan;nan;nan;nan;nan;nan;nan;nan;nan;nan;nan;nan;nan;nan;nan;nan;nan;nan;nan;nan;nan;nan;nan;nan;nan;nan;nan;nan;nan;nan;nan;nan;nan;nan;nan;nan;nan;nan;nan;nan;nan;nan;nan;nan;nan;nan;nan;nan;nan;nan;nan;nan;nan;nan;nan;nan;nan;nan;nan;nan;nan;nan;nan;nan;nan;nan;nan;nan;nan;nan;nan;nan;nan;nan;nan;nan;nan;nan;nan;nan;nan;nan;nan;nan;nan;nan;nan;nan;nan;nan;nan;nan;nan;nan;nan;nan;nan;nan;nan;nan;nan;nan;nan;nan;nan;nan;nan;nan;nan;nan;nan;nan;nan;nan;nan;nan;nan;nan;nan;nan;nan;nan;nan;nan;nan;nan;nan;nan;nan;nan;nan;nan;nan;nan;nan;nan;nan;nan;nan;nan;nan;nan;nan;nan;nan;nan;nan;nan;nan;nan;nan;nan;nan;nan;nan;nan;nan;nan;nan;nan;nan;nan;nan;nan;nan;nan;nan;nan;nan;nan;nan;nan;nan;nan;nan;nan;nan;nan;nan;nan;nan;nan;nan;nan;nan;nan;nan;nan;nan;nan;nan;nan;nan;nan;nan;nan;nan;nan;nan;nan;nan;nan;nan;nan;nan;nan;nan;nan;nan;nan;nan;nan;nan;nan;nan;nan;nan;nan;nan;nan;nan;0.62223333;0.4206184621698461;0.8108108108108109;0.7946078366460531;0.8771566597653554;0.5777949;0.09522649433840154;0.9617;0.9535015585994578;0.9473356021425344;0.0630350112915039;0.62223333;0.4206184621698461;0.8108108108108109;0.7946078366460531;0.8771566597653554;0.5777949;0.09522649433840154;0.9617;0.9535015585994578;0.9473356021425344;0.0;0.0;0.0;0.0;0.0;0.0;0.0;0.0;0.0;0.0;0.0630350112915039;0.68723524;0.6720907347159343;0.6126126126126126;0.5348496872444624;0.4849896480331263;0.17035722732543945;209.49594;0.6475259981973952;0.6486486486486487;0.6464947706327016;0.6772727272727272;10.021446466445923;nan;nan;nan;nan;nan;nan;nan;nan;nan;nan;nan;nan;nan;nan;nan;nan;nan;nan;nan;nan;nan;nan;nan;nan;nan;nan;nan;nan;nan;nan;nan;nan;nan;nan;nan;nan;nan;nan;nan;nan;nan;nan;nan;nan;nan;nan;nan;nan;nan;nan;nan;nan;nan;nan;nan;nan;nan;nan;nan;nan;nan;nan;nan;nan;nan;nan;nan;nan;nan;nan;nan;nan;nan;nan;nan;nan;nan;nan;nan;nan;nan;nan;nan;nan;nan;nan;nan;nan;nan;nan;nan;nan;nan;nan;nan;nan;nan;nan;nan;nan;nan;nan;nan;nan;nan;nan;nan;nan;nan;nan;nan;nan;nan;nan;nan;nan;nan;nan;nan;nan;nan;nan;nan;nan;nan;nan;nan;nan;nan;nan;nan;nan;nan;nan;nan;nan;nan;nan;nan;nan;nan;nan;nan;nan;nan;nan;nan;nan;nan;nan;nan;nan;nan;nan;nan;nan;nan;nan;nan;nan;nan;nan;nan;nan;nan;nan;nan;nan;nan;nan;nan;nan;nan;nan;nan;nan;0.9276276;2.62157057918152;0.109375;0.021566901408450703;0.6813909774436089;0.5527283;0.10380110317523368;0.9669;0.9624832102588445;0.8703096275870248;0.06412672996520996;0.9276276;2.62157057918152;0.109375;0.021566901408450703;0.6813909774436089;0.5527283;0.10380110317523368;0.9669;0.9624832102588445;0.8703096275870248;0.0;0.0;0.0;0.0;0.0;0.0;0.0;0.0;0.0;0.0;0.06412672996520996;0.71289563;0.7572382956277579;0.390625;0.4652645148968679;0.62468671679198;0.14451956748962402;23.599583;0.43920243135653436;0.8828125;0.9083423550966023;0.6747967479674798;10.722700357437134;nan;nan;nan;nan;nan;nan;nan;nan;nan;nan;nan;nan;nan;nan;nan;nan;nan;nan;nan;nan;nan;nan;nan;nan;nan;nan;nan;nan;nan;nan;nan;nan;nan;nan;nan;nan;nan;nan;nan;nan;nan;nan;nan;nan;nan;nan;nan;nan;nan;nan;nan;nan;nan;nan;nan;nan;nan;nan;nan;nan;nan;nan;nan;nan;nan;nan;nan;nan;nan;nan;nan;nan;nan;nan;nan;nan;nan;nan;nan;nan;nan;nan;nan;nan;nan;nan;nan;nan;nan;nan;nan;nan;nan;nan;nan;nan;nan;nan;nan;nan;nan;nan;nan;nan;nan;nan;nan;nan;nan;nan;nan;nan;nan;nan;nan;nan;nan;nan;nan;nan;nan;nan;nan;nan;nan;nan;nan;nan;nan;nan;nan;nan;nan;nan;nan;nan;nan;nan;nan;nan;nan;nan;nan;nan;nan;nan;nan;nan;nan;nan;nan;nan;nan;nan;nan;nan;nan;nan;nan;nan;nan;nan;nan;nan;nan;nan;nan;nan;nan;nan;nan;nan;nan;nan;nan;nan;nan;nan;nan;nan;nan;nan;nan;nan;nan;nan;nan;nan;nan;nan;nan;nan;nan;nan;nan;nan;nan;nan;nan;nan;nan;nan;nan;nan;nan;nan;nan;nan;nan;nan;nan;nan;nan;nan;nan;nan;nan;nan;nan;nan;nan;nan;nan;nan;nan;nan;nan;nan;nan;nan;nan;nan;nan;nan;nan;nan;nan;nan;nan;nan;nan;nan;nan;nan;nan;nan;nan;nan;nan;nan;nan;nan;nan;nan;nan;nan;nan;nan;nan;nan;nan;nan;nan;nan;nan;nan;nan;nan;nan;nan;nan;nan;nan;nan;nan;nan;nan;nan;nan;nan;nan;nan;nan;nan;nan;nan;nan;nan;nan;nan;nan;nan;nan;nan;nan;nan;nan;nan;nan;nan;nan;nan;nan;nan;nan;nan;nan;nan;nan;nan;nan;nan;nan;nan;nan;nan;nan;nan;nan;nan;nan;nan;nan;nan;nan;nan;nan;nan;nan;nan;nan;nan;nan;nan;nan;nan;nan;nan;nan;nan;nan;nan;nan;nan;nan;nan;nan;nan;nan;nan;nan;nan;nan;nan;nan;nan;nan;nan;nan;nan;nan;nan;nan;nan;nan;nan;nan;nan;nan;nan;nan;nan;nan;nan;nan;nan;nan;nan;nan;nan;nan;nan;nan;nan;nan;nan;nan;nan;nan;nan;nan;nan;nan;nan;nan;nan;nan;nan;nan;nan;nan;nan;nan;nan;nan;nan;nan;nan;nan;nan;nan;nan;nan;nan;nan;nan;nan;nan;nan;nan;nan;nan;nan;nan;nan;nan;nan;nan;nan;nan;nan;nan;nan;nan;nan;nan;nan;nan;nan;nan;0.68446934;0.8253993937362062;0.6306306306306306;0.6357687365788176;0.7356797791580401;0.56425214;0.0867062376745256;0.97;0.9663121180784058;0.9357525971349119;0.06247258186340332;0.68446934;0.8253993937362062;0.6306306306306306;0.6357687365788176;0.7356797791580401;0.56425214;0.0867062376745256;0.97;0.9663121180784058;0.9357525971349119;0.0;0.0;0.0;0.0;0.0;0.0;0.0;0.0;0.0;0.0;0.06247258186340332;0.68723524;0.6720907347159343;0.6126126126126126;0.5348496872444624;0.4849896480331263;0.17035722732543945;209.49594;0.6475259981973952;0.6486486486486487;0.6464947706327016;0.6772727272727272;10.021446466445923;nan;nan;nan;nan;nan;nan;nan;nan;nan;nan;nan;nan;nan;nan;nan;nan;nan;nan;nan;nan;nan;nan;nan;nan;nan;nan;nan;nan;nan;nan;nan;nan;nan;nan;nan;nan;nan;nan;nan;nan;nan;nan;nan;nan;nan;nan;nan;nan;nan;nan;nan;nan;nan;nan;nan;nan;nan;nan;nan;nan;nan;nan;nan;nan;nan;nan;nan;nan;nan;nan;nan;nan;nan;nan;nan;nan;nan;nan;nan;nan;nan;nan;nan;nan;nan;nan;nan;nan;nan;nan;nan;nan;nan;nan;nan;nan;nan;nan;nan;nan;nan;nan;nan;nan;nan;nan;nan;nan;nan;nan;nan;nan;nan;nan;nan;nan;nan;nan;nan;nan;nan;nan;nan;nan;nan;nan;nan;nan;nan;nan;nan;nan;nan;nan;nan;nan;nan;nan;nan;nan;nan;nan;nan;nan;nan;nan;nan;nan;nan;nan;nan;nan;nan;nan;nan;nan;nan;nan;nan;nan;nan;nan;nan;nan;nan;nan;nan;nan;nan;nan;nan;nan;nan;nan;nan;nan;0.8836261;1.9910787781595085;0.109375;0.021566901408450703;0.7396616541353385;0.5344344;0.08118004349720397;0.9737;0.9710303345223927;0.8814747166729264;0.06009054183959961;0.8836261;1.9910787781595085;0.109375;0.021566901408450703;0.7396616541353385;0.5344344;0.08118004349720397;0.9737;0.9710303345223927;0.8814747166729264;0.0;0.0;0.0;0.0;0.0;0.0;0.0;0.0;0.0;0.0;0.06009054183959961;0.71289563;0.7572382956277579;0.390625;0.4652645148968679;0.62468671679198;0.14451956748962402;23.599583;0.43920243135653436;0.8828125;0.9083423550966023;0.6747967479674798;10.722700357437134;nan;nan;nan;nan;nan;nan;nan;nan;nan;nan;nan;nan;nan;nan;nan;nan;nan;nan;nan;nan;nan;nan;nan;nan;nan;nan;nan;nan;nan;nan;nan;nan;nan;nan;nan;nan;nan;nan;nan;nan;nan;nan;nan;nan;nan;nan;nan;nan;nan;nan;nan;nan;nan;nan;nan;nan;nan;nan;nan;nan;nan;nan;nan;nan;nan;nan;nan;nan;nan;nan;nan;nan;nan;nan;nan;nan;nan;nan;nan;nan;nan;nan;nan;nan;nan;nan;nan;nan;nan;nan;nan;nan;nan;nan;nan;nan;nan;nan;nan;nan;nan;nan;nan;nan;nan;nan;nan;nan;nan;nan;nan;nan;nan;nan;nan;nan;nan;nan;nan;nan;nan;nan;nan;nan;nan;nan;nan;nan;nan;nan;nan;nan;nan;nan;nan;nan;nan;nan;nan;nan;nan;nan;nan;nan;nan;nan;nan;nan;nan;nan;nan;nan;nan;nan;nan;nan;nan;nan;nan;nan;nan;nan;nan;nan;nan;nan;nan;nan;nan;nan;nan;nan;nan;nan;nan;nan;nan;nan;nan;nan;nan;nan;nan;nan;nan;nan;nan;nan;nan;nan;nan;nan;nan;nan;nan;nan;nan;nan;nan;nan;nan;nan;nan;nan;nan;nan;nan;nan;nan;nan;nan;nan;nan;nan;nan;nan;nan;nan;nan;nan;nan;nan;nan;nan;nan;nan;nan;nan;nan;nan;nan;nan;nan;nan;nan;nan;nan;nan;nan;nan;nan;nan;nan;nan;nan;nan;nan;nan;nan;nan;nan;nan;nan;nan;nan;nan;nan;nan;nan;nan;nan;nan;nan;nan;nan;nan;nan;nan;nan;nan;nan;nan;nan;nan;nan;nan;nan;nan;nan;nan;nan;nan;nan;nan;nan;nan;nan;nan;nan;nan;nan;nan;nan;nan;nan;nan;nan;nan;nan;nan;nan;nan;nan;nan;nan;nan;nan;nan;nan;nan;nan;nan;nan;nan;nan;nan;nan;nan;nan;nan;nan;nan;nan;nan;nan;nan;nan;nan;nan;nan;nan;nan;nan;nan;nan;nan;nan;nan;nan;nan;nan;nan;nan;nan;nan;nan;nan;nan;nan;nan;nan;nan;nan;nan;nan;nan;nan;nan;nan;nan;nan;nan;nan;nan;nan;nan;nan;nan;nan;nan;nan;nan;nan;nan;nan;nan;nan;nan;nan;nan;nan;nan;nan;nan;nan;nan;nan;nan;nan;nan;nan;nan;nan;nan;nan;nan;nan;nan;nan;nan;nan;nan;nan;nan;nan;nan;nan;nan;nan;nan;nan;nan;nan;nan;nan;nan;nan;nan;nan;nan;nan;nan;nan;nan;nan;nan;nan;nan;nan;nan;nan;nan;nan;nan;nan;nan;nan;nan;nan;nan;0.61870843;0.46745373855528766;0.7747747747747747;0.7775678101206371;0.8074534161490684;0.56026447;0.07373688846560691;0.9727;0.9716362169438718;0.939478602873442;0.05356597900390625;0.61870843;0.46745373855528766;0.7747747747747747;0.7775678101206371;0.8074534161490684;0.56026447;0.07373688846560691;0.9727;0.9716362169438718;0.939478602873442;0.0;0.0;0.0;0.0;0.0;0.0;0.0;0.0;0.0;0.0;0.05356597900390625;0.68723524;0.6720907347159343;0.6126126126126126;0.5348496872444624;0.4849896480331263;0.17035722732543945;209.49594;0.6475259981973952;0.6486486486486487;0.6464947706327016;0.6772727272727272;10.021446466445923;nan;nan;nan;nan;nan;nan;nan;nan;nan;nan;nan;nan;nan;nan;nan;nan;nan;nan;nan;nan;nan;nan;nan;nan;nan;nan;nan;nan;nan;nan;nan;nan;nan;nan;nan;nan;nan;nan;nan;nan;nan;nan;nan;nan;nan;nan;nan;nan;nan;nan;nan;nan;nan;nan;nan;nan;nan;nan;nan;nan;nan;nan;nan;nan;nan;nan;nan;nan;nan;nan;nan;nan;nan;nan;nan;nan;nan;nan;nan;nan;nan;nan;nan;nan;nan;nan;nan;nan;nan;nan;nan;nan;nan;nan;nan;nan;nan;nan;nan;nan;nan;nan;nan;nan;nan;nan;nan;nan;nan;nan;nan;nan;nan;nan;nan;nan;nan;nan;nan;nan;nan;nan;nan;nan;nan;nan;nan;nan;nan;nan;nan;nan;nan;nan;nan;nan;nan;nan;nan;nan;nan;nan;nan;nan;nan;nan;nan;nan;nan;nan;nan;nan;nan;nan;nan;nan;nan;nan;nan;nan;nan;nan;nan;nan;nan;nan;nan;nan;nan;nan;nan;nan;nan;nan;nan;nan;0.8380927;1.9038063635142042;0.390625;0.4609375;0.7597117794486216;0.5595244;0.1006509883520421;0.9698;0.9615289295688472;0.8771709514078436;0.06516432762145996;0.8380927;1.9038063635142042;0.390625;0.4609375;0.7597117794486216;0.5595244;0.1006509883520421;0.9698;0.9615289295688472;0.8771709514078436;0.0;0.0;0.0;0.0;0.0;0.0;0.0;0.0;0.0;0.0;0.06516432762145996;0.71289563;0.7572382956277579;0.390625;0.4652645148968679;0.62468671679198;0.14451956748962402;23.599583;0.43920243135653436;0.8828125;0.9083423550966023;0.6747967479674798;10.722700357437134;nan;nan;nan;nan;nan;nan;nan;nan;nan;nan;nan;nan;nan;nan;nan;nan;nan;nan;nan;nan;nan;nan;nan;nan;nan;nan;nan;nan;nan;nan;nan;nan;nan;nan;nan;nan;nan;nan;nan;nan;nan;nan;nan;nan;nan;nan;nan;nan;nan;nan;nan;nan;nan;nan;nan;nan;nan;nan;nan;nan;nan;nan;nan;nan;nan;nan;nan;nan;nan;nan;nan;nan;nan;nan;nan;nan;nan;nan;nan;nan;nan;nan;nan;nan;nan;nan;nan;nan;nan;nan;nan;nan;nan;nan;nan;nan;nan;nan;nan;nan;nan;nan;nan;nan;nan;nan;nan;nan;nan;nan;nan;nan;nan;nan;nan;nan;nan;nan;nan;nan;nan;nan;nan;nan;nan;nan;nan;nan;nan;nan;nan;nan;nan;nan;nan;nan;nan;nan;nan;nan;nan;nan;nan;nan;nan;nan;nan;nan;nan;nan;nan;nan;nan;nan;nan;nan;nan;nan;nan;nan;nan;nan;nan;nan;nan;nan;nan;nan;nan;nan;nan;nan;nan;nan;nan;nan;nan;nan;nan;nan;nan;nan;nan;nan;nan;nan;nan;nan;nan;nan;nan;nan;nan;nan;nan;nan;nan;nan;nan;nan;nan;nan;nan;nan;nan;nan;nan;nan;nan;nan;nan;nan;nan;nan;nan;nan;nan;nan;nan;nan;nan;nan;nan;nan;nan;nan;nan;nan;nan;nan;nan;nan;nan;nan;nan;nan;nan;nan;nan;nan;nan;nan;nan;nan;nan;nan;nan;nan;nan;nan;nan;nan;nan;nan;nan;nan;nan;nan;nan;nan;nan;nan;nan;nan;nan;nan;nan;nan;nan;nan;nan;nan;nan;nan;nan;nan;nan;nan;nan;nan;nan;nan;nan;nan;nan;nan;nan;nan;nan;nan;nan;nan;nan;nan;nan;nan;nan;nan;nan;nan;nan;nan;nan;nan;nan;nan;nan;nan;nan;nan;nan;nan;nan;nan;nan;nan;nan;nan;nan;nan;nan;nan;nan;nan;nan;nan;nan;nan;nan;nan;nan;nan;nan;nan;nan;nan;nan;nan;nan;nan;nan;nan;nan;nan;nan;nan;nan;nan;nan;nan;nan;nan;nan;nan;nan;nan;nan;nan;nan;nan;nan;nan;nan;nan;nan;nan;nan;nan;nan;nan;nan;nan;nan;nan;nan;nan;nan;nan;nan;nan;nan;nan;nan;nan;nan;nan;nan;nan;nan;nan;nan;nan;nan;nan;nan;nan;nan;nan;nan;nan;nan;nan;nan;nan;nan;nan;nan;nan;nan;nan;nan;nan;nan;nan;nan;nan;nan;nan;nan;nan;nan;nan;nan;nan;nan;nan;nan;nan;nan;nan;nan;nan;nan;nan;nan;nan;nan;nan;nan;nan;0.63575345;0.5715677086911719;0.6306306306306306;0.6344190344190344;0.7068668046928916;0.53015155;0.03575991494281427;0.99;0.988672921149584;0.9160449957238256;0.05614829063415527;0.63575345;0.5715677086911719;0.6306306306306306;0.6344190344190344;0.7068668046928916;0.53015155;0.03575991494281427;0.99;0.988672921149584;0.9160449957238256;0.0;0.0;0.0;0.0;0.0;0.0;0.0;0.0;0.0;0.0;0.05614829063415527;0.68723524;0.6720907347159343;0.6126126126126126;0.5348496872444624;0.4849896480331263;0.17035722732543945;209.49594;0.6475259981973952;0.6486486486486487;0.6464947706327016;0.6772727272727272;10.021446466445923;nan;nan;nan;nan;nan;nan;nan;nan;nan;nan;nan;nan;nan;nan;nan;nan;nan;nan;nan;nan;nan;nan;nan;nan;nan;nan;nan;nan;nan;nan;nan;nan;nan;nan;nan;nan;nan;nan;nan;nan;nan;nan;nan;nan;nan;nan;nan;nan;nan;nan;nan;nan;nan;nan;nan;nan;nan;nan;nan;nan;nan;nan;nan;nan;nan;nan;nan;nan;nan;nan;nan;nan;nan;nan;nan;nan;nan;nan;nan;nan;nan;nan;nan;nan;nan;nan;nan;nan;nan;nan;nan;nan;nan;nan;nan;nan;nan;nan;nan;nan;nan;nan;nan;nan;nan;nan;nan;nan;nan;nan;nan;nan;nan;nan;nan;nan;nan;nan;nan;nan;nan;nan;nan;nan;nan;nan;nan;nan;nan;nan;nan;nan;nan;nan;nan;nan;nan;nan;nan;nan;nan;nan;nan;nan;nan;nan;nan;nan;nan;nan;nan;nan;nan;nan;nan;nan;nan;nan;nan;nan;nan;nan;nan;nan;nan;nan;nan;nan;nan;nan;nan;nan;nan;nan;nan;nan;0.90049237;1.9494855829549989;0.109375;0.021566901408450703;0.668546365914787;0.5367477;0.0772993547366446;0.9779;0.9716637180903755;0.8874817684845806;0.0572972297668457;0.90049237;1.9494855829549989;0.109375;0.021566901408450703;0.668546365914787;0.5367477;0.0772993547366446;0.9779;0.9716637180903755;0.8874817684845806;0.0;0.0;0.0;0.0;0.0;0.0;0.0;0.0;0.0;0.0;0.0572972297668457;0.71289563;0.7572382956277579;0.390625;0.4652645148968679;0.62468671679198;0.14451956748962402;23.599583;0.43920243135653436;0.8828125;0.9083423550966023;0.6747967479674798;10.722700357437134;nan;nan;nan;nan;nan;nan;nan;nan;nan;nan;nan;nan;nan;nan;nan;nan;nan;nan;nan;nan;nan;nan;nan;nan;nan;nan;nan;nan;nan;nan;nan;nan;nan;nan;nan;nan;nan;nan;nan;nan;nan;nan;nan;nan;nan;nan;nan;nan;nan;nan;nan;nan;nan;nan;nan;nan;nan;nan;nan;nan;nan;nan;nan;nan;nan;nan;nan;nan;nan;nan;nan;nan;nan;nan;nan;nan;nan;nan;nan;nan;nan;nan;nan;nan;nan;nan;nan;nan;nan;nan;nan;nan;nan;nan;nan;nan;nan;nan;nan;nan;nan;nan;nan;nan;nan;nan;nan;nan;nan;nan;nan;nan;nan;nan;nan;nan;nan;nan;nan;nan;nan;nan;nan;nan;nan;nan;nan;nan;nan;nan;nan;nan;nan;nan;nan;nan;nan;nan;nan;nan;nan;nan;nan;nan;nan;nan;nan;nan;nan;nan;nan;nan;nan;nan;nan;nan;nan;nan;nan;nan;nan;nan;nan;nan;nan;nan;nan;nan;nan;nan;nan;nan;nan;nan;nan;nan;nan;nan;nan;nan;nan;nan;nan;nan;nan;nan;nan;nan;nan;nan;nan;nan;nan;nan;nan;nan;nan;nan;nan;nan;nan;nan;nan;nan;nan;nan;nan;nan;nan;nan;nan;nan;nan;nan;nan;nan;nan;nan;nan;nan;nan;nan;nan;nan;nan;nan;nan;nan;nan;nan;nan;nan;nan;nan;nan;nan;nan;nan;nan;nan;nan;nan;nan;nan;nan;nan;nan;nan;nan;nan;nan;nan;nan;nan;nan;nan;nan;nan;nan;nan;nan;nan;nan;nan;nan;nan;nan;nan;nan;nan;nan;nan;nan;nan;nan;nan;nan;nan;nan;nan;nan;nan;nan;nan;nan;nan;nan;nan;nan;nan;nan;nan;nan;nan;nan;nan;nan;nan;nan;nan;nan;nan;nan;nan;nan;nan;nan;nan;nan;nan;nan;nan;nan;nan;nan;nan;nan;nan;nan;nan;nan;nan;nan;nan;nan;nan;nan;nan;nan;nan;nan;nan;nan;nan;nan;nan;nan;nan;nan;nan;nan;nan;nan;nan;nan;nan;nan;nan;nan;nan;nan;nan;nan;nan;nan;nan;nan;nan;nan;nan;nan;nan;nan;nan;nan;nan;nan;nan;nan;nan;nan;nan;nan;nan;nan;nan;nan;nan;nan;nan;nan;nan;nan;nan;nan;nan;nan;nan;nan;nan;nan;nan;nan;nan;nan;nan;nan;nan;nan;nan;nan;nan;nan;nan;nan;nan;nan;nan;nan;nan;nan;nan;nan;nan;nan;nan;nan;nan;nan;nan;nan;nan;nan;nan;nan;nan;nan;nan;nan;nan;nan;nan;nan;nan;nan;nan;nan;nan;nan;nan;0.75946075;1.0569458455680492;0.4594594594594595;0.36417186417186415;0.32091097308488614;0.5614664;0.07727305505444394;0.9727;0.9675440842466445;0.9419427990890251;0.0549013614654541;0.75946075;1.0569458455680492;0.4594594594594595;0.36417186417186415;0.32091097308488614;0.5614664;0.07727305505444394;0.9727;0.9675440842466445;0.9419427990890251;0.0;0.0;0.0;0.0;0.0;0.0;0.0;0.0;0.0;0.0;0.0549013614654541;0.68723524;0.6720907347159343;0.6126126126126126;0.5348496872444624;0.4849896480331263;0.17035722732543945;209.49594;0.6475259981973952;0.6486486486486487;0.6464947706327016;0.6772727272727272;10.021446466445923;nan;nan;nan;nan;nan;nan;nan;nan;nan;nan;nan;nan;nan;nan;nan;nan;nan;nan;nan;nan;nan;nan;nan;nan;nan;nan;nan;nan;nan;nan;nan;nan;nan;nan;nan;nan;nan;nan;nan;nan;nan;nan;nan;nan;nan;nan;nan;nan;nan;nan;nan;nan;nan;nan;nan;nan;nan;nan;nan;nan;nan;nan;nan;nan;nan;nan;nan;nan;nan;nan;nan;nan;nan;nan;nan;nan;nan;nan;nan;nan;nan;nan;nan;nan;nan;nan;nan;nan;nan;nan;nan;nan;nan;nan;nan;nan;nan;nan;nan;nan;nan;nan;nan;nan;nan;nan;nan;nan;nan;nan;nan;nan;nan;nan;nan;nan;nan;nan;nan;nan;nan;nan;nan;nan;nan;nan;nan;nan;nan;nan;nan;nan;nan;nan;nan;nan;nan;nan;nan;nan;nan;nan;nan;nan;nan;nan;nan;nan;nan;nan;nan;nan;nan;nan;nan;nan;nan;nan;nan;nan;nan;nan;nan;nan;nan;nan;nan;nan;nan;nan;nan;nan;nan;nan;nan;nan;0.8730964;1.8128190798312995;0.1171875;0.037208988590810975;0.7286967418546366;0.5689404;0.1268033178332391;0.9588;0.948255977343282;0.8688107282836568;0.06807947158813477;0.8730964;1.8128190798312995;0.1171875;0.037208988590810975;0.7286967418546366;0.5689404;0.1268033178332391;0.9588;0.948255977343282;0.8688107282836568;0.0;0.0;0.0;0.0;0.0;0.0;0.0;0.0;0.0;0.0;0.06807947158813477;0.71289563;0.7572382956277579;0.390625;0.4652645148968679;0.62468671679198;0.14451956748962402;23.599583;0.43920243135653436;0.8828125;0.9083423550966023;0.6747967479674798;10.722700357437134;nan;nan;nan;nan;nan;nan;nan;nan;nan;nan;nan;nan;nan;nan;nan;nan;nan;nan;nan;nan;nan;nan;nan;nan;nan;nan;nan;nan;nan;nan;nan;nan;nan;nan;nan;nan;nan;nan;nan;nan;nan;nan;nan;nan;nan;nan;nan;nan;nan;nan;nan;nan;nan;nan;nan;nan;nan;nan;nan;nan;nan;nan;nan;nan;nan;nan;nan;nan;nan;nan;nan;nan;nan;nan;nan;nan;nan;nan;nan;nan;nan;nan;nan;nan;nan;nan;nan;nan;nan;nan;nan;nan;nan;nan;nan;nan;nan;nan;nan;nan;nan;nan;nan;nan;nan;nan;nan;nan;nan;nan;nan;nan;nan;nan;nan;nan;nan;nan;nan;nan;nan;nan;nan;nan;nan;nan;nan;nan;nan;nan;nan;nan;nan;nan;nan;nan;nan;nan;nan;nan;nan;nan;nan;nan;nan;nan;nan;nan;nan;nan;nan;nan;nan;nan;nan;nan;nan;nan;nan;nan;nan;nan;nan;nan;nan;nan;nan;nan;nan;nan;nan;nan;nan;nan;nan;nan;nan;nan;nan;nan;nan;nan;nan;nan;nan;nan;nan;nan;nan;nan;nan;nan;nan;nan;nan;nan;nan;nan;nan;nan;nan;nan;nan;nan;nan;nan;nan;nan;nan;nan;nan;nan;nan;nan;nan;nan;nan;nan;nan;nan;nan;nan;nan;nan;nan;nan;nan;nan;nan;nan;nan;nan;nan;nan;nan;nan;nan;nan;nan;nan;nan;nan;nan;nan;nan;nan;nan;nan;nan;nan;nan;nan;nan;nan;nan;nan;nan;nan;nan;nan;nan;nan;nan;nan;nan;nan;nan;nan;nan;nan;nan;nan;nan;nan;nan;nan;nan;nan;nan;nan;nan;nan;nan;nan;nan;nan;nan;nan;nan;nan;nan;nan;nan;nan;nan;nan;nan;nan;nan;nan;nan;nan;nan;nan;nan;nan;nan;nan;nan;nan;nan;nan;nan;nan;nan;nan;nan;nan;nan;nan;nan;nan;nan;nan;nan;nan;nan;nan;nan;nan;nan;nan;nan;nan;nan;nan;nan;nan;nan;nan;nan;nan;nan;nan;nan;nan;nan;nan;nan;nan;nan;nan;nan;nan;nan;nan;nan;nan;nan;nan;nan;nan;nan;nan;nan;nan;nan;nan;nan;nan;nan;nan;nan;nan;nan;nan;nan;nan;nan;nan;nan;nan;nan;nan;nan;nan;nan;nan;nan;nan;nan;nan;nan;nan;nan;nan;nan;nan;nan;nan;nan;nan;nan;nan;nan;nan;nan;nan;nan;nan;nan;nan;nan;nan;nan;nan;nan;nan;nan;nan;nan;nan;nan;nan;nan;nan;nan;nan;nan;nan;nan;nan;nan;nan;nan;nan;nan;nan;nan;nan;0.7005851;0.857641068798941;0.5045045045045045;0.5106491822654016;0.5455486542443064;0.5789833;0.1102484805581752;0.958;0.9545556781819052;0.9261042923493633;0.06159353256225586;0.7005851;0.857641068798941;0.5045045045045045;0.5106491822654016;0.5455486542443064;0.5789833;0.1102484805581752;0.958;0.9545556781819052;0.9261042923493633;0.0;0.0;0.0;0.0;0.0;0.0;0.0;0.0;0.0;0.0;0.06159353256225586;0.68723524;0.6720907347159343;0.6126126126126126;0.5348496872444624;0.4849896480331263;0.17035722732543945;209.49594;0.6475259981973952;0.6486486486486487;0.6464947706327016;0.6772727272727272;10.021446466445923;nan;nan;nan;nan;nan;nan;nan;nan;nan;nan;nan;nan;nan;nan;nan;nan;nan;nan;nan;nan;nan;nan;nan;nan;nan;nan;nan;nan;nan;nan;nan;nan;nan;nan;nan;nan;nan;nan;nan;nan;nan;nan;nan;nan;nan;nan;nan;nan;nan;nan;nan;nan;nan;nan;nan;nan;nan;nan;nan;nan;nan;nan;nan;nan;nan;nan;nan;nan;nan;nan;nan;nan;nan;nan;nan;nan;nan;nan;nan;nan;nan;nan;nan;nan;nan;nan;nan;nan;nan;nan;nan;nan;nan;nan;nan;nan;nan;nan;nan;nan;nan;nan;nan;nan;nan;nan;nan;nan;nan;nan;nan;nan;nan;nan;nan;nan;nan;nan;nan;nan;nan;nan;nan;nan;nan;nan;nan;nan;nan;nan;nan;nan;nan;nan;nan;nan;nan;nan;nan;nan;nan;nan;nan;nan;nan;nan;nan;nan;nan;nan;nan;nan;nan;nan;nan;nan;nan;nan;nan;nan;nan;nan;nan;nan;nan;nan;nan;nan;nan;nan;nan;nan;nan;nan;nan;nan;0.8396354;1.615987259785865;0.3984375;0.47001118408528453;0.6177944862155389;0.5288493;0.057004701761515716;0.9863;0.9825175453044221;0.8128911024099346;0.05985116958618164;0.8396354;1.615987259785865;0.3984375;0.47001118408528453;0.6177944862155389;0.5288493;0.057004701761515716;0.9863;0.9825175453044221;0.8128911024099346;0.0;0.0;0.0;0.0;0.0;0.0;0.0;0.0;0.0;0.0;0.05985116958618164;0.71289563;0.7572382956277579;0.390625;0.4652645148968679;0.62468671679198;0.14451956748962402;23.599583;0.43920243135653436;0.8828125;0.9083423550966023;0.6747967479674798;10.722700357437134;nan;nan;nan;nan;nan;nan;nan;nan;nan;nan;nan;nan;nan;nan;nan;nan;nan;nan;nan;nan;nan;nan;nan;nan;nan;nan;nan;nan;nan;nan;nan;nan;nan;nan;nan;nan;nan;nan;nan;nan;nan;nan;nan;nan;nan;nan;nan;nan;nan;nan;nan;nan;nan;nan;nan;nan;nan;nan;nan;nan;nan;nan;nan;nan;nan;nan;nan;nan;nan;nan;nan;nan;nan;nan;nan;nan;nan;nan;nan;nan;nan;nan;nan;nan;nan;nan;nan;nan;nan;nan;nan;nan;nan;nan;nan;nan;nan;nan;nan;nan;nan;nan;nan;nan;nan;nan;nan;nan;nan;nan;nan;nan;nan;nan;nan;nan;nan;nan;nan;nan;nan;nan;nan;nan;nan;nan;nan;nan;nan;nan;nan;nan;nan;nan;nan;nan;nan;nan;nan;nan;nan;nan;nan;nan;nan;nan;nan;nan;nan;nan;nan;nan;nan;nan;nan;nan;nan;nan;nan;nan;nan;nan;nan;nan;nan;nan;nan;nan;nan;nan;nan;nan;nan;nan;nan;nan;nan;nan;nan;nan;nan;nan;nan;nan;nan;nan;nan;nan;nan;nan;nan;nan;nan;nan;nan;nan;nan;nan;nan;nan;nan;nan;nan;nan;nan;nan;nan;nan;nan;nan;nan;nan;nan;nan;nan;nan;nan;nan;nan;nan;nan;nan;nan;nan;nan;nan;nan;nan;nan;nan;nan;nan;nan;nan;nan;nan;nan;nan;nan;nan;nan;nan;nan;nan;nan;nan;nan;nan;nan;nan;nan;nan;nan;nan;nan;nan;nan;nan;nan;nan;nan;nan;nan;nan;nan;nan;nan;nan;nan;nan;nan;nan;nan;nan;nan;nan;nan;nan;nan;nan;nan;nan;nan;nan;nan;nan;nan;nan;nan;nan;nan;nan;nan;nan;nan;nan;nan;nan;nan;nan;nan;nan;nan;nan;nan;nan;nan;nan;nan;nan;nan;nan;nan;nan;nan;nan;nan;nan;nan;nan;nan;nan;nan;nan;nan;nan;nan;nan;nan;nan;nan;nan;nan;nan;nan;nan;nan;nan;nan;nan;nan;nan;nan;nan;nan;nan;nan;nan;nan;nan;nan;nan;nan;nan;nan;nan;nan;nan;nan;nan;nan;nan;nan;nan;nan;nan;nan;nan;nan;nan;nan;nan;nan;nan;nan;nan;nan;nan;nan;nan;nan;nan;nan;nan;nan;nan;nan;nan;nan;nan;nan;nan;nan;nan;nan;nan;nan;nan;nan;nan;nan;nan;nan;nan;nan;nan;nan;nan;nan;nan;nan;nan;nan;nan;nan;nan;nan;nan;nan;nan;nan;nan;nan;nan;nan;nan;nan;nan;nan;nan;nan;nan;nan;nan;nan;nan;nan;nan;nan;nan;0.6791839;0.6645875300857019;0.4594594594594595;0.36417186417186415;0.6469979296066253;0.5651674;0.07163332922900537;0.9776;0.9740169994422757;0.9333740425916206;0.06402111053466797;0.6791839;0.6645875300857019;0.4594594594594595;0.36417186417186415;0.6469979296066253;0.5651674;0.07163332922900537;0.9776;0.9740169994422757;0.9333740425916206;0.0;0.0;0.0;0.0;0.0;0.0;0.0;0.0;0.0;0.0;0.06402111053466797;0.68723524;0.6720907347159343;0.6126126126126126;0.5348496872444624;0.4849896480331263;0.17035722732543945;209.49594;0.6475259981973952;0.6486486486486487;0.6464947706327016;0.6772727272727272;10.021446466445923;nan;nan;nan;nan;nan;nan;nan;nan;nan;nan;nan;nan;nan;nan;nan;nan;nan;nan;nan;nan;nan;nan;nan;nan;nan;nan;nan;nan;nan;nan;nan;nan;nan;nan;nan;nan;nan;nan;nan;nan;nan;nan;nan;nan;nan;nan;nan;nan;nan;nan;nan;nan;nan;nan;nan;nan;nan;nan;nan;nan;nan;nan;nan;nan;nan;nan;nan;nan;nan;nan;nan;nan;nan;nan;nan;nan;nan;nan;nan;nan;nan;nan;nan;nan;nan;nan;nan;nan;nan;nan;nan;nan;nan;nan;nan;nan;nan;nan;nan;nan;nan;nan;nan;nan;nan;nan;nan;nan;nan;nan;nan;nan;nan;nan;nan;nan;nan;nan;nan;nan;nan;nan;nan;nan;nan;nan;nan;nan;nan;nan;nan;nan;nan;nan;nan;nan;nan;nan;nan;nan;nan;nan;nan;nan;nan;nan;nan;nan;nan;nan;nan;nan;nan;nan;nan;nan;nan;nan;nan;nan;nan;nan;nan;nan;nan;nan;nan;nan;nan;nan;nan;nan;nan;nan;nan;nan;0.7006538;0.741209768057415;0.1171875;0.037208988590810975;0.8082706766917293;0.5858396;0.19304235473279488;0.9313;0.9205376915519015;0.8524004536062055;0.06205439567565918;0.7006538;0.741209768057415;0.1171875;0.037208988590810975;0.8082706766917293;0.5858396;0.19304235473279488;0.9313;0.9205376915519015;0.8524004536062055;0.0;0.0;0.0;0.0;0.0;0.0;0.0;0.0;0.0;0.0;0.06205439567565918;0.71289563;0.7572382956277579;0.390625;0.4652645148968679;0.62468671679198;0.14451956748962402;23.599583;0.43920243135653436;0.8828125;0.9083423550966023;0.6747967479674798;10.722700357437134;nan;nan;nan;nan;nan;nan;nan;nan;nan;nan;nan;nan;nan;nan;nan;nan;nan;nan;nan;nan;nan;nan;nan;nan;nan;nan;nan;nan;nan;nan;nan;nan;nan;nan;nan;nan;nan;nan;nan;nan;nan;nan;nan;nan;nan;nan;nan;nan;nan;nan;nan;nan;nan;nan;nan;nan;nan;nan;nan;nan;nan;nan;nan;nan;nan;nan;nan;nan;nan;nan;nan;nan;nan;nan;nan;nan;nan;nan;nan;nan;nan;nan;nan;nan;nan;nan;nan;nan;nan;nan;nan;nan;nan;nan;nan;nan;nan;nan;nan;nan;nan;nan;nan;nan;nan;nan;nan;nan;nan;nan;nan;nan;nan;nan;nan;nan;nan;nan;nan;nan;nan;nan;nan;nan;nan;nan;nan;nan;nan;nan;nan;nan;nan;nan;nan;nan;nan;nan;nan;nan;nan;nan;nan;nan;nan;nan;nan;nan;nan;nan;nan;nan;nan;nan;nan;nan;nan;nan;nan;nan;nan;nan;nan;nan;nan;nan;nan;nan;nan;nan;nan;nan;nan;nan;nan;nan;nan;nan;nan;nan;nan;nan;nan;nan;nan;nan;nan;nan;nan;nan;nan;nan;nan;nan;nan;nan;nan;nan;nan;nan;nan;nan;nan;nan;nan;nan;nan;nan;nan;nan;nan;nan;nan;nan;nan;nan;nan;nan;nan;nan;nan;nan;nan;nan;nan;nan;nan;nan;nan;nan;nan;nan;nan;nan;nan;nan;nan;nan;nan;nan;nan;nan;nan;nan;nan;nan;nan;nan;nan;nan;nan;nan;nan;nan;nan;nan;nan;nan;nan;nan;nan;nan;nan;nan;nan;nan;nan;nan;nan;nan;nan;nan;nan;nan;nan;nan;nan;nan;nan;nan;nan;nan;nan;nan;nan;nan;nan;nan;nan;nan;nan;nan;nan;nan;nan;nan;nan;nan;nan;nan;nan;nan;nan;nan;nan;nan;nan;nan;nan;nan;nan;nan;nan;nan;nan;nan;nan;nan;nan;nan;nan;nan;nan;nan;nan;nan;nan;nan;nan;nan;nan;nan;nan;nan;nan;nan;nan;nan;nan;nan;nan;nan;nan;nan;nan;nan;nan;nan;nan;nan;nan;nan;nan;nan;nan;nan;nan;nan;nan;nan;nan;nan;nan;nan;nan;nan;nan;nan;nan;nan;nan;nan;nan;nan;nan;nan;nan;nan;nan;nan;nan;nan;nan;nan;nan;nan;nan;nan;nan;nan;nan;nan;nan;nan;nan;nan;nan;nan;nan;nan;nan;nan;nan;nan;nan;nan;nan;nan;nan;nan;nan;nan;nan;nan;nan;nan;nan;nan;nan;nan;nan;nan;nan;nan;nan;nan;nan;nan;nan;nan;nan;nan;nan;nan;nan;nan;nan;nan;nan;nan;0.6365633;0.5341448311298236;0.7657657657657657;0.743991618200479;0.7355072463768116;0.59320235;0.11631847591207134;0.9622;0.9596036966992595;0.9097398608085578;0.05633854866027832;0.6365633;0.5341448311298236;0.7657657657657657;0.743991618200479;0.7355072463768116;0.59320235;0.11631847591207134;0.9622;0.9596036966992595;0.9097398608085578;0.0;0.0;0.0;0.0;0.0;0.0;0.0;0.0;0.0;0.0;0.05633854866027832;0.68723524;0.6720907347159343;0.6126126126126126;0.5348496872444624;0.4849896480331263;0.17035722732543945;209.49594;0.6475259981973952;0.6486486486486487;0.6464947706327016;0.6772727272727272;10.021446466445923;nan;nan;nan;nan;nan;nan;nan;nan;nan;nan;nan;nan;nan;nan;nan;nan;nan;nan;nan;nan;nan;nan;nan;nan;nan;nan;nan;nan;nan;nan;nan;nan;nan;nan;nan;nan;nan;nan;nan;nan;nan;nan;nan;nan;nan;nan;nan;nan;nan;nan;nan;nan;nan;nan;nan;nan;nan;nan;nan;nan;nan;nan;nan;nan;nan;nan;nan;nan;nan;nan;nan;nan;nan;nan;nan;nan;nan;nan;nan;nan;nan;nan;nan;nan;nan;nan;nan;nan;nan;nan;nan;nan;nan;nan;nan;nan;nan;nan;nan;nan;nan;nan;nan;nan;nan;nan;nan;nan;nan;nan;nan;nan;nan;nan;nan;nan;nan;nan;nan;nan;nan;nan;nan;nan;nan;nan;nan;nan;nan;nan;nan;nan;nan;nan;nan;nan;nan;nan;nan;nan;nan;nan;nan;nan;nan;nan;nan;nan;nan;nan;nan;nan;nan;nan;nan;nan;nan;nan;nan;nan;nan;nan;nan;nan;nan;nan;nan;nan;nan;nan;nan;nan;nan;nan;nan;nan;0.82141393;1.4175439044788596;0.3984375;0.47001118408528453;0.7384085213032582;0.5693788;0.13434932992917947;0.9561;0.9494735287548496;0.8788935530878891;0.055487632751464844;0.82141393;1.4175439044788596;0.3984375;0.47001118408528453;0.7384085213032582;0.5693788;0.13434932992917947;0.9561;0.9494735287548496;0.8788935530878891;0.0;0.0;0.0;0.0;0.0;0.0;0.0;0.0;0.0;0.0;0.055487632751464844;0.71289563;0.7572382956277579;0.390625;0.4652645148968679;0.62468671679198;0.14451956748962402;23.599583;0.43920243135653436;0.8828125;0.9083423550966023;0.6747967479674798;10.722700357437134;nan;nan;nan;nan;nan;nan;nan;nan;nan;nan;nan;nan;nan;nan;nan;nan;nan;nan;nan;nan;nan;nan;nan;nan;nan;nan;nan;nan;nan;nan;nan;nan;nan;nan;nan;nan;nan;nan;nan;nan;nan;nan;nan;nan;nan;nan;nan;nan;nan;nan;nan;nan;nan;nan;nan;nan;nan;nan;nan;nan;nan;nan;nan;nan;nan;nan;nan;nan;nan;nan;nan;nan;nan;nan;nan;nan;nan;nan;nan;nan;nan;nan;nan;nan;nan;nan;nan;nan;nan;nan;nan;nan;nan;nan;nan;nan;nan;nan;nan;nan;nan;nan;nan;nan;nan;nan;nan;nan;nan;nan;nan;nan;nan;nan;nan;nan;nan;nan;nan;nan;nan;nan;nan;nan;nan;nan;nan;nan;nan;nan;nan;nan;nan;nan;nan;nan;nan;nan;nan;nan;nan;nan;nan;nan;nan;nan;nan;nan;nan;nan;nan;nan;nan;nan;nan;nan;nan;nan;nan;nan;nan;nan;nan;nan;nan;nan;nan;nan;nan;nan;nan;nan;nan;nan;nan;nan;nan;nan;nan;nan;nan;nan;nan;nan;nan;nan;nan;nan;nan;nan;nan;nan;nan;nan;nan;nan;nan;nan;nan;nan;nan;nan;nan;nan;nan;nan;nan;nan;nan;nan;nan;nan;nan;nan;nan;nan;nan;nan;nan;nan;nan;nan;nan;nan;nan;nan;nan;nan;nan;nan;nan;nan;nan;nan;nan;nan;nan;nan;nan;nan;nan;nan;nan;nan;nan;nan;nan;nan;nan;nan;nan;nan;nan;nan;nan;nan;nan;nan;nan;nan;nan;nan;nan;nan;nan;nan;nan;nan;nan;nan;nan;nan;nan;nan;nan;nan;nan;nan;nan;nan;nan;nan;nan;nan;nan;nan;nan;nan;nan;nan;nan;nan;nan;nan;nan;nan;nan;nan;nan;nan;nan;nan;nan;nan;nan;nan;nan;nan;nan;nan;nan;nan;nan;nan;nan;nan;nan;nan;nan;nan;nan;nan;nan;nan;nan;nan;nan;nan;nan;nan;nan;nan;nan;nan;nan;nan;nan;nan;nan;nan;nan;nan;nan;nan;nan;nan;nan;nan;nan;nan;nan;nan;nan;nan;nan;nan;nan;nan;nan;nan;nan;nan;nan;nan;nan;nan;nan;nan;nan;nan;nan;nan;nan;nan;nan;nan;nan;nan;nan;nan;nan;nan;nan;nan;nan;nan;nan;nan;nan;nan;nan;nan;nan;nan;nan;nan;nan;nan;nan;nan;nan;nan;nan;nan;nan;nan;nan;nan;nan;nan;nan;nan;nan;nan;nan;nan;nan;nan;nan;nan;nan;nan;nan;nan;nan;nan;nan;nan;nan;nan;nan;nan;nan;nan;nan;nan;nan;nan;nan;nan;0.62747073;0.41167328614461063;0.7477477477477478;0.7506254624898693;0.8498964803312629;0.57049716;0.1066386802508489;0.9587;0.9568753951298841;0.9307553309261375;0.05650591850280762;0.62747073;0.41167328614461063;0.7477477477477478;0.7506254624898693;0.8498964803312629;0.57049716;0.1066386802508489;0.9587;0.9568753951298841;0.9307553309261375;0.0;0.0;0.0;0.0;0.0;0.0;0.0;0.0;0.0;0.0;0.05650591850280762;0.68723524;0.6720907347159343;0.6126126126126126;0.5348496872444624;0.4849896480331263;0.17035722732543945;209.49594;0.6475259981973952;0.6486486486486487;0.6464947706327016;0.6772727272727272;10.021446466445923;nan;nan;nan;nan;nan;nan;nan;nan;nan;nan;nan;nan;nan;nan;nan;nan;nan;nan;nan;nan;nan;nan;nan;nan;nan;nan;nan;nan;nan;nan;nan;nan;nan;nan;nan;nan;nan;nan;nan;nan;nan;nan;nan;nan;nan;nan;nan;nan;nan;nan;nan;nan;nan;nan;nan;nan;nan;nan;nan;nan;nan;nan;nan;nan;nan;nan;nan;nan;nan;nan;nan;nan;nan;nan;nan;nan;nan;nan;nan;nan;nan;nan;nan;nan;nan;nan;nan;nan;nan;nan;nan;nan;nan;nan;nan;nan;nan;nan;nan;nan;nan;nan;nan;nan;nan;nan;nan;nan;nan;nan;nan;nan;nan;nan;nan;nan;nan;nan;nan;nan;nan;nan;nan;nan;nan;nan;nan;nan;nan;nan;nan;nan;nan;nan;nan;nan;nan;nan;nan;nan;nan;nan;nan;nan;nan;nan;nan;nan;nan;nan;nan;nan;nan;nan;nan;nan;nan;nan;nan;nan;nan;nan;nan;nan;nan;nan;nan;nan;nan;nan;nan;nan;nan;nan;nan;nan;0.67037606;0.609611350501629;0.8828125;0.8808982290150412;0.6917293233082706;0.58563787;0.18887126329467516;0.9323;0.9239976347126158;0.8775968461303747;0.06070399284362793;0.67037606;0.609611350501629;0.8828125;0.8808982290150412;0.6917293233082706;0.58563787;0.18887126329467516;0.9323;0.9239976347126158;0.8775968461303747;0.0;0.0;0.0;0.0;0.0;0.0;0.0;0.0;0.0;0.0;0.06070399284362793;0.71289563;0.7572382956277579;0.390625;0.4652645148968679;0.62468671679198;0.14451956748962402;23.599583;0.43920243135653436;0.8828125;0.9083423550966023;0.6747967479674798;10.722700357437134;nan;nan;nan;nan;nan;nan;nan;nan;nan;nan;nan;nan;nan;nan;nan;nan;nan;nan;nan;nan;nan;nan;nan;nan;nan;nan;nan;nan;nan;nan;nan;nan;nan;nan;nan;nan;nan;nan;nan;nan;nan;nan;nan;nan;nan;nan;nan;nan;nan;nan;nan;nan;nan;nan;nan;nan;nan;nan;nan;nan;nan;nan;nan;nan;nan;nan;nan;nan;nan;nan;nan;nan;nan;nan;nan;nan;nan;nan;nan;nan;nan;nan;nan;nan;nan;nan;nan;nan;nan;nan;nan;nan;nan;nan;nan;nan;nan;nan;nan;nan;nan;nan;nan;nan;nan;nan;nan;nan;nan;nan;nan;nan;nan;nan;nan;nan;nan;nan;nan;nan;nan;nan;nan;nan;nan;nan;nan;nan;nan;nan;nan;nan;nan;nan;nan;nan;nan;nan;nan;nan;nan;nan;nan;nan;nan;nan;nan;nan;nan;nan;nan;nan;nan;nan;nan;nan;nan;nan;nan;nan;nan;nan;nan;nan;nan;nan;nan;nan;nan;nan;nan;nan;nan;nan;nan;nan;nan;nan;nan;nan;nan;nan;nan;nan;nan;nan;nan;nan;nan;nan;nan;nan;nan;nan;nan;nan;nan;nan;nan;nan;nan;nan;nan;nan;nan;nan;nan;nan;nan;nan;nan;nan;nan;nan;nan;nan;nan;nan;nan;nan;nan;nan;nan;nan;nan;nan;nan;nan;nan;nan;nan;nan;nan;nan;nan;nan;nan;nan;nan;nan;nan;nan;nan;nan;nan;nan;nan;nan;nan;nan;nan;nan;nan;nan;nan;nan;nan;nan;nan;nan;nan;nan;nan;nan;nan;nan;nan;nan;nan;nan;nan;nan;nan;nan;nan;nan;nan;nan;nan;nan;nan;nan;nan;nan;nan;nan;nan;nan;nan;nan;nan;nan;nan;nan;nan;nan;nan;nan;nan;nan;nan;nan;nan;nan;nan;nan;nan;nan;nan;nan;nan;nan;nan;nan;nan;nan;nan;nan;nan;nan;nan;nan;nan;nan;nan;nan;nan;nan;nan;nan;nan;nan;nan;nan;nan;nan;nan;nan;nan;nan;nan;nan;nan;nan;nan;nan;nan;nan;nan;nan;nan;nan;nan;nan;562.4743143362904;nan;nan;nan;nan;796.4809412408208;nan;nan;nan;nan;nan;nan;nan;nan;1064.0239434864961;1108.1357160093987;1169.568578736295;nan;nan;119.33368;nan;nan;nan;nan;169.11562;nan;nan;nan;nan;nan;nan;nan;nan;282.562462960276;289.8062214388484;294.99088;nan;nan;312.64500524856993;nan;nan;nan;nan;339.55167161498196;nan;nan;nan;nan;nan;nan;nan;nan;432.9404477041676;436.08754725109856;436.71575627546747;nan;nan;145.6289718293399;nan;nan;nan;nan;182.19215677195842;nan;nan;nan;nan;nan;nan;nan;nan;0.0;291.51258622863463;287.8882987060646;nan;nan;3.444793348442125;nan;nan;nan;nan;3.4280569411270436;nan;nan;nan;nan;nan;nan;nan;nan;4.753990338288258;4.8346891677882375;4.216826954883069;nan;nan;0.43064017185871123;nan;nan;nan;nan;0.39002451845748903;nan;nan;nan;nan;nan;nan;nan;nan;0.0;2.716409693;2.205130041331979;
3;1;1;True;vanilla;22;232;16;2;[];True;True;1;True;False;False;True;False;False;vanilla;3;1;distribution;True;[['uniform', 'normal', 'gamma', 'beta', 'poisson']];[['uniform', 'normal', 'gamma', 'beta', 'poisson']];classification;1;0;uniform;5000;10000;0;flip_percentage;0;5;1000;True;0.001;True;50;64;0;[128];False;adam;binary_crossentropy;2305;1;10000;[1792, 512, 512];[0, 0, 0.5];['sigmoid', 'sigmoid', 'sigmoid'];adam;0.001;False;None;None;False;binary_crossentropy;['binary_accuracy'];500;True;256;10000;10;True;False;5;False;True;True;None;None;0.25;False;SEQUENTIAL;60;greedy;10;False;500;['uniform', 'normal', 'gamma', 'beta', 'poisson'];5000;False;make_classification;5000;0;flip_percentage;100;100;False;8;False;2;42;0;0.56562185;0.59616375;0.43666458;0.47202402;2.07843353201926;0.8752304523343848;0.21200977499622678;0.2709551224461519;0.76248;0.7644;0.9129799999999999;0.8955;0.7379778849167904;0.7548228970583533;0.9086632602022962;0.8917084434081556;0.8259657075210847;0.7915805674235824;0.8946877700286386;0.9147096363645908;0.02222466468811035;0.02192246913909912;0.6199488;0.64651453;0.5636418290473427;0.5979535269856453;0.7003200000000002;0.7128;0.6815321088690316;0.680625415077026;0.7383035611419693;0.7299834218077771;0.006403779983520508;0.006403779983520508;0.5790571;0.5634359;0.4824339;0.4667573;0.6852584509318669;0.5338141307153025;0.2690554749452477;0.267467065174653;0.74992;0.772;0.88452;0.8922;0.7142026079816836;0.7693775353081544;0.8819431573638647;0.8884821384932734;0.8406332840727693;0.8879607335570153;0.9188872494303493;0.9244843636506492;0.027610111236572265;0.021085739135742188;0.65360636;0.6842877;0.6556680799667165;0.6829307579934597;0.6068;0.534;0.5289696767538503;0.48394036429715015;0.6536445985366793;0.6752890657518701;0.009782123565673827;0.009782123565673827;0.548987;0.520303;0.42145038;0.3940141;2.158279261520953;0.503407211410176;0.15048186120812232;0.12747481599007746;0.7562;0.794;0.9391299999999999;0.9471;0.7113165961108479;0.7879132752968239;0.9383468935273106;0.9465610636264155;0.8566474324173727;0.876885471042744;0.8532265751016193;0.9510057206156695;0.04953997135162354;0.050061941146850586;0.39686945;0.37882465;0.13815193008213467;0.09820512330152714;0.959;0.968;0.9589048606270174;0.9679928193205813;0.9776331599151137;0.9858033200404216;0.5087563;0.48701507;0.45803425454396596;0.3771977933642395;0.8061999999999999;0.843;0.7870334003039129;0.8402515624813374;0.9185012257644992;0.9547354727206141;0.60585463;0.53356004;6.238436067995166;2.4675015645362994;0.7162;0.773;0.6639909408353203;0.7660805733124232;0.716715386610103;0.7301544655102521;0.65357715;0.65506935;0.6373057810850441;0.6774112480171024;0.6212;0.605;0.5784430713228941;0.5650216977191458;0.6648891821616582;0.6599892036959201;0.1807631731033325;0.1663198471069336;nan;nan;nan;nan;nan;nan;nan;nan;nan;nan;nan;nan;nan;nan;nan;nan;nan;nan;nan;nan;nan;nan;nan;nan;nan;nan;nan;nan;nan;nan;nan;nan;nan;nan;nan;nan;nan;nan;nan;nan;nan;nan;nan;nan;nan;nan;nan;nan;nan;nan;nan;nan;nan;nan;nan;nan;nan;nan;nan;nan;nan;nan;nan;nan;nan;nan;nan;nan;nan;nan;nan;nan;nan;nan;nan;nan;nan;nan;nan;nan;nan;nan;nan;nan;nan;nan;nan;nan;nan;nan;nan;nan;nan;nan;nan;nan;nan;nan;nan;nan;nan;nan;nan;nan;nan;nan;nan;nan;nan;nan;nan;nan;nan;nan;nan;nan;nan;nan;nan;nan;nan;nan;nan;nan;nan;nan;nan;nan;nan;nan;nan;nan;0.5644624;0.7163340289112046;0.9021739130434783;0.9110770042447061;0.9935897435897436;0.46811527;0.010166477099532103;0.9969;0.996631297082863;0.9950534986413044;0.05267477035522461;0.5644624;0.7163340289112046;0.9021739130434783;0.9110770042447061;0.9935897435897436;0.46811527;0.010166477099532103;0.9969;0.996631297082863;0.9950534986413044;0.0;0.0;0.0;0.0;0.0;0.0;0.0;0.0;0.0;0.0;0.05267477035522461;0.5653451;0.2766466218087336;0.9891304347826086;0.9892827779658558;0.9958791208791209;0.11304855346679688;245.07056;0.6067384459969142;0.7282608695652174;0.6904826003627997;0.7282555282555283;6.679412841796875;nan;nan;nan;nan;nan;nan;nan;nan;nan;nan;nan;nan;nan;nan;nan;nan;nan;nan;nan;nan;nan;nan;nan;nan;nan;nan;nan;nan;nan;nan;nan;nan;nan;nan;nan;nan;nan;nan;nan;nan;nan;nan;nan;nan;nan;nan;nan;nan;nan;nan;nan;nan;nan;nan;nan;nan;nan;nan;nan;nan;nan;nan;nan;nan;nan;nan;nan;nan;nan;nan;nan;nan;nan;nan;nan;nan;nan;nan;nan;nan;nan;nan;nan;nan;nan;nan;nan;nan;nan;nan;nan;nan;nan;nan;nan;nan;nan;nan;nan;nan;nan;nan;nan;nan;nan;nan;nan;nan;nan;nan;nan;nan;nan;nan;nan;nan;nan;nan;nan;nan;nan;nan;nan;nan;nan;nan;nan;nan;nan;nan;nan;nan;nan;nan;nan;nan;nan;nan;nan;nan;nan;nan;nan;nan;nan;nan;nan;nan;nan;nan;nan;nan;nan;nan;nan;nan;nan;nan;nan;nan;nan;nan;nan;nan;nan;nan;nan;nan;nan;nan;nan;nan;nan;nan;nan;nan;nan;nan;nan;nan;nan;nan;nan;nan;nan;nan;nan;nan;nan;nan;nan;nan;nan;nan;nan;nan;nan;nan;nan;nan;nan;nan;nan;nan;nan;nan;nan;nan;nan;nan;nan;nan;nan;nan;nan;nan;nan;nan;nan;nan;nan;nan;nan;nan;nan;nan;nan;nan;nan;nan;nan;nan;nan;nan;nan;nan;nan;nan;nan;nan;nan;nan;nan;nan;nan;nan;nan;nan;nan;nan;nan;nan;nan;nan;nan;nan;nan;nan;nan;nan;nan;nan;nan;nan;nan;nan;nan;nan;nan;nan;nan;nan;nan;nan;nan;nan;nan;nan;nan;nan;nan;nan;nan;nan;nan;nan;nan;nan;nan;nan;nan;nan;nan;nan;nan;nan;nan;nan;nan;nan;nan;nan;nan;nan;nan;nan;nan;nan;nan;nan;nan;nan;nan;nan;nan;nan;nan;nan;nan;nan;nan;nan;nan;nan;nan;nan;nan;nan;nan;nan;nan;nan;nan;nan;nan;nan;nan;nan;nan;nan;nan;nan;nan;nan;nan;nan;nan;nan;nan;nan;nan;nan;nan;nan;nan;nan;nan;nan;nan;nan;nan;nan;nan;nan;nan;nan;nan;nan;nan;nan;nan;nan;nan;nan;nan;nan;nan;nan;nan;nan;nan;nan;nan;nan;nan;nan;nan;nan;nan;nan;nan;nan;nan;nan;nan;nan;nan;nan;nan;nan;nan;nan;nan;nan;nan;nan;nan;nan;nan;nan;nan;nan;nan;nan;nan;nan;nan;nan;nan;nan;nan;nan;nan;nan;nan;nan;nan;nan;nan;nan;nan;nan;nan;nan;nan;nan;nan;nan;nan;nan;nan;nan;nan;nan;nan;nan;nan;nan;nan;nan;nan;nan;nan;nan;nan;nan;nan;nan;nan;nan;nan;nan;nan;nan;nan;nan;nan;nan;nan;nan;nan;nan;nan;nan;nan;nan;nan;nan;nan;nan;nan;nan;nan;nan;nan;nan;nan;nan;nan;nan;nan;nan;nan;nan;nan;nan;nan;nan;nan;nan;nan;nan;nan;nan;nan;nan;nan;nan;nan;nan;nan;nan;nan;nan;nan;nan;nan;nan;nan;nan;nan;nan;nan;nan;nan;nan;nan;nan;nan;nan;nan;nan;nan;nan;nan;nan;nan;nan;nan;nan;nan;nan;nan;nan;nan;nan;nan;nan;nan;nan;nan;nan;nan;nan;nan;nan;nan;nan;nan;nan;nan;nan;nan;nan;nan;nan;nan;nan;nan;nan;nan;nan;nan;nan;nan;nan;nan;nan;nan;nan;nan;nan;nan;nan;nan;nan;nan;nan;nan;nan;nan;nan;nan;nan;nan;nan;nan;nan;nan;nan;nan;nan;nan;nan;nan;nan;nan;nan;nan;nan;nan;nan;nan;nan;nan;nan;nan;nan;nan;nan;nan;nan;nan;nan;nan;nan;nan;nan;nan;nan;nan;nan;nan;nan;nan;nan;nan;nan;nan;nan;nan;nan;nan;nan;nan;nan;nan;nan;nan;nan;nan;nan;nan;nan;nan;nan;nan;nan;nan;nan;0.8976648;1.5336378513604443;0.15217391304347827;0.04019688269073011;0.5741758241758241;0.5290596;0.021528836680359324;0.995;0.9927741246919947;0.842382552054189;0.06507444381713867;0.8976648;1.5336378513604443;0.15217391304347827;0.04019688269073011;0.5741758241758241;0.5290596;0.021528836680359324;0.995;0.9927741246919947;0.842382552054189;0.0;0.0;0.0;0.0;0.0;0.0;0.0;0.0;0.0;0.0;0.06507444381713867;0.5653451;0.2766466218087336;0.9891304347826086;0.9892827779658558;0.9958791208791209;0.11304855346679688;245.07056;0.6067384459969142;0.7282608695652174;0.6904826003627997;0.7282555282555283;6.679412841796875;nan;nan;nan;nan;nan;nan;nan;nan;nan;nan;nan;nan;nan;nan;nan;nan;nan;nan;nan;nan;nan;nan;nan;nan;nan;nan;nan;nan;nan;nan;nan;nan;nan;nan;nan;nan;nan;nan;nan;nan;nan;nan;nan;nan;nan;nan;nan;nan;nan;nan;nan;nan;nan;nan;nan;nan;nan;nan;nan;nan;nan;nan;nan;nan;nan;nan;nan;nan;nan;nan;nan;nan;nan;nan;nan;nan;nan;nan;nan;nan;nan;nan;nan;nan;nan;nan;nan;nan;nan;nan;nan;nan;nan;nan;nan;nan;nan;nan;nan;nan;nan;nan;nan;nan;nan;nan;nan;nan;nan;nan;nan;nan;nan;nan;nan;nan;nan;nan;nan;nan;nan;nan;nan;nan;nan;nan;nan;nan;nan;nan;nan;nan;nan;nan;nan;nan;nan;nan;nan;nan;nan;nan;nan;nan;nan;nan;nan;nan;nan;nan;nan;nan;nan;nan;nan;nan;nan;nan;nan;nan;nan;nan;nan;nan;nan;nan;nan;nan;nan;nan;nan;nan;nan;nan;nan;nan;nan;nan;nan;nan;nan;nan;nan;nan;nan;nan;nan;nan;nan;nan;nan;nan;nan;nan;nan;nan;nan;nan;nan;nan;nan;nan;nan;nan;nan;nan;nan;nan;nan;nan;nan;nan;nan;nan;nan;nan;nan;nan;nan;nan;nan;nan;nan;nan;nan;nan;nan;nan;nan;nan;nan;nan;nan;nan;nan;nan;nan;nan;nan;nan;nan;nan;nan;nan;nan;nan;nan;nan;nan;nan;nan;nan;nan;nan;nan;nan;nan;nan;nan;nan;nan;nan;nan;nan;nan;nan;nan;nan;nan;nan;nan;nan;nan;nan;nan;nan;nan;nan;nan;nan;nan;nan;nan;nan;nan;nan;nan;nan;nan;nan;nan;nan;nan;nan;nan;nan;nan;nan;nan;nan;nan;nan;nan;nan;nan;nan;nan;nan;nan;nan;nan;nan;nan;nan;nan;nan;nan;nan;nan;nan;nan;nan;nan;nan;nan;nan;nan;nan;nan;nan;nan;nan;nan;nan;nan;nan;nan;nan;nan;nan;nan;nan;nan;nan;nan;nan;nan;nan;nan;nan;nan;nan;nan;nan;nan;nan;nan;nan;nan;nan;nan;nan;nan;nan;nan;nan;nan;nan;nan;nan;nan;nan;nan;nan;nan;nan;nan;nan;nan;nan;nan;nan;nan;nan;nan;nan;nan;nan;nan;nan;nan;nan;nan;nan;nan;nan;nan;nan;nan;nan;nan;nan;nan;nan;nan;nan;nan;nan;nan;nan;nan;nan;nan;nan;nan;nan;nan;nan;nan;nan;nan;nan;nan;nan;nan;nan;nan;nan;nan;nan;nan;nan;nan;nan;nan;nan;nan;nan;nan;nan;nan;nan;nan;nan;nan;nan;nan;nan;nan;nan;nan;nan;nan;nan;nan;nan;nan;nan;nan;nan;nan;nan;nan;nan;nan;nan;nan;nan;nan;nan;nan;nan;nan;nan;nan;nan;nan;nan;nan;nan;nan;nan;nan;nan;nan;nan;nan;nan;nan;nan;nan;nan;nan;nan;nan;nan;nan;nan;nan;nan;nan;nan;nan;nan;nan;nan;nan;nan;nan;nan;nan;nan;nan;nan;nan;nan;nan;nan;nan;nan;nan;nan;nan;nan;nan;nan;nan;nan;nan;nan;nan;nan;nan;nan;nan;nan;nan;nan;nan;nan;nan;nan;nan;nan;nan;nan;nan;nan;nan;nan;nan;nan;nan;nan;nan;nan;nan;nan;nan;nan;nan;nan;nan;nan;nan;nan;nan;nan;nan;nan;nan;nan;nan;nan;nan;nan;nan;nan;nan;nan;nan;nan;nan;nan;nan;nan;nan;nan;nan;nan;nan;nan;nan;nan;nan;nan;nan;nan;nan;nan;nan;nan;nan;nan;nan;nan;nan;nan;nan;nan;nan;nan;nan;nan;nan;nan;nan;nan;nan;nan;nan;nan;nan;nan;nan;nan;nan;nan;nan;nan;nan;nan;nan;nan;nan;nan;nan;nan;nan;nan;nan;nan;nan;nan;nan;nan;nan;nan;nan;nan;nan;nan;nan;nan;nan;nan;nan;nan;nan;nan;0.505988;0.378772584288753;0.9891304347826086;0.9892827779658558;0.9935897435897436;0.47497964;0.0010718924945359624;0.9997;0.9996957217988623;0.9997968565640375;0.034136295318603516;0.505988;0.378772584288753;0.9891304347826086;0.9892827779658558;0.9935897435897436;0.47497964;0.0010718924945359624;0.9997;0.9996957217988623;0.9997968565640375;0.0;0.0;0.0;0.0;0.0;0.0;0.0;0.0;0.0;0.0;0.034136295318603516;0.5653451;0.2766466218087336;0.9891304347826086;0.9892827779658558;0.9958791208791209;0.11304855346679688;245.07056;0.6067384459969142;0.7282608695652174;0.6904826003627997;0.7282555282555283;6.679412841796875;nan;nan;nan;nan;nan;nan;nan;nan;nan;nan;nan;nan;nan;nan;nan;nan;nan;nan;nan;nan;nan;nan;nan;nan;nan;nan;nan;nan;nan;nan;nan;nan;nan;nan;nan;nan;nan;nan;nan;nan;nan;nan;nan;nan;nan;nan;nan;nan;nan;nan;nan;nan;nan;nan;nan;nan;nan;nan;nan;nan;nan;nan;nan;nan;nan;nan;nan;nan;nan;nan;nan;nan;nan;nan;nan;nan;nan;nan;nan;nan;nan;nan;nan;nan;nan;nan;nan;nan;nan;nan;nan;nan;nan;nan;nan;nan;nan;nan;nan;nan;nan;nan;nan;nan;nan;nan;nan;nan;nan;nan;nan;nan;nan;nan;nan;nan;nan;nan;nan;nan;nan;nan;nan;nan;nan;nan;nan;nan;nan;nan;nan;nan;nan;nan;nan;nan;nan;nan;nan;nan;nan;nan;nan;nan;nan;nan;nan;nan;nan;nan;nan;nan;nan;nan;nan;nan;nan;nan;nan;nan;nan;nan;nan;nan;nan;nan;nan;nan;nan;nan;nan;nan;nan;nan;nan;nan;nan;nan;nan;nan;nan;nan;nan;nan;nan;nan;nan;nan;nan;nan;nan;nan;nan;nan;nan;nan;nan;nan;nan;nan;nan;nan;nan;nan;nan;nan;nan;nan;nan;nan;nan;nan;nan;nan;nan;nan;nan;nan;nan;nan;nan;nan;nan;nan;nan;nan;nan;nan;nan;nan;nan;nan;nan;nan;nan;nan;nan;nan;nan;nan;nan;nan;nan;nan;nan;nan;nan;nan;nan;nan;nan;nan;nan;nan;nan;nan;nan;nan;nan;nan;nan;nan;nan;nan;nan;nan;nan;nan;nan;nan;nan;nan;nan;nan;nan;nan;nan;nan;nan;nan;nan;nan;nan;nan;nan;nan;nan;nan;nan;nan;nan;nan;nan;nan;nan;nan;nan;nan;nan;nan;nan;nan;nan;nan;nan;nan;nan;nan;nan;nan;nan;nan;nan;nan;nan;nan;nan;nan;nan;nan;nan;nan;nan;nan;nan;nan;nan;nan;nan;nan;nan;nan;nan;nan;nan;nan;nan;nan;nan;nan;nan;nan;nan;nan;nan;nan;nan;nan;nan;nan;nan;nan;nan;nan;nan;nan;nan;nan;nan;nan;nan;nan;nan;nan;nan;nan;nan;nan;nan;nan;nan;nan;nan;nan;nan;nan;nan;nan;nan;nan;nan;nan;nan;nan;nan;nan;nan;nan;nan;nan;nan;nan;nan;nan;nan;nan;nan;nan;nan;nan;nan;nan;nan;nan;nan;nan;nan;nan;nan;nan;nan;nan;nan;nan;nan;nan;nan;nan;nan;nan;nan;nan;nan;nan;nan;nan;nan;nan;nan;nan;nan;nan;nan;nan;nan;nan;nan;nan;nan;nan;nan;nan;nan;nan;nan;nan;nan;nan;nan;nan;nan;nan;nan;nan;nan;nan;nan;nan;nan;nan;nan;nan;nan;nan;nan;nan;nan;nan;nan;nan;nan;nan;nan;nan;nan;nan;nan;nan;nan;nan;nan;nan;nan;nan;nan;nan;nan;nan;nan;nan;nan;nan;nan;nan;nan;nan;nan;nan;nan;nan;nan;nan;nan;nan;nan;nan;nan;nan;nan;nan;nan;nan;nan;nan;nan;nan;nan;nan;nan;nan;nan;nan;nan;nan;nan;nan;nan;nan;nan;nan;nan;nan;nan;nan;nan;nan;nan;nan;nan;nan;nan;nan;nan;nan;nan;nan;nan;nan;nan;nan;nan;nan;nan;nan;nan;nan;nan;nan;nan;nan;nan;nan;nan;nan;nan;nan;nan;nan;nan;nan;nan;nan;nan;nan;nan;nan;nan;nan;nan;nan;nan;nan;nan;nan;nan;nan;nan;nan;nan;nan;nan;nan;nan;nan;nan;nan;nan;nan;nan;nan;nan;nan;nan;nan;nan;nan;nan;nan;nan;nan;nan;nan;nan;nan;nan;nan;nan;nan;nan;nan;nan;nan;nan;nan;nan;nan;nan;nan;nan;nan;nan;nan;nan;nan;nan;nan;nan;nan;nan;nan;nan;nan;nan;nan;nan;nan;nan;nan;nan;nan;nan;nan;nan;nan;nan;nan;nan;nan;nan;nan;0.5884433;4.541093938007018;0.8586956521739131;0.874674636074424;0.8443223443223442;0.42948124;0.0042078715405209355;0.9992;0.9990934935736939;0.9453250649919057;0.04608273506164551;0.5884433;4.541093938007018;0.8586956521739131;0.874674636074424;0.8443223443223442;0.42948124;0.0042078715405209355;0.9992;0.9990934935736939;0.9453250649919057;0.0;0.0;0.0;0.0;0.0;0.0;0.0;0.0;0.0;0.0;0.04608273506164551;0.5653451;0.2766466218087336;0.9891304347826086;0.9892827779658558;0.9958791208791209;0.11304855346679688;245.07056;0.6067384459969142;0.7282608695652174;0.6904826003627997;0.7282555282555283;6.679412841796875;nan;nan;nan;nan;nan;nan;nan;nan;nan;nan;nan;nan;nan;nan;nan;nan;nan;nan;nan;nan;nan;nan;nan;nan;nan;nan;nan;nan;nan;nan;nan;nan;nan;nan;nan;nan;nan;nan;nan;nan;nan;nan;nan;nan;nan;nan;nan;nan;nan;nan;nan;nan;nan;nan;nan;nan;nan;nan;nan;nan;nan;nan;nan;nan;nan;nan;nan;nan;nan;nan;nan;nan;nan;nan;nan;nan;nan;nan;nan;nan;nan;nan;nan;nan;nan;nan;nan;nan;nan;nan;nan;nan;nan;nan;nan;nan;nan;nan;nan;nan;nan;nan;nan;nan;nan;nan;nan;nan;nan;nan;nan;nan;nan;nan;nan;nan;nan;nan;nan;nan;nan;nan;nan;nan;nan;nan;nan;nan;nan;nan;nan;nan;nan;nan;nan;nan;nan;nan;nan;nan;nan;nan;nan;nan;nan;nan;nan;nan;nan;nan;nan;nan;nan;nan;nan;nan;nan;nan;nan;nan;nan;nan;nan;nan;nan;nan;nan;nan;nan;nan;nan;nan;nan;nan;nan;nan;nan;nan;nan;nan;nan;nan;nan;nan;nan;nan;nan;nan;nan;nan;nan;nan;nan;nan;nan;nan;nan;nan;nan;nan;nan;nan;nan;nan;nan;nan;nan;nan;nan;nan;nan;nan;nan;nan;nan;nan;nan;nan;nan;nan;nan;nan;nan;nan;nan;nan;nan;nan;nan;nan;nan;nan;nan;nan;nan;nan;nan;nan;nan;nan;nan;nan;nan;nan;nan;nan;nan;nan;nan;nan;nan;nan;nan;nan;nan;nan;nan;nan;nan;nan;nan;nan;nan;nan;nan;nan;nan;nan;nan;nan;nan;nan;nan;nan;nan;nan;nan;nan;nan;nan;nan;nan;nan;nan;nan;nan;nan;nan;nan;nan;nan;nan;nan;nan;nan;nan;nan;nan;nan;nan;nan;nan;nan;nan;nan;nan;nan;nan;nan;nan;nan;nan;nan;nan;nan;nan;nan;nan;nan;nan;nan;nan;nan;nan;nan;nan;nan;nan;nan;nan;nan;nan;nan;nan;nan;nan;nan;nan;nan;nan;nan;nan;nan;nan;nan;nan;nan;nan;nan;nan;nan;nan;nan;nan;nan;nan;nan;nan;nan;nan;nan;nan;nan;nan;nan;nan;nan;nan;nan;nan;nan;nan;nan;nan;nan;nan;nan;nan;nan;nan;nan;nan;nan;nan;nan;nan;nan;nan;nan;nan;nan;nan;nan;nan;nan;nan;nan;nan;nan;nan;nan;nan;nan;nan;nan;nan;nan;nan;nan;nan;nan;nan;nan;nan;nan;nan;nan;nan;nan;nan;nan;nan;nan;nan;nan;nan;nan;nan;nan;nan;nan;nan;nan;nan;nan;nan;nan;nan;nan;nan;nan;nan;nan;nan;nan;nan;nan;nan;nan;nan;nan;nan;nan;nan;nan;nan;nan;nan;nan;nan;nan;nan;nan;nan;nan;nan;nan;nan;nan;nan;nan;nan;nan;nan;nan;nan;nan;nan;nan;nan;nan;nan;nan;nan;nan;nan;nan;nan;nan;nan;nan;nan;nan;nan;nan;nan;nan;nan;nan;nan;nan;nan;nan;nan;nan;nan;nan;nan;nan;nan;nan;nan;nan;nan;nan;nan;nan;nan;nan;nan;nan;nan;nan;nan;nan;nan;nan;nan;nan;nan;nan;nan;nan;nan;nan;nan;nan;nan;nan;nan;nan;nan;nan;nan;nan;nan;nan;nan;nan;nan;nan;nan;nan;nan;nan;nan;nan;nan;nan;nan;nan;nan;nan;nan;nan;nan;nan;nan;nan;nan;nan;nan;nan;nan;nan;nan;nan;nan;nan;nan;nan;nan;nan;nan;nan;nan;nan;nan;nan;nan;nan;nan;nan;nan;nan;nan;nan;nan;nan;nan;nan;nan;nan;nan;nan;nan;nan;nan;nan;nan;nan;nan;nan;nan;nan;nan;nan;nan;nan;nan;nan;nan;nan;nan;nan;nan;nan;nan;nan;nan;nan;nan;nan;nan;nan;nan;nan;nan;nan;nan;nan;nan;nan;nan;nan;nan;nan;nan;nan;nan;nan;nan;nan;nan;nan;nan;nan;nan;nan;nan;0.60105205;0.4048189489612771;0.9347826086956522;0.9392327365728902;0.99496336996337;0.56991;0.10235797062005247;0.9672;0.9603167819874314;0.8840384495754876;0.04743385314941406;0.60105205;0.4048189489612771;0.9347826086956522;0.9392327365728902;0.99496336996337;0.56991;0.10235797062005247;0.9672;0.9603167819874314;0.8840384495754876;0.0;0.0;0.0;0.0;0.0;0.0;0.0;0.0;0.0;0.0;0.04743385314941406;0.5653451;0.2766466218087336;0.9891304347826086;0.9892827779658558;0.9958791208791209;0.11304855346679688;245.07056;0.6067384459969142;0.7282608695652174;0.6904826003627997;0.7282555282555283;6.679412841796875;nan;nan;nan;nan;nan;nan;nan;nan;nan;nan;nan;nan;nan;nan;nan;nan;nan;nan;nan;nan;nan;nan;nan;nan;nan;nan;nan;nan;nan;nan;nan;nan;nan;nan;nan;nan;nan;nan;nan;nan;nan;nan;nan;nan;nan;nan;nan;nan;nan;nan;nan;nan;nan;nan;nan;nan;nan;nan;nan;nan;nan;nan;nan;nan;nan;nan;nan;nan;nan;nan;nan;nan;nan;nan;nan;nan;nan;nan;nan;nan;nan;nan;nan;nan;nan;nan;nan;nan;nan;nan;nan;nan;nan;nan;nan;nan;nan;nan;nan;nan;nan;nan;nan;nan;nan;nan;nan;nan;nan;nan;nan;nan;nan;nan;nan;nan;nan;nan;nan;nan;nan;nan;nan;nan;nan;nan;nan;nan;nan;nan;nan;nan;nan;nan;nan;nan;nan;nan;nan;nan;nan;nan;nan;nan;nan;nan;nan;nan;nan;nan;nan;nan;nan;nan;nan;nan;nan;nan;nan;nan;nan;nan;nan;nan;nan;nan;nan;nan;nan;nan;nan;nan;nan;nan;nan;nan;nan;nan;nan;nan;nan;nan;nan;nan;nan;nan;nan;nan;nan;nan;nan;nan;nan;nan;nan;nan;nan;nan;nan;nan;nan;nan;nan;nan;nan;nan;nan;nan;nan;nan;nan;nan;nan;nan;nan;nan;nan;nan;nan;nan;nan;nan;nan;nan;nan;nan;nan;nan;nan;nan;nan;nan;nan;nan;nan;nan;nan;nan;nan;nan;nan;nan;nan;nan;nan;nan;nan;nan;nan;nan;nan;nan;nan;nan;nan;nan;nan;nan;nan;nan;nan;nan;nan;nan;nan;nan;nan;nan;nan;nan;nan;nan;nan;nan;nan;nan;nan;nan;nan;nan;nan;nan;nan;nan;nan;nan;nan;nan;nan;nan;nan;nan;nan;nan;nan;nan;nan;nan;nan;nan;nan;nan;nan;nan;nan;nan;nan;nan;nan;nan;nan;nan;nan;nan;nan;nan;nan;nan;nan;nan;nan;nan;nan;nan;nan;nan;nan;nan;nan;nan;nan;nan;nan;nan;nan;nan;nan;nan;nan;nan;nan;nan;nan;nan;nan;nan;nan;nan;nan;nan;nan;nan;nan;nan;nan;nan;nan;nan;nan;nan;nan;nan;nan;nan;nan;nan;nan;nan;nan;nan;nan;nan;nan;nan;nan;nan;nan;nan;nan;nan;nan;nan;nan;nan;nan;nan;nan;nan;nan;nan;nan;nan;nan;nan;nan;nan;nan;nan;nan;nan;nan;nan;nan;nan;nan;nan;nan;nan;nan;nan;nan;nan;nan;nan;nan;nan;nan;nan;nan;nan;nan;nan;nan;nan;nan;nan;nan;nan;nan;nan;nan;nan;nan;nan;nan;nan;nan;nan;nan;nan;nan;nan;nan;nan;nan;nan;nan;nan;nan;nan;nan;nan;nan;nan;nan;nan;nan;nan;nan;nan;nan;nan;nan;nan;nan;nan;nan;nan;nan;nan;nan;nan;nan;nan;nan;nan;nan;nan;nan;nan;nan;nan;nan;nan;nan;nan;nan;nan;nan;nan;nan;nan;nan;nan;nan;nan;nan;nan;nan;nan;nan;nan;nan;nan;nan;nan;nan;nan;nan;nan;nan;nan;nan;nan;nan;nan;nan;nan;nan;nan;nan;nan;nan;nan;nan;nan;nan;nan;nan;nan;nan;nan;nan;nan;nan;nan;nan;nan;nan;nan;nan;nan;nan;nan;nan;nan;nan;nan;nan;nan;nan;nan;nan;nan;nan;nan;nan;nan;nan;nan;nan;nan;nan;nan;nan;nan;nan;nan;nan;nan;nan;nan;nan;nan;nan;nan;nan;nan;nan;nan;nan;nan;nan;nan;nan;nan;nan;nan;nan;nan;nan;nan;nan;nan;nan;nan;nan;nan;nan;nan;nan;nan;nan;nan;nan;nan;nan;nan;nan;nan;nan;nan;nan;nan;nan;nan;nan;nan;nan;nan;nan;nan;nan;nan;nan;nan;nan;nan;nan;nan;nan;nan;nan;nan;nan;nan;nan;nan;nan;nan;nan;nan;nan;nan;nan;nan;nan;nan;nan;nan;nan;nan;nan;nan;nan;nan;nan;nan;nan;nan;1.0430058;29.2828756391634;0.15217391304347827;0.04019688269073011;0.5;0.36573315;9.992007221626413e-16;1.0;1.0;0;0.0009200572967529297;1.0430058;29.2828756391634;0.15217391304347827;0.04019688269073011;0.5;0.36573315;9.992007221626413e-16;1.0;1.0;0.0;0.0;0.0;0.0;0.0;0.0;0.0;0.0;0.0;0.0;0.0;0.0009200572967529297;0.5653451;0.2766466218087336;0.9891304347826086;0.9892827779658558;0.9958791208791209;0.11304855346679688;245.07056;0.6067384459969142;0.7282608695652174;0.6904826003627997;0.7282555282555283;6.679412841796875;nan;nan;nan;nan;nan;nan;nan;nan;nan;nan;nan;nan;nan;nan;nan;nan;nan;nan;nan;nan;nan;nan;nan;nan;nan;nan;nan;nan;nan;nan;nan;nan;nan;nan;nan;nan;nan;nan;nan;nan;nan;nan;nan;nan;nan;nan;nan;nan;nan;nan;nan;nan;nan;nan;nan;nan;nan;nan;nan;nan;nan;nan;nan;nan;nan;nan;nan;nan;nan;nan;nan;nan;nan;nan;nan;nan;nan;nan;nan;nan;nan;nan;nan;nan;nan;nan;nan;nan;nan;nan;nan;nan;nan;nan;nan;nan;nan;nan;nan;nan;nan;nan;nan;nan;nan;nan;nan;nan;nan;nan;nan;nan;nan;nan;nan;nan;nan;nan;nan;nan;nan;nan;nan;nan;nan;nan;nan;nan;nan;nan;nan;nan;nan;nan;nan;nan;nan;nan;nan;nan;nan;nan;nan;nan;nan;nan;nan;nan;nan;nan;nan;nan;nan;nan;nan;nan;nan;nan;nan;nan;nan;nan;nan;nan;nan;nan;nan;nan;nan;nan;nan;nan;nan;nan;nan;nan;nan;nan;nan;nan;nan;nan;nan;nan;nan;nan;nan;nan;nan;nan;nan;nan;nan;nan;nan;nan;nan;nan;nan;nan;nan;nan;nan;nan;nan;nan;nan;nan;nan;nan;nan;nan;nan;nan;nan;nan;nan;nan;nan;nan;nan;nan;nan;nan;nan;nan;nan;nan;nan;nan;nan;nan;nan;nan;nan;nan;nan;nan;nan;nan;nan;nan;nan;nan;nan;nan;nan;nan;nan;nan;nan;nan;nan;nan;nan;nan;nan;nan;nan;nan;nan;nan;nan;nan;nan;nan;nan;nan;nan;nan;nan;nan;nan;nan;nan;nan;nan;nan;nan;nan;nan;nan;nan;nan;nan;nan;nan;nan;nan;nan;nan;nan;nan;nan;nan;nan;nan;nan;nan;nan;nan;nan;nan;nan;nan;nan;nan;nan;nan;nan;nan;nan;nan;nan;nan;nan;nan;nan;nan;nan;nan;nan;nan;nan;nan;nan;nan;nan;nan;nan;nan;nan;nan;nan;nan;nan;nan;nan;nan;nan;nan;nan;nan;nan;nan;nan;nan;nan;nan;nan;nan;nan;nan;nan;nan;nan;nan;nan;nan;nan;nan;nan;nan;nan;nan;nan;nan;nan;nan;nan;nan;nan;nan;nan;nan;nan;nan;nan;nan;nan;nan;nan;nan;nan;nan;nan;nan;nan;nan;nan;nan;nan;nan;nan;nan;nan;nan;nan;nan;nan;nan;nan;nan;nan;nan;nan;nan;nan;nan;nan;nan;nan;nan;nan;nan;nan;nan;nan;nan;nan;nan;nan;nan;nan;nan;nan;nan;nan;nan;nan;nan;nan;nan;nan;nan;nan;nan;nan;nan;nan;nan;nan;nan;nan;nan;nan;nan;nan;nan;nan;nan;nan;nan;nan;nan;nan;nan;nan;nan;nan;nan;nan;nan;nan;nan;nan;nan;nan;nan;nan;nan;nan;nan;nan;nan;nan;nan;nan;nan;nan;nan;nan;nan;nan;nan;nan;nan;nan;nan;nan;nan;nan;nan;nan;nan;nan;nan;nan;nan;nan;nan;nan;nan;nan;nan;nan;nan;nan;nan;nan;nan;nan;nan;nan;nan;nan;nan;nan;nan;nan;nan;nan;nan;nan;nan;nan;nan;nan;nan;nan;nan;nan;nan;nan;nan;nan;nan;nan;nan;nan;nan;nan;nan;nan;nan;nan;nan;nan;nan;nan;nan;nan;nan;nan;nan;nan;nan;nan;nan;nan;nan;nan;nan;nan;nan;nan;nan;nan;nan;nan;nan;nan;nan;nan;nan;nan;nan;nan;nan;nan;nan;nan;nan;nan;nan;nan;nan;nan;nan;nan;nan;nan;nan;nan;nan;nan;nan;nan;nan;nan;nan;nan;nan;nan;nan;nan;nan;nan;nan;nan;nan;nan;nan;nan;nan;nan;nan;nan;nan;nan;nan;nan;nan;nan;nan;nan;nan;nan;nan;nan;nan;nan;nan;nan;nan;nan;nan;nan;nan;nan;nan;nan;nan;nan;nan;nan;nan;nan;nan;nan;nan;nan;nan;nan;nan;nan;nan;nan;nan;nan;1.0430058;29.2828756391634;0.15217391304347827;0.04019688269073011;0.5;0.35445932;9.992007221626413e-16;1.0;1.0;0;0.0011546611785888672;1.0430058;29.2828756391634;0.15217391304347827;0.04019688269073011;0.5;0.35445932;9.992007221626413e-16;1.0;1.0;0.0;0.0;0.0;0.0;0.0;0.0;0.0;0.0;0.0;0.0;0.0;0.0011546611785888672;0.5653451;0.2766466218087336;0.9891304347826086;0.9892827779658558;0.9958791208791209;0.11304855346679688;245.07056;0.6067384459969142;0.7282608695652174;0.6904826003627997;0.7282555282555283;6.679412841796875;nan;nan;nan;nan;nan;nan;nan;nan;nan;nan;nan;nan;nan;nan;nan;nan;nan;nan;nan;nan;nan;nan;nan;nan;nan;nan;nan;nan;nan;nan;nan;nan;nan;nan;nan;nan;nan;nan;nan;nan;nan;nan;nan;nan;nan;nan;nan;nan;nan;nan;nan;nan;nan;nan;nan;nan;nan;nan;nan;nan;nan;nan;nan;nan;nan;nan;nan;nan;nan;nan;nan;nan;nan;nan;nan;nan;nan;nan;nan;nan;nan;nan;nan;nan;nan;nan;nan;nan;nan;nan;nan;nan;nan;nan;nan;nan;nan;nan;nan;nan;nan;nan;nan;nan;nan;nan;nan;nan;nan;nan;nan;nan;nan;nan;nan;nan;nan;nan;nan;nan;nan;nan;nan;nan;nan;nan;nan;nan;nan;nan;nan;nan;nan;nan;nan;nan;nan;nan;nan;nan;nan;nan;nan;nan;nan;nan;nan;nan;nan;nan;nan;nan;nan;nan;nan;nan;nan;nan;nan;nan;nan;nan;nan;nan;nan;nan;nan;nan;nan;nan;nan;nan;nan;nan;nan;nan;nan;nan;nan;nan;nan;nan;nan;nan;nan;nan;nan;nan;nan;nan;nan;nan;nan;nan;nan;nan;nan;nan;nan;nan;nan;nan;nan;nan;nan;nan;nan;nan;nan;nan;nan;nan;nan;nan;nan;nan;nan;nan;nan;nan;nan;nan;nan;nan;nan;nan;nan;nan;nan;nan;nan;nan;nan;nan;nan;nan;nan;nan;nan;nan;nan;nan;nan;nan;nan;nan;nan;nan;nan;nan;nan;nan;nan;nan;nan;nan;nan;nan;nan;nan;nan;nan;nan;nan;nan;nan;nan;nan;nan;nan;nan;nan;nan;nan;nan;nan;nan;nan;nan;nan;nan;nan;nan;nan;nan;nan;nan;nan;nan;nan;nan;nan;nan;nan;nan;nan;nan;nan;nan;nan;nan;nan;nan;nan;nan;nan;nan;nan;nan;nan;nan;nan;nan;nan;nan;nan;nan;nan;nan;nan;nan;nan;nan;nan;nan;nan;nan;nan;nan;nan;nan;nan;nan;nan;nan;nan;nan;nan;nan;nan;nan;nan;nan;nan;nan;nan;nan;nan;nan;nan;nan;nan;nan;nan;nan;nan;nan;nan;nan;nan;nan;nan;nan;nan;nan;nan;nan;nan;nan;nan;nan;nan;nan;nan;nan;nan;nan;nan;nan;nan;nan;nan;nan;nan;nan;nan;nan;nan;nan;nan;nan;nan;nan;nan;nan;nan;nan;nan;nan;nan;nan;nan;nan;nan;nan;nan;nan;nan;nan;nan;nan;nan;nan;nan;nan;nan;nan;nan;nan;nan;nan;nan;nan;nan;nan;nan;nan;nan;nan;nan;nan;nan;nan;nan;nan;nan;nan;nan;nan;nan;nan;nan;nan;nan;nan;nan;nan;nan;nan;nan;nan;nan;nan;nan;nan;nan;nan;nan;nan;nan;nan;nan;nan;nan;nan;nan;nan;nan;nan;nan;nan;nan;nan;nan;nan;nan;nan;nan;nan;nan;nan;nan;nan;nan;nan;nan;nan;nan;nan;nan;nan;nan;nan;nan;nan;nan;nan;nan;nan;nan;nan;nan;nan;nan;nan;nan;nan;nan;nan;nan;nan;nan;nan;nan;nan;nan;nan;nan;nan;nan;nan;nan;nan;nan;nan;nan;nan;nan;nan;nan;nan;nan;nan;nan;nan;nan;nan;nan;nan;nan;nan;nan;nan;nan;nan;nan;nan;nan;nan;nan;nan;nan;nan;nan;nan;nan;nan;nan;nan;nan;nan;nan;nan;nan;nan;nan;nan;nan;nan;nan;nan;nan;nan;nan;nan;nan;nan;nan;nan;nan;nan;nan;nan;nan;nan;nan;nan;nan;nan;nan;nan;nan;nan;nan;nan;nan;nan;nan;nan;nan;nan;nan;nan;nan;nan;nan;nan;nan;nan;nan;nan;nan;nan;nan;nan;nan;nan;nan;nan;nan;nan;nan;nan;nan;nan;nan;nan;nan;nan;nan;nan;nan;nan;nan;nan;nan;nan;nan;nan;nan;nan;nan;nan;nan;nan;nan;nan;nan;nan;nan;nan;nan;nan;nan;nan;nan;nan;nan;nan;nan;1.0430058;29.2828756391634;0.15217391304347827;0.04019688269073011;0.5;0.39439312;9.992007221626413e-16;1.0;1.0;0;0.001148223876953125;1.0430058;29.2828756391634;0.15217391304347827;0.04019688269073011;0.5;0.39439312;9.992007221626413e-16;1.0;1.0;0.0;0.0;0.0;0.0;0.0;0.0;0.0;0.0;0.0;0.0;0.0;0.001148223876953125;0.5653451;0.2766466218087336;0.9891304347826086;0.9892827779658558;0.9958791208791209;0.11304855346679688;245.07056;0.6067384459969142;0.7282608695652174;0.6904826003627997;0.7282555282555283;6.679412841796875;nan;nan;nan;nan;nan;nan;nan;nan;nan;nan;nan;nan;nan;nan;nan;nan;nan;nan;nan;nan;nan;nan;nan;nan;nan;nan;nan;nan;nan;nan;nan;nan;nan;nan;nan;nan;nan;nan;nan;nan;nan;nan;nan;nan;nan;nan;nan;nan;nan;nan;nan;nan;nan;nan;nan;nan;nan;nan;nan;nan;nan;nan;nan;nan;nan;nan;nan;nan;nan;nan;nan;nan;nan;nan;nan;nan;nan;nan;nan;nan;nan;nan;nan;nan;nan;nan;nan;nan;nan;nan;nan;nan;nan;nan;nan;nan;nan;nan;nan;nan;nan;nan;nan;nan;nan;nan;nan;nan;nan;nan;nan;nan;nan;nan;nan;nan;nan;nan;nan;nan;nan;nan;nan;nan;nan;nan;nan;nan;nan;nan;nan;nan;nan;nan;nan;nan;nan;nan;nan;nan;nan;nan;nan;nan;nan;nan;nan;nan;nan;nan;nan;nan;nan;nan;nan;nan;nan;nan;nan;nan;nan;nan;nan;nan;nan;nan;nan;nan;nan;nan;nan;nan;nan;nan;nan;nan;nan;nan;nan;nan;nan;nan;nan;nan;nan;nan;nan;nan;nan;nan;nan;nan;nan;nan;nan;nan;nan;nan;nan;nan;nan;nan;nan;nan;nan;nan;nan;nan;nan;nan;nan;nan;nan;nan;nan;nan;nan;nan;nan;nan;nan;nan;nan;nan;nan;nan;nan;nan;nan;nan;nan;nan;nan;nan;nan;nan;nan;nan;nan;nan;nan;nan;nan;nan;nan;nan;nan;nan;nan;nan;nan;nan;nan;nan;nan;nan;nan;nan;nan;nan;nan;nan;nan;nan;nan;nan;nan;nan;nan;nan;nan;nan;nan;nan;nan;nan;nan;nan;nan;nan;nan;nan;nan;nan;nan;nan;nan;nan;nan;nan;nan;nan;nan;nan;nan;nan;nan;nan;nan;nan;nan;nan;nan;nan;nan;nan;nan;nan;nan;nan;nan;nan;nan;nan;nan;nan;nan;nan;nan;nan;nan;nan;nan;nan;nan;nan;nan;nan;nan;nan;nan;nan;nan;nan;nan;nan;nan;nan;nan;nan;nan;nan;nan;nan;nan;nan;nan;nan;nan;nan;nan;nan;nan;nan;nan;nan;nan;nan;nan;nan;nan;nan;nan;nan;nan;nan;nan;nan;nan;nan;nan;nan;nan;nan;nan;nan;nan;nan;nan;nan;nan;nan;nan;nan;nan;nan;nan;nan;nan;nan;nan;nan;nan;nan;nan;nan;nan;nan;nan;nan;nan;nan;nan;nan;nan;nan;nan;nan;nan;nan;nan;nan;nan;nan;nan;nan;nan;nan;nan;nan;nan;nan;nan;nan;nan;nan;nan;nan;nan;nan;nan;nan;nan;nan;nan;nan;nan;nan;nan;nan;nan;nan;nan;nan;nan;nan;nan;nan;nan;nan;nan;nan;nan;nan;nan;nan;nan;nan;nan;nan;nan;nan;nan;nan;nan;nan;nan;nan;nan;nan;nan;nan;nan;nan;nan;nan;nan;nan;nan;nan;nan;nan;nan;nan;nan;nan;nan;nan;nan;nan;nan;nan;nan;nan;nan;nan;nan;nan;nan;nan;nan;nan;nan;nan;nan;nan;nan;nan;nan;nan;nan;nan;nan;nan;nan;nan;nan;nan;nan;nan;nan;nan;nan;nan;nan;nan;nan;nan;nan;nan;nan;nan;nan;nan;nan;nan;nan;nan;nan;nan;nan;nan;nan;nan;nan;nan;nan;nan;nan;nan;nan;nan;nan;nan;nan;nan;nan;nan;nan;nan;nan;nan;nan;nan;nan;nan;nan;nan;nan;nan;nan;nan;nan;nan;nan;nan;nan;nan;nan;nan;nan;nan;nan;nan;nan;nan;nan;nan;nan;nan;nan;nan;nan;nan;nan;nan;nan;nan;nan;nan;nan;nan;nan;nan;nan;nan;nan;nan;nan;nan;nan;nan;nan;nan;nan;nan;nan;nan;nan;nan;nan;nan;nan;nan;nan;nan;nan;nan;nan;nan;nan;nan;nan;nan;nan;nan;nan;nan;nan;nan;nan;nan;nan;nan;nan;nan;nan;nan;nan;nan;nan;nan;nan;nan;nan;nan;nan;nan;nan;nan;0.53197044;0.5545804961615165;0.9347826086956522;0.9392327365728902;0.9615384615384616;0.3843348;0.002386669692380701;0.9997;0.9996500225101296;0.8336418517777332;0.049886465072631836;0.53197044;0.5545804961615165;0.9347826086956522;0.9392327365728902;0.9615384615384616;0.3843348;0.002386669692380701;0.9997;0.9996500225101296;0.8336418517777332;0.0;0.0;0.0;0.0;0.0;0.0;0.0;0.0;0.0;0.0;0.049886465072631836;0.5653451;0.2766466218087336;0.9891304347826086;0.9892827779658558;0.9958791208791209;0.11304855346679688;245.07056;0.6067384459969142;0.7282608695652174;0.6904826003627997;0.7282555282555283;6.679412841796875;nan;nan;nan;nan;nan;nan;nan;nan;nan;nan;nan;nan;nan;nan;nan;nan;nan;nan;nan;nan;nan;nan;nan;nan;nan;nan;nan;nan;nan;nan;nan;nan;nan;nan;nan;nan;nan;nan;nan;nan;nan;nan;nan;nan;nan;nan;nan;nan;nan;nan;nan;nan;nan;nan;nan;nan;nan;nan;nan;nan;nan;nan;nan;nan;nan;nan;nan;nan;nan;nan;nan;nan;nan;nan;nan;nan;nan;nan;nan;nan;nan;nan;nan;nan;nan;nan;nan;nan;nan;nan;nan;nan;nan;nan;nan;nan;nan;nan;nan;nan;nan;nan;nan;nan;nan;nan;nan;nan;nan;nan;nan;nan;nan;nan;nan;nan;nan;nan;nan;nan;nan;nan;nan;nan;nan;nan;nan;nan;nan;nan;nan;nan;nan;nan;nan;nan;nan;nan;nan;nan;nan;nan;nan;nan;nan;nan;nan;nan;nan;nan;nan;nan;nan;nan;nan;nan;nan;nan;nan;nan;nan;nan;nan;nan;nan;nan;nan;nan;nan;nan;nan;nan;nan;nan;nan;nan;nan;nan;nan;nan;nan;nan;nan;nan;nan;nan;nan;nan;nan;nan;nan;nan;nan;nan;nan;nan;nan;nan;nan;nan;nan;nan;nan;nan;nan;nan;nan;nan;nan;nan;nan;nan;nan;nan;nan;nan;nan;nan;nan;nan;nan;nan;nan;nan;nan;nan;nan;nan;nan;nan;nan;nan;nan;nan;nan;nan;nan;nan;nan;nan;nan;nan;nan;nan;nan;nan;nan;nan;nan;nan;nan;nan;nan;nan;nan;nan;nan;nan;nan;nan;nan;nan;nan;nan;nan;nan;nan;nan;nan;nan;nan;nan;nan;nan;nan;nan;nan;nan;nan;nan;nan;nan;nan;nan;nan;nan;nan;nan;nan;nan;nan;nan;nan;nan;nan;nan;nan;nan;nan;nan;nan;nan;nan;nan;nan;nan;nan;nan;nan;nan;nan;nan;nan;nan;nan;nan;nan;nan;nan;nan;nan;nan;nan;nan;nan;nan;nan;nan;nan;nan;nan;nan;nan;nan;nan;nan;nan;nan;nan;nan;nan;nan;nan;nan;nan;nan;nan;nan;nan;nan;nan;nan;nan;nan;nan;nan;nan;nan;nan;nan;nan;nan;nan;nan;nan;nan;nan;nan;nan;nan;nan;nan;nan;nan;nan;nan;nan;nan;nan;nan;nan;nan;nan;nan;nan;nan;nan;nan;nan;nan;nan;nan;nan;nan;nan;nan;nan;nan;nan;nan;nan;nan;nan;nan;nan;nan;nan;nan;nan;nan;nan;nan;nan;nan;nan;nan;nan;nan;nan;nan;nan;nan;nan;nan;nan;nan;nan;nan;nan;nan;nan;nan;nan;nan;nan;nan;nan;nan;nan;nan;nan;nan;nan;nan;nan;nan;nan;nan;nan;nan;nan;nan;nan;nan;nan;nan;nan;nan;nan;nan;nan;nan;nan;nan;nan;nan;nan;nan;nan;nan;nan;nan;nan;nan;nan;nan;nan;nan;nan;nan;nan;nan;nan;nan;nan;nan;nan;nan;nan;nan;nan;nan;nan;nan;nan;nan;nan;nan;nan;nan;nan;nan;nan;nan;nan;nan;nan;nan;nan;nan;nan;nan;nan;nan;nan;nan;nan;nan;nan;nan;nan;nan;nan;nan;nan;nan;nan;nan;nan;nan;nan;nan;nan;nan;nan;nan;nan;nan;nan;nan;nan;nan;nan;nan;nan;nan;nan;nan;nan;nan;nan;nan;nan;nan;nan;nan;nan;nan;nan;nan;nan;nan;nan;nan;nan;nan;nan;nan;nan;nan;nan;nan;nan;nan;nan;nan;nan;nan;nan;nan;nan;nan;nan;nan;nan;nan;nan;nan;nan;nan;nan;nan;nan;nan;nan;nan;nan;nan;nan;nan;nan;nan;nan;nan;nan;nan;nan;nan;nan;nan;nan;nan;nan;nan;nan;nan;nan;nan;nan;nan;nan;nan;nan;nan;nan;nan;nan;nan;nan;nan;nan;nan;nan;nan;nan;nan;nan;nan;nan;nan;nan;nan;nan;nan;nan;nan;nan;nan;nan;nan;nan;nan;nan;nan;nan;nan;nan;nan;nan;nan;0.53002244;0.5571813796706985;0.9347826086956522;0.9392327365728902;0.9633699633699634;0.42480865;0.00042386143668634793;0.9999;0.9998900025006251;0.999583208295822;0.06367611885070801;0.53002244;0.5571813796706985;0.9347826086956522;0.9392327365728902;0.9633699633699634;0.42480865;0.00042386143668634793;0.9999;0.9998900025006251;0.999583208295822;0.0;0.0;0.0;0.0;0.0;0.0;0.0;0.0;0.0;0.0;0.06367611885070801;0.5653451;0.2766466218087336;0.9891304347826086;0.9892827779658558;0.9958791208791209;0.11304855346679688;245.07056;0.6067384459969142;0.7282608695652174;0.6904826003627997;0.7282555282555283;6.679412841796875;nan;nan;nan;nan;nan;nan;nan;nan;nan;nan;nan;nan;nan;nan;nan;nan;nan;nan;nan;nan;nan;nan;nan;nan;nan;nan;nan;nan;nan;nan;nan;nan;nan;nan;nan;nan;nan;nan;nan;nan;nan;nan;nan;nan;nan;nan;nan;nan;nan;nan;nan;nan;nan;nan;nan;nan;nan;nan;nan;nan;nan;nan;nan;nan;nan;nan;nan;nan;nan;nan;nan;nan;nan;nan;nan;nan;nan;nan;nan;nan;nan;nan;nan;nan;nan;nan;nan;nan;nan;nan;nan;nan;nan;nan;nan;nan;nan;nan;nan;nan;nan;nan;nan;nan;nan;nan;nan;nan;nan;nan;nan;nan;nan;nan;nan;nan;nan;nan;nan;nan;nan;nan;nan;nan;nan;nan;nan;nan;nan;nan;nan;nan;nan;nan;nan;nan;nan;nan;nan;nan;nan;nan;nan;nan;nan;nan;nan;nan;nan;nan;nan;nan;nan;nan;nan;nan;nan;nan;nan;nan;nan;nan;nan;nan;nan;nan;nan;nan;nan;nan;nan;nan;nan;nan;nan;nan;nan;nan;nan;nan;nan;nan;nan;nan;nan;nan;nan;nan;nan;nan;nan;nan;nan;nan;nan;nan;nan;nan;nan;nan;nan;nan;nan;nan;nan;nan;nan;nan;nan;nan;nan;nan;nan;nan;nan;nan;nan;nan;nan;nan;nan;nan;nan;nan;nan;nan;nan;nan;nan;nan;nan;nan;nan;nan;nan;nan;nan;nan;nan;nan;nan;nan;nan;nan;nan;nan;nan;nan;nan;nan;nan;nan;nan;nan;nan;nan;nan;nan;nan;nan;nan;nan;nan;nan;nan;nan;nan;nan;nan;nan;nan;nan;nan;nan;nan;nan;nan;nan;nan;nan;nan;nan;nan;nan;nan;nan;nan;nan;nan;nan;nan;nan;nan;nan;nan;nan;nan;nan;nan;nan;nan;nan;nan;nan;nan;nan;nan;nan;nan;nan;nan;nan;nan;nan;nan;nan;nan;nan;nan;nan;nan;nan;nan;nan;nan;nan;nan;nan;nan;nan;nan;nan;nan;nan;nan;nan;nan;nan;nan;nan;nan;nan;nan;nan;nan;nan;nan;nan;nan;nan;nan;nan;nan;nan;nan;nan;nan;nan;nan;nan;nan;nan;nan;nan;nan;nan;nan;nan;nan;nan;nan;nan;nan;nan;nan;nan;nan;nan;nan;nan;nan;nan;nan;nan;nan;nan;nan;nan;nan;nan;nan;nan;nan;nan;nan;nan;nan;nan;nan;nan;nan;nan;nan;nan;nan;nan;nan;nan;nan;nan;nan;nan;nan;nan;nan;nan;nan;nan;nan;nan;nan;nan;nan;nan;nan;nan;nan;nan;nan;nan;nan;nan;nan;nan;nan;nan;nan;nan;nan;nan;nan;nan;nan;nan;nan;nan;nan;nan;nan;nan;nan;nan;nan;nan;nan;nan;nan;nan;nan;nan;nan;nan;nan;nan;nan;nan;nan;nan;nan;nan;nan;nan;nan;nan;nan;nan;nan;nan;nan;nan;nan;nan;nan;nan;nan;nan;nan;nan;nan;nan;nan;nan;nan;nan;nan;nan;nan;nan;nan;nan;nan;nan;nan;nan;nan;nan;nan;nan;nan;nan;nan;nan;nan;nan;nan;nan;nan;nan;nan;nan;nan;nan;nan;nan;nan;nan;nan;nan;nan;nan;nan;nan;nan;nan;nan;nan;nan;nan;nan;nan;nan;nan;nan;nan;nan;nan;nan;nan;nan;nan;nan;nan;nan;nan;nan;nan;nan;nan;nan;nan;nan;nan;nan;nan;nan;nan;nan;nan;nan;nan;nan;nan;nan;nan;nan;nan;nan;nan;nan;nan;nan;nan;nan;nan;nan;nan;nan;nan;nan;nan;nan;nan;nan;nan;nan;nan;nan;nan;nan;nan;nan;nan;nan;nan;nan;nan;nan;nan;nan;nan;nan;nan;nan;nan;nan;nan;nan;nan;nan;nan;nan;nan;nan;nan;nan;nan;nan;nan;nan;nan;nan;nan;nan;nan;nan;nan;nan;nan;nan;nan;nan;nan;nan;nan;nan;nan;nan;nan;nan;nan;nan;nan;nan;nan;nan;nan;nan;nan;nan;nan;0.5056584;0.37542148255337787;0.9891304347826086;0.9892827779658558;0.9935897435897436;0.5187905;9.992007221626413e-16;1.0;1.0;1.0;0.0006909370422363281;0.5056584;0.37542148255337787;0.9891304347826086;0.9892827779658558;0.9935897435897436;0.5187905;9.992007221626413e-16;1.0;1.0;1.0;0.0;0.0;0.0;0.0;0.0;0.0;0.0;0.0;0.0;0.0;0.0006909370422363281;0.5653451;0.2766466218087336;0.9891304347826086;0.9892827779658558;0.9958791208791209;0.11304855346679688;245.07056;0.6067384459969142;0.7282608695652174;0.6904826003627997;0.7282555282555283;6.679412841796875;nan;nan;nan;nan;nan;nan;nan;nan;nan;nan;nan;nan;nan;nan;nan;nan;nan;nan;nan;nan;nan;nan;nan;nan;nan;nan;nan;nan;nan;nan;nan;nan;nan;nan;nan;nan;nan;nan;nan;nan;nan;nan;nan;nan;nan;nan;nan;nan;nan;nan;nan;nan;nan;nan;nan;nan;nan;nan;nan;nan;nan;nan;nan;nan;nan;nan;nan;nan;nan;nan;nan;nan;nan;nan;nan;nan;nan;nan;nan;nan;nan;nan;nan;nan;nan;nan;nan;nan;nan;nan;nan;nan;nan;nan;nan;nan;nan;nan;nan;nan;nan;nan;nan;nan;nan;nan;nan;nan;nan;nan;nan;nan;nan;nan;nan;nan;nan;nan;nan;nan;nan;nan;nan;nan;nan;nan;nan;nan;nan;nan;nan;nan;nan;nan;nan;nan;nan;nan;nan;nan;nan;nan;nan;nan;nan;nan;nan;nan;nan;nan;nan;nan;nan;nan;nan;nan;nan;nan;nan;nan;nan;nan;nan;nan;nan;nan;nan;nan;nan;nan;nan;nan;nan;nan;nan;nan;nan;nan;nan;nan;nan;nan;nan;nan;nan;nan;nan;nan;nan;nan;nan;nan;nan;nan;nan;nan;nan;nan;nan;nan;nan;nan;nan;nan;nan;nan;nan;nan;nan;nan;nan;nan;nan;nan;nan;nan;nan;nan;nan;nan;nan;nan;nan;nan;nan;nan;nan;nan;nan;nan;nan;nan;nan;nan;nan;nan;nan;nan;nan;nan;nan;nan;nan;nan;nan;nan;nan;nan;nan;nan;nan;nan;nan;nan;nan;nan;nan;nan;nan;nan;nan;nan;nan;nan;nan;nan;nan;nan;nan;nan;nan;nan;nan;nan;nan;nan;nan;nan;nan;nan;nan;nan;nan;nan;nan;nan;nan;nan;nan;nan;nan;nan;nan;nan;nan;nan;nan;nan;nan;nan;nan;nan;nan;nan;nan;nan;nan;nan;nan;nan;nan;nan;nan;nan;nan;nan;nan;nan;nan;nan;nan;nan;nan;nan;nan;nan;nan;nan;nan;nan;nan;nan;nan;nan;nan;nan;nan;nan;nan;nan;nan;nan;nan;nan;nan;nan;nan;nan;nan;nan;nan;nan;nan;nan;nan;nan;nan;nan;nan;nan;nan;nan;nan;nan;nan;nan;nan;nan;nan;nan;nan;nan;nan;nan;nan;nan;nan;nan;nan;nan;nan;nan;nan;nan;nan;nan;nan;nan;nan;nan;nan;nan;nan;nan;nan;nan;nan;nan;nan;nan;nan;nan;nan;nan;nan;nan;nan;nan;nan;nan;nan;nan;nan;nan;nan;nan;nan;nan;nan;nan;nan;nan;nan;nan;nan;nan;nan;nan;nan;nan;nan;nan;nan;nan;nan;nan;nan;nan;nan;nan;nan;nan;nan;nan;nan;nan;nan;nan;nan;nan;nan;nan;nan;nan;nan;nan;nan;nan;nan;nan;nan;nan;nan;nan;nan;nan;nan;nan;nan;nan;nan;nan;nan;nan;nan;nan;nan;nan;nan;nan;nan;nan;nan;nan;nan;nan;nan;nan;nan;nan;nan;nan;nan;nan;nan;nan;nan;nan;nan;nan;nan;nan;nan;nan;nan;nan;nan;nan;nan;nan;nan;nan;nan;nan;nan;nan;nan;nan;nan;nan;nan;nan;nan;nan;nan;nan;nan;nan;nan;nan;nan;nan;nan;nan;nan;nan;nan;nan;nan;nan;nan;nan;nan;nan;nan;nan;nan;nan;nan;nan;nan;nan;nan;nan;nan;nan;nan;nan;nan;nan;nan;nan;nan;nan;nan;nan;nan;nan;nan;nan;nan;nan;nan;nan;nan;nan;nan;nan;nan;nan;nan;nan;nan;nan;nan;nan;nan;nan;nan;nan;nan;nan;nan;nan;nan;nan;nan;nan;nan;nan;nan;nan;nan;nan;nan;nan;nan;nan;nan;nan;nan;nan;nan;nan;nan;nan;nan;nan;nan;nan;nan;nan;nan;nan;nan;nan;nan;nan;nan;nan;nan;nan;nan;nan;nan;nan;nan;nan;nan;nan;nan;nan;nan;nan;nan;nan;nan;nan;nan;nan;nan;nan;nan;nan;nan;nan;nan;nan;nan;nan;0.5796421;0.3551074000247087;0.9347826086956522;0.9392327365728902;0.9935897435897436;0.47785595;0.08025216950173904;0.976;0.9727843242143211;0.9338990726802615;0.07270002365112305;0.5796421;0.3551074000247087;0.9347826086956522;0.9392327365728902;0.9935897435897436;0.47785595;0.08025216950173904;0.976;0.9727843242143211;0.9338990726802615;0.0;0.0;0.0;0.0;0.0;0.0;0.0;0.0;0.0;0.0;0.07270002365112305;0.5653451;0.2766466218087336;0.9891304347826086;0.9892827779658558;0.9958791208791209;0.11304855346679688;245.07056;0.6067384459969142;0.7282608695652174;0.6904826003627997;0.7282555282555283;6.679412841796875;nan;nan;nan;nan;nan;nan;nan;nan;nan;nan;nan;nan;nan;nan;nan;nan;nan;nan;nan;nan;nan;nan;nan;nan;nan;nan;nan;nan;nan;nan;nan;nan;nan;nan;nan;nan;nan;nan;nan;nan;nan;nan;nan;nan;nan;nan;nan;nan;nan;nan;nan;nan;nan;nan;nan;nan;nan;nan;nan;nan;nan;nan;nan;nan;nan;nan;nan;nan;nan;nan;nan;nan;nan;nan;nan;nan;nan;nan;nan;nan;nan;nan;nan;nan;nan;nan;nan;nan;nan;nan;nan;nan;nan;nan;nan;nan;nan;nan;nan;nan;nan;nan;nan;nan;nan;nan;nan;nan;nan;nan;nan;nan;nan;nan;nan;nan;nan;nan;nan;nan;nan;nan;nan;nan;nan;nan;nan;nan;nan;nan;nan;nan;nan;nan;nan;nan;nan;nan;nan;nan;nan;nan;nan;nan;nan;nan;nan;nan;nan;nan;nan;nan;nan;nan;nan;nan;nan;nan;nan;nan;nan;nan;nan;nan;nan;nan;nan;nan;nan;nan;nan;nan;nan;nan;nan;nan;nan;nan;nan;nan;nan;nan;nan;nan;nan;nan;nan;nan;nan;nan;nan;nan;nan;nan;nan;nan;nan;nan;nan;nan;nan;nan;nan;nan;nan;nan;nan;nan;nan;nan;nan;nan;nan;nan;nan;nan;nan;nan;nan;nan;nan;nan;nan;nan;nan;nan;nan;nan;nan;nan;nan;nan;nan;nan;nan;nan;nan;nan;nan;nan;nan;nan;nan;nan;nan;nan;nan;nan;nan;nan;nan;nan;nan;nan;nan;nan;nan;nan;nan;nan;nan;nan;nan;nan;nan;nan;nan;nan;nan;nan;nan;nan;nan;nan;nan;nan;nan;nan;nan;nan;nan;nan;nan;nan;nan;nan;nan;nan;nan;nan;nan;nan;nan;nan;nan;nan;nan;nan;nan;nan;nan;nan;nan;nan;nan;nan;nan;nan;nan;nan;nan;nan;nan;nan;nan;nan;nan;nan;nan;nan;nan;nan;nan;nan;nan;nan;nan;nan;nan;nan;nan;nan;nan;nan;nan;nan;nan;nan;nan;nan;nan;nan;nan;nan;nan;nan;nan;nan;nan;nan;nan;nan;nan;nan;nan;nan;nan;nan;nan;nan;nan;nan;nan;nan;nan;nan;nan;nan;nan;nan;nan;nan;nan;nan;nan;nan;nan;nan;nan;nan;nan;nan;nan;nan;nan;nan;nan;nan;nan;nan;nan;nan;nan;nan;nan;nan;nan;nan;nan;nan;nan;nan;nan;nan;nan;nan;nan;nan;nan;nan;nan;nan;nan;nan;nan;nan;nan;nan;nan;nan;nan;nan;nan;nan;nan;nan;nan;nan;nan;nan;nan;nan;nan;nan;nan;nan;nan;nan;nan;nan;nan;nan;nan;nan;nan;nan;nan;nan;nan;nan;nan;nan;nan;nan;nan;nan;nan;nan;nan;nan;nan;nan;nan;nan;nan;nan;nan;nan;nan;nan;nan;nan;nan;nan;nan;nan;nan;nan;nan;nan;nan;nan;nan;nan;nan;nan;nan;nan;nan;nan;nan;nan;nan;nan;nan;nan;nan;nan;nan;nan;nan;nan;nan;nan;nan;nan;nan;nan;nan;nan;nan;nan;nan;nan;nan;nan;nan;nan;nan;nan;nan;nan;nan;nan;nan;nan;nan;nan;nan;nan;nan;nan;nan;nan;nan;nan;nan;nan;nan;nan;nan;nan;nan;nan;nan;nan;nan;nan;nan;nan;nan;nan;nan;nan;nan;nan;nan;nan;nan;nan;nan;nan;nan;nan;nan;nan;nan;nan;nan;nan;nan;nan;nan;nan;nan;nan;nan;nan;nan;nan;nan;nan;nan;nan;nan;nan;nan;nan;nan;nan;nan;nan;nan;nan;nan;nan;nan;nan;nan;nan;nan;nan;nan;nan;nan;nan;nan;nan;nan;nan;nan;nan;nan;nan;nan;nan;nan;nan;nan;nan;nan;nan;nan;nan;nan;nan;nan;nan;nan;nan;nan;nan;nan;nan;nan;nan;nan;nan;nan;nan;nan;nan;nan;nan;nan;nan;nan;nan;nan;nan;nan;nan;nan;nan;nan;nan;nan;nan;nan;nan;0.58605593;0.3476079296630946;0.9891304347826086;0.9892827779658558;0.9972527472527473;0.47708502;0.08523482772603887;0.9727;0.9697664954219521;0.9290450354759734;0.05706357955932617;0.58605593;0.3476079296630946;0.9891304347826086;0.9892827779658558;0.9972527472527473;0.47708502;0.08523482772603887;0.9727;0.9697664954219521;0.9290450354759734;0.0;0.0;0.0;0.0;0.0;0.0;0.0;0.0;0.0;0.0;0.05706357955932617;0.5653451;0.2766466218087336;0.9891304347826086;0.9892827779658558;0.9958791208791209;0.11304855346679688;245.07056;0.6067384459969142;0.7282608695652174;0.6904826003627997;0.7282555282555283;6.679412841796875;nan;nan;nan;nan;nan;nan;nan;nan;nan;nan;nan;nan;nan;nan;nan;nan;nan;nan;nan;nan;nan;nan;nan;nan;nan;nan;nan;nan;nan;nan;nan;nan;nan;nan;nan;nan;nan;nan;nan;nan;nan;nan;nan;nan;nan;nan;nan;nan;nan;nan;nan;nan;nan;nan;nan;nan;nan;nan;nan;nan;nan;nan;nan;nan;nan;nan;nan;nan;nan;nan;nan;nan;nan;nan;nan;nan;nan;nan;nan;nan;nan;nan;nan;nan;nan;nan;nan;nan;nan;nan;nan;nan;nan;nan;nan;nan;nan;nan;nan;nan;nan;nan;nan;nan;nan;nan;nan;nan;nan;nan;nan;nan;nan;nan;nan;nan;nan;nan;nan;nan;nan;nan;nan;nan;nan;nan;nan;nan;nan;nan;nan;nan;nan;nan;nan;nan;nan;nan;nan;nan;nan;nan;nan;nan;nan;nan;nan;nan;nan;nan;nan;nan;nan;nan;nan;nan;nan;nan;nan;nan;nan;nan;nan;nan;nan;nan;nan;nan;nan;nan;nan;nan;nan;nan;nan;nan;nan;nan;nan;nan;nan;nan;nan;nan;nan;nan;nan;nan;nan;nan;nan;nan;nan;nan;nan;nan;nan;nan;nan;nan;nan;nan;nan;nan;nan;nan;nan;nan;nan;nan;nan;nan;nan;nan;nan;nan;nan;nan;nan;nan;nan;nan;nan;nan;nan;nan;nan;nan;nan;nan;nan;nan;nan;nan;nan;nan;nan;nan;nan;nan;nan;nan;nan;nan;nan;nan;nan;nan;nan;nan;nan;nan;nan;nan;nan;nan;nan;nan;nan;nan;nan;nan;nan;nan;nan;nan;nan;nan;nan;nan;nan;nan;nan;nan;nan;nan;nan;nan;nan;nan;nan;nan;nan;nan;nan;nan;nan;nan;nan;nan;nan;nan;nan;nan;nan;nan;nan;nan;nan;nan;nan;nan;nan;nan;nan;nan;nan;nan;nan;nan;nan;nan;nan;nan;nan;nan;nan;nan;nan;nan;nan;nan;nan;nan;nan;nan;nan;nan;nan;nan;nan;nan;nan;nan;nan;nan;nan;nan;nan;nan;nan;nan;nan;nan;nan;nan;nan;nan;nan;nan;nan;nan;nan;nan;nan;nan;nan;nan;nan;nan;nan;nan;nan;nan;nan;nan;nan;nan;nan;nan;nan;nan;nan;nan;nan;nan;nan;nan;nan;nan;nan;nan;nan;nan;nan;nan;nan;nan;nan;nan;nan;nan;nan;nan;nan;nan;nan;nan;nan;nan;nan;nan;nan;nan;nan;nan;nan;nan;nan;nan;nan;nan;nan;nan;nan;nan;nan;nan;nan;nan;nan;nan;nan;nan;nan;nan;nan;nan;nan;nan;nan;nan;nan;nan;nan;nan;nan;nan;nan;nan;nan;nan;nan;nan;nan;nan;nan;nan;nan;nan;nan;nan;nan;nan;nan;nan;nan;nan;nan;nan;nan;nan;nan;nan;nan;nan;nan;nan;nan;nan;nan;nan;nan;nan;nan;nan;nan;nan;nan;nan;nan;nan;nan;nan;nan;nan;nan;nan;nan;nan;nan;nan;nan;nan;nan;nan;nan;nan;nan;nan;nan;nan;nan;nan;nan;nan;nan;nan;nan;nan;nan;nan;nan;nan;nan;nan;nan;nan;nan;nan;nan;nan;nan;nan;nan;nan;nan;nan;nan;nan;nan;nan;nan;nan;nan;nan;nan;nan;nan;nan;nan;nan;nan;nan;nan;nan;nan;nan;nan;nan;nan;nan;nan;nan;nan;nan;nan;nan;nan;nan;nan;nan;nan;nan;nan;nan;nan;nan;nan;nan;nan;nan;nan;nan;nan;nan;nan;nan;nan;nan;nan;nan;nan;nan;nan;nan;nan;nan;nan;nan;nan;nan;nan;nan;nan;nan;nan;nan;nan;nan;nan;nan;nan;nan;nan;nan;nan;nan;nan;nan;nan;nan;nan;nan;nan;nan;nan;nan;nan;nan;nan;nan;nan;nan;nan;nan;nan;nan;nan;nan;nan;nan;nan;nan;nan;nan;nan;nan;nan;nan;nan;nan;nan;nan;nan;nan;nan;nan;nan;nan;nan;nan;nan;nan;nan;nan;nan;nan;nan;nan;0.58954126;0.38818608101538055;0.9891304347826086;0.9892827779658558;0.9935897435897436;0.4770924;0.0862829693690801;0.9705;0.9678656369395172;0.9419838330738719;0.05829429626464844;0.58954126;0.38818608101538055;0.9891304347826086;0.9892827779658558;0.9935897435897436;0.4770924;0.0862829693690801;0.9705;0.9678656369395172;0.9419838330738719;0.0;0.0;0.0;0.0;0.0;0.0;0.0;0.0;0.0;0.0;0.05829429626464844;0.5653451;0.2766466218087336;0.9891304347826086;0.9892827779658558;0.9958791208791209;0.11304855346679688;245.07056;0.6067384459969142;0.7282608695652174;0.6904826003627997;0.7282555282555283;6.679412841796875;nan;nan;nan;nan;nan;nan;nan;nan;nan;nan;nan;nan;nan;nan;nan;nan;nan;nan;nan;nan;nan;nan;nan;nan;nan;nan;nan;nan;nan;nan;nan;nan;nan;nan;nan;nan;nan;nan;nan;nan;nan;nan;nan;nan;nan;nan;nan;nan;nan;nan;nan;nan;nan;nan;nan;nan;nan;nan;nan;nan;nan;nan;nan;nan;nan;nan;nan;nan;nan;nan;nan;nan;nan;nan;nan;nan;nan;nan;nan;nan;nan;nan;nan;nan;nan;nan;nan;nan;nan;nan;nan;nan;nan;nan;nan;nan;nan;nan;nan;nan;nan;nan;nan;nan;nan;nan;nan;nan;nan;nan;nan;nan;nan;nan;nan;nan;nan;nan;nan;nan;nan;nan;nan;nan;nan;nan;nan;nan;nan;nan;nan;nan;nan;nan;nan;nan;nan;nan;nan;nan;nan;nan;nan;nan;nan;nan;nan;nan;nan;nan;nan;nan;nan;nan;nan;nan;nan;nan;nan;nan;nan;nan;nan;nan;nan;nan;nan;nan;nan;nan;nan;nan;nan;nan;nan;nan;nan;nan;nan;nan;nan;nan;nan;nan;nan;nan;nan;nan;nan;nan;nan;nan;nan;nan;nan;nan;nan;nan;nan;nan;nan;nan;nan;nan;nan;nan;nan;nan;nan;nan;nan;nan;nan;nan;nan;nan;nan;nan;nan;nan;nan;nan;nan;nan;nan;nan;nan;nan;nan;nan;nan;nan;nan;nan;nan;nan;nan;nan;nan;nan;nan;nan;nan;nan;nan;nan;nan;nan;nan;nan;nan;nan;nan;nan;nan;nan;nan;nan;nan;nan;nan;nan;nan;nan;nan;nan;nan;nan;nan;nan;nan;nan;nan;nan;nan;nan;nan;nan;nan;nan;nan;nan;nan;nan;nan;nan;nan;nan;nan;nan;nan;nan;nan;nan;nan;nan;nan;nan;nan;nan;nan;nan;nan;nan;nan;nan;nan;nan;nan;nan;nan;nan;nan;nan;nan;nan;nan;nan;nan;nan;nan;nan;nan;nan;nan;nan;nan;nan;nan;nan;nan;nan;nan;nan;nan;nan;nan;nan;nan;nan;nan;nan;nan;nan;nan;nan;nan;nan;nan;nan;nan;nan;nan;nan;nan;nan;nan;nan;nan;nan;nan;nan;nan;nan;nan;nan;nan;nan;nan;nan;nan;nan;nan;nan;nan;nan;nan;nan;nan;nan;nan;nan;nan;nan;nan;nan;nan;nan;nan;nan;nan;nan;nan;nan;nan;nan;nan;nan;nan;nan;nan;nan;nan;nan;nan;nan;nan;nan;nan;nan;nan;nan;nan;nan;nan;nan;nan;nan;nan;nan;nan;nan;nan;nan;nan;nan;nan;nan;nan;nan;nan;nan;nan;nan;nan;nan;nan;nan;nan;nan;nan;nan;nan;nan;nan;nan;nan;nan;nan;nan;nan;nan;nan;nan;nan;nan;nan;nan;nan;nan;nan;nan;nan;nan;nan;nan;nan;nan;nan;nan;nan;nan;nan;nan;nan;nan;nan;nan;nan;nan;nan;nan;nan;nan;nan;nan;nan;nan;nan;nan;nan;nan;nan;nan;nan;nan;nan;nan;nan;nan;nan;nan;nan;nan;nan;nan;nan;nan;nan;nan;nan;nan;nan;nan;nan;nan;nan;nan;nan;nan;nan;nan;nan;nan;nan;nan;nan;nan;nan;nan;nan;nan;nan;nan;nan;nan;nan;nan;nan;nan;nan;nan;nan;nan;nan;nan;nan;nan;nan;nan;nan;nan;nan;nan;nan;nan;nan;nan;nan;nan;nan;nan;nan;nan;nan;nan;nan;nan;nan;nan;nan;nan;nan;nan;nan;nan;nan;nan;nan;nan;nan;nan;nan;nan;nan;nan;nan;nan;nan;nan;nan;nan;nan;nan;nan;nan;nan;nan;nan;nan;nan;nan;nan;nan;nan;nan;nan;nan;nan;nan;nan;nan;nan;nan;nan;nan;nan;nan;nan;nan;nan;nan;nan;nan;nan;nan;nan;nan;nan;nan;nan;nan;nan;nan;nan;nan;nan;nan;nan;nan;nan;nan;nan;nan;nan;nan;nan;nan;nan;nan;nan;nan;nan;nan;nan;nan;nan;nan;nan;nan;0.6141689;0.44636856299675853;0.9891304347826086;0.9892827779658558;0.9935897435897436;0.4776128;0.08682379600280153;0.9692;0.9680535793515311;0.9456147442567837;0.07893037796020508;0.6141689;0.44636856299675853;0.9891304347826086;0.9892827779658558;0.9935897435897436;0.4776128;0.08682379600280153;0.9692;0.9680535793515311;0.9456147442567837;0.0;0.0;0.0;0.0;0.0;0.0;0.0;0.0;0.0;0.0;0.07893037796020508;0.5653451;0.2766466218087336;0.9891304347826086;0.9892827779658558;0.9958791208791209;0.11304855346679688;245.07056;0.6067384459969142;0.7282608695652174;0.6904826003627997;0.7282555282555283;6.679412841796875;nan;nan;nan;nan;nan;nan;nan;nan;nan;nan;nan;nan;nan;nan;nan;nan;nan;nan;nan;nan;nan;nan;nan;nan;nan;nan;nan;nan;nan;nan;nan;nan;nan;nan;nan;nan;nan;nan;nan;nan;nan;nan;nan;nan;nan;nan;nan;nan;nan;nan;nan;nan;nan;nan;nan;nan;nan;nan;nan;nan;nan;nan;nan;nan;nan;nan;nan;nan;nan;nan;nan;nan;nan;nan;nan;nan;nan;nan;nan;nan;nan;nan;nan;nan;nan;nan;nan;nan;nan;nan;nan;nan;nan;nan;nan;nan;nan;nan;nan;nan;nan;nan;nan;nan;nan;nan;nan;nan;nan;nan;nan;nan;nan;nan;nan;nan;nan;nan;nan;nan;nan;nan;nan;nan;nan;nan;nan;nan;nan;nan;nan;nan;nan;nan;nan;nan;nan;nan;nan;nan;nan;nan;nan;nan;nan;nan;nan;nan;nan;nan;nan;nan;nan;nan;nan;nan;nan;nan;nan;nan;nan;nan;nan;nan;nan;nan;nan;nan;nan;nan;nan;nan;nan;nan;nan;nan;nan;nan;nan;nan;nan;nan;nan;nan;nan;nan;nan;nan;nan;nan;nan;nan;nan;nan;nan;nan;nan;nan;nan;nan;nan;nan;nan;nan;nan;nan;nan;nan;nan;nan;nan;nan;nan;nan;nan;nan;nan;nan;nan;nan;nan;nan;nan;nan;nan;nan;nan;nan;nan;nan;nan;nan;nan;nan;nan;nan;nan;nan;nan;nan;nan;nan;nan;nan;nan;nan;nan;nan;nan;nan;nan;nan;nan;nan;nan;nan;nan;nan;nan;nan;nan;nan;nan;nan;nan;nan;nan;nan;nan;nan;nan;nan;nan;nan;nan;nan;nan;nan;nan;nan;nan;nan;nan;nan;nan;nan;nan;nan;nan;nan;nan;nan;nan;nan;nan;nan;nan;nan;nan;nan;nan;nan;nan;nan;nan;nan;nan;nan;nan;nan;nan;nan;nan;nan;nan;nan;nan;nan;nan;nan;nan;nan;nan;nan;nan;nan;nan;nan;nan;nan;nan;nan;nan;nan;nan;nan;nan;nan;nan;nan;nan;nan;nan;nan;nan;nan;nan;nan;nan;nan;nan;nan;nan;nan;nan;nan;nan;nan;nan;nan;nan;nan;nan;nan;nan;nan;nan;nan;nan;nan;nan;nan;nan;nan;nan;nan;nan;nan;nan;nan;nan;nan;nan;nan;nan;nan;nan;nan;nan;nan;nan;nan;nan;nan;nan;nan;nan;nan;nan;nan;nan;nan;nan;nan;nan;nan;nan;nan;nan;nan;nan;nan;nan;nan;nan;nan;nan;nan;nan;nan;nan;nan;nan;nan;nan;nan;nan;nan;nan;nan;nan;nan;nan;nan;nan;nan;nan;nan;nan;nan;nan;nan;nan;nan;nan;nan;nan;nan;nan;nan;nan;nan;nan;nan;nan;nan;nan;nan;nan;nan;nan;nan;nan;nan;nan;nan;nan;nan;nan;nan;nan;nan;nan;nan;nan;nan;nan;nan;nan;nan;nan;nan;nan;nan;nan;nan;nan;nan;nan;nan;nan;nan;nan;nan;nan;nan;nan;nan;nan;nan;nan;nan;nan;nan;nan;nan;nan;nan;nan;nan;nan;nan;nan;nan;nan;nan;nan;nan;nan;nan;nan;nan;nan;nan;nan;nan;nan;nan;nan;nan;nan;nan;nan;nan;nan;nan;nan;nan;nan;nan;nan;nan;nan;nan;nan;nan;nan;nan;nan;nan;nan;nan;nan;nan;nan;nan;nan;nan;nan;nan;nan;nan;nan;nan;nan;nan;nan;nan;nan;nan;nan;nan;nan;nan;nan;nan;nan;nan;nan;nan;nan;nan;nan;nan;nan;nan;nan;nan;nan;nan;nan;nan;nan;nan;nan;nan;nan;nan;nan;nan;nan;nan;nan;nan;nan;nan;nan;nan;nan;nan;nan;nan;nan;nan;nan;nan;nan;nan;nan;nan;nan;nan;nan;nan;nan;nan;nan;nan;nan;nan;nan;nan;nan;nan;nan;nan;nan;nan;nan;nan;nan;nan;nan;nan;nan;nan;nan;nan;nan;nan;nan;nan;nan;nan;nan;nan;nan;nan;nan;nan;0.58784443;0.35801172753132177;0.9891304347826086;0.9892827779658558;0.9940476190476191;0.47778243;0.09017765849449086;0.9704;0.967397837081949;0.9360515100086662;0.09803175926208496;0.58784443;0.35801172753132177;0.9891304347826086;0.9892827779658558;0.9940476190476191;0.47778243;0.09017765849449086;0.9704;0.967397837081949;0.9360515100086662;0.0;0.0;0.0;0.0;0.0;0.0;0.0;0.0;0.0;0.0;0.09803175926208496;0.5653451;0.2766466218087336;0.9891304347826086;0.9892827779658558;0.9958791208791209;0.11304855346679688;245.07056;0.6067384459969142;0.7282608695652174;0.6904826003627997;0.7282555282555283;6.679412841796875;nan;nan;nan;nan;nan;nan;nan;nan;nan;nan;nan;nan;nan;nan;nan;nan;nan;nan;nan;nan;nan;nan;nan;nan;nan;nan;nan;nan;nan;nan;nan;nan;nan;nan;nan;nan;nan;nan;nan;nan;nan;nan;nan;nan;nan;nan;nan;nan;nan;nan;nan;nan;nan;nan;nan;nan;nan;nan;nan;nan;nan;nan;nan;nan;nan;nan;nan;nan;nan;nan;nan;nan;nan;nan;nan;nan;nan;nan;nan;nan;nan;nan;nan;nan;nan;nan;nan;nan;nan;nan;nan;nan;nan;nan;nan;nan;nan;nan;nan;nan;nan;nan;nan;nan;nan;nan;nan;nan;nan;nan;nan;nan;nan;nan;nan;nan;nan;nan;nan;nan;nan;nan;nan;nan;nan;nan;nan;nan;nan;nan;nan;nan;nan;nan;nan;nan;nan;nan;nan;nan;nan;nan;nan;nan;nan;nan;nan;nan;nan;nan;nan;nan;nan;nan;nan;nan;nan;nan;nan;nan;nan;nan;nan;nan;nan;nan;nan;nan;nan;nan;nan;nan;nan;nan;nan;nan;nan;nan;nan;nan;nan;nan;nan;nan;nan;nan;nan;nan;nan;nan;nan;nan;nan;nan;nan;nan;nan;nan;nan;nan;nan;nan;nan;nan;nan;nan;nan;nan;nan;nan;nan;nan;nan;nan;nan;nan;nan;nan;nan;nan;nan;nan;nan;nan;nan;nan;nan;nan;nan;nan;nan;nan;nan;nan;nan;nan;nan;nan;nan;nan;nan;nan;nan;nan;nan;nan;nan;nan;nan;nan;nan;nan;nan;nan;nan;nan;nan;nan;nan;nan;nan;nan;nan;nan;nan;nan;nan;nan;nan;nan;nan;nan;nan;nan;nan;nan;nan;nan;nan;nan;nan;nan;nan;nan;nan;nan;nan;nan;nan;nan;nan;nan;nan;nan;nan;nan;nan;nan;nan;nan;nan;nan;nan;nan;nan;nan;nan;nan;nan;nan;nan;nan;nan;nan;nan;nan;nan;nan;nan;nan;nan;nan;nan;nan;nan;nan;nan;nan;nan;nan;nan;nan;nan;nan;nan;nan;nan;nan;nan;nan;nan;nan;nan;nan;nan;nan;nan;nan;nan;nan;nan;nan;nan;nan;nan;nan;nan;nan;nan;nan;nan;nan;nan;nan;nan;nan;nan;nan;nan;nan;nan;nan;nan;nan;nan;nan;nan;nan;nan;nan;nan;nan;nan;nan;nan;nan;nan;nan;nan;nan;nan;nan;nan;nan;nan;nan;nan;nan;nan;nan;nan;nan;nan;nan;nan;nan;nan;nan;nan;nan;nan;nan;nan;nan;nan;nan;nan;nan;nan;nan;nan;nan;nan;nan;nan;nan;nan;nan;nan;nan;nan;nan;nan;nan;nan;nan;nan;nan;nan;nan;nan;nan;nan;nan;nan;nan;nan;nan;nan;nan;nan;nan;nan;nan;nan;nan;nan;nan;nan;nan;nan;nan;nan;nan;nan;nan;nan;nan;nan;nan;nan;nan;nan;nan;nan;nan;nan;nan;nan;nan;nan;nan;nan;nan;nan;nan;nan;nan;nan;nan;nan;nan;nan;nan;nan;nan;nan;nan;nan;nan;nan;nan;nan;nan;nan;nan;nan;nan;nan;nan;nan;nan;nan;nan;nan;nan;nan;nan;nan;nan;nan;nan;nan;nan;nan;nan;nan;nan;nan;nan;nan;nan;nan;nan;nan;nan;nan;nan;nan;nan;nan;nan;nan;nan;nan;nan;nan;nan;nan;nan;nan;nan;nan;nan;nan;nan;nan;nan;nan;nan;nan;nan;nan;nan;nan;nan;nan;nan;nan;nan;nan;nan;nan;nan;nan;nan;nan;nan;nan;nan;nan;nan;nan;nan;nan;nan;nan;nan;nan;nan;nan;nan;nan;nan;nan;nan;nan;nan;nan;nan;nan;nan;nan;nan;nan;nan;nan;nan;nan;nan;nan;nan;nan;nan;nan;nan;nan;nan;nan;nan;nan;nan;nan;nan;nan;nan;nan;nan;nan;nan;nan;nan;nan;nan;nan;nan;nan;nan;nan;nan;nan;nan;nan;nan;nan;nan;nan;nan;nan;nan;nan;nan;nan;nan;nan;nan;nan;nan;nan;nan;0.6114229;0.4266043124266782;0.9891304347826086;0.9892827779658558;0.99496336996337;0.4789863;0.09252606201008094;0.9681;0.9655466715525616;0.926942304711138;0.06326985359191895;0.6114229;0.4266043124266782;0.9891304347826086;0.9892827779658558;0.99496336996337;0.4789863;0.09252606201008094;0.9681;0.9655466715525616;0.926942304711138;0.0;0.0;0.0;0.0;0.0;0.0;0.0;0.0;0.0;0.0;0.06326985359191895;0.5653451;0.2766466218087336;0.9891304347826086;0.9892827779658558;0.9958791208791209;0.11304855346679688;245.07056;0.6067384459969142;0.7282608695652174;0.6904826003627997;0.7282555282555283;6.679412841796875;nan;nan;nan;nan;nan;nan;nan;nan;nan;nan;nan;nan;nan;nan;nan;nan;nan;nan;nan;nan;nan;nan;nan;nan;nan;nan;nan;nan;nan;nan;nan;nan;nan;nan;nan;nan;nan;nan;nan;nan;nan;nan;nan;nan;nan;nan;nan;nan;nan;nan;nan;nan;nan;nan;nan;nan;nan;nan;nan;nan;nan;nan;nan;nan;nan;nan;nan;nan;nan;nan;nan;nan;nan;nan;nan;nan;nan;nan;nan;nan;nan;nan;nan;nan;nan;nan;nan;nan;nan;nan;nan;nan;nan;nan;nan;nan;nan;nan;nan;nan;nan;nan;nan;nan;nan;nan;nan;nan;nan;nan;nan;nan;nan;nan;nan;nan;nan;nan;nan;nan;nan;nan;nan;nan;nan;nan;nan;nan;nan;nan;nan;nan;nan;nan;nan;nan;nan;nan;nan;nan;nan;nan;nan;nan;nan;nan;nan;nan;nan;nan;nan;nan;nan;nan;nan;nan;nan;nan;nan;nan;nan;nan;nan;nan;nan;nan;nan;nan;nan;nan;nan;nan;nan;nan;nan;nan;nan;nan;nan;nan;nan;nan;nan;nan;nan;nan;nan;nan;nan;nan;nan;nan;nan;nan;nan;nan;nan;nan;nan;nan;nan;nan;nan;nan;nan;nan;nan;nan;nan;nan;nan;nan;nan;nan;nan;nan;nan;nan;nan;nan;nan;nan;nan;nan;nan;nan;nan;nan;nan;nan;nan;nan;nan;nan;nan;nan;nan;nan;nan;nan;nan;nan;nan;nan;nan;nan;nan;nan;nan;nan;nan;nan;nan;nan;nan;nan;nan;nan;nan;nan;nan;nan;nan;nan;nan;nan;nan;nan;nan;nan;nan;nan;nan;nan;nan;nan;nan;nan;nan;nan;nan;nan;nan;nan;nan;nan;nan;nan;nan;nan;nan;nan;nan;nan;nan;nan;nan;nan;nan;nan;nan;nan;nan;nan;nan;nan;nan;nan;nan;nan;nan;nan;nan;nan;nan;nan;nan;nan;nan;nan;nan;nan;nan;nan;nan;nan;nan;nan;nan;nan;nan;nan;nan;nan;nan;nan;nan;nan;nan;nan;nan;nan;nan;nan;nan;nan;nan;nan;nan;nan;nan;nan;nan;nan;nan;nan;nan;nan;nan;nan;nan;nan;nan;nan;nan;nan;nan;nan;nan;nan;nan;nan;nan;nan;nan;nan;nan;nan;nan;nan;nan;nan;nan;nan;nan;nan;nan;nan;nan;nan;nan;nan;nan;nan;nan;nan;nan;nan;nan;nan;nan;nan;nan;nan;nan;nan;nan;nan;nan;nan;nan;nan;nan;nan;nan;nan;nan;nan;nan;nan;nan;nan;nan;nan;nan;nan;nan;nan;nan;nan;nan;nan;nan;nan;nan;nan;nan;nan;nan;nan;nan;nan;nan;nan;nan;nan;nan;nan;nan;nan;nan;nan;nan;nan;nan;nan;nan;nan;nan;nan;nan;nan;nan;nan;nan;nan;nan;nan;nan;nan;nan;nan;nan;nan;nan;nan;nan;nan;nan;nan;nan;nan;nan;nan;nan;nan;nan;nan;nan;nan;nan;nan;nan;nan;nan;nan;nan;nan;nan;nan;nan;nan;nan;nan;nan;nan;nan;nan;nan;nan;nan;nan;nan;nan;nan;nan;nan;nan;nan;nan;nan;nan;nan;nan;nan;nan;nan;nan;nan;nan;nan;nan;nan;nan;nan;nan;nan;nan;nan;nan;nan;nan;nan;nan;nan;nan;nan;nan;nan;nan;nan;nan;nan;nan;nan;nan;nan;nan;nan;nan;nan;nan;nan;nan;nan;nan;nan;nan;nan;nan;nan;nan;nan;nan;nan;nan;nan;nan;nan;nan;nan;nan;nan;nan;nan;nan;nan;nan;nan;nan;nan;nan;nan;nan;nan;nan;nan;nan;nan;nan;nan;nan;nan;nan;nan;nan;nan;nan;nan;nan;nan;nan;nan;nan;nan;nan;nan;nan;nan;nan;nan;nan;nan;nan;nan;nan;nan;nan;nan;nan;nan;nan;nan;nan;nan;nan;nan;nan;nan;nan;nan;nan;nan;nan;nan;nan;nan;nan;nan;nan;nan;nan;nan;nan;nan;nan;nan;nan;nan;nan;0.62902963;0.4806189562657864;0.9891304347826086;0.9892827779658558;0.9945054945054945;0.47878608;0.08664659599204241;0.9686;0.9683167777399967;0.9363721413721413;0.05845165252685547;0.62902963;0.4806189562657864;0.9891304347826086;0.9892827779658558;0.9945054945054945;0.47878608;0.08664659599204241;0.9686;0.9683167777399967;0.9363721413721413;0.0;0.0;0.0;0.0;0.0;0.0;0.0;0.0;0.0;0.0;0.05845165252685547;0.5653451;0.2766466218087336;0.9891304347826086;0.9892827779658558;0.9958791208791209;0.11304855346679688;245.07056;0.6067384459969142;0.7282608695652174;0.6904826003627997;0.7282555282555283;6.679412841796875;nan;nan;nan;nan;nan;nan;nan;nan;nan;nan;nan;nan;nan;nan;nan;nan;nan;nan;nan;nan;nan;nan;nan;nan;nan;nan;nan;nan;nan;nan;nan;nan;nan;nan;nan;nan;nan;nan;nan;nan;nan;nan;nan;nan;nan;nan;nan;nan;nan;nan;nan;nan;nan;nan;nan;nan;nan;nan;nan;nan;nan;nan;nan;nan;nan;nan;nan;nan;nan;nan;nan;nan;nan;nan;nan;nan;nan;nan;nan;nan;nan;nan;nan;nan;nan;nan;nan;nan;nan;nan;nan;nan;nan;nan;nan;nan;nan;nan;nan;nan;nan;nan;nan;nan;nan;nan;nan;nan;nan;nan;nan;nan;nan;nan;nan;nan;nan;nan;nan;nan;nan;nan;nan;nan;nan;nan;nan;nan;nan;nan;nan;nan;nan;nan;nan;nan;nan;nan;nan;nan;nan;nan;nan;nan;nan;nan;nan;nan;nan;nan;nan;nan;nan;nan;nan;nan;nan;nan;nan;nan;nan;nan;nan;nan;nan;nan;nan;nan;nan;nan;nan;nan;nan;nan;nan;nan;nan;nan;nan;nan;nan;nan;nan;nan;nan;nan;nan;nan;nan;nan;nan;nan;nan;nan;nan;nan;nan;nan;nan;nan;nan;nan;nan;nan;nan;nan;nan;nan;nan;nan;nan;nan;nan;nan;nan;nan;nan;nan;nan;nan;nan;nan;nan;nan;nan;nan;nan;nan;nan;nan;nan;nan;nan;nan;nan;nan;nan;nan;nan;nan;nan;nan;nan;nan;nan;nan;nan;nan;nan;nan;nan;nan;nan;nan;nan;nan;nan;nan;nan;nan;nan;nan;nan;nan;nan;nan;nan;nan;nan;nan;nan;nan;nan;nan;nan;nan;nan;nan;nan;nan;nan;nan;nan;nan;nan;nan;nan;nan;nan;nan;nan;nan;nan;nan;nan;nan;nan;nan;nan;nan;nan;nan;nan;nan;nan;nan;nan;nan;nan;nan;nan;nan;nan;nan;nan;nan;nan;nan;nan;nan;nan;nan;nan;nan;nan;nan;nan;nan;nan;nan;nan;nan;nan;nan;nan;nan;nan;nan;nan;nan;nan;nan;nan;nan;nan;nan;nan;nan;nan;nan;nan;nan;nan;nan;nan;nan;nan;nan;nan;nan;nan;nan;nan;nan;nan;nan;nan;nan;nan;nan;nan;nan;nan;nan;nan;nan;nan;nan;nan;nan;nan;nan;nan;nan;nan;nan;nan;nan;nan;nan;nan;nan;nan;nan;nan;nan;nan;nan;nan;nan;nan;nan;nan;nan;nan;nan;nan;nan;nan;nan;nan;nan;nan;nan;nan;nan;nan;nan;nan;nan;nan;nan;nan;nan;nan;nan;nan;nan;nan;nan;nan;nan;nan;nan;nan;nan;nan;nan;nan;nan;nan;nan;nan;nan;nan;nan;nan;nan;nan;nan;nan;nan;nan;nan;nan;nan;nan;nan;nan;nan;nan;nan;nan;nan;nan;nan;nan;nan;nan;nan;nan;nan;nan;nan;nan;nan;nan;nan;nan;nan;nan;nan;nan;nan;nan;nan;nan;nan;nan;nan;nan;nan;nan;nan;nan;nan;nan;nan;nan;nan;nan;nan;nan;nan;nan;nan;nan;nan;nan;nan;nan;nan;nan;nan;nan;nan;nan;nan;nan;nan;nan;nan;nan;nan;nan;nan;nan;nan;nan;nan;nan;nan;nan;nan;nan;nan;nan;nan;nan;nan;nan;nan;nan;nan;nan;nan;nan;nan;nan;nan;nan;nan;nan;nan;nan;nan;nan;nan;nan;nan;nan;nan;nan;nan;nan;nan;nan;nan;nan;nan;nan;nan;nan;nan;nan;nan;nan;nan;nan;nan;nan;nan;nan;nan;nan;nan;nan;nan;nan;nan;nan;nan;nan;nan;nan;nan;nan;nan;nan;nan;nan;nan;nan;nan;nan;nan;nan;nan;nan;nan;nan;nan;nan;nan;nan;nan;nan;nan;nan;nan;nan;nan;nan;nan;nan;nan;nan;nan;nan;nan;nan;nan;nan;nan;nan;nan;nan;nan;nan;nan;nan;nan;nan;nan;nan;nan;nan;nan;nan;nan;nan;nan;nan;nan;nan;nan;nan;nan;nan;nan;0.5859498;0.3874559923500768;0.9891304347826086;0.9892827779658558;0.9935897435897436;0.48052236;0.09299297995616748;0.9683;0.9653415198752545;0.9451514297932833;0.06392979621887207;0.5859498;0.3874559923500768;0.9891304347826086;0.9892827779658558;0.9935897435897436;0.48052236;0.09299297995616748;0.9683;0.9653415198752545;0.9451514297932833;0.0;0.0;0.0;0.0;0.0;0.0;0.0;0.0;0.0;0.0;0.06392979621887207;0.5653451;0.2766466218087336;0.9891304347826086;0.9892827779658558;0.9958791208791209;0.11304855346679688;245.07056;0.6067384459969142;0.7282608695652174;0.6904826003627997;0.7282555282555283;6.679412841796875;nan;nan;nan;nan;nan;nan;nan;nan;nan;nan;nan;nan;nan;nan;nan;nan;nan;nan;nan;nan;nan;nan;nan;nan;nan;nan;nan;nan;nan;nan;nan;nan;nan;nan;nan;nan;nan;nan;nan;nan;nan;nan;nan;nan;nan;nan;nan;nan;nan;nan;nan;nan;nan;nan;nan;nan;nan;nan;nan;nan;nan;nan;nan;nan;nan;nan;nan;nan;nan;nan;nan;nan;nan;nan;nan;nan;nan;nan;nan;nan;nan;nan;nan;nan;nan;nan;nan;nan;nan;nan;nan;nan;nan;nan;nan;nan;nan;nan;nan;nan;nan;nan;nan;nan;nan;nan;nan;nan;nan;nan;nan;nan;nan;nan;nan;nan;nan;nan;nan;nan;nan;nan;nan;nan;nan;nan;nan;nan;nan;nan;nan;nan;nan;nan;nan;nan;nan;nan;nan;nan;nan;nan;nan;nan;nan;nan;nan;nan;nan;nan;nan;nan;nan;nan;nan;nan;nan;nan;nan;nan;nan;nan;nan;nan;nan;nan;nan;nan;nan;nan;nan;nan;nan;nan;nan;nan;nan;nan;nan;nan;nan;nan;nan;nan;nan;nan;nan;nan;nan;nan;nan;nan;nan;nan;nan;nan;nan;nan;nan;nan;nan;nan;nan;nan;nan;nan;nan;nan;nan;nan;nan;nan;nan;nan;nan;nan;nan;nan;nan;nan;nan;nan;nan;nan;nan;nan;nan;nan;nan;nan;nan;nan;nan;nan;nan;nan;nan;nan;nan;nan;nan;nan;nan;nan;nan;nan;nan;nan;nan;nan;nan;nan;nan;nan;nan;nan;nan;nan;nan;nan;nan;nan;nan;nan;nan;nan;nan;nan;nan;nan;nan;nan;nan;nan;nan;nan;nan;nan;nan;nan;nan;nan;nan;nan;nan;nan;nan;nan;nan;nan;nan;nan;nan;nan;nan;nan;nan;nan;nan;nan;nan;nan;nan;nan;nan;nan;nan;nan;nan;nan;nan;nan;nan;nan;nan;nan;nan;nan;nan;nan;nan;nan;nan;nan;nan;nan;nan;nan;nan;nan;nan;nan;nan;nan;nan;nan;nan;nan;nan;nan;nan;nan;nan;nan;nan;nan;nan;nan;nan;nan;nan;nan;nan;nan;nan;nan;nan;nan;nan;nan;nan;nan;nan;nan;nan;nan;nan;nan;nan;nan;nan;nan;nan;nan;nan;nan;nan;nan;nan;nan;nan;nan;nan;nan;nan;nan;nan;nan;nan;nan;nan;nan;nan;nan;nan;nan;nan;nan;nan;nan;nan;nan;nan;nan;nan;nan;nan;nan;nan;nan;nan;nan;nan;nan;nan;nan;nan;nan;nan;nan;nan;nan;nan;nan;nan;nan;nan;nan;nan;nan;nan;nan;nan;nan;nan;nan;nan;nan;nan;nan;nan;nan;nan;nan;nan;nan;nan;nan;nan;nan;nan;nan;nan;nan;nan;nan;nan;nan;nan;nan;nan;nan;nan;nan;nan;nan;nan;nan;nan;nan;nan;nan;nan;nan;nan;nan;nan;nan;nan;nan;nan;nan;nan;nan;nan;nan;nan;nan;nan;nan;nan;nan;nan;nan;nan;nan;nan;nan;nan;nan;nan;nan;nan;nan;nan;nan;nan;nan;nan;nan;nan;nan;nan;nan;nan;nan;nan;nan;nan;nan;nan;nan;nan;nan;nan;nan;nan;nan;nan;nan;nan;nan;nan;nan;nan;nan;nan;nan;nan;nan;nan;nan;nan;nan;nan;nan;nan;nan;nan;nan;nan;nan;nan;nan;nan;nan;nan;nan;nan;nan;nan;nan;nan;nan;nan;nan;nan;nan;nan;nan;nan;nan;nan;nan;nan;nan;nan;nan;nan;nan;nan;nan;nan;nan;nan;nan;nan;nan;nan;nan;nan;nan;nan;nan;nan;nan;nan;nan;nan;nan;nan;nan;nan;nan;nan;nan;nan;nan;nan;nan;nan;nan;nan;nan;nan;nan;nan;nan;nan;nan;nan;nan;nan;nan;nan;nan;nan;nan;nan;nan;nan;nan;nan;nan;nan;nan;nan;nan;nan;nan;nan;nan;nan;nan;nan;nan;nan;nan;nan;nan;nan;nan;nan;nan;nan;nan;nan;nan;nan;nan;0.5936992;0.4123307991706707;0.9891304347826086;0.9892827779658558;0.9935897435897436;0.4776414;0.08681442656347688;0.971;0.9681757712899373;0.9422473846412339;0.06077456474304199;0.5936992;0.4123307991706707;0.9891304347826086;0.9892827779658558;0.9935897435897436;0.4776414;0.08681442656347688;0.971;0.9681757712899373;0.9422473846412339;0.0;0.0;0.0;0.0;0.0;0.0;0.0;0.0;0.0;0.0;0.06077456474304199;0.5653451;0.2766466218087336;0.9891304347826086;0.9892827779658558;0.9958791208791209;0.11304855346679688;245.07056;0.6067384459969142;0.7282608695652174;0.6904826003627997;0.7282555282555283;6.679412841796875;nan;nan;nan;nan;nan;nan;nan;nan;nan;nan;nan;nan;nan;nan;nan;nan;nan;nan;nan;nan;nan;nan;nan;nan;nan;nan;nan;nan;nan;nan;nan;nan;nan;nan;nan;nan;nan;nan;nan;nan;nan;nan;nan;nan;nan;nan;nan;nan;nan;nan;nan;nan;nan;nan;nan;nan;nan;nan;nan;nan;nan;nan;nan;nan;nan;nan;nan;nan;nan;nan;nan;nan;nan;nan;nan;nan;nan;nan;nan;nan;nan;nan;nan;nan;nan;nan;nan;nan;nan;nan;nan;nan;nan;nan;nan;nan;nan;nan;nan;nan;nan;nan;nan;nan;nan;nan;nan;nan;nan;nan;nan;nan;nan;nan;nan;nan;nan;nan;nan;nan;nan;nan;nan;nan;nan;nan;nan;nan;nan;nan;nan;nan;nan;nan;nan;nan;nan;nan;nan;nan;nan;nan;nan;nan;nan;nan;nan;nan;nan;nan;nan;nan;nan;nan;nan;nan;nan;nan;nan;nan;nan;nan;nan;nan;nan;nan;nan;nan;nan;nan;nan;nan;nan;nan;nan;nan;nan;nan;nan;nan;nan;nan;nan;nan;nan;nan;nan;nan;nan;nan;nan;nan;nan;nan;nan;nan;nan;nan;nan;nan;nan;nan;nan;nan;nan;nan;nan;nan;nan;nan;nan;nan;nan;nan;nan;nan;nan;nan;nan;nan;nan;nan;nan;nan;nan;nan;nan;nan;nan;nan;nan;nan;nan;nan;nan;nan;nan;nan;nan;nan;nan;nan;nan;nan;nan;nan;nan;nan;nan;nan;nan;nan;nan;nan;nan;nan;nan;nan;nan;nan;nan;nan;nan;nan;nan;nan;nan;nan;nan;nan;nan;nan;nan;nan;nan;nan;nan;nan;nan;nan;nan;nan;nan;nan;nan;nan;nan;nan;nan;nan;nan;nan;nan;nan;nan;nan;nan;nan;nan;nan;nan;nan;nan;nan;nan;nan;nan;nan;nan;nan;nan;nan;nan;nan;nan;nan;nan;nan;nan;nan;nan;nan;nan;nan;nan;nan;nan;nan;nan;nan;nan;nan;nan;nan;nan;nan;nan;nan;nan;nan;nan;nan;nan;nan;nan;nan;nan;nan;nan;nan;nan;nan;nan;nan;nan;nan;nan;nan;nan;nan;nan;nan;nan;nan;nan;nan;nan;nan;nan;nan;nan;nan;nan;nan;nan;nan;nan;nan;nan;nan;nan;nan;nan;nan;nan;nan;nan;nan;nan;nan;nan;nan;nan;nan;nan;nan;nan;nan;nan;nan;nan;nan;nan;nan;nan;nan;nan;nan;nan;nan;nan;nan;nan;nan;nan;nan;nan;nan;nan;nan;nan;nan;nan;nan;nan;nan;nan;nan;nan;nan;nan;nan;nan;nan;nan;nan;nan;nan;nan;nan;nan;nan;nan;nan;nan;nan;nan;nan;nan;nan;nan;nan;nan;nan;nan;nan;nan;nan;nan;nan;nan;nan;nan;nan;nan;nan;nan;nan;nan;nan;nan;nan;nan;nan;nan;nan;nan;nan;nan;nan;nan;nan;nan;nan;nan;nan;nan;nan;nan;nan;nan;nan;nan;nan;nan;nan;nan;nan;nan;nan;nan;nan;nan;nan;nan;nan;nan;nan;nan;nan;nan;nan;nan;nan;nan;nan;nan;nan;nan;nan;nan;nan;nan;nan;nan;nan;nan;nan;nan;nan;nan;nan;nan;nan;nan;nan;nan;nan;nan;nan;nan;nan;nan;nan;nan;nan;nan;nan;nan;nan;nan;nan;nan;nan;nan;nan;nan;nan;nan;nan;nan;nan;nan;nan;nan;nan;nan;nan;nan;nan;nan;nan;nan;nan;nan;nan;nan;nan;nan;nan;nan;nan;nan;nan;nan;nan;nan;nan;nan;nan;nan;nan;nan;nan;nan;nan;nan;nan;nan;nan;nan;nan;nan;nan;nan;nan;nan;nan;nan;nan;nan;nan;nan;nan;nan;nan;nan;nan;nan;nan;nan;nan;nan;nan;nan;nan;nan;nan;nan;nan;nan;nan;nan;nan;nan;nan;nan;nan;nan;nan;nan;nan;nan;nan;nan;nan;nan;nan;nan;nan;nan;nan;nan;nan;nan;nan;nan;nan;nan;nan;0.6510034;4.788371200563517;0.8695652173913043;0.8253105590062112;0.1483516483516484;0.48273012;0.09172576230937064;0.971;0.9672703252479307;0.9163194111350998;0.06065034866333008;0.6510034;4.788371200563517;0.8695652173913043;0.8253105590062112;0.1483516483516484;0.48273012;0.09172576230937064;0.971;0.9672703252479307;0.9163194111350998;0.0;0.0;0.0;0.0;0.0;0.0;0.0;0.0;0.0;0.0;0.06065034866333008;0.5653451;0.2766466218087336;0.9891304347826086;0.9892827779658558;0.9958791208791209;0.11304855346679688;245.07056;0.6067384459969142;0.7282608695652174;0.6904826003627997;0.7282555282555283;6.679412841796875;nan;nan;nan;nan;nan;nan;nan;nan;nan;nan;nan;nan;nan;nan;nan;nan;nan;nan;nan;nan;nan;nan;nan;nan;nan;nan;nan;nan;nan;nan;nan;nan;nan;nan;nan;nan;nan;nan;nan;nan;nan;nan;nan;nan;nan;nan;nan;nan;nan;nan;nan;nan;nan;nan;nan;nan;nan;nan;nan;nan;nan;nan;nan;nan;nan;nan;nan;nan;nan;nan;nan;nan;nan;nan;nan;nan;nan;nan;nan;nan;nan;nan;nan;nan;nan;nan;nan;nan;nan;nan;nan;nan;nan;nan;nan;nan;nan;nan;nan;nan;nan;nan;nan;nan;nan;nan;nan;nan;nan;nan;nan;nan;nan;nan;nan;nan;nan;nan;nan;nan;nan;nan;nan;nan;nan;nan;nan;nan;nan;nan;nan;nan;nan;nan;nan;nan;nan;nan;nan;nan;nan;nan;nan;nan;nan;nan;nan;nan;nan;nan;nan;nan;nan;nan;nan;nan;nan;nan;nan;nan;nan;nan;nan;nan;nan;nan;nan;nan;nan;nan;nan;nan;nan;nan;nan;nan;nan;nan;nan;nan;nan;nan;nan;nan;nan;nan;nan;nan;nan;nan;nan;nan;nan;nan;nan;nan;nan;nan;nan;nan;nan;nan;nan;nan;nan;nan;nan;nan;nan;nan;nan;nan;nan;nan;nan;nan;nan;nan;nan;nan;nan;nan;nan;nan;nan;nan;nan;nan;nan;nan;nan;nan;nan;nan;nan;nan;nan;nan;nan;nan;nan;nan;nan;nan;nan;nan;nan;nan;nan;nan;nan;nan;nan;nan;nan;nan;nan;nan;nan;nan;nan;nan;nan;nan;nan;nan;nan;nan;nan;nan;nan;nan;nan;nan;nan;nan;nan;nan;nan;nan;nan;nan;nan;nan;nan;nan;nan;nan;nan;nan;nan;nan;nan;nan;nan;nan;nan;nan;nan;nan;nan;nan;nan;nan;nan;nan;nan;nan;nan;nan;nan;nan;nan;nan;nan;nan;nan;nan;nan;nan;nan;nan;nan;nan;nan;nan;nan;nan;nan;nan;nan;nan;nan;nan;nan;nan;nan;nan;nan;nan;nan;nan;nan;nan;nan;nan;nan;nan;nan;nan;nan;nan;nan;nan;nan;nan;nan;nan;nan;nan;nan;nan;nan;nan;nan;nan;nan;nan;nan;nan;nan;nan;nan;nan;nan;nan;nan;nan;nan;nan;nan;nan;nan;nan;nan;nan;nan;nan;nan;nan;nan;nan;nan;nan;nan;nan;nan;nan;nan;nan;nan;nan;nan;nan;nan;nan;nan;nan;nan;nan;nan;nan;nan;nan;nan;nan;nan;nan;nan;nan;nan;nan;nan;nan;nan;nan;nan;nan;nan;nan;nan;nan;nan;nan;nan;nan;nan;nan;nan;nan;nan;nan;nan;nan;nan;nan;nan;nan;nan;nan;nan;nan;nan;nan;nan;nan;nan;nan;nan;nan;nan;nan;nan;nan;nan;nan;nan;nan;nan;nan;nan;nan;nan;nan;nan;nan;nan;nan;nan;nan;nan;nan;nan;nan;nan;nan;nan;nan;nan;nan;nan;nan;nan;nan;nan;nan;nan;nan;nan;nan;nan;nan;nan;nan;nan;nan;nan;nan;nan;nan;nan;nan;nan;nan;nan;nan;nan;nan;nan;nan;nan;nan;nan;nan;nan;nan;nan;nan;nan;nan;nan;nan;nan;nan;nan;nan;nan;nan;nan;nan;nan;nan;nan;nan;nan;nan;nan;nan;nan;nan;nan;nan;nan;nan;nan;nan;nan;nan;nan;nan;nan;nan;nan;nan;nan;nan;nan;nan;nan;nan;nan;nan;nan;nan;nan;nan;nan;nan;nan;nan;nan;nan;nan;nan;nan;nan;nan;nan;nan;nan;nan;nan;nan;nan;nan;nan;nan;nan;nan;nan;nan;nan;nan;nan;nan;nan;nan;nan;nan;nan;nan;nan;nan;nan;nan;nan;nan;nan;nan;nan;nan;nan;nan;nan;nan;nan;nan;nan;nan;nan;nan;nan;nan;nan;nan;nan;nan;nan;nan;nan;nan;nan;nan;nan;nan;nan;nan;nan;nan;nan;nan;nan;nan;nan;nan;nan;nan;nan;nan;nan;0.5143293;0.750842965106755;0.9782608695652174;0.9788443440617351;0.9871794871794872;0.45191246;9.992007221626413e-16;1.0;1.0;1.0;0.023585081100463867;0.5143293;0.750842965106755;0.9782608695652174;0.9788443440617351;0.9871794871794872;0.45191246;9.992007221626413e-16;1.0;1.0;1.0;0.0;0.0;0.0;0.0;0.0;0.0;0.0;0.0;0.0;0.0;0.023585081100463867;0.5653451;0.2766466218087336;0.9891304347826086;0.9892827779658558;0.9958791208791209;0.11304855346679688;245.07056;0.6067384459969142;0.7282608695652174;0.6904826003627997;0.7282555282555283;6.679412841796875;nan;nan;nan;nan;nan;nan;nan;nan;nan;nan;nan;nan;nan;nan;nan;nan;nan;nan;nan;nan;nan;nan;nan;nan;nan;nan;nan;nan;nan;nan;nan;nan;nan;nan;nan;nan;nan;nan;nan;nan;nan;nan;nan;nan;nan;nan;nan;nan;nan;nan;nan;nan;nan;nan;nan;nan;nan;nan;nan;nan;nan;nan;nan;nan;nan;nan;nan;nan;nan;nan;nan;nan;nan;nan;nan;nan;nan;nan;nan;nan;nan;nan;nan;nan;nan;nan;nan;nan;nan;nan;nan;nan;nan;nan;nan;nan;nan;nan;nan;nan;nan;nan;nan;nan;nan;nan;nan;nan;nan;nan;nan;nan;nan;nan;nan;nan;nan;nan;nan;nan;nan;nan;nan;nan;nan;nan;nan;nan;nan;nan;nan;nan;nan;nan;nan;nan;nan;nan;nan;nan;nan;nan;nan;nan;nan;nan;nan;nan;nan;nan;nan;nan;nan;nan;nan;nan;nan;nan;nan;nan;nan;nan;nan;nan;nan;nan;nan;nan;nan;nan;nan;nan;nan;nan;nan;nan;nan;nan;nan;nan;nan;nan;nan;nan;nan;nan;nan;nan;nan;nan;nan;nan;nan;nan;nan;nan;nan;nan;nan;nan;nan;nan;nan;nan;nan;nan;nan;nan;nan;nan;nan;nan;nan;nan;nan;nan;nan;nan;nan;nan;nan;nan;nan;nan;nan;nan;nan;nan;nan;nan;nan;nan;nan;nan;nan;nan;nan;nan;nan;nan;nan;nan;nan;nan;nan;nan;nan;nan;nan;nan;nan;nan;nan;nan;nan;nan;nan;nan;nan;nan;nan;nan;nan;nan;nan;nan;nan;nan;nan;nan;nan;nan;nan;nan;nan;nan;nan;nan;nan;nan;nan;nan;nan;nan;nan;nan;nan;nan;nan;nan;nan;nan;nan;nan;nan;nan;nan;nan;nan;nan;nan;nan;nan;nan;nan;nan;nan;nan;nan;nan;nan;nan;nan;nan;nan;nan;nan;nan;nan;nan;nan;nan;nan;nan;nan;nan;nan;nan;nan;nan;nan;nan;nan;nan;nan;nan;nan;nan;nan;nan;nan;nan;nan;nan;nan;nan;nan;nan;nan;nan;nan;nan;nan;nan;nan;nan;nan;nan;nan;nan;nan;nan;nan;nan;nan;nan;nan;nan;nan;nan;nan;nan;nan;nan;nan;nan;nan;nan;nan;nan;nan;nan;nan;nan;nan;nan;nan;nan;nan;nan;nan;nan;nan;nan;nan;nan;nan;nan;nan;nan;nan;nan;nan;nan;nan;nan;nan;nan;nan;nan;nan;nan;nan;nan;nan;nan;nan;nan;nan;nan;nan;nan;nan;nan;nan;nan;nan;nan;nan;nan;nan;nan;nan;nan;nan;nan;nan;nan;nan;nan;nan;nan;nan;nan;nan;nan;nan;nan;nan;nan;nan;nan;nan;nan;nan;nan;nan;nan;nan;nan;nan;nan;nan;nan;nan;nan;nan;nan;nan;nan;nan;nan;nan;nan;nan;nan;nan;nan;nan;nan;nan;nan;nan;nan;nan;nan;nan;nan;nan;nan;nan;nan;nan;nan;nan;nan;nan;nan;nan;nan;nan;nan;nan;nan;nan;nan;nan;nan;nan;nan;nan;nan;nan;nan;nan;nan;nan;nan;nan;nan;nan;nan;nan;nan;nan;nan;nan;nan;nan;nan;nan;nan;nan;nan;nan;nan;nan;nan;nan;nan;nan;nan;nan;nan;nan;nan;nan;nan;nan;nan;nan;nan;nan;nan;nan;nan;nan;nan;nan;nan;nan;nan;nan;nan;nan;nan;nan;nan;nan;nan;nan;nan;nan;nan;nan;nan;nan;nan;nan;nan;nan;nan;nan;nan;nan;nan;nan;nan;nan;nan;nan;nan;nan;nan;nan;nan;nan;nan;nan;nan;nan;nan;nan;nan;nan;nan;nan;nan;nan;nan;nan;nan;nan;nan;nan;nan;nan;nan;nan;nan;nan;nan;nan;nan;nan;nan;nan;nan;nan;nan;nan;nan;nan;nan;nan;nan;nan;nan;nan;nan;nan;nan;nan;nan;nan;nan;nan;nan;nan;nan;nan;nan;nan;nan;nan;nan;nan;nan;nan;nan;0.83997923;19.89733857532898;0.42391304347826086;0.46416938959502635;0.6602564102564102;0.45224902;9.992007221626413e-16;1.0;1.0;1.0;0.02522587776184082;0.83997923;19.89733857532898;0.42391304347826086;0.46416938959502635;0.6602564102564102;0.45224902;9.992007221626413e-16;1.0;1.0;1.0;0.0;0.0;0.0;0.0;0.0;0.0;0.0;0.0;0.0;0.0;0.02522587776184082;0.5653451;0.2766466218087336;0.9891304347826086;0.9892827779658558;0.9958791208791209;0.11304855346679688;245.07056;0.6067384459969142;0.7282608695652174;0.6904826003627997;0.7282555282555283;6.679412841796875;nan;nan;nan;nan;nan;nan;nan;nan;nan;nan;nan;nan;nan;nan;nan;nan;nan;nan;nan;nan;nan;nan;nan;nan;nan;nan;nan;nan;nan;nan;nan;nan;nan;nan;nan;nan;nan;nan;nan;nan;nan;nan;nan;nan;nan;nan;nan;nan;nan;nan;nan;nan;nan;nan;nan;nan;nan;nan;nan;nan;nan;nan;nan;nan;nan;nan;nan;nan;nan;nan;nan;nan;nan;nan;nan;nan;nan;nan;nan;nan;nan;nan;nan;nan;nan;nan;nan;nan;nan;nan;nan;nan;nan;nan;nan;nan;nan;nan;nan;nan;nan;nan;nan;nan;nan;nan;nan;nan;nan;nan;nan;nan;nan;nan;nan;nan;nan;nan;nan;nan;nan;nan;nan;nan;nan;nan;nan;nan;nan;nan;nan;nan;nan;nan;nan;nan;nan;nan;nan;nan;nan;nan;nan;nan;nan;nan;nan;nan;nan;nan;nan;nan;nan;nan;nan;nan;nan;nan;nan;nan;nan;nan;nan;nan;nan;nan;nan;nan;nan;nan;nan;nan;nan;nan;nan;nan;nan;nan;nan;nan;nan;nan;nan;nan;nan;nan;nan;nan;nan;nan;nan;nan;nan;nan;nan;nan;nan;nan;nan;nan;nan;nan;nan;nan;nan;nan;nan;nan;nan;nan;nan;nan;nan;nan;nan;nan;nan;nan;nan;nan;nan;nan;nan;nan;nan;nan;nan;nan;nan;nan;nan;nan;nan;nan;nan;nan;nan;nan;nan;nan;nan;nan;nan;nan;nan;nan;nan;nan;nan;nan;nan;nan;nan;nan;nan;nan;nan;nan;nan;nan;nan;nan;nan;nan;nan;nan;nan;nan;nan;nan;nan;nan;nan;nan;nan;nan;nan;nan;nan;nan;nan;nan;nan;nan;nan;nan;nan;nan;nan;nan;nan;nan;nan;nan;nan;nan;nan;nan;nan;nan;nan;nan;nan;nan;nan;nan;nan;nan;nan;nan;nan;nan;nan;nan;nan;nan;nan;nan;nan;nan;nan;nan;nan;nan;nan;nan;nan;nan;nan;nan;nan;nan;nan;nan;nan;nan;nan;nan;nan;nan;nan;nan;nan;nan;nan;nan;nan;nan;nan;nan;nan;nan;nan;nan;nan;nan;nan;nan;nan;nan;nan;nan;nan;nan;nan;nan;nan;nan;nan;nan;nan;nan;nan;nan;nan;nan;nan;nan;nan;nan;nan;nan;nan;nan;nan;nan;nan;nan;nan;nan;nan;nan;nan;nan;nan;nan;nan;nan;nan;nan;nan;nan;nan;nan;nan;nan;nan;nan;nan;nan;nan;nan;nan;nan;nan;nan;nan;nan;nan;nan;nan;nan;nan;nan;nan;nan;nan;nan;nan;nan;nan;nan;nan;nan;nan;nan;nan;nan;nan;nan;nan;nan;nan;nan;nan;nan;nan;nan;nan;nan;nan;nan;nan;nan;nan;nan;nan;nan;nan;nan;nan;nan;nan;nan;nan;nan;nan;nan;nan;nan;nan;nan;nan;nan;nan;nan;nan;nan;nan;nan;nan;nan;nan;nan;nan;nan;nan;nan;nan;nan;nan;nan;nan;nan;nan;nan;nan;nan;nan;nan;nan;nan;nan;nan;nan;nan;nan;nan;nan;nan;nan;nan;nan;nan;nan;nan;nan;nan;nan;nan;nan;nan;nan;nan;nan;nan;nan;nan;nan;nan;nan;nan;nan;nan;nan;nan;nan;nan;nan;nan;nan;nan;nan;nan;nan;nan;nan;nan;nan;nan;nan;nan;nan;nan;nan;nan;nan;nan;nan;nan;nan;nan;nan;nan;nan;nan;nan;nan;nan;nan;nan;nan;nan;nan;nan;nan;nan;nan;nan;nan;nan;nan;nan;nan;nan;nan;nan;nan;nan;nan;nan;nan;nan;nan;nan;nan;nan;nan;nan;nan;nan;nan;nan;nan;nan;nan;nan;nan;nan;nan;nan;nan;nan;nan;nan;nan;nan;nan;nan;nan;nan;nan;nan;nan;nan;nan;nan;nan;nan;nan;nan;nan;nan;nan;nan;nan;nan;nan;nan;nan;nan;nan;nan;nan;nan;nan;nan;nan;nan;nan;nan;nan;nan;nan;nan;nan;nan;nan;nan;nan;0.59104043;4.880479273193901;0.8586956521739131;0.874674636074424;0.9166666666666667;0.45757374;9.992007221626413e-16;1.0;1.0;1.0;0.021919727325439453;0.59104043;4.880479273193901;0.8586956521739131;0.874674636074424;0.9166666666666667;0.45757374;9.992007221626413e-16;1.0;1.0;1.0;0.0;0.0;0.0;0.0;0.0;0.0;0.0;0.0;0.0;0.0;0.021919727325439453;0.5653451;0.2766466218087336;0.9891304347826086;0.9892827779658558;0.9958791208791209;0.11304855346679688;245.07056;0.6067384459969142;0.7282608695652174;0.6904826003627997;0.7282555282555283;6.679412841796875;nan;nan;nan;nan;nan;nan;nan;nan;nan;nan;nan;nan;nan;nan;nan;nan;nan;nan;nan;nan;nan;nan;nan;nan;nan;nan;nan;nan;nan;nan;nan;nan;nan;nan;nan;nan;nan;nan;nan;nan;nan;nan;nan;nan;nan;nan;nan;nan;nan;nan;nan;nan;nan;nan;nan;nan;nan;nan;nan;nan;nan;nan;nan;nan;nan;nan;nan;nan;nan;nan;nan;nan;nan;nan;nan;nan;nan;nan;nan;nan;nan;nan;nan;nan;nan;nan;nan;nan;nan;nan;nan;nan;nan;nan;nan;nan;nan;nan;nan;nan;nan;nan;nan;nan;nan;nan;nan;nan;nan;nan;nan;nan;nan;nan;nan;nan;nan;nan;nan;nan;nan;nan;nan;nan;nan;nan;nan;nan;nan;nan;nan;nan;nan;nan;nan;nan;nan;nan;nan;nan;nan;nan;nan;nan;nan;nan;nan;nan;nan;nan;nan;nan;nan;nan;nan;nan;nan;nan;nan;nan;nan;nan;nan;nan;nan;nan;nan;nan;nan;nan;nan;nan;nan;nan;nan;nan;nan;nan;nan;nan;nan;nan;nan;nan;nan;nan;nan;nan;nan;nan;nan;nan;nan;nan;nan;nan;nan;nan;nan;nan;nan;nan;nan;nan;nan;nan;nan;nan;nan;nan;nan;nan;nan;nan;nan;nan;nan;nan;nan;nan;nan;nan;nan;nan;nan;nan;nan;nan;nan;nan;nan;nan;nan;nan;nan;nan;nan;nan;nan;nan;nan;nan;nan;nan;nan;nan;nan;nan;nan;nan;nan;nan;nan;nan;nan;nan;nan;nan;nan;nan;nan;nan;nan;nan;nan;nan;nan;nan;nan;nan;nan;nan;nan;nan;nan;nan;nan;nan;nan;nan;nan;nan;nan;nan;nan;nan;nan;nan;nan;nan;nan;nan;nan;nan;nan;nan;nan;nan;nan;nan;nan;nan;nan;nan;nan;nan;nan;nan;nan;nan;nan;nan;nan;nan;nan;nan;nan;nan;nan;nan;nan;nan;nan;nan;nan;nan;nan;nan;nan;nan;nan;nan;nan;nan;nan;nan;nan;nan;nan;nan;nan;nan;nan;nan;nan;nan;nan;nan;nan;nan;nan;nan;nan;nan;nan;nan;nan;nan;nan;nan;nan;nan;nan;nan;nan;nan;nan;nan;nan;nan;nan;nan;nan;nan;nan;nan;nan;nan;nan;nan;nan;nan;nan;nan;nan;nan;nan;nan;nan;nan;nan;nan;nan;nan;nan;nan;nan;nan;nan;nan;nan;nan;nan;nan;nan;nan;nan;nan;nan;nan;nan;nan;nan;nan;nan;nan;nan;nan;nan;nan;nan;nan;nan;nan;nan;nan;nan;nan;nan;nan;nan;nan;nan;nan;nan;nan;nan;nan;nan;nan;nan;nan;nan;nan;nan;nan;nan;nan;nan;nan;nan;nan;nan;nan;nan;nan;nan;nan;nan;nan;nan;nan;nan;nan;nan;nan;nan;nan;nan;nan;nan;nan;nan;nan;nan;nan;nan;nan;nan;nan;nan;nan;nan;nan;nan;nan;nan;nan;nan;nan;nan;nan;nan;nan;nan;nan;nan;nan;nan;nan;nan;nan;nan;nan;nan;nan;nan;nan;nan;nan;nan;nan;nan;nan;nan;nan;nan;nan;nan;nan;nan;nan;nan;nan;nan;nan;nan;nan;nan;nan;nan;nan;nan;nan;nan;nan;nan;nan;nan;nan;nan;nan;nan;nan;nan;nan;nan;nan;nan;nan;nan;nan;nan;nan;nan;nan;nan;nan;nan;nan;nan;nan;nan;nan;nan;nan;nan;nan;nan;nan;nan;nan;nan;nan;nan;nan;nan;nan;nan;nan;nan;nan;nan;nan;nan;nan;nan;nan;nan;nan;nan;nan;nan;nan;nan;nan;nan;nan;nan;nan;nan;nan;nan;nan;nan;nan;nan;nan;nan;nan;nan;nan;nan;nan;nan;nan;nan;nan;nan;nan;nan;nan;nan;nan;nan;nan;nan;nan;nan;nan;nan;nan;nan;nan;nan;nan;nan;nan;nan;nan;nan;nan;nan;nan;nan;nan;nan;nan;nan;nan;nan;nan;nan;nan;nan;nan;nan;nan;nan;nan;1.0430058;29.2828756391634;0.15217391304347827;0.04019688269073011;0.5;0.44582447;9.992007221626413e-16;1.0;1.0;0;0.0013027191162109375;1.0430058;29.2828756391634;0.15217391304347827;0.04019688269073011;0.5;0.44582447;9.992007221626413e-16;1.0;1.0;0.0;0.0;0.0;0.0;0.0;0.0;0.0;0.0;0.0;0.0;0.0;0.0013027191162109375;0.5653451;0.2766466218087336;0.9891304347826086;0.9892827779658558;0.9958791208791209;0.11304855346679688;245.07056;0.6067384459969142;0.7282608695652174;0.6904826003627997;0.7282555282555283;6.679412841796875;nan;nan;nan;nan;nan;nan;nan;nan;nan;nan;nan;nan;nan;nan;nan;nan;nan;nan;nan;nan;nan;nan;nan;nan;nan;nan;nan;nan;nan;nan;nan;nan;nan;nan;nan;nan;nan;nan;nan;nan;nan;nan;nan;nan;nan;nan;nan;nan;nan;nan;nan;nan;nan;nan;nan;nan;nan;nan;nan;nan;nan;nan;nan;nan;nan;nan;nan;nan;nan;nan;nan;nan;nan;nan;nan;nan;nan;nan;nan;nan;nan;nan;nan;nan;nan;nan;nan;nan;nan;nan;nan;nan;nan;nan;nan;nan;nan;nan;nan;nan;nan;nan;nan;nan;nan;nan;nan;nan;nan;nan;nan;nan;nan;nan;nan;nan;nan;nan;nan;nan;nan;nan;nan;nan;nan;nan;nan;nan;nan;nan;nan;nan;nan;nan;nan;nan;nan;nan;nan;nan;nan;nan;nan;nan;nan;nan;nan;nan;nan;nan;nan;nan;nan;nan;nan;nan;nan;nan;nan;nan;nan;nan;nan;nan;nan;nan;nan;nan;nan;nan;nan;nan;nan;nan;nan;nan;nan;nan;nan;nan;nan;nan;nan;nan;nan;nan;nan;nan;nan;nan;nan;nan;nan;nan;nan;nan;nan;nan;nan;nan;nan;nan;nan;nan;nan;nan;nan;nan;nan;nan;nan;nan;nan;nan;nan;nan;nan;nan;nan;nan;nan;nan;nan;nan;nan;nan;nan;nan;nan;nan;nan;nan;nan;nan;nan;nan;nan;nan;nan;nan;nan;nan;nan;nan;nan;nan;nan;nan;nan;nan;nan;nan;nan;nan;nan;nan;nan;nan;nan;nan;nan;nan;nan;nan;nan;nan;nan;nan;nan;nan;nan;nan;nan;nan;nan;nan;nan;nan;nan;nan;nan;nan;nan;nan;nan;nan;nan;nan;nan;nan;nan;nan;nan;nan;nan;nan;nan;nan;nan;nan;nan;nan;nan;nan;nan;nan;nan;nan;nan;nan;nan;nan;nan;nan;nan;nan;nan;nan;nan;nan;nan;nan;nan;nan;nan;nan;nan;nan;nan;nan;nan;nan;nan;nan;nan;nan;nan;nan;nan;nan;nan;nan;nan;nan;nan;nan;nan;nan;nan;nan;nan;nan;nan;nan;nan;nan;nan;nan;nan;nan;nan;nan;nan;nan;nan;nan;nan;nan;nan;nan;nan;nan;nan;nan;nan;nan;nan;nan;nan;nan;nan;nan;nan;nan;nan;nan;nan;nan;nan;nan;nan;nan;nan;nan;nan;nan;nan;nan;nan;nan;nan;nan;nan;nan;nan;nan;nan;nan;nan;nan;nan;nan;nan;nan;nan;nan;nan;nan;nan;nan;nan;nan;nan;nan;nan;nan;nan;nan;nan;nan;nan;nan;nan;nan;nan;nan;nan;nan;nan;nan;nan;nan;nan;nan;nan;nan;nan;nan;nan;nan;nan;nan;nan;nan;nan;nan;nan;nan;nan;nan;nan;nan;nan;nan;nan;nan;nan;nan;nan;nan;nan;nan;nan;nan;nan;nan;nan;nan;nan;nan;nan;nan;nan;nan;nan;nan;nan;nan;nan;nan;nan;nan;nan;nan;nan;nan;nan;nan;nan;nan;nan;nan;nan;nan;nan;nan;nan;nan;nan;nan;nan;nan;nan;nan;nan;nan;nan;nan;nan;nan;nan;nan;nan;nan;nan;nan;nan;nan;nan;nan;nan;nan;nan;nan;nan;nan;nan;nan;nan;nan;nan;nan;nan;nan;nan;nan;nan;nan;nan;nan;nan;nan;nan;nan;nan;nan;nan;nan;nan;nan;nan;nan;nan;nan;nan;nan;nan;nan;nan;nan;nan;nan;nan;nan;nan;nan;nan;nan;nan;nan;nan;nan;nan;nan;nan;nan;nan;nan;nan;nan;nan;nan;nan;nan;nan;nan;nan;nan;nan;nan;nan;nan;nan;nan;nan;nan;nan;nan;nan;nan;nan;nan;nan;nan;nan;nan;nan;nan;nan;nan;nan;nan;nan;nan;nan;nan;nan;nan;nan;nan;nan;nan;nan;nan;nan;nan;nan;nan;nan;nan;nan;nan;nan;nan;nan;nan;nan;nan;nan;nan;nan;nan;nan;nan;nan;nan;nan;nan;nan;nan;1.0430058;29.2828756391634;0.15217391304347827;0.04019688269073011;0.5;0.4337098;9.992007221626413e-16;1.0;1.0;0;0.0013380050659179688;1.0430058;29.2828756391634;0.15217391304347827;0.04019688269073011;0.5;0.4337098;9.992007221626413e-16;1.0;1.0;0.0;0.0;0.0;0.0;0.0;0.0;0.0;0.0;0.0;0.0;0.0;0.0013380050659179688;0.5653451;0.2766466218087336;0.9891304347826086;0.9892827779658558;0.9958791208791209;0.11304855346679688;245.07056;0.6067384459969142;0.7282608695652174;0.6904826003627997;0.7282555282555283;6.679412841796875;nan;nan;nan;nan;nan;nan;nan;nan;nan;nan;nan;nan;nan;nan;nan;nan;nan;nan;nan;nan;nan;nan;nan;nan;nan;nan;nan;nan;nan;nan;nan;nan;nan;nan;nan;nan;nan;nan;nan;nan;nan;nan;nan;nan;nan;nan;nan;nan;nan;nan;nan;nan;nan;nan;nan;nan;nan;nan;nan;nan;nan;nan;nan;nan;nan;nan;nan;nan;nan;nan;nan;nan;nan;nan;nan;nan;nan;nan;nan;nan;nan;nan;nan;nan;nan;nan;nan;nan;nan;nan;nan;nan;nan;nan;nan;nan;nan;nan;nan;nan;nan;nan;nan;nan;nan;nan;nan;nan;nan;nan;nan;nan;nan;nan;nan;nan;nan;nan;nan;nan;nan;nan;nan;nan;nan;nan;nan;nan;nan;nan;nan;nan;nan;nan;nan;nan;nan;nan;nan;nan;nan;nan;nan;nan;nan;nan;nan;nan;nan;nan;nan;nan;nan;nan;nan;nan;nan;nan;nan;nan;nan;nan;nan;nan;nan;nan;nan;nan;nan;nan;nan;nan;nan;nan;nan;nan;nan;nan;nan;nan;nan;nan;nan;nan;nan;nan;nan;nan;nan;nan;nan;nan;nan;nan;nan;nan;nan;nan;nan;nan;nan;nan;nan;nan;nan;nan;nan;nan;nan;nan;nan;nan;nan;nan;nan;nan;nan;nan;nan;nan;nan;nan;nan;nan;nan;nan;nan;nan;nan;nan;nan;nan;nan;nan;nan;nan;nan;nan;nan;nan;nan;nan;nan;nan;nan;nan;nan;nan;nan;nan;nan;nan;nan;nan;nan;nan;nan;nan;nan;nan;nan;nan;nan;nan;nan;nan;nan;nan;nan;nan;nan;nan;nan;nan;nan;nan;nan;nan;nan;nan;nan;nan;nan;nan;nan;nan;nan;nan;nan;nan;nan;nan;nan;nan;nan;nan;nan;nan;nan;nan;nan;nan;nan;nan;nan;nan;nan;nan;nan;nan;nan;nan;nan;nan;nan;nan;nan;nan;nan;nan;nan;nan;nan;nan;nan;nan;nan;nan;nan;nan;nan;nan;nan;nan;nan;nan;nan;nan;nan;nan;nan;nan;nan;nan;nan;nan;nan;nan;nan;nan;nan;nan;nan;nan;nan;nan;nan;nan;nan;nan;nan;nan;nan;nan;nan;nan;nan;nan;nan;nan;nan;nan;nan;nan;nan;nan;nan;nan;nan;nan;nan;nan;nan;nan;nan;nan;nan;nan;nan;nan;nan;nan;nan;nan;nan;nan;nan;nan;nan;nan;nan;nan;nan;nan;nan;nan;nan;nan;nan;nan;nan;nan;nan;nan;nan;nan;nan;nan;nan;nan;nan;nan;nan;nan;nan;nan;nan;nan;nan;nan;nan;nan;nan;nan;nan;nan;nan;nan;nan;nan;nan;nan;nan;nan;nan;nan;nan;nan;nan;nan;nan;nan;nan;nan;nan;nan;nan;nan;nan;nan;nan;nan;nan;nan;nan;nan;nan;nan;nan;nan;nan;nan;nan;nan;nan;nan;nan;nan;nan;nan;nan;nan;nan;nan;nan;nan;nan;nan;nan;nan;nan;nan;nan;nan;nan;nan;nan;nan;nan;nan;nan;nan;nan;nan;nan;nan;nan;nan;nan;nan;nan;nan;nan;nan;nan;nan;nan;nan;nan;nan;nan;nan;nan;nan;nan;nan;nan;nan;nan;nan;nan;nan;nan;nan;nan;nan;nan;nan;nan;nan;nan;nan;nan;nan;nan;nan;nan;nan;nan;nan;nan;nan;nan;nan;nan;nan;nan;nan;nan;nan;nan;nan;nan;nan;nan;nan;nan;nan;nan;nan;nan;nan;nan;nan;nan;nan;nan;nan;nan;nan;nan;nan;nan;nan;nan;nan;nan;nan;nan;nan;nan;nan;nan;nan;nan;nan;nan;nan;nan;nan;nan;nan;nan;nan;nan;nan;nan;nan;nan;nan;nan;nan;nan;nan;nan;nan;nan;nan;nan;nan;nan;nan;nan;nan;nan;nan;nan;nan;nan;nan;nan;nan;nan;nan;nan;nan;nan;nan;nan;nan;nan;nan;nan;nan;nan;nan;nan;nan;nan;nan;nan;nan;nan;nan;nan;nan;nan;nan;nan;nan;1.0082006;27.78121578277914;0.1956521739130435;0.16975461133069827;0.43772893772893773;0.45532978;9.992007221626413e-16;1.0;1.0;1.0;0.023092031478881836;1.0082006;27.78121578277914;0.1956521739130435;0.16975461133069827;0.43772893772893773;0.45532978;9.992007221626413e-16;1.0;1.0;1.0;0.0;0.0;0.0;0.0;0.0;0.0;0.0;0.0;0.0;0.0;0.023092031478881836;0.5653451;0.2766466218087336;0.9891304347826086;0.9892827779658558;0.9958791208791209;0.11304855346679688;245.07056;0.6067384459969142;0.7282608695652174;0.6904826003627997;0.7282555282555283;6.679412841796875;nan;nan;nan;nan;nan;nan;nan;nan;nan;nan;nan;nan;nan;nan;nan;nan;nan;nan;nan;nan;nan;nan;nan;nan;nan;nan;nan;nan;nan;nan;nan;nan;nan;nan;nan;nan;nan;nan;nan;nan;nan;nan;nan;nan;nan;nan;nan;nan;nan;nan;nan;nan;nan;nan;nan;nan;nan;nan;nan;nan;nan;nan;nan;nan;nan;nan;nan;nan;nan;nan;nan;nan;nan;nan;nan;nan;nan;nan;nan;nan;nan;nan;nan;nan;nan;nan;nan;nan;nan;nan;nan;nan;nan;nan;nan;nan;nan;nan;nan;nan;nan;nan;nan;nan;nan;nan;nan;nan;nan;nan;nan;nan;nan;nan;nan;nan;nan;nan;nan;nan;nan;nan;nan;nan;nan;nan;nan;nan;nan;nan;nan;nan;nan;nan;nan;nan;nan;nan;nan;nan;nan;nan;nan;nan;nan;nan;nan;nan;nan;nan;nan;nan;nan;nan;nan;nan;nan;nan;nan;nan;nan;nan;nan;nan;nan;nan;nan;nan;nan;nan;nan;nan;nan;nan;nan;nan;nan;nan;nan;nan;nan;nan;nan;nan;nan;nan;nan;nan;nan;nan;nan;nan;nan;nan;nan;nan;nan;nan;nan;nan;nan;nan;nan;nan;nan;nan;nan;nan;nan;nan;nan;nan;nan;nan;nan;nan;nan;nan;nan;nan;nan;nan;nan;nan;nan;nan;nan;nan;nan;nan;nan;nan;nan;nan;nan;nan;nan;nan;nan;nan;nan;nan;nan;nan;nan;nan;nan;nan;nan;nan;nan;nan;nan;nan;nan;nan;nan;nan;nan;nan;nan;nan;nan;nan;nan;nan;nan;nan;nan;nan;nan;nan;nan;nan;nan;nan;nan;nan;nan;nan;nan;nan;nan;nan;nan;nan;nan;nan;nan;nan;nan;nan;nan;nan;nan;nan;nan;nan;nan;nan;nan;nan;nan;nan;nan;nan;nan;nan;nan;nan;nan;nan;nan;nan;nan;nan;nan;nan;nan;nan;nan;nan;nan;nan;nan;nan;nan;nan;nan;nan;nan;nan;nan;nan;nan;nan;nan;nan;nan;nan;nan;nan;nan;nan;nan;nan;nan;nan;nan;nan;nan;nan;nan;nan;nan;nan;nan;nan;nan;nan;nan;nan;nan;nan;nan;nan;nan;nan;nan;nan;nan;nan;nan;nan;nan;nan;nan;nan;nan;nan;nan;nan;nan;nan;nan;nan;nan;nan;nan;nan;nan;nan;nan;nan;nan;nan;nan;nan;nan;nan;nan;nan;nan;nan;nan;nan;nan;nan;nan;nan;nan;nan;nan;nan;nan;nan;nan;nan;nan;nan;nan;nan;nan;nan;nan;nan;nan;nan;nan;nan;nan;nan;nan;nan;nan;nan;nan;nan;nan;nan;nan;nan;nan;nan;nan;nan;nan;nan;nan;nan;nan;nan;nan;nan;nan;nan;nan;nan;nan;nan;nan;nan;nan;nan;nan;nan;nan;nan;nan;nan;nan;nan;nan;nan;nan;nan;nan;nan;nan;nan;nan;nan;nan;nan;nan;nan;nan;nan;nan;nan;nan;nan;nan;nan;nan;nan;nan;nan;nan;nan;nan;nan;nan;nan;nan;nan;nan;nan;nan;nan;nan;nan;nan;nan;nan;nan;nan;nan;nan;nan;nan;nan;nan;nan;nan;nan;nan;nan;nan;nan;nan;nan;nan;nan;nan;nan;nan;nan;nan;nan;nan;nan;nan;nan;nan;nan;nan;nan;nan;nan;nan;nan;nan;nan;nan;nan;nan;nan;nan;nan;nan;nan;nan;nan;nan;nan;nan;nan;nan;nan;nan;nan;nan;nan;nan;nan;nan;nan;nan;nan;nan;nan;nan;nan;nan;nan;nan;nan;nan;nan;nan;nan;nan;nan;nan;nan;nan;nan;nan;nan;nan;nan;nan;nan;nan;nan;nan;nan;nan;nan;nan;nan;nan;nan;nan;nan;nan;nan;nan;nan;nan;nan;nan;nan;nan;nan;nan;nan;nan;nan;nan;nan;nan;nan;nan;nan;nan;nan;nan;nan;nan;nan;nan;nan;nan;nan;nan;nan;nan;nan;nan;nan;nan;nan;nan;nan;nan;nan;nan;nan;1.0430058;29.2828756391634;0.15217391304347827;0.04019688269073011;0.5;0.44194746;9.992007221626413e-16;1.0;1.0;0;0.0012645721435546875;1.0430058;29.2828756391634;0.15217391304347827;0.04019688269073011;0.5;0.44194746;9.992007221626413e-16;1.0;1.0;0.0;0.0;0.0;0.0;0.0;0.0;0.0;0.0;0.0;0.0;0.0;0.0012645721435546875;0.5653451;0.2766466218087336;0.9891304347826086;0.9892827779658558;0.9958791208791209;0.11304855346679688;245.07056;0.6067384459969142;0.7282608695652174;0.6904826003627997;0.7282555282555283;6.679412841796875;nan;nan;nan;nan;nan;nan;nan;nan;nan;nan;nan;nan;nan;nan;nan;nan;nan;nan;nan;nan;nan;nan;nan;nan;nan;nan;nan;nan;nan;nan;nan;nan;nan;nan;nan;nan;nan;nan;nan;nan;nan;nan;nan;nan;nan;nan;nan;nan;nan;nan;nan;nan;nan;nan;nan;nan;nan;nan;nan;nan;nan;nan;nan;nan;nan;nan;nan;nan;nan;nan;nan;nan;nan;nan;nan;nan;nan;nan;nan;nan;nan;nan;nan;nan;nan;nan;nan;nan;nan;nan;nan;nan;nan;nan;nan;nan;nan;nan;nan;nan;nan;nan;nan;nan;nan;nan;nan;nan;nan;nan;nan;nan;nan;nan;nan;nan;nan;nan;nan;nan;nan;nan;nan;nan;nan;nan;nan;nan;nan;nan;nan;nan;nan;nan;nan;nan;nan;nan;nan;nan;nan;nan;nan;nan;nan;nan;nan;nan;nan;nan;nan;nan;nan;nan;nan;nan;nan;nan;nan;nan;nan;nan;nan;nan;nan;nan;nan;nan;nan;nan;nan;nan;nan;nan;nan;nan;nan;nan;nan;nan;nan;nan;nan;nan;nan;nan;nan;nan;nan;nan;nan;nan;nan;nan;nan;nan;nan;nan;nan;nan;nan;nan;nan;nan;nan;nan;nan;nan;nan;nan;nan;nan;nan;nan;nan;nan;nan;nan;nan;nan;nan;nan;nan;nan;nan;nan;nan;nan;nan;nan;nan;nan;nan;nan;nan;nan;nan;nan;nan;nan;nan;nan;nan;nan;nan;nan;nan;nan;nan;nan;nan;nan;nan;nan;nan;nan;nan;nan;nan;nan;nan;nan;nan;nan;nan;nan;nan;nan;nan;nan;nan;nan;nan;nan;nan;nan;nan;nan;nan;nan;nan;nan;nan;nan;nan;nan;nan;nan;nan;nan;nan;nan;nan;nan;nan;nan;nan;nan;nan;nan;nan;nan;nan;nan;nan;nan;nan;nan;nan;nan;nan;nan;nan;nan;nan;nan;nan;nan;nan;nan;nan;nan;nan;nan;nan;nan;nan;nan;nan;nan;nan;nan;nan;nan;nan;nan;nan;nan;nan;nan;nan;nan;nan;nan;nan;nan;nan;nan;nan;nan;nan;nan;nan;nan;nan;nan;nan;nan;nan;nan;nan;nan;nan;nan;nan;nan;nan;nan;nan;nan;nan;nan;nan;nan;nan;nan;nan;nan;nan;nan;nan;nan;nan;nan;nan;nan;nan;nan;nan;nan;nan;nan;nan;nan;nan;nan;nan;nan;nan;nan;nan;nan;nan;nan;nan;nan;nan;nan;nan;nan;nan;nan;nan;nan;nan;nan;nan;nan;nan;nan;nan;nan;nan;nan;nan;nan;nan;nan;nan;nan;nan;nan;nan;nan;nan;nan;nan;nan;nan;nan;nan;nan;nan;nan;nan;nan;nan;nan;nan;nan;nan;nan;nan;nan;nan;nan;nan;nan;nan;nan;nan;nan;nan;nan;nan;nan;nan;nan;nan;nan;nan;nan;nan;nan;nan;nan;nan;nan;nan;nan;nan;nan;nan;nan;nan;nan;nan;nan;nan;nan;nan;nan;nan;nan;nan;nan;nan;nan;nan;nan;nan;nan;nan;nan;nan;nan;nan;nan;nan;nan;nan;nan;nan;nan;nan;nan;nan;nan;nan;nan;nan;nan;nan;nan;nan;nan;nan;nan;nan;nan;nan;nan;nan;nan;nan;nan;nan;nan;nan;nan;nan;nan;nan;nan;nan;nan;nan;nan;nan;nan;nan;nan;nan;nan;nan;nan;nan;nan;nan;nan;nan;nan;nan;nan;nan;nan;nan;nan;nan;nan;nan;nan;nan;nan;nan;nan;nan;nan;nan;nan;nan;nan;nan;nan;nan;nan;nan;nan;nan;nan;nan;nan;nan;nan;nan;nan;nan;nan;nan;nan;nan;nan;nan;nan;nan;nan;nan;nan;nan;nan;nan;nan;nan;nan;nan;nan;nan;nan;nan;nan;nan;nan;nan;nan;nan;nan;nan;nan;nan;nan;nan;nan;nan;nan;nan;nan;nan;nan;nan;nan;nan;nan;nan;nan;nan;nan;nan;nan;nan;nan;nan;nan;nan;nan;nan;nan;nan;nan;nan;nan;0.64011365;9.010115581281047;0.7391304347826086;0.7756156886591669;0.8461538461538461;0.46031612;9.992007221626413e-16;1.0;1.0;1.0;0.04457902908325195;0.64011365;9.010115581281047;0.7391304347826086;0.7756156886591669;0.8461538461538461;0.46031612;9.992007221626413e-16;1.0;1.0;1.0;0.0;0.0;0.0;0.0;0.0;0.0;0.0;0.0;0.0;0.0;0.04457902908325195;0.5653451;0.2766466218087336;0.9891304347826086;0.9892827779658558;0.9958791208791209;0.11304855346679688;245.07056;0.6067384459969142;0.7282608695652174;0.6904826003627997;0.7282555282555283;6.679412841796875;nan;nan;nan;nan;nan;nan;nan;nan;nan;nan;nan;nan;nan;nan;nan;nan;nan;nan;nan;nan;nan;nan;nan;nan;nan;nan;nan;nan;nan;nan;nan;nan;nan;nan;nan;nan;nan;nan;nan;nan;nan;nan;nan;nan;nan;nan;nan;nan;nan;nan;nan;nan;nan;nan;nan;nan;nan;nan;nan;nan;nan;nan;nan;nan;nan;nan;nan;nan;nan;nan;nan;nan;nan;nan;nan;nan;nan;nan;nan;nan;nan;nan;nan;nan;nan;nan;nan;nan;nan;nan;nan;nan;nan;nan;nan;nan;nan;nan;nan;nan;nan;nan;nan;nan;nan;nan;nan;nan;nan;nan;nan;nan;nan;nan;nan;nan;nan;nan;nan;nan;nan;nan;nan;nan;nan;nan;nan;nan;nan;nan;nan;nan;nan;nan;nan;nan;nan;nan;nan;nan;nan;nan;nan;nan;nan;nan;nan;nan;nan;nan;nan;nan;nan;nan;nan;nan;nan;nan;nan;nan;nan;nan;nan;nan;nan;nan;nan;nan;nan;nan;nan;nan;nan;nan;nan;nan;nan;nan;nan;nan;nan;nan;nan;nan;nan;nan;nan;nan;nan;nan;nan;nan;nan;nan;nan;nan;nan;nan;nan;nan;nan;nan;nan;nan;nan;nan;nan;nan;nan;nan;nan;nan;nan;nan;nan;nan;nan;nan;nan;nan;nan;nan;nan;nan;nan;nan;nan;nan;nan;nan;nan;nan;nan;nan;nan;nan;nan;nan;nan;nan;nan;nan;nan;nan;nan;nan;nan;nan;nan;nan;nan;nan;nan;nan;nan;nan;nan;nan;nan;nan;nan;nan;nan;nan;nan;nan;nan;nan;nan;nan;nan;nan;nan;nan;nan;nan;nan;nan;nan;nan;nan;nan;nan;nan;nan;nan;nan;nan;nan;nan;nan;nan;nan;nan;nan;nan;nan;nan;nan;nan;nan;nan;nan;nan;nan;nan;nan;nan;nan;nan;nan;nan;nan;nan;nan;nan;nan;nan;nan;nan;nan;nan;nan;nan;nan;nan;nan;nan;nan;nan;nan;nan;nan;nan;nan;nan;nan;nan;nan;nan;nan;nan;nan;nan;nan;nan;nan;nan;nan;nan;nan;nan;nan;nan;nan;nan;nan;nan;nan;nan;nan;nan;nan;nan;nan;nan;nan;nan;nan;nan;nan;nan;nan;nan;nan;nan;nan;nan;nan;nan;nan;nan;nan;nan;nan;nan;nan;nan;nan;nan;nan;nan;nan;nan;nan;nan;nan;nan;nan;nan;nan;nan;nan;nan;nan;nan;nan;nan;nan;nan;nan;nan;nan;nan;nan;nan;nan;nan;nan;nan;nan;nan;nan;nan;nan;nan;nan;nan;nan;nan;nan;nan;nan;nan;nan;nan;nan;nan;nan;nan;nan;nan;nan;nan;nan;nan;nan;nan;nan;nan;nan;nan;nan;nan;nan;nan;nan;nan;nan;nan;nan;nan;nan;nan;nan;nan;nan;nan;nan;nan;nan;nan;nan;nan;nan;nan;nan;nan;nan;nan;nan;nan;nan;nan;nan;nan;nan;nan;nan;nan;nan;nan;nan;nan;nan;nan;nan;nan;nan;nan;nan;nan;nan;nan;nan;nan;nan;nan;nan;nan;nan;nan;nan;nan;nan;nan;nan;nan;nan;nan;nan;nan;nan;nan;nan;nan;nan;nan;nan;nan;nan;nan;nan;nan;nan;nan;nan;nan;nan;nan;nan;nan;nan;nan;nan;nan;nan;nan;nan;nan;nan;nan;nan;nan;nan;nan;nan;nan;nan;nan;nan;nan;nan;nan;nan;nan;nan;nan;nan;nan;nan;nan;nan;nan;nan;nan;nan;nan;nan;nan;nan;nan;nan;nan;nan;nan;nan;nan;nan;nan;nan;nan;nan;nan;nan;nan;nan;nan;nan;nan;nan;nan;nan;nan;nan;nan;nan;nan;nan;nan;nan;nan;nan;nan;nan;nan;nan;nan;nan;nan;nan;nan;nan;nan;nan;nan;nan;nan;nan;nan;nan;nan;nan;nan;nan;nan;nan;nan;nan;nan;nan;nan;nan;nan;nan;nan;nan;nan;nan;nan;nan;nan;nan;nan;nan;nan;nan;nan;nan;nan;1.036397;28.907454156610026;0.16304347826086957;0.062043661713447086;0.5064102564102564;0.4566508;9.992007221626413e-16;1.0;1.0;1.0;0.024421215057373047;1.036397;28.907454156610026;0.16304347826086957;0.062043661713447086;0.5064102564102564;0.4566508;9.992007221626413e-16;1.0;1.0;1.0;0.0;0.0;0.0;0.0;0.0;0.0;0.0;0.0;0.0;0.0;0.024421215057373047;0.5653451;0.2766466218087336;0.9891304347826086;0.9892827779658558;0.9958791208791209;0.11304855346679688;245.07056;0.6067384459969142;0.7282608695652174;0.6904826003627997;0.7282555282555283;6.679412841796875;nan;nan;nan;nan;nan;nan;nan;nan;nan;nan;nan;nan;nan;nan;nan;nan;nan;nan;nan;nan;nan;nan;nan;nan;nan;nan;nan;nan;nan;nan;nan;nan;nan;nan;nan;nan;nan;nan;nan;nan;nan;nan;nan;nan;nan;nan;nan;nan;nan;nan;nan;nan;nan;nan;nan;nan;nan;nan;nan;nan;nan;nan;nan;nan;nan;nan;nan;nan;nan;nan;nan;nan;nan;nan;nan;nan;nan;nan;nan;nan;nan;nan;nan;nan;nan;nan;nan;nan;nan;nan;nan;nan;nan;nan;nan;nan;nan;nan;nan;nan;nan;nan;nan;nan;nan;nan;nan;nan;nan;nan;nan;nan;nan;nan;nan;nan;nan;nan;nan;nan;nan;nan;nan;nan;nan;nan;nan;nan;nan;nan;nan;nan;nan;nan;nan;nan;nan;nan;nan;nan;nan;nan;nan;nan;nan;nan;nan;nan;nan;nan;nan;nan;nan;nan;nan;nan;nan;nan;nan;nan;nan;nan;nan;nan;nan;nan;nan;nan;nan;nan;nan;nan;nan;nan;nan;nan;nan;nan;nan;nan;nan;nan;nan;nan;nan;nan;nan;nan;nan;nan;nan;nan;nan;nan;nan;nan;nan;nan;nan;nan;nan;nan;nan;nan;nan;nan;nan;nan;nan;nan;nan;nan;nan;nan;nan;nan;nan;nan;nan;nan;nan;nan;nan;nan;nan;nan;nan;nan;nan;nan;nan;nan;nan;nan;nan;nan;nan;nan;nan;nan;nan;nan;nan;nan;nan;nan;nan;nan;nan;nan;nan;nan;nan;nan;nan;nan;nan;nan;nan;nan;nan;nan;nan;nan;nan;nan;nan;nan;nan;nan;nan;nan;nan;nan;nan;nan;nan;nan;nan;nan;nan;nan;nan;nan;nan;nan;nan;nan;nan;nan;nan;nan;nan;nan;nan;nan;nan;nan;nan;nan;nan;nan;nan;nan;nan;nan;nan;nan;nan;nan;nan;nan;nan;nan;nan;nan;nan;nan;nan;nan;nan;nan;nan;nan;nan;nan;nan;nan;nan;nan;nan;nan;nan;nan;nan;nan;nan;nan;nan;nan;nan;nan;nan;nan;nan;nan;nan;nan;nan;nan;nan;nan;nan;nan;nan;nan;nan;nan;nan;nan;nan;nan;nan;nan;nan;nan;nan;nan;nan;nan;nan;nan;nan;nan;nan;nan;nan;nan;nan;nan;nan;nan;nan;nan;nan;nan;nan;nan;nan;nan;nan;nan;nan;nan;nan;nan;nan;nan;nan;nan;nan;nan;nan;nan;nan;nan;nan;nan;nan;nan;nan;nan;nan;nan;nan;nan;nan;nan;nan;nan;nan;nan;nan;nan;nan;nan;nan;nan;nan;nan;nan;nan;nan;nan;nan;nan;nan;nan;nan;nan;nan;nan;nan;nan;nan;nan;nan;nan;nan;nan;nan;nan;nan;nan;nan;nan;nan;nan;nan;nan;nan;nan;nan;nan;nan;nan;nan;nan;nan;nan;nan;nan;nan;nan;nan;nan;nan;nan;nan;nan;nan;nan;nan;nan;nan;nan;nan;nan;nan;nan;nan;nan;nan;nan;nan;nan;nan;nan;nan;nan;nan;nan;nan;nan;nan;nan;nan;nan;nan;nan;nan;nan;nan;nan;nan;nan;nan;nan;nan;nan;nan;nan;nan;nan;nan;nan;nan;nan;nan;nan;nan;nan;nan;nan;nan;nan;nan;nan;nan;nan;nan;nan;nan;nan;nan;nan;nan;nan;nan;nan;nan;nan;nan;nan;nan;nan;nan;nan;nan;nan;nan;nan;nan;nan;nan;nan;nan;nan;nan;nan;nan;nan;nan;nan;nan;nan;nan;nan;nan;nan;nan;nan;nan;nan;nan;nan;nan;nan;nan;nan;nan;nan;nan;nan;nan;nan;nan;nan;nan;nan;nan;nan;nan;nan;nan;nan;nan;nan;nan;nan;nan;nan;nan;nan;nan;nan;nan;nan;nan;nan;nan;nan;nan;nan;nan;nan;nan;nan;nan;nan;nan;nan;nan;nan;nan;nan;nan;nan;nan;nan;nan;nan;nan;nan;nan;nan;nan;nan;nan;nan;nan;nan;nan;nan;nan;nan;nan;nan;nan;nan;1.0430058;29.2828756391634;0.15217391304347827;0.04019688269073011;0.5;0.45205605;9.992007221626413e-16;1.0;1.0;1.0;0.025943279266357422;1.0430058;29.2828756391634;0.15217391304347827;0.04019688269073011;0.5;0.45205605;9.992007221626413e-16;1.0;1.0;1.0;0.0;0.0;0.0;0.0;0.0;0.0;0.0;0.0;0.0;0.0;0.025943279266357422;0.5653451;0.2766466218087336;0.9891304347826086;0.9892827779658558;0.9958791208791209;0.11304855346679688;245.07056;0.6067384459969142;0.7282608695652174;0.6904826003627997;0.7282555282555283;6.679412841796875;nan;nan;nan;nan;nan;nan;nan;nan;nan;nan;nan;nan;nan;nan;nan;nan;nan;nan;nan;nan;nan;nan;nan;nan;nan;nan;nan;nan;nan;nan;nan;nan;nan;nan;nan;nan;nan;nan;nan;nan;nan;nan;nan;nan;nan;nan;nan;nan;nan;nan;nan;nan;nan;nan;nan;nan;nan;nan;nan;nan;nan;nan;nan;nan;nan;nan;nan;nan;nan;nan;nan;nan;nan;nan;nan;nan;nan;nan;nan;nan;nan;nan;nan;nan;nan;nan;nan;nan;nan;nan;nan;nan;nan;nan;nan;nan;nan;nan;nan;nan;nan;nan;nan;nan;nan;nan;nan;nan;nan;nan;nan;nan;nan;nan;nan;nan;nan;nan;nan;nan;nan;nan;nan;nan;nan;nan;nan;nan;nan;nan;nan;nan;nan;nan;nan;nan;nan;nan;nan;nan;nan;nan;nan;nan;nan;nan;nan;nan;nan;nan;nan;nan;nan;nan;nan;nan;nan;nan;nan;nan;nan;nan;nan;nan;nan;nan;nan;nan;nan;nan;nan;nan;nan;nan;nan;nan;nan;nan;nan;nan;nan;nan;nan;nan;nan;nan;nan;nan;nan;nan;nan;nan;nan;nan;nan;nan;nan;nan;nan;nan;nan;nan;nan;nan;nan;nan;nan;nan;nan;nan;nan;nan;nan;nan;nan;nan;nan;nan;nan;nan;nan;nan;nan;nan;nan;nan;nan;nan;nan;nan;nan;nan;nan;nan;nan;nan;nan;nan;nan;nan;nan;nan;nan;nan;nan;nan;nan;nan;nan;nan;nan;nan;nan;nan;nan;nan;nan;nan;nan;nan;nan;nan;nan;nan;nan;nan;nan;nan;nan;nan;nan;nan;nan;nan;nan;nan;nan;nan;nan;nan;nan;nan;nan;nan;nan;nan;nan;nan;nan;nan;nan;nan;nan;nan;nan;nan;nan;nan;nan;nan;nan;nan;nan;nan;nan;nan;nan;nan;nan;nan;nan;nan;nan;nan;nan;nan;nan;nan;nan;nan;nan;nan;nan;nan;nan;nan;nan;nan;nan;nan;nan;nan;nan;nan;nan;nan;nan;nan;nan;nan;nan;nan;nan;nan;nan;nan;nan;nan;nan;nan;nan;nan;nan;nan;nan;nan;nan;nan;nan;nan;nan;nan;nan;nan;nan;nan;nan;nan;nan;nan;nan;nan;nan;nan;nan;nan;nan;nan;nan;nan;nan;nan;nan;nan;nan;nan;nan;nan;nan;nan;nan;nan;nan;nan;nan;nan;nan;nan;nan;nan;nan;nan;nan;nan;nan;nan;nan;nan;nan;nan;nan;nan;nan;nan;nan;nan;nan;nan;nan;nan;nan;nan;nan;nan;nan;nan;nan;nan;nan;nan;nan;nan;nan;nan;nan;nan;nan;nan;nan;nan;nan;nan;nan;nan;nan;nan;nan;nan;nan;nan;nan;nan;nan;nan;nan;nan;nan;nan;nan;nan;nan;nan;nan;nan;nan;nan;nan;nan;nan;nan;nan;nan;nan;nan;nan;nan;nan;nan;nan;nan;nan;nan;nan;nan;nan;nan;nan;nan;nan;nan;nan;nan;nan;nan;nan;nan;nan;nan;nan;nan;nan;nan;nan;nan;nan;nan;nan;nan;nan;nan;nan;nan;nan;nan;nan;nan;nan;nan;nan;nan;nan;nan;nan;nan;nan;nan;nan;nan;nan;nan;nan;592.9236300336154;nan;nan;nan;nan;nan;nan;nan;nan;nan;nan;nan;nan;1110.8897293551613;1112.2447412404294;1152.0063841361602;nan;nan;nan;126.36723;nan;nan;nan;nan;nan;nan;nan;nan;nan;nan;nan;nan;275.6389469404593;273.26587995744984;275.04892;nan;nan;nan;316.35051871141104;nan;nan;nan;nan;nan;nan;nan;nan;nan;nan;nan;nan;430.83854985495043;425.8936096377414;424.1715031356278;nan;nan;nan;154.88093255056037;nan;nan;nan;nan;nan;nan;nan;nan;nan;nan;nan;nan;0.0;273.85775168479023;271.79580118366647;nan;nan;nan;3.368965789699792;nan;nan;nan;nan;nan;nan;nan;nan;nan;nan;nan;nan;4.345003755792678;4.37168122284424;3.821793450182504;nan;nan;nan;0.37456801419906616;nan;nan;nan;nan;nan;nan;nan;nan;nan;nan;nan;nan;0.0;2.4031247559999995;1.855595050707611;
3;1;1;True;vanilla;22;400;28;2;[];True;True;1;True;False;False;True;False;False;vanilla;3;1;distribution;True;[['uniform', 'normal', 'gamma', 'beta', 'poisson']];[['uniform', 'normal', 'gamma', 'beta', 'poisson']];classification;1;0;uniform;5000;10000;0;flip_percentage;0;5;1000;True;0.001;True;50;64;0;[128];False;adam;binary_crossentropy;3841;1;10000;[1792, 512, 512];[0, 0, 0.5];['sigmoid', 'sigmoid', 'sigmoid'];adam;0.001;False;None;None;False;binary_crossentropy;['binary_accuracy'];500;True;256;10000;10;True;False;5;False;True;True;None;None;0.25;False;SEQUENTIAL;60;greedy;10;False;500;['uniform', 'normal', 'gamma', 'beta', 'poisson'];5000;False;make_classification;5000;0;flip_percentage;100;100;False;8;False;2;42;0;0.5833671;0.56190985;0.4518868;0.464663;2.573176165094011;0.5271578336770284;0.24378252088854876;0.24985048008334876;0.7256;0.7236;0.9017799999999999;0.8957999999999999;0.6878376613580821;0.7040171649475708;0.8955404330937636;0.8895971464189236;0.7918835961580598;0.8505023807762707;0.8888746668485388;0.8673345192302244;0.043539571762084964;0.04205524921417236;0.67670256;0.68692946;0.6650553270021081;0.6817776297807694;0.5871999999999999;0.5684;0.5349233965112193;0.5388210747054287;0.5950416891155452;0.5998876954590271;0.0077666759490966795;0.0077666759490966795;0.6246478;0.60808444;0.4372715;0.39629585;2.159849841590713;0.605584449722077;0.20695214896137476;0.14291258765852125;0.6712800000000001;0.698;0.9114800000000001;0.9459;0.6153910865043138;0.6814297074346021;0.9088417568148269;0.943050369981959;0.783418512268247;0.8297728480895135;0.9007591967252658;0.9172665216303395;0.04585041999816895;0.04653823375701904;0.68949497;0.69116986;0.688722468032837;0.6890639335393905;0.56432;0.5544;0.4976815533559492;0.5186672927533998;0.5516768117777646;0.545704078873055;0.015843081474304195;0.0158430814743042;0.5521581;0.546884;0.38587162;0.40354744;2.117118118833451;0.4967952319375625;0.12536895583583685;0.11675474005822209;0.7586;0.79;0.9520100000000001;0.9631000000000001;0.723144628212197;0.7779120634021215;0.9472630890813738;0.9601040953149871;0.8124322095208509;0.9074068392551036;0.9122895464063788;0.918231858004402;0.09365010261535645;0.08820676803588867;0.36783084;0.35675812;0.13456692486864394;0.13823702287062975;0.9676;0.979;0.9674580971750191;0.9790021534314544;0.9823995817371101;0.9864168325765474;0.52551997;0.5315208;0.44921779446483;0.4015901329906186;0.7776;0.841;0.7385117349367876;0.8367244361012771;0.9247316540213703;0.9222750636499015;0.5319055;0.5244062;4.218107808016077;1.8052449532923862;0.8113999999999999;0.801;0.7906855482589987;0.7962196126983205;0.8118008981094118;0.8173573728153554;0.65262824;0.6842552;0.636489582964778;0.6866622708588839;0.6426;0.547;0.5806038433929916;0.4502567784550015;0.6489326382265167;0.5856692515659696;0.16458089351654054;0.1563047170639038;0.6330546;1.5130425057042685;0.6842751842751843;0.5621346595184404;0.5104961832061069;0.40834156;0.1848242565311855;0.9208;0.9203876213227382;0.9752662510458548;0.08628606796264648;0.6330546;1.5130425057042685;0.6842751842751843;0.5621346595184404;0.5104961832061069;0.40834156;0.1848242565311855;0.9208;0.9203876213227382;0.9752662510458548;0.0;0.0;0.0;0.0;0.0;0.0;0.0;0.0;0.0;0.0;0.08628606796264648;0.69838125;0.7174553930222451;0.5552825552825553;0.5552825552825552;0.65522540826173;0.12215542793273926;9820.707;nan;0.8263718263718264;0.8333585295255397;0.9062469214354856;47.064708948135376;nan;nan;nan;nan;nan;nan;nan;nan;nan;nan;nan;nan;nan;nan;nan;nan;nan;nan;nan;nan;nan;nan;nan;nan;nan;nan;nan;nan;nan;nan;nan;nan;nan;nan;nan;nan;nan;nan;nan;nan;nan;nan;nan;nan;nan;nan;nan;nan;nan;nan;nan;nan;nan;nan;nan;nan;nan;nan;nan;nan;nan;nan;nan;nan;nan;nan;nan;nan;nan;nan;nan;nan;nan;nan;nan;nan;nan;nan;nan;nan;nan;nan;nan;nan;nan;nan;nan;nan;nan;nan;nan;nan;nan;nan;nan;nan;nan;nan;nan;nan;nan;nan;nan;nan;nan;nan;nan;nan;nan;nan;nan;nan;nan;nan;nan;nan;nan;nan;nan;nan;nan;nan;nan;nan;nan;nan;nan;nan;nan;nan;nan;nan;nan;nan;nan;nan;nan;nan;nan;nan;nan;nan;nan;nan;nan;nan;nan;nan;nan;nan;nan;nan;nan;nan;nan;nan;nan;nan;nan;nan;nan;nan;nan;nan;nan;nan;nan;nan;nan;nan;nan;nan;nan;nan;nan;nan;nan;nan;nan;nan;nan;nan;nan;nan;nan;nan;nan;nan;nan;nan;nan;nan;nan;nan;nan;nan;nan;nan;nan;nan;nan;nan;nan;nan;nan;nan;nan;nan;nan;nan;nan;nan;nan;nan;nan;nan;nan;nan;nan;nan;nan;nan;nan;nan;nan;nan;nan;nan;nan;nan;nan;nan;nan;nan;nan;nan;nan;nan;nan;nan;nan;nan;nan;nan;nan;nan;nan;nan;nan;nan;nan;nan;nan;nan;nan;nan;nan;nan;nan;nan;nan;nan;nan;nan;nan;nan;nan;nan;nan;nan;nan;nan;nan;nan;nan;nan;nan;nan;nan;nan;nan;nan;nan;nan;nan;nan;nan;nan;nan;nan;nan;nan;nan;nan;nan;nan;nan;nan;nan;nan;nan;nan;nan;nan;nan;nan;nan;nan;nan;nan;nan;nan;nan;nan;nan;nan;nan;nan;nan;nan;nan;nan;nan;nan;nan;nan;nan;nan;nan;nan;nan;nan;nan;nan;nan;nan;nan;nan;nan;nan;nan;nan;nan;nan;nan;nan;nan;nan;nan;nan;nan;nan;nan;nan;nan;nan;nan;nan;nan;nan;nan;nan;nan;nan;nan;nan;nan;nan;nan;nan;nan;nan;nan;nan;nan;nan;nan;nan;nan;nan;nan;nan;nan;nan;nan;nan;nan;nan;nan;nan;nan;nan;nan;nan;nan;nan;nan;nan;nan;nan;nan;nan;nan;nan;nan;nan;nan;nan;nan;nan;nan;nan;nan;nan;nan;nan;nan;nan;nan;nan;nan;nan;nan;nan;nan;nan;nan;nan;nan;nan;nan;nan;nan;nan;nan;nan;nan;nan;nan;nan;nan;nan;nan;nan;nan;nan;nan;nan;nan;nan;nan;nan;nan;nan;nan;nan;nan;nan;nan;nan;nan;nan;nan;nan;nan;nan;nan;nan;nan;nan;nan;nan;nan;nan;nan;nan;nan;nan;nan;nan;nan;nan;nan;nan;nan;nan;nan;nan;nan;nan;nan;nan;nan;nan;nan;nan;nan;nan;nan;nan;nan;nan;nan;nan;nan;nan;nan;nan;nan;nan;nan;nan;nan;nan;nan;nan;nan;nan;nan;nan;nan;nan;nan;nan;nan;nan;nan;nan;nan;nan;nan;nan;nan;nan;nan;nan;nan;nan;nan;nan;nan;nan;nan;nan;nan;nan;nan;nan;nan;nan;nan;nan;nan;nan;nan;nan;nan;nan;nan;nan;nan;nan;nan;nan;nan;nan;nan;nan;nan;nan;nan;nan;nan;nan;nan;nan;nan;nan;nan;nan;nan;nan;nan;nan;nan;nan;nan;nan;nan;nan;nan;nan;nan;nan;nan;nan;nan;nan;nan;nan;nan;nan;nan;nan;nan;nan;nan;nan;nan;nan;nan;nan;nan;nan;nan;nan;nan;nan;nan;nan;nan;nan;nan;nan;nan;nan;nan;nan;nan;nan;nan;nan;nan;nan;nan;nan;nan;nan;nan;nan;nan;nan;nan;nan;nan;nan;nan;nan;nan;nan;nan;nan;nan;nan;nan;nan;nan;nan;nan;nan;0.62981564;1.76586812159861;0.6850941850941851;0.5639775397053529;0.5337150127226463;0.40468368;0.16950586468873652;0.9305;0.9298143375546685;0.9675423360903255;0.09423136711120605;0.62981564;1.76586812159861;0.6850941850941851;0.5639775397053529;0.5337150127226463;0.40468368;0.16950586468873652;0.9305;0.9298143375546685;0.9675423360903255;0.0;0.0;0.0;0.0;0.0;0.0;0.0;0.0;0.0;0.0;0.09423136711120605;0.69838125;0.7174553930222451;0.5552825552825553;0.5552825552825552;0.65522540826173;0.12215542793273926;9820.707;nan;0.8263718263718264;0.8333585295255397;0.9062469214354856;47.064708948135376;nan;nan;nan;nan;nan;nan;nan;nan;nan;nan;nan;nan;nan;nan;nan;nan;nan;nan;nan;nan;nan;nan;nan;nan;nan;nan;nan;nan;nan;nan;nan;nan;nan;nan;nan;nan;nan;nan;nan;nan;nan;nan;nan;nan;nan;nan;nan;nan;nan;nan;nan;nan;nan;nan;nan;nan;nan;nan;nan;nan;nan;nan;nan;nan;nan;nan;nan;nan;nan;nan;nan;nan;nan;nan;nan;nan;nan;nan;nan;nan;nan;nan;nan;nan;nan;nan;nan;nan;nan;nan;nan;nan;nan;nan;nan;nan;nan;nan;nan;nan;nan;nan;nan;nan;nan;nan;nan;nan;nan;nan;nan;nan;nan;nan;nan;nan;nan;nan;nan;nan;nan;nan;nan;nan;nan;nan;nan;nan;nan;nan;nan;nan;nan;nan;nan;nan;nan;nan;nan;nan;nan;nan;nan;nan;nan;nan;nan;nan;nan;nan;nan;nan;nan;nan;nan;nan;nan;nan;nan;nan;nan;nan;nan;nan;nan;nan;nan;nan;nan;nan;nan;nan;nan;nan;nan;nan;nan;nan;nan;nan;nan;nan;nan;nan;nan;nan;nan;nan;nan;nan;nan;nan;nan;nan;nan;nan;nan;nan;nan;nan;nan;nan;nan;nan;nan;nan;nan;nan;nan;nan;nan;nan;nan;nan;nan;nan;nan;nan;nan;nan;nan;nan;nan;nan;nan;nan;nan;nan;nan;nan;nan;nan;nan;nan;nan;nan;nan;nan;nan;nan;nan;nan;nan;nan;nan;nan;nan;nan;nan;nan;nan;nan;nan;nan;nan;nan;nan;nan;nan;nan;nan;nan;nan;nan;nan;nan;nan;nan;nan;nan;nan;nan;nan;nan;nan;nan;nan;nan;nan;nan;nan;nan;nan;nan;nan;nan;nan;nan;nan;nan;nan;nan;nan;nan;nan;nan;nan;nan;nan;nan;nan;nan;nan;nan;nan;nan;nan;nan;nan;nan;nan;nan;nan;nan;nan;nan;nan;nan;nan;nan;nan;nan;nan;nan;nan;nan;nan;nan;nan;nan;nan;nan;nan;nan;nan;nan;nan;nan;nan;nan;nan;nan;nan;nan;nan;nan;nan;nan;nan;nan;nan;nan;nan;nan;nan;nan;nan;nan;nan;nan;nan;nan;nan;nan;nan;nan;nan;nan;nan;nan;nan;nan;nan;nan;nan;nan;nan;nan;nan;nan;nan;nan;nan;nan;nan;nan;nan;nan;nan;nan;nan;nan;nan;nan;nan;nan;nan;nan;nan;nan;nan;nan;nan;nan;nan;nan;nan;nan;nan;nan;nan;nan;nan;nan;nan;nan;nan;nan;nan;nan;nan;nan;nan;nan;nan;nan;nan;nan;nan;nan;nan;nan;nan;nan;nan;nan;nan;nan;nan;nan;nan;nan;nan;nan;nan;nan;nan;nan;nan;nan;nan;nan;nan;nan;nan;nan;nan;nan;nan;nan;nan;nan;nan;nan;nan;nan;nan;nan;nan;nan;nan;nan;nan;nan;nan;nan;nan;nan;nan;nan;nan;nan;nan;nan;nan;nan;nan;nan;nan;nan;nan;nan;nan;nan;nan;nan;nan;nan;nan;nan;nan;nan;nan;nan;nan;nan;nan;nan;nan;nan;nan;nan;nan;nan;nan;nan;nan;nan;nan;nan;nan;nan;nan;nan;nan;nan;nan;nan;nan;nan;nan;nan;nan;nan;nan;nan;nan;nan;nan;nan;nan;nan;nan;nan;nan;nan;nan;nan;nan;nan;nan;nan;nan;nan;nan;nan;nan;nan;nan;nan;nan;nan;nan;nan;nan;nan;nan;nan;nan;nan;nan;nan;nan;nan;nan;nan;nan;nan;nan;nan;nan;nan;nan;nan;nan;nan;nan;nan;nan;nan;nan;nan;nan;nan;nan;nan;nan;nan;nan;nan;nan;nan;nan;nan;nan;nan;nan;nan;nan;nan;nan;nan;nan;nan;nan;nan;nan;nan;nan;nan;nan;nan;nan;nan;nan;nan;nan;nan;nan;nan;nan;nan;nan;nan;nan;nan;nan;nan;nan;nan;nan;nan;nan;nan;nan;nan;nan;nan;nan;nan;nan;nan;nan;nan;nan;nan;nan;nan;nan;nan;0.6053863;0.7112099584354793;0.6834561834561834;0.5602841669608114;0.6886111187938686;0.48089185;0.31614482656383214;0.8609;0.8563510136790664;0.9237025502766147;0.0995943546295166;0.6053863;0.7112099584354793;0.6834561834561834;0.5602841669608114;0.6886111187938686;0.48089185;0.31614482656383214;0.8609;0.8563510136790664;0.9237025502766147;0.0;0.0;0.0;0.0;0.0;0.0;0.0;0.0;0.0;0.0;0.0995943546295166;0.69838125;0.7174553930222451;0.5552825552825553;0.5552825552825552;0.65522540826173;0.12215542793273926;9820.707;nan;0.8263718263718264;0.8333585295255397;0.9062469214354856;47.064708948135376;nan;nan;nan;nan;nan;nan;nan;nan;nan;nan;nan;nan;nan;nan;nan;nan;nan;nan;nan;nan;nan;nan;nan;nan;nan;nan;nan;nan;nan;nan;nan;nan;nan;nan;nan;nan;nan;nan;nan;nan;nan;nan;nan;nan;nan;nan;nan;nan;nan;nan;nan;nan;nan;nan;nan;nan;nan;nan;nan;nan;nan;nan;nan;nan;nan;nan;nan;nan;nan;nan;nan;nan;nan;nan;nan;nan;nan;nan;nan;nan;nan;nan;nan;nan;nan;nan;nan;nan;nan;nan;nan;nan;nan;nan;nan;nan;nan;nan;nan;nan;nan;nan;nan;nan;nan;nan;nan;nan;nan;nan;nan;nan;nan;nan;nan;nan;nan;nan;nan;nan;nan;nan;nan;nan;nan;nan;nan;nan;nan;nan;nan;nan;nan;nan;nan;nan;nan;nan;nan;nan;nan;nan;nan;nan;nan;nan;nan;nan;nan;nan;nan;nan;nan;nan;nan;nan;nan;nan;nan;nan;nan;nan;nan;nan;nan;nan;nan;nan;nan;nan;nan;nan;nan;nan;nan;nan;nan;nan;nan;nan;nan;nan;nan;nan;nan;nan;nan;nan;nan;nan;nan;nan;nan;nan;nan;nan;nan;nan;nan;nan;nan;nan;nan;nan;nan;nan;nan;nan;nan;nan;nan;nan;nan;nan;nan;nan;nan;nan;nan;nan;nan;nan;nan;nan;nan;nan;nan;nan;nan;nan;nan;nan;nan;nan;nan;nan;nan;nan;nan;nan;nan;nan;nan;nan;nan;nan;nan;nan;nan;nan;nan;nan;nan;nan;nan;nan;nan;nan;nan;nan;nan;nan;nan;nan;nan;nan;nan;nan;nan;nan;nan;nan;nan;nan;nan;nan;nan;nan;nan;nan;nan;nan;nan;nan;nan;nan;nan;nan;nan;nan;nan;nan;nan;nan;nan;nan;nan;nan;nan;nan;nan;nan;nan;nan;nan;nan;nan;nan;nan;nan;nan;nan;nan;nan;nan;nan;nan;nan;nan;nan;nan;nan;nan;nan;nan;nan;nan;nan;nan;nan;nan;nan;nan;nan;nan;nan;nan;nan;nan;nan;nan;nan;nan;nan;nan;nan;nan;nan;nan;nan;nan;nan;nan;nan;nan;nan;nan;nan;nan;nan;nan;nan;nan;nan;nan;nan;nan;nan;nan;nan;nan;nan;nan;nan;nan;nan;nan;nan;nan;nan;nan;nan;nan;nan;nan;nan;nan;nan;nan;nan;nan;nan;nan;nan;nan;nan;nan;nan;nan;nan;nan;nan;nan;nan;nan;nan;nan;nan;nan;nan;nan;nan;nan;nan;nan;nan;nan;nan;nan;nan;nan;nan;nan;nan;nan;nan;nan;nan;nan;nan;nan;nan;nan;nan;nan;nan;nan;nan;nan;nan;nan;nan;nan;nan;nan;nan;nan;nan;nan;nan;nan;nan;nan;nan;nan;nan;nan;nan;nan;nan;nan;nan;nan;nan;nan;nan;nan;nan;nan;nan;nan;nan;nan;nan;nan;nan;nan;nan;nan;nan;nan;nan;nan;nan;nan;nan;nan;nan;nan;nan;nan;nan;nan;nan;nan;nan;nan;nan;nan;nan;nan;nan;nan;nan;nan;nan;nan;nan;nan;nan;nan;nan;nan;nan;nan;nan;nan;nan;nan;nan;nan;nan;nan;nan;nan;nan;nan;nan;nan;nan;nan;nan;nan;nan;nan;nan;nan;nan;nan;nan;nan;nan;nan;nan;nan;nan;nan;nan;nan;nan;nan;nan;nan;nan;nan;nan;nan;nan;nan;nan;nan;nan;nan;nan;nan;nan;nan;nan;nan;nan;nan;nan;nan;nan;nan;nan;nan;nan;nan;nan;nan;nan;nan;nan;nan;nan;nan;nan;nan;nan;nan;nan;nan;nan;nan;nan;nan;nan;nan;nan;nan;nan;nan;nan;nan;nan;nan;nan;nan;nan;nan;nan;nan;nan;nan;nan;nan;nan;nan;nan;nan;nan;nan;nan;nan;nan;nan;nan;nan;nan;nan;nan;nan;nan;nan;nan;nan;nan;nan;nan;nan;nan;nan;nan;nan;nan;nan;nan;nan;nan;nan;nan;nan;nan;nan;nan;nan;nan;nan;nan;0.6309016;1.691885398514283;0.6834561834561834;0.5602841669608114;0.5067158824107879;0.40345272;0.16341366691965264;0.9332;0.9306515837490562;0.9688701278346901;0.0666046142578125;0.6309016;1.691885398514283;0.6834561834561834;0.5602841669608114;0.5067158824107879;0.40345272;0.16341366691965264;0.9332;0.9306515837490562;0.9688701278346901;0.0;0.0;0.0;0.0;0.0;0.0;0.0;0.0;0.0;0.0;0.0666046142578125;0.69838125;0.7174553930222451;0.5552825552825553;0.5552825552825552;0.65522540826173;0.12215542793273926;9820.707;nan;0.8263718263718264;0.8333585295255397;0.9062469214354856;47.064708948135376;nan;nan;nan;nan;nan;nan;nan;nan;nan;nan;nan;nan;nan;nan;nan;nan;nan;nan;nan;nan;nan;nan;nan;nan;nan;nan;nan;nan;nan;nan;nan;nan;nan;nan;nan;nan;nan;nan;nan;nan;nan;nan;nan;nan;nan;nan;nan;nan;nan;nan;nan;nan;nan;nan;nan;nan;nan;nan;nan;nan;nan;nan;nan;nan;nan;nan;nan;nan;nan;nan;nan;nan;nan;nan;nan;nan;nan;nan;nan;nan;nan;nan;nan;nan;nan;nan;nan;nan;nan;nan;nan;nan;nan;nan;nan;nan;nan;nan;nan;nan;nan;nan;nan;nan;nan;nan;nan;nan;nan;nan;nan;nan;nan;nan;nan;nan;nan;nan;nan;nan;nan;nan;nan;nan;nan;nan;nan;nan;nan;nan;nan;nan;nan;nan;nan;nan;nan;nan;nan;nan;nan;nan;nan;nan;nan;nan;nan;nan;nan;nan;nan;nan;nan;nan;nan;nan;nan;nan;nan;nan;nan;nan;nan;nan;nan;nan;nan;nan;nan;nan;nan;nan;nan;nan;nan;nan;nan;nan;nan;nan;nan;nan;nan;nan;nan;nan;nan;nan;nan;nan;nan;nan;nan;nan;nan;nan;nan;nan;nan;nan;nan;nan;nan;nan;nan;nan;nan;nan;nan;nan;nan;nan;nan;nan;nan;nan;nan;nan;nan;nan;nan;nan;nan;nan;nan;nan;nan;nan;nan;nan;nan;nan;nan;nan;nan;nan;nan;nan;nan;nan;nan;nan;nan;nan;nan;nan;nan;nan;nan;nan;nan;nan;nan;nan;nan;nan;nan;nan;nan;nan;nan;nan;nan;nan;nan;nan;nan;nan;nan;nan;nan;nan;nan;nan;nan;nan;nan;nan;nan;nan;nan;nan;nan;nan;nan;nan;nan;nan;nan;nan;nan;nan;nan;nan;nan;nan;nan;nan;nan;nan;nan;nan;nan;nan;nan;nan;nan;nan;nan;nan;nan;nan;nan;nan;nan;nan;nan;nan;nan;nan;nan;nan;nan;nan;nan;nan;nan;nan;nan;nan;nan;nan;nan;nan;nan;nan;nan;nan;nan;nan;nan;nan;nan;nan;nan;nan;nan;nan;nan;nan;nan;nan;nan;nan;nan;nan;nan;nan;nan;nan;nan;nan;nan;nan;nan;nan;nan;nan;nan;nan;nan;nan;nan;nan;nan;nan;nan;nan;nan;nan;nan;nan;nan;nan;nan;nan;nan;nan;nan;nan;nan;nan;nan;nan;nan;nan;nan;nan;nan;nan;nan;nan;nan;nan;nan;nan;nan;nan;nan;nan;nan;nan;nan;nan;nan;nan;nan;nan;nan;nan;nan;nan;nan;nan;nan;nan;nan;nan;nan;nan;nan;nan;nan;nan;nan;nan;nan;nan;nan;nan;nan;nan;nan;nan;nan;nan;nan;nan;nan;nan;nan;nan;nan;nan;nan;nan;nan;nan;nan;nan;nan;nan;nan;nan;nan;nan;nan;nan;nan;nan;nan;nan;nan;nan;nan;nan;nan;nan;nan;nan;nan;nan;nan;nan;nan;nan;nan;nan;nan;nan;nan;nan;nan;nan;nan;nan;nan;nan;nan;nan;nan;nan;nan;nan;nan;nan;nan;nan;nan;nan;nan;nan;nan;nan;nan;nan;nan;nan;nan;nan;nan;nan;nan;nan;nan;nan;nan;nan;nan;nan;nan;nan;nan;nan;nan;nan;nan;nan;nan;nan;nan;nan;nan;nan;nan;nan;nan;nan;nan;nan;nan;nan;nan;nan;nan;nan;nan;nan;nan;nan;nan;nan;nan;nan;nan;nan;nan;nan;nan;nan;nan;nan;nan;nan;nan;nan;nan;nan;nan;nan;nan;nan;nan;nan;nan;nan;nan;nan;nan;nan;nan;nan;nan;nan;nan;nan;nan;nan;nan;nan;nan;nan;nan;nan;nan;nan;nan;nan;nan;nan;nan;nan;nan;nan;nan;nan;nan;nan;nan;nan;nan;nan;nan;nan;nan;nan;nan;nan;nan;nan;nan;nan;nan;nan;nan;nan;nan;nan;nan;nan;nan;nan;nan;nan;nan;nan;nan;nan;nan;nan;nan;nan;nan;nan;nan;nan;nan;nan;nan;nan;0.6315796;0.6649561807155308;0.6787469287469288;0.5494930793209812;0.5073155216284988;0.32406434;0.019271527804012045;0.9913;0.9909718060009546;0.9981750167802341;0.08872532844543457;0.6315796;0.6649561807155308;0.6787469287469288;0.5494930793209812;0.5073155216284988;0.32406434;0.019271527804012045;0.9913;0.9909718060009546;0.9981750167802341;0.0;0.0;0.0;0.0;0.0;0.0;0.0;0.0;0.0;0.0;0.08872532844543457;0.69838125;0.7174553930222451;0.5552825552825553;0.5552825552825552;0.65522540826173;0.12215542793273926;9820.707;nan;0.8263718263718264;0.8333585295255397;0.9062469214354856;47.064708948135376;nan;nan;nan;nan;nan;nan;nan;nan;nan;nan;nan;nan;nan;nan;nan;nan;nan;nan;nan;nan;nan;nan;nan;nan;nan;nan;nan;nan;nan;nan;nan;nan;nan;nan;nan;nan;nan;nan;nan;nan;nan;nan;nan;nan;nan;nan;nan;nan;nan;nan;nan;nan;nan;nan;nan;nan;nan;nan;nan;nan;nan;nan;nan;nan;nan;nan;nan;nan;nan;nan;nan;nan;nan;nan;nan;nan;nan;nan;nan;nan;nan;nan;nan;nan;nan;nan;nan;nan;nan;nan;nan;nan;nan;nan;nan;nan;nan;nan;nan;nan;nan;nan;nan;nan;nan;nan;nan;nan;nan;nan;nan;nan;nan;nan;nan;nan;nan;nan;nan;nan;nan;nan;nan;nan;nan;nan;nan;nan;nan;nan;nan;nan;nan;nan;nan;nan;nan;nan;nan;nan;nan;nan;nan;nan;nan;nan;nan;nan;nan;nan;nan;nan;nan;nan;nan;nan;nan;nan;nan;nan;nan;nan;nan;nan;nan;nan;nan;nan;nan;nan;nan;nan;nan;nan;nan;nan;nan;nan;nan;nan;nan;nan;nan;nan;nan;nan;nan;nan;nan;nan;nan;nan;nan;nan;nan;nan;nan;nan;nan;nan;nan;nan;nan;nan;nan;nan;nan;nan;nan;nan;nan;nan;nan;nan;nan;nan;nan;nan;nan;nan;nan;nan;nan;nan;nan;nan;nan;nan;nan;nan;nan;nan;nan;nan;nan;nan;nan;nan;nan;nan;nan;nan;nan;nan;nan;nan;nan;nan;nan;nan;nan;nan;nan;nan;nan;nan;nan;nan;nan;nan;nan;nan;nan;nan;nan;nan;nan;nan;nan;nan;nan;nan;nan;nan;nan;nan;nan;nan;nan;nan;nan;nan;nan;nan;nan;nan;nan;nan;nan;nan;nan;nan;nan;nan;nan;nan;nan;nan;nan;nan;nan;nan;nan;nan;nan;nan;nan;nan;nan;nan;nan;nan;nan;nan;nan;nan;nan;nan;nan;nan;nan;nan;nan;nan;nan;nan;nan;nan;nan;nan;nan;nan;nan;nan;nan;nan;nan;nan;nan;nan;nan;nan;nan;nan;nan;nan;nan;nan;nan;nan;nan;nan;nan;nan;nan;nan;nan;nan;nan;nan;nan;nan;nan;nan;nan;nan;nan;nan;nan;nan;nan;nan;nan;nan;nan;nan;nan;nan;nan;nan;nan;nan;nan;nan;nan;nan;nan;nan;nan;nan;nan;nan;nan;nan;nan;nan;nan;nan;nan;nan;nan;nan;nan;nan;nan;nan;nan;nan;nan;nan;nan;nan;nan;nan;nan;nan;nan;nan;nan;nan;nan;nan;nan;nan;nan;nan;nan;nan;nan;nan;nan;nan;nan;nan;nan;nan;nan;nan;nan;nan;nan;nan;nan;nan;nan;nan;nan;nan;nan;nan;nan;nan;nan;nan;nan;nan;nan;nan;nan;nan;nan;nan;nan;nan;nan;nan;nan;nan;nan;nan;nan;nan;nan;nan;nan;nan;nan;nan;nan;nan;nan;nan;nan;nan;nan;nan;nan;nan;nan;nan;nan;nan;nan;nan;nan;nan;nan;nan;nan;nan;nan;nan;nan;nan;nan;nan;nan;nan;nan;nan;nan;nan;nan;nan;nan;nan;nan;nan;nan;nan;nan;nan;nan;nan;nan;nan;nan;nan;nan;nan;nan;nan;nan;nan;nan;nan;nan;nan;nan;nan;nan;nan;nan;nan;nan;nan;nan;nan;nan;nan;nan;nan;nan;nan;nan;nan;nan;nan;nan;nan;nan;nan;nan;nan;nan;nan;nan;nan;nan;nan;nan;nan;nan;nan;nan;nan;nan;nan;nan;nan;nan;nan;nan;nan;nan;nan;nan;nan;nan;nan;nan;nan;nan;nan;nan;nan;nan;nan;nan;nan;nan;nan;nan;nan;nan;nan;nan;nan;nan;nan;nan;nan;nan;nan;nan;nan;nan;nan;nan;nan;nan;nan;nan;nan;nan;nan;nan;nan;nan;nan;nan;nan;nan;nan;nan;nan;nan;nan;nan;nan;nan;nan;nan;nan;nan;nan;nan;nan;nan;nan;nan;nan;nan;nan;nan;nan;nan;nan;nan;nan;0.62926024;0.938649094911978;0.6836609336609336;0.5607475070137307;0.5107917772983738;0.36415118;0.10112217025185244;0.9603;0.9585333449536975;0.9762167483870253;0.1218268871307373;0.62926024;0.938649094911978;0.6836609336609336;0.5607475070137307;0.5107917772983738;0.36415118;0.10112217025185244;0.9603;0.9585333449536975;0.9762167483870253;0.0;0.0;0.0;0.0;0.0;0.0;0.0;0.0;0.0;0.0;0.1218268871307373;0.69838125;0.7174553930222451;0.5552825552825553;0.5552825552825552;0.65522540826173;0.12215542793273926;9820.707;nan;0.8263718263718264;0.8333585295255397;0.9062469214354856;47.064708948135376;nan;nan;nan;nan;nan;nan;nan;nan;nan;nan;nan;nan;nan;nan;nan;nan;nan;nan;nan;nan;nan;nan;nan;nan;nan;nan;nan;nan;nan;nan;nan;nan;nan;nan;nan;nan;nan;nan;nan;nan;nan;nan;nan;nan;nan;nan;nan;nan;nan;nan;nan;nan;nan;nan;nan;nan;nan;nan;nan;nan;nan;nan;nan;nan;nan;nan;nan;nan;nan;nan;nan;nan;nan;nan;nan;nan;nan;nan;nan;nan;nan;nan;nan;nan;nan;nan;nan;nan;nan;nan;nan;nan;nan;nan;nan;nan;nan;nan;nan;nan;nan;nan;nan;nan;nan;nan;nan;nan;nan;nan;nan;nan;nan;nan;nan;nan;nan;nan;nan;nan;nan;nan;nan;nan;nan;nan;nan;nan;nan;nan;nan;nan;nan;nan;nan;nan;nan;nan;nan;nan;nan;nan;nan;nan;nan;nan;nan;nan;nan;nan;nan;nan;nan;nan;nan;nan;nan;nan;nan;nan;nan;nan;nan;nan;nan;nan;nan;nan;nan;nan;nan;nan;nan;nan;nan;nan;nan;nan;nan;nan;nan;nan;nan;nan;nan;nan;nan;nan;nan;nan;nan;nan;nan;nan;nan;nan;nan;nan;nan;nan;nan;nan;nan;nan;nan;nan;nan;nan;nan;nan;nan;nan;nan;nan;nan;nan;nan;nan;nan;nan;nan;nan;nan;nan;nan;nan;nan;nan;nan;nan;nan;nan;nan;nan;nan;nan;nan;nan;nan;nan;nan;nan;nan;nan;nan;nan;nan;nan;nan;nan;nan;nan;nan;nan;nan;nan;nan;nan;nan;nan;nan;nan;nan;nan;nan;nan;nan;nan;nan;nan;nan;nan;nan;nan;nan;nan;nan;nan;nan;nan;nan;nan;nan;nan;nan;nan;nan;nan;nan;nan;nan;nan;nan;nan;nan;nan;nan;nan;nan;nan;nan;nan;nan;nan;nan;nan;nan;nan;nan;nan;nan;nan;nan;nan;nan;nan;nan;nan;nan;nan;nan;nan;nan;nan;nan;nan;nan;nan;nan;nan;nan;nan;nan;nan;nan;nan;nan;nan;nan;nan;nan;nan;nan;nan;nan;nan;nan;nan;nan;nan;nan;nan;nan;nan;nan;nan;nan;nan;nan;nan;nan;nan;nan;nan;nan;nan;nan;nan;nan;nan;nan;nan;nan;nan;nan;nan;nan;nan;nan;nan;nan;nan;nan;nan;nan;nan;nan;nan;nan;nan;nan;nan;nan;nan;nan;nan;nan;nan;nan;nan;nan;nan;nan;nan;nan;nan;nan;nan;nan;nan;nan;nan;nan;nan;nan;nan;nan;nan;nan;nan;nan;nan;nan;nan;nan;nan;nan;nan;nan;nan;nan;nan;nan;nan;nan;nan;nan;nan;nan;nan;nan;nan;nan;nan;nan;nan;nan;nan;nan;nan;nan;nan;nan;nan;nan;nan;nan;nan;nan;nan;nan;nan;nan;nan;nan;nan;nan;nan;nan;nan;nan;nan;nan;nan;nan;nan;nan;nan;nan;nan;nan;nan;nan;nan;nan;nan;nan;nan;nan;nan;nan;nan;nan;nan;nan;nan;nan;nan;nan;nan;nan;nan;nan;nan;nan;nan;nan;nan;nan;nan;nan;nan;nan;nan;nan;nan;nan;nan;nan;nan;nan;nan;nan;nan;nan;nan;nan;nan;nan;nan;nan;nan;nan;nan;nan;nan;nan;nan;nan;nan;nan;nan;nan;nan;nan;nan;nan;nan;nan;nan;nan;nan;nan;nan;nan;nan;nan;nan;nan;nan;nan;nan;nan;nan;nan;nan;nan;nan;nan;nan;nan;nan;nan;nan;nan;nan;nan;nan;nan;nan;nan;nan;nan;nan;nan;nan;nan;nan;nan;nan;nan;nan;nan;nan;nan;nan;nan;nan;nan;nan;nan;nan;nan;nan;nan;nan;nan;nan;nan;nan;nan;nan;nan;nan;nan;nan;nan;nan;nan;nan;nan;nan;nan;nan;nan;nan;nan;nan;nan;nan;nan;nan;nan;nan;nan;nan;nan;nan;nan;nan;nan;nan;nan;nan;nan;nan;nan;nan;nan;nan;nan;nan;nan;nan;nan;nan;nan;nan;nan;nan;0.6415268;0.8613716929139007;0.702088452088452;0.60611980542084;0.5270740371968384;0.34588158;0.05929786430271171;0.9712;0.9725859120260386;0.9844122294312168;0.11249279975891113;0.6415268;0.8613716929139007;0.702088452088452;0.60611980542084;0.5270740371968384;0.34588158;0.05929786430271171;0.9712;0.9725859120260386;0.9844122294312168;0.0;0.0;0.0;0.0;0.0;0.0;0.0;0.0;0.0;0.0;0.11249279975891113;0.69838125;0.7174553930222451;0.5552825552825553;0.5552825552825552;0.65522540826173;0.12215542793273926;9820.707;nan;0.8263718263718264;0.8333585295255397;0.9062469214354856;47.064708948135376;nan;nan;nan;nan;nan;nan;nan;nan;nan;nan;nan;nan;nan;nan;nan;nan;nan;nan;nan;nan;nan;nan;nan;nan;nan;nan;nan;nan;nan;nan;nan;nan;nan;nan;nan;nan;nan;nan;nan;nan;nan;nan;nan;nan;nan;nan;nan;nan;nan;nan;nan;nan;nan;nan;nan;nan;nan;nan;nan;nan;nan;nan;nan;nan;nan;nan;nan;nan;nan;nan;nan;nan;nan;nan;nan;nan;nan;nan;nan;nan;nan;nan;nan;nan;nan;nan;nan;nan;nan;nan;nan;nan;nan;nan;nan;nan;nan;nan;nan;nan;nan;nan;nan;nan;nan;nan;nan;nan;nan;nan;nan;nan;nan;nan;nan;nan;nan;nan;nan;nan;nan;nan;nan;nan;nan;nan;nan;nan;nan;nan;nan;nan;nan;nan;nan;nan;nan;nan;nan;nan;nan;nan;nan;nan;nan;nan;nan;nan;nan;nan;nan;nan;nan;nan;nan;nan;nan;nan;nan;nan;nan;nan;nan;nan;nan;nan;nan;nan;nan;nan;nan;nan;nan;nan;nan;nan;nan;nan;nan;nan;nan;nan;nan;nan;nan;nan;nan;nan;nan;nan;nan;nan;nan;nan;nan;nan;nan;nan;nan;nan;nan;nan;nan;nan;nan;nan;nan;nan;nan;nan;nan;nan;nan;nan;nan;nan;nan;nan;nan;nan;nan;nan;nan;nan;nan;nan;nan;nan;nan;nan;nan;nan;nan;nan;nan;nan;nan;nan;nan;nan;nan;nan;nan;nan;nan;nan;nan;nan;nan;nan;nan;nan;nan;nan;nan;nan;nan;nan;nan;nan;nan;nan;nan;nan;nan;nan;nan;nan;nan;nan;nan;nan;nan;nan;nan;nan;nan;nan;nan;nan;nan;nan;nan;nan;nan;nan;nan;nan;nan;nan;nan;nan;nan;nan;nan;nan;nan;nan;nan;nan;nan;nan;nan;nan;nan;nan;nan;nan;nan;nan;nan;nan;nan;nan;nan;nan;nan;nan;nan;nan;nan;nan;nan;nan;nan;nan;nan;nan;nan;nan;nan;nan;nan;nan;nan;nan;nan;nan;nan;nan;nan;nan;nan;nan;nan;nan;nan;nan;nan;nan;nan;nan;nan;nan;nan;nan;nan;nan;nan;nan;nan;nan;nan;nan;nan;nan;nan;nan;nan;nan;nan;nan;nan;nan;nan;nan;nan;nan;nan;nan;nan;nan;nan;nan;nan;nan;nan;nan;nan;nan;nan;nan;nan;nan;nan;nan;nan;nan;nan;nan;nan;nan;nan;nan;nan;nan;nan;nan;nan;nan;nan;nan;nan;nan;nan;nan;nan;nan;nan;nan;nan;nan;nan;nan;nan;nan;nan;nan;nan;nan;nan;nan;nan;nan;nan;nan;nan;nan;nan;nan;nan;nan;nan;nan;nan;nan;nan;nan;nan;nan;nan;nan;nan;nan;nan;nan;nan;nan;nan;nan;nan;nan;nan;nan;nan;nan;nan;nan;nan;nan;nan;nan;nan;nan;nan;nan;nan;nan;nan;nan;nan;nan;nan;nan;nan;nan;nan;nan;nan;nan;nan;nan;nan;nan;nan;nan;nan;nan;nan;nan;nan;nan;nan;nan;nan;nan;nan;nan;nan;nan;nan;nan;nan;nan;nan;nan;nan;nan;nan;nan;nan;nan;nan;nan;nan;nan;nan;nan;nan;nan;nan;nan;nan;nan;nan;nan;nan;nan;nan;nan;nan;nan;nan;nan;nan;nan;nan;nan;nan;nan;nan;nan;nan;nan;nan;nan;nan;nan;nan;nan;nan;nan;nan;nan;nan;nan;nan;nan;nan;nan;nan;nan;nan;nan;nan;nan;nan;nan;nan;nan;nan;nan;nan;nan;nan;nan;nan;nan;nan;nan;nan;nan;nan;nan;nan;nan;nan;nan;nan;nan;nan;nan;nan;nan;nan;nan;nan;nan;nan;nan;nan;nan;nan;nan;nan;nan;nan;nan;nan;nan;nan;nan;nan;nan;nan;nan;nan;nan;nan;nan;nan;nan;nan;nan;nan;nan;nan;nan;nan;nan;nan;nan;nan;nan;nan;nan;nan;nan;nan;nan;nan;nan;nan;nan;nan;nan;nan;nan;nan;nan;0.63532805;1.146363906492639;0.6781326781326781;0.5480662347426623;0.5120876664085261;0.49156836;0.32495258979228736;0.8649;0.8645120354912608;0.9243359159723931;0.09591269493103027;0.63532805;1.146363906492639;0.6781326781326781;0.5480662347426623;0.5120876664085261;0.49156836;0.32495258979228736;0.8649;0.8645120354912608;0.9243359159723931;0.0;0.0;0.0;0.0;0.0;0.0;0.0;0.0;0.0;0.0;0.09591269493103027;0.69838125;0.7174553930222451;0.5552825552825553;0.5552825552825552;0.65522540826173;0.12215542793273926;9820.707;nan;0.8263718263718264;0.8333585295255397;0.9062469214354856;47.064708948135376;nan;nan;nan;nan;nan;nan;nan;nan;nan;nan;nan;nan;nan;nan;nan;nan;nan;nan;nan;nan;nan;nan;nan;nan;nan;nan;nan;nan;nan;nan;nan;nan;nan;nan;nan;nan;nan;nan;nan;nan;nan;nan;nan;nan;nan;nan;nan;nan;nan;nan;nan;nan;nan;nan;nan;nan;nan;nan;nan;nan;nan;nan;nan;nan;nan;nan;nan;nan;nan;nan;nan;nan;nan;nan;nan;nan;nan;nan;nan;nan;nan;nan;nan;nan;nan;nan;nan;nan;nan;nan;nan;nan;nan;nan;nan;nan;nan;nan;nan;nan;nan;nan;nan;nan;nan;nan;nan;nan;nan;nan;nan;nan;nan;nan;nan;nan;nan;nan;nan;nan;nan;nan;nan;nan;nan;nan;nan;nan;nan;nan;nan;nan;nan;nan;nan;nan;nan;nan;nan;nan;nan;nan;nan;nan;nan;nan;nan;nan;nan;nan;nan;nan;nan;nan;nan;nan;nan;nan;nan;nan;nan;nan;nan;nan;nan;nan;nan;nan;nan;nan;nan;nan;nan;nan;nan;nan;nan;nan;nan;nan;nan;nan;nan;nan;nan;nan;nan;nan;nan;nan;nan;nan;nan;nan;nan;nan;nan;nan;nan;nan;nan;nan;nan;nan;nan;nan;nan;nan;nan;nan;nan;nan;nan;nan;nan;nan;nan;nan;nan;nan;nan;nan;nan;nan;nan;nan;nan;nan;nan;nan;nan;nan;nan;nan;nan;nan;nan;nan;nan;nan;nan;nan;nan;nan;nan;nan;nan;nan;nan;nan;nan;nan;nan;nan;nan;nan;nan;nan;nan;nan;nan;nan;nan;nan;nan;nan;nan;nan;nan;nan;nan;nan;nan;nan;nan;nan;nan;nan;nan;nan;nan;nan;nan;nan;nan;nan;nan;nan;nan;nan;nan;nan;nan;nan;nan;nan;nan;nan;nan;nan;nan;nan;nan;nan;nan;nan;nan;nan;nan;nan;nan;nan;nan;nan;nan;nan;nan;nan;nan;nan;nan;nan;nan;nan;nan;nan;nan;nan;nan;nan;nan;nan;nan;nan;nan;nan;nan;nan;nan;nan;nan;nan;nan;nan;nan;nan;nan;nan;nan;nan;nan;nan;nan;nan;nan;nan;nan;nan;nan;nan;nan;nan;nan;nan;nan;nan;nan;nan;nan;nan;nan;nan;nan;nan;nan;nan;nan;nan;nan;nan;nan;nan;nan;nan;nan;nan;nan;nan;nan;nan;nan;nan;nan;nan;nan;nan;nan;nan;nan;nan;nan;nan;nan;nan;nan;nan;nan;nan;nan;nan;nan;nan;nan;nan;nan;nan;nan;nan;nan;nan;nan;nan;nan;nan;nan;nan;nan;nan;nan;nan;nan;nan;nan;nan;nan;nan;nan;nan;nan;nan;nan;nan;nan;nan;nan;nan;nan;nan;nan;nan;nan;nan;nan;nan;nan;nan;nan;nan;nan;nan;nan;nan;nan;nan;nan;nan;nan;nan;nan;nan;nan;nan;nan;nan;nan;nan;nan;nan;nan;nan;nan;nan;nan;nan;nan;nan;nan;nan;nan;nan;nan;nan;nan;nan;nan;nan;nan;nan;nan;nan;nan;nan;nan;nan;nan;nan;nan;nan;nan;nan;nan;nan;nan;nan;nan;nan;nan;nan;nan;nan;nan;nan;nan;nan;nan;nan;nan;nan;nan;nan;nan;nan;nan;nan;nan;nan;nan;nan;nan;nan;nan;nan;nan;nan;nan;nan;nan;nan;nan;nan;nan;nan;nan;nan;nan;nan;nan;nan;nan;nan;nan;nan;nan;nan;nan;nan;nan;nan;nan;nan;nan;nan;nan;nan;nan;nan;nan;nan;nan;nan;nan;nan;nan;nan;nan;nan;nan;nan;nan;nan;nan;nan;nan;nan;nan;nan;nan;nan;nan;nan;nan;nan;nan;nan;nan;nan;nan;nan;nan;nan;nan;nan;nan;nan;nan;nan;nan;nan;nan;nan;nan;nan;nan;nan;nan;nan;nan;nan;nan;nan;nan;nan;nan;nan;nan;nan;nan;nan;nan;nan;nan;nan;nan;nan;nan;nan;nan;nan;nan;nan;nan;nan;nan;nan;nan;nan;nan;nan;nan;nan;0.62858963;0.6744932994343181;0.6836609336609336;0.5607475070137307;0.508884532765424;0.38914704;0.1472068119839146;0.9484;0.9484747259973423;0.9817269209944866;0.09839916229248047;0.62858963;0.6744932994343181;0.6836609336609336;0.5607475070137307;0.508884532765424;0.38914704;0.1472068119839146;0.9484;0.9484747259973423;0.9817269209944866;0.0;0.0;0.0;0.0;0.0;0.0;0.0;0.0;0.0;0.0;0.09839916229248047;0.69838125;0.7174553930222451;0.5552825552825553;0.5552825552825552;0.65522540826173;0.12215542793273926;9820.707;nan;0.8263718263718264;0.8333585295255397;0.9062469214354856;47.064708948135376;nan;nan;nan;nan;nan;nan;nan;nan;nan;nan;nan;nan;nan;nan;nan;nan;nan;nan;nan;nan;nan;nan;nan;nan;nan;nan;nan;nan;nan;nan;nan;nan;nan;nan;nan;nan;nan;nan;nan;nan;nan;nan;nan;nan;nan;nan;nan;nan;nan;nan;nan;nan;nan;nan;nan;nan;nan;nan;nan;nan;nan;nan;nan;nan;nan;nan;nan;nan;nan;nan;nan;nan;nan;nan;nan;nan;nan;nan;nan;nan;nan;nan;nan;nan;nan;nan;nan;nan;nan;nan;nan;nan;nan;nan;nan;nan;nan;nan;nan;nan;nan;nan;nan;nan;nan;nan;nan;nan;nan;nan;nan;nan;nan;nan;nan;nan;nan;nan;nan;nan;nan;nan;nan;nan;nan;nan;nan;nan;nan;nan;nan;nan;nan;nan;nan;nan;nan;nan;nan;nan;nan;nan;nan;nan;nan;nan;nan;nan;nan;nan;nan;nan;nan;nan;nan;nan;nan;nan;nan;nan;nan;nan;nan;nan;nan;nan;nan;nan;nan;nan;nan;nan;nan;nan;nan;nan;nan;nan;nan;nan;nan;nan;nan;nan;nan;nan;nan;nan;nan;nan;nan;nan;nan;nan;nan;nan;nan;nan;nan;nan;nan;nan;nan;nan;nan;nan;nan;nan;nan;nan;nan;nan;nan;nan;nan;nan;nan;nan;nan;nan;nan;nan;nan;nan;nan;nan;nan;nan;nan;nan;nan;nan;nan;nan;nan;nan;nan;nan;nan;nan;nan;nan;nan;nan;nan;nan;nan;nan;nan;nan;nan;nan;nan;nan;nan;nan;nan;nan;nan;nan;nan;nan;nan;nan;nan;nan;nan;nan;nan;nan;nan;nan;nan;nan;nan;nan;nan;nan;nan;nan;nan;nan;nan;nan;nan;nan;nan;nan;nan;nan;nan;nan;nan;nan;nan;nan;nan;nan;nan;nan;nan;nan;nan;nan;nan;nan;nan;nan;nan;nan;nan;nan;nan;nan;nan;nan;nan;nan;nan;nan;nan;nan;nan;nan;nan;nan;nan;nan;nan;nan;nan;nan;nan;nan;nan;nan;nan;nan;nan;nan;nan;nan;nan;nan;nan;nan;nan;nan;nan;nan;nan;nan;nan;nan;nan;nan;nan;nan;nan;nan;nan;nan;nan;nan;nan;nan;nan;nan;nan;nan;nan;nan;nan;nan;nan;nan;nan;nan;nan;nan;nan;nan;nan;nan;nan;nan;nan;nan;nan;nan;nan;nan;nan;nan;nan;nan;nan;nan;nan;nan;nan;nan;nan;nan;nan;nan;nan;nan;nan;nan;nan;nan;nan;nan;nan;nan;nan;nan;nan;nan;nan;nan;nan;nan;nan;nan;nan;nan;nan;nan;nan;nan;nan;nan;nan;nan;nan;nan;nan;nan;nan;nan;nan;nan;nan;nan;nan;nan;nan;nan;nan;nan;nan;nan;nan;nan;nan;nan;nan;nan;nan;nan;nan;nan;nan;nan;nan;nan;nan;nan;nan;nan;nan;nan;nan;nan;nan;nan;nan;nan;nan;nan;nan;nan;nan;nan;nan;nan;nan;nan;nan;nan;nan;nan;nan;nan;nan;nan;nan;nan;nan;nan;nan;nan;nan;nan;nan;nan;nan;nan;nan;nan;nan;nan;nan;nan;nan;nan;nan;nan;nan;nan;nan;nan;nan;nan;nan;nan;nan;nan;nan;nan;nan;nan;nan;nan;nan;nan;nan;nan;nan;nan;nan;nan;nan;nan;nan;nan;nan;nan;nan;nan;nan;nan;nan;nan;nan;nan;nan;nan;nan;nan;nan;nan;nan;nan;nan;nan;nan;nan;nan;nan;nan;nan;nan;nan;nan;nan;nan;nan;nan;nan;nan;nan;nan;nan;nan;nan;nan;nan;nan;nan;nan;nan;nan;nan;nan;nan;nan;nan;nan;nan;nan;nan;nan;nan;nan;nan;nan;nan;nan;nan;nan;nan;nan;nan;nan;nan;nan;nan;nan;nan;nan;nan;nan;nan;nan;nan;nan;nan;nan;nan;nan;nan;nan;nan;nan;nan;nan;nan;nan;nan;nan;nan;nan;nan;nan;nan;nan;nan;nan;nan;nan;nan;nan;nan;nan;nan;nan;nan;0.60666883;0.6710278796068231;0.6834561834561834;0.5602841669608114;0.6825918704133939;0.47744405;0.30316819173145404;0.8591;0.8523505630441823;0.9284334477134876;0.09830403327941895;0.60666883;0.6710278796068231;0.6834561834561834;0.5602841669608114;0.6825918704133939;0.47744405;0.30316819173145404;0.8591;0.8523505630441823;0.9284334477134876;0.0;0.0;0.0;0.0;0.0;0.0;0.0;0.0;0.0;0.0;0.09830403327941895;0.69838125;0.7174553930222451;0.5552825552825553;0.5552825552825552;0.65522540826173;0.12215542793273926;9820.707;nan;0.8263718263718264;0.8333585295255397;0.9062469214354856;47.064708948135376;nan;nan;nan;nan;nan;nan;nan;nan;nan;nan;nan;nan;nan;nan;nan;nan;nan;nan;nan;nan;nan;nan;nan;nan;nan;nan;nan;nan;nan;nan;nan;nan;nan;nan;nan;nan;nan;nan;nan;nan;nan;nan;nan;nan;nan;nan;nan;nan;nan;nan;nan;nan;nan;nan;nan;nan;nan;nan;nan;nan;nan;nan;nan;nan;nan;nan;nan;nan;nan;nan;nan;nan;nan;nan;nan;nan;nan;nan;nan;nan;nan;nan;nan;nan;nan;nan;nan;nan;nan;nan;nan;nan;nan;nan;nan;nan;nan;nan;nan;nan;nan;nan;nan;nan;nan;nan;nan;nan;nan;nan;nan;nan;nan;nan;nan;nan;nan;nan;nan;nan;nan;nan;nan;nan;nan;nan;nan;nan;nan;nan;nan;nan;nan;nan;nan;nan;nan;nan;nan;nan;nan;nan;nan;nan;nan;nan;nan;nan;nan;nan;nan;nan;nan;nan;nan;nan;nan;nan;nan;nan;nan;nan;nan;nan;nan;nan;nan;nan;nan;nan;nan;nan;nan;nan;nan;nan;nan;nan;nan;nan;nan;nan;nan;nan;nan;nan;nan;nan;nan;nan;nan;nan;nan;nan;nan;nan;nan;nan;nan;nan;nan;nan;nan;nan;nan;nan;nan;nan;nan;nan;nan;nan;nan;nan;nan;nan;nan;nan;nan;nan;nan;nan;nan;nan;nan;nan;nan;nan;nan;nan;nan;nan;nan;nan;nan;nan;nan;nan;nan;nan;nan;nan;nan;nan;nan;nan;nan;nan;nan;nan;nan;nan;nan;nan;nan;nan;nan;nan;nan;nan;nan;nan;nan;nan;nan;nan;nan;nan;nan;nan;nan;nan;nan;nan;nan;nan;nan;nan;nan;nan;nan;nan;nan;nan;nan;nan;nan;nan;nan;nan;nan;nan;nan;nan;nan;nan;nan;nan;nan;nan;nan;nan;nan;nan;nan;nan;nan;nan;nan;nan;nan;nan;nan;nan;nan;nan;nan;nan;nan;nan;nan;nan;nan;nan;nan;nan;nan;nan;nan;nan;nan;nan;nan;nan;nan;nan;nan;nan;nan;nan;nan;nan;nan;nan;nan;nan;nan;nan;nan;nan;nan;nan;nan;nan;nan;nan;nan;nan;nan;nan;nan;nan;nan;nan;nan;nan;nan;nan;nan;nan;nan;nan;nan;nan;nan;nan;nan;nan;nan;nan;nan;nan;nan;nan;nan;nan;nan;nan;nan;nan;nan;nan;nan;nan;nan;nan;nan;nan;nan;nan;nan;nan;nan;nan;nan;nan;nan;nan;nan;nan;nan;nan;nan;nan;nan;nan;nan;nan;nan;nan;nan;nan;nan;nan;nan;nan;nan;nan;nan;nan;nan;nan;nan;nan;nan;nan;nan;nan;nan;nan;nan;nan;nan;nan;nan;nan;nan;nan;nan;nan;nan;nan;nan;nan;nan;nan;nan;nan;nan;nan;nan;nan;nan;nan;nan;nan;nan;nan;nan;nan;nan;nan;nan;nan;nan;nan;nan;nan;nan;nan;nan;nan;nan;nan;nan;nan;nan;nan;nan;nan;nan;nan;nan;nan;nan;nan;nan;nan;nan;nan;nan;nan;nan;nan;nan;nan;nan;nan;nan;nan;nan;nan;nan;nan;nan;nan;nan;nan;nan;nan;nan;nan;nan;nan;nan;nan;nan;nan;nan;nan;nan;nan;nan;nan;nan;nan;nan;nan;nan;nan;nan;nan;nan;nan;nan;nan;nan;nan;nan;nan;nan;nan;nan;nan;nan;nan;nan;nan;nan;nan;nan;nan;nan;nan;nan;nan;nan;nan;nan;nan;nan;nan;nan;nan;nan;nan;nan;nan;nan;nan;nan;nan;nan;nan;nan;nan;nan;nan;nan;nan;nan;nan;nan;nan;nan;nan;nan;nan;nan;nan;nan;nan;nan;nan;nan;nan;nan;nan;nan;nan;nan;nan;nan;nan;nan;nan;nan;nan;nan;nan;nan;nan;nan;nan;nan;nan;nan;nan;nan;nan;nan;nan;nan;nan;nan;nan;nan;nan;nan;nan;nan;nan;nan;nan;nan;nan;nan;nan;nan;nan;nan;nan;nan;nan;nan;nan;nan;nan;nan;nan;0.50746834;0.3065060086540278;0.8515561015561015;0.8555253747709965;0.9367839670071664;0.5210972;0.2977668098982158;0.8646889400921659;0.864033871537394;0.9399005213320566;0.019733428955078125;0.50746834;0.3065060086540278;0.8515561015561015;0.8555253747709965;0.9367839670071664;0.5210972;0.2977668098982158;0.8646889400921659;0.864033871537394;0.9399005213320566;0.0;0.0;0.0;0.0;0.0;0.0;0.0;0.0;0.0;0.0;0.019733428955078125;0.69838125;0.7174553930222451;0.5552825552825553;0.5552825552825552;0.65522540826173;0.12215542793273926;9820.707;nan;0.8263718263718264;0.8333585295255397;0.9062469214354856;47.064708948135376;nan;nan;nan;nan;nan;nan;nan;nan;nan;nan;nan;nan;nan;nan;nan;nan;nan;nan;nan;nan;nan;nan;nan;nan;nan;nan;nan;nan;nan;nan;nan;nan;nan;nan;nan;nan;nan;nan;nan;nan;nan;nan;nan;nan;nan;nan;nan;nan;nan;nan;nan;nan;nan;nan;nan;nan;nan;nan;nan;nan;nan;nan;nan;nan;nan;nan;nan;nan;nan;nan;nan;nan;nan;nan;nan;nan;nan;nan;nan;nan;nan;nan;nan;nan;nan;nan;nan;nan;nan;nan;nan;nan;nan;nan;nan;nan;nan;nan;nan;nan;nan;nan;nan;nan;nan;nan;nan;nan;nan;nan;nan;nan;nan;nan;nan;nan;nan;nan;nan;nan;nan;nan;nan;nan;nan;nan;nan;nan;nan;nan;nan;nan;nan;nan;nan;nan;nan;nan;nan;nan;nan;nan;nan;nan;nan;nan;nan;nan;nan;nan;nan;nan;nan;nan;nan;nan;nan;nan;nan;nan;nan;nan;nan;nan;nan;nan;nan;nan;nan;nan;nan;nan;nan;nan;nan;nan;nan;nan;nan;nan;nan;nan;nan;nan;nan;nan;nan;nan;nan;nan;nan;nan;nan;nan;nan;nan;nan;nan;nan;nan;nan;nan;nan;nan;nan;nan;nan;nan;nan;nan;nan;nan;nan;nan;nan;nan;nan;nan;nan;nan;nan;nan;nan;nan;nan;nan;nan;nan;nan;nan;nan;nan;nan;nan;nan;nan;nan;nan;nan;nan;nan;nan;nan;nan;nan;nan;nan;nan;nan;nan;nan;nan;nan;nan;nan;nan;nan;nan;nan;nan;nan;nan;nan;nan;nan;nan;nan;nan;nan;nan;nan;nan;nan;nan;nan;nan;nan;nan;nan;nan;nan;nan;nan;nan;nan;nan;nan;nan;nan;nan;nan;nan;nan;nan;nan;nan;nan;nan;nan;nan;nan;nan;nan;nan;nan;nan;nan;nan;nan;nan;nan;nan;nan;nan;nan;nan;nan;nan;nan;nan;nan;nan;nan;nan;nan;nan;nan;nan;nan;nan;nan;nan;nan;nan;nan;nan;nan;nan;nan;nan;nan;nan;nan;nan;nan;nan;nan;nan;nan;nan;nan;nan;nan;nan;nan;nan;nan;nan;nan;nan;nan;nan;nan;nan;nan;nan;nan;nan;nan;nan;nan;nan;nan;nan;nan;nan;nan;nan;nan;nan;nan;nan;nan;nan;nan;nan;nan;nan;nan;nan;nan;nan;nan;nan;nan;nan;nan;nan;nan;nan;nan;nan;nan;nan;nan;nan;nan;nan;nan;nan;nan;nan;nan;nan;nan;nan;nan;nan;nan;nan;nan;nan;nan;nan;nan;nan;nan;nan;nan;nan;nan;nan;nan;nan;nan;nan;nan;nan;nan;nan;nan;nan;nan;nan;nan;nan;nan;nan;nan;nan;nan;nan;nan;nan;nan;nan;nan;nan;nan;nan;nan;nan;nan;nan;nan;nan;nan;nan;nan;nan;nan;nan;nan;nan;nan;nan;nan;nan;nan;nan;nan;nan;nan;nan;nan;nan;nan;nan;nan;nan;nan;nan;nan;nan;nan;nan;nan;nan;nan;nan;nan;nan;nan;nan;nan;nan;nan;nan;nan;nan;nan;nan;nan;nan;nan;nan;nan;nan;nan;nan;nan;nan;nan;nan;nan;nan;nan;nan;nan;nan;nan;nan;nan;nan;nan;nan;nan;nan;nan;nan;nan;nan;nan;nan;nan;nan;nan;nan;nan;nan;nan;nan;nan;nan;nan;nan;nan;nan;nan;nan;nan;nan;nan;nan;nan;nan;nan;nan;nan;nan;nan;nan;nan;nan;nan;nan;nan;nan;nan;nan;nan;nan;nan;nan;nan;nan;nan;nan;nan;nan;nan;nan;nan;nan;nan;nan;nan;nan;nan;nan;nan;nan;nan;nan;nan;nan;nan;nan;nan;nan;nan;nan;nan;nan;nan;nan;nan;nan;nan;nan;nan;nan;nan;nan;nan;nan;nan;nan;nan;nan;nan;nan;nan;nan;nan;nan;nan;nan;nan;nan;nan;nan;nan;nan;nan;nan;nan;nan;nan;nan;nan;nan;nan;nan;nan;nan;nan;nan;nan;nan;0.6333453;1.4217335314360526;0.6834561834561834;0.5602841669608114;0.5104961832061069;0.4171952;0.21548913501055322;0.9055;0.9047624868365521;0.9693775863545598;0.11397218704223633;0.6333453;1.4217335314360526;0.6834561834561834;0.5602841669608114;0.5104961832061069;0.4171952;0.21548913501055322;0.9055;0.9047624868365521;0.9693775863545598;0.0;0.0;0.0;0.0;0.0;0.0;0.0;0.0;0.0;0.0;0.11397218704223633;0.69838125;0.7174553930222451;0.5552825552825553;0.5552825552825552;0.65522540826173;0.12215542793273926;9820.707;nan;0.8263718263718264;0.8333585295255397;0.9062469214354856;47.064708948135376;nan;nan;nan;nan;nan;nan;nan;nan;nan;nan;nan;nan;nan;nan;nan;nan;nan;nan;nan;nan;nan;nan;nan;nan;nan;nan;nan;nan;nan;nan;nan;nan;nan;nan;nan;nan;nan;nan;nan;nan;nan;nan;nan;nan;nan;nan;nan;nan;nan;nan;nan;nan;nan;nan;nan;nan;nan;nan;nan;nan;nan;nan;nan;nan;nan;nan;nan;nan;nan;nan;nan;nan;nan;nan;nan;nan;nan;nan;nan;nan;nan;nan;nan;nan;nan;nan;nan;nan;nan;nan;nan;nan;nan;nan;nan;nan;nan;nan;nan;nan;nan;nan;nan;nan;nan;nan;nan;nan;nan;nan;nan;nan;nan;nan;nan;nan;nan;nan;nan;nan;nan;nan;nan;nan;nan;nan;nan;nan;nan;nan;nan;nan;nan;nan;nan;nan;nan;nan;nan;nan;nan;nan;nan;nan;nan;nan;nan;nan;nan;nan;nan;nan;nan;nan;nan;nan;nan;nan;nan;nan;nan;nan;nan;nan;nan;nan;nan;nan;nan;nan;nan;nan;nan;nan;nan;nan;nan;nan;nan;nan;nan;nan;nan;nan;nan;nan;nan;nan;nan;nan;nan;nan;nan;nan;nan;nan;nan;nan;nan;nan;nan;nan;nan;nan;nan;nan;nan;nan;nan;nan;nan;nan;nan;nan;nan;nan;nan;nan;nan;nan;nan;nan;nan;nan;nan;nan;nan;nan;nan;nan;nan;nan;nan;nan;nan;nan;nan;nan;nan;nan;nan;nan;nan;nan;nan;nan;nan;nan;nan;nan;nan;nan;nan;nan;nan;nan;nan;nan;nan;nan;nan;nan;nan;nan;nan;nan;nan;nan;nan;nan;nan;nan;nan;nan;nan;nan;nan;nan;nan;nan;nan;nan;nan;nan;nan;nan;nan;nan;nan;nan;nan;nan;nan;nan;nan;nan;nan;nan;nan;nan;nan;nan;nan;nan;nan;nan;nan;nan;nan;nan;nan;nan;nan;nan;nan;nan;nan;nan;nan;nan;nan;nan;nan;nan;nan;nan;nan;nan;nan;nan;nan;nan;nan;nan;nan;nan;nan;nan;nan;nan;nan;nan;nan;nan;nan;nan;nan;nan;nan;nan;nan;nan;nan;nan;nan;nan;nan;nan;nan;nan;nan;nan;nan;nan;nan;nan;nan;nan;nan;nan;nan;nan;nan;nan;nan;nan;nan;nan;nan;nan;nan;nan;nan;nan;nan;nan;nan;nan;nan;nan;nan;nan;nan;nan;nan;nan;nan;nan;nan;nan;nan;nan;nan;nan;nan;nan;nan;nan;nan;nan;nan;nan;nan;nan;nan;nan;nan;nan;nan;nan;nan;nan;nan;nan;nan;nan;nan;nan;nan;nan;nan;nan;nan;nan;nan;nan;nan;nan;nan;nan;nan;nan;nan;nan;nan;nan;nan;nan;nan;nan;nan;nan;nan;nan;nan;nan;nan;nan;nan;nan;nan;nan;nan;nan;nan;nan;nan;nan;nan;nan;nan;nan;nan;nan;nan;nan;nan;nan;nan;nan;nan;nan;nan;nan;nan;nan;nan;nan;nan;nan;nan;nan;nan;nan;nan;nan;nan;nan;nan;nan;nan;nan;nan;nan;nan;nan;nan;nan;nan;nan;nan;nan;nan;nan;nan;nan;nan;nan;nan;nan;nan;nan;nan;nan;nan;nan;nan;nan;nan;nan;nan;nan;nan;nan;nan;nan;nan;nan;nan;nan;nan;nan;nan;nan;nan;nan;nan;nan;nan;nan;nan;nan;nan;nan;nan;nan;nan;nan;nan;nan;nan;nan;nan;nan;nan;nan;nan;nan;nan;nan;nan;nan;nan;nan;nan;nan;nan;nan;nan;nan;nan;nan;nan;nan;nan;nan;nan;nan;nan;nan;nan;nan;nan;nan;nan;nan;nan;nan;nan;nan;nan;nan;nan;nan;nan;nan;nan;nan;nan;nan;nan;nan;nan;nan;nan;nan;nan;nan;nan;nan;nan;nan;nan;nan;nan;nan;nan;nan;nan;nan;nan;nan;nan;nan;nan;nan;nan;nan;nan;nan;nan;nan;nan;nan;nan;nan;nan;nan;nan;nan;nan;nan;nan;nan;nan;nan;nan;nan;nan;nan;0.63305;1.3673372215814699;0.6834561834561834;0.5602841669608114;0.5104961832061069;0.41757667;0.21620810051024136;0.9101;0.9096635510918193;0.9686366868560535;0.11541938781738281;0.63305;1.3673372215814699;0.6834561834561834;0.5602841669608114;0.5104961832061069;0.41757667;0.21620810051024136;0.9101;0.9096635510918193;0.9686366868560535;0.0;0.0;0.0;0.0;0.0;0.0;0.0;0.0;0.0;0.0;0.11541938781738281;0.69838125;0.7174553930222451;0.5552825552825553;0.5552825552825552;0.65522540826173;0.12215542793273926;9820.707;nan;0.8263718263718264;0.8333585295255397;0.9062469214354856;47.064708948135376;nan;nan;nan;nan;nan;nan;nan;nan;nan;nan;nan;nan;nan;nan;nan;nan;nan;nan;nan;nan;nan;nan;nan;nan;nan;nan;nan;nan;nan;nan;nan;nan;nan;nan;nan;nan;nan;nan;nan;nan;nan;nan;nan;nan;nan;nan;nan;nan;nan;nan;nan;nan;nan;nan;nan;nan;nan;nan;nan;nan;nan;nan;nan;nan;nan;nan;nan;nan;nan;nan;nan;nan;nan;nan;nan;nan;nan;nan;nan;nan;nan;nan;nan;nan;nan;nan;nan;nan;nan;nan;nan;nan;nan;nan;nan;nan;nan;nan;nan;nan;nan;nan;nan;nan;nan;nan;nan;nan;nan;nan;nan;nan;nan;nan;nan;nan;nan;nan;nan;nan;nan;nan;nan;nan;nan;nan;nan;nan;nan;nan;nan;nan;nan;nan;nan;nan;nan;nan;nan;nan;nan;nan;nan;nan;nan;nan;nan;nan;nan;nan;nan;nan;nan;nan;nan;nan;nan;nan;nan;nan;nan;nan;nan;nan;nan;nan;nan;nan;nan;nan;nan;nan;nan;nan;nan;nan;nan;nan;nan;nan;nan;nan;nan;nan;nan;nan;nan;nan;nan;nan;nan;nan;nan;nan;nan;nan;nan;nan;nan;nan;nan;nan;nan;nan;nan;nan;nan;nan;nan;nan;nan;nan;nan;nan;nan;nan;nan;nan;nan;nan;nan;nan;nan;nan;nan;nan;nan;nan;nan;nan;nan;nan;nan;nan;nan;nan;nan;nan;nan;nan;nan;nan;nan;nan;nan;nan;nan;nan;nan;nan;nan;nan;nan;nan;nan;nan;nan;nan;nan;nan;nan;nan;nan;nan;nan;nan;nan;nan;nan;nan;nan;nan;nan;nan;nan;nan;nan;nan;nan;nan;nan;nan;nan;nan;nan;nan;nan;nan;nan;nan;nan;nan;nan;nan;nan;nan;nan;nan;nan;nan;nan;nan;nan;nan;nan;nan;nan;nan;nan;nan;nan;nan;nan;nan;nan;nan;nan;nan;nan;nan;nan;nan;nan;nan;nan;nan;nan;nan;nan;nan;nan;nan;nan;nan;nan;nan;nan;nan;nan;nan;nan;nan;nan;nan;nan;nan;nan;nan;nan;nan;nan;nan;nan;nan;nan;nan;nan;nan;nan;nan;nan;nan;nan;nan;nan;nan;nan;nan;nan;nan;nan;nan;nan;nan;nan;nan;nan;nan;nan;nan;nan;nan;nan;nan;nan;nan;nan;nan;nan;nan;nan;nan;nan;nan;nan;nan;nan;nan;nan;nan;nan;nan;nan;nan;nan;nan;nan;nan;nan;nan;nan;nan;nan;nan;nan;nan;nan;nan;nan;nan;nan;nan;nan;nan;nan;nan;nan;nan;nan;nan;nan;nan;nan;nan;nan;nan;nan;nan;nan;nan;nan;nan;nan;nan;nan;nan;nan;nan;nan;nan;nan;nan;nan;nan;nan;nan;nan;nan;nan;nan;nan;nan;nan;nan;nan;nan;nan;nan;nan;nan;nan;nan;nan;nan;nan;nan;nan;nan;nan;nan;nan;nan;nan;nan;nan;nan;nan;nan;nan;nan;nan;nan;nan;nan;nan;nan;nan;nan;nan;nan;nan;nan;nan;nan;nan;nan;nan;nan;nan;nan;nan;nan;nan;nan;nan;nan;nan;nan;nan;nan;nan;nan;nan;nan;nan;nan;nan;nan;nan;nan;nan;nan;nan;nan;nan;nan;nan;nan;nan;nan;nan;nan;nan;nan;nan;nan;nan;nan;nan;nan;nan;nan;nan;nan;nan;nan;nan;nan;nan;nan;nan;nan;nan;nan;nan;nan;nan;nan;nan;nan;nan;nan;nan;nan;nan;nan;nan;nan;nan;nan;nan;nan;nan;nan;nan;nan;nan;nan;nan;nan;nan;nan;nan;nan;nan;nan;nan;nan;nan;nan;nan;nan;nan;nan;nan;nan;nan;nan;nan;nan;nan;nan;nan;nan;nan;nan;nan;nan;nan;nan;nan;nan;nan;nan;nan;nan;nan;nan;nan;nan;nan;nan;nan;nan;nan;nan;nan;nan;nan;nan;nan;nan;nan;nan;nan;nan;nan;nan;nan;nan;nan;nan;nan;nan;nan;nan;nan;nan;nan;nan;0.63333124;1.4225593391942448;0.6834561834561834;0.5602841669608114;0.5104961832061069;0.4204968;0.22381037568656184;0.9004;0.9006913011494977;0.9666774638917435;0.10140204429626465;0.63333124;1.4225593391942448;0.6834561834561834;0.5602841669608114;0.5104961832061069;0.4204968;0.22381037568656184;0.9004;0.9006913011494977;0.9666774638917435;0.0;0.0;0.0;0.0;0.0;0.0;0.0;0.0;0.0;0.0;0.10140204429626465;0.69838125;0.7174553930222451;0.5552825552825553;0.5552825552825552;0.65522540826173;0.12215542793273926;9820.707;nan;0.8263718263718264;0.8333585295255397;0.9062469214354856;47.064708948135376;nan;nan;nan;nan;nan;nan;nan;nan;nan;nan;nan;nan;nan;nan;nan;nan;nan;nan;nan;nan;nan;nan;nan;nan;nan;nan;nan;nan;nan;nan;nan;nan;nan;nan;nan;nan;nan;nan;nan;nan;nan;nan;nan;nan;nan;nan;nan;nan;nan;nan;nan;nan;nan;nan;nan;nan;nan;nan;nan;nan;nan;nan;nan;nan;nan;nan;nan;nan;nan;nan;nan;nan;nan;nan;nan;nan;nan;nan;nan;nan;nan;nan;nan;nan;nan;nan;nan;nan;nan;nan;nan;nan;nan;nan;nan;nan;nan;nan;nan;nan;nan;nan;nan;nan;nan;nan;nan;nan;nan;nan;nan;nan;nan;nan;nan;nan;nan;nan;nan;nan;nan;nan;nan;nan;nan;nan;nan;nan;nan;nan;nan;nan;nan;nan;nan;nan;nan;nan;nan;nan;nan;nan;nan;nan;nan;nan;nan;nan;nan;nan;nan;nan;nan;nan;nan;nan;nan;nan;nan;nan;nan;nan;nan;nan;nan;nan;nan;nan;nan;nan;nan;nan;nan;nan;nan;nan;nan;nan;nan;nan;nan;nan;nan;nan;nan;nan;nan;nan;nan;nan;nan;nan;nan;nan;nan;nan;nan;nan;nan;nan;nan;nan;nan;nan;nan;nan;nan;nan;nan;nan;nan;nan;nan;nan;nan;nan;nan;nan;nan;nan;nan;nan;nan;nan;nan;nan;nan;nan;nan;nan;nan;nan;nan;nan;nan;nan;nan;nan;nan;nan;nan;nan;nan;nan;nan;nan;nan;nan;nan;nan;nan;nan;nan;nan;nan;nan;nan;nan;nan;nan;nan;nan;nan;nan;nan;nan;nan;nan;nan;nan;nan;nan;nan;nan;nan;nan;nan;nan;nan;nan;nan;nan;nan;nan;nan;nan;nan;nan;nan;nan;nan;nan;nan;nan;nan;nan;nan;nan;nan;nan;nan;nan;nan;nan;nan;nan;nan;nan;nan;nan;nan;nan;nan;nan;nan;nan;nan;nan;nan;nan;nan;nan;nan;nan;nan;nan;nan;nan;nan;nan;nan;nan;nan;nan;nan;nan;nan;nan;nan;nan;nan;nan;nan;nan;nan;nan;nan;nan;nan;nan;nan;nan;nan;nan;nan;nan;nan;nan;nan;nan;nan;nan;nan;nan;nan;nan;nan;nan;nan;nan;nan;nan;nan;nan;nan;nan;nan;nan;nan;nan;nan;nan;nan;nan;nan;nan;nan;nan;nan;nan;nan;nan;nan;nan;nan;nan;nan;nan;nan;nan;nan;nan;nan;nan;nan;nan;nan;nan;nan;nan;nan;nan;nan;nan;nan;nan;nan;nan;nan;nan;nan;nan;nan;nan;nan;nan;nan;nan;nan;nan;nan;nan;nan;nan;nan;nan;nan;nan;nan;nan;nan;nan;nan;nan;nan;nan;nan;nan;nan;nan;nan;nan;nan;nan;nan;nan;nan;nan;nan;nan;nan;nan;nan;nan;nan;nan;nan;nan;nan;nan;nan;nan;nan;nan;nan;nan;nan;nan;nan;nan;nan;nan;nan;nan;nan;nan;nan;nan;nan;nan;nan;nan;nan;nan;nan;nan;nan;nan;nan;nan;nan;nan;nan;nan;nan;nan;nan;nan;nan;nan;nan;nan;nan;nan;nan;nan;nan;nan;nan;nan;nan;nan;nan;nan;nan;nan;nan;nan;nan;nan;nan;nan;nan;nan;nan;nan;nan;nan;nan;nan;nan;nan;nan;nan;nan;nan;nan;nan;nan;nan;nan;nan;nan;nan;nan;nan;nan;nan;nan;nan;nan;nan;nan;nan;nan;nan;nan;nan;nan;nan;nan;nan;nan;nan;nan;nan;nan;nan;nan;nan;nan;nan;nan;nan;nan;nan;nan;nan;nan;nan;nan;nan;nan;nan;nan;nan;nan;nan;nan;nan;nan;nan;nan;nan;nan;nan;nan;nan;nan;nan;nan;nan;nan;nan;nan;nan;nan;nan;nan;nan;nan;nan;nan;nan;nan;nan;nan;nan;nan;nan;nan;nan;nan;nan;nan;nan;nan;nan;nan;nan;nan;nan;nan;nan;nan;nan;nan;nan;nan;nan;nan;nan;nan;nan;nan;nan;nan;nan;nan;nan;0.63397926;1.6618598671493816;0.6834561834561834;0.5602841669608114;0.5104961832061069;0.42057225;0.21778138806244587;0.9057;0.9059675099591652;0.9687576473350696;0.11254620552062988;0.63397926;1.6618598671493816;0.6834561834561834;0.5602841669608114;0.5104961832061069;0.42057225;0.21778138806244587;0.9057;0.9059675099591652;0.9687576473350696;0.0;0.0;0.0;0.0;0.0;0.0;0.0;0.0;0.0;0.0;0.11254620552062988;0.69838125;0.7174553930222451;0.5552825552825553;0.5552825552825552;0.65522540826173;0.12215542793273926;9820.707;nan;0.8263718263718264;0.8333585295255397;0.9062469214354856;47.064708948135376;nan;nan;nan;nan;nan;nan;nan;nan;nan;nan;nan;nan;nan;nan;nan;nan;nan;nan;nan;nan;nan;nan;nan;nan;nan;nan;nan;nan;nan;nan;nan;nan;nan;nan;nan;nan;nan;nan;nan;nan;nan;nan;nan;nan;nan;nan;nan;nan;nan;nan;nan;nan;nan;nan;nan;nan;nan;nan;nan;nan;nan;nan;nan;nan;nan;nan;nan;nan;nan;nan;nan;nan;nan;nan;nan;nan;nan;nan;nan;nan;nan;nan;nan;nan;nan;nan;nan;nan;nan;nan;nan;nan;nan;nan;nan;nan;nan;nan;nan;nan;nan;nan;nan;nan;nan;nan;nan;nan;nan;nan;nan;nan;nan;nan;nan;nan;nan;nan;nan;nan;nan;nan;nan;nan;nan;nan;nan;nan;nan;nan;nan;nan;nan;nan;nan;nan;nan;nan;nan;nan;nan;nan;nan;nan;nan;nan;nan;nan;nan;nan;nan;nan;nan;nan;nan;nan;nan;nan;nan;nan;nan;nan;nan;nan;nan;nan;nan;nan;nan;nan;nan;nan;nan;nan;nan;nan;nan;nan;nan;nan;nan;nan;nan;nan;nan;nan;nan;nan;nan;nan;nan;nan;nan;nan;nan;nan;nan;nan;nan;nan;nan;nan;nan;nan;nan;nan;nan;nan;nan;nan;nan;nan;nan;nan;nan;nan;nan;nan;nan;nan;nan;nan;nan;nan;nan;nan;nan;nan;nan;nan;nan;nan;nan;nan;nan;nan;nan;nan;nan;nan;nan;nan;nan;nan;nan;nan;nan;nan;nan;nan;nan;nan;nan;nan;nan;nan;nan;nan;nan;nan;nan;nan;nan;nan;nan;nan;nan;nan;nan;nan;nan;nan;nan;nan;nan;nan;nan;nan;nan;nan;nan;nan;nan;nan;nan;nan;nan;nan;nan;nan;nan;nan;nan;nan;nan;nan;nan;nan;nan;nan;nan;nan;nan;nan;nan;nan;nan;nan;nan;nan;nan;nan;nan;nan;nan;nan;nan;nan;nan;nan;nan;nan;nan;nan;nan;nan;nan;nan;nan;nan;nan;nan;nan;nan;nan;nan;nan;nan;nan;nan;nan;nan;nan;nan;nan;nan;nan;nan;nan;nan;nan;nan;nan;nan;nan;nan;nan;nan;nan;nan;nan;nan;nan;nan;nan;nan;nan;nan;nan;nan;nan;nan;nan;nan;nan;nan;nan;nan;nan;nan;nan;nan;nan;nan;nan;nan;nan;nan;nan;nan;nan;nan;nan;nan;nan;nan;nan;nan;nan;nan;nan;nan;nan;nan;nan;nan;nan;nan;nan;nan;nan;nan;nan;nan;nan;nan;nan;nan;nan;nan;nan;nan;nan;nan;nan;nan;nan;nan;nan;nan;nan;nan;nan;nan;nan;nan;nan;nan;nan;nan;nan;nan;nan;nan;nan;nan;nan;nan;nan;nan;nan;nan;nan;nan;nan;nan;nan;nan;nan;nan;nan;nan;nan;nan;nan;nan;nan;nan;nan;nan;nan;nan;nan;nan;nan;nan;nan;nan;nan;nan;nan;nan;nan;nan;nan;nan;nan;nan;nan;nan;nan;nan;nan;nan;nan;nan;nan;nan;nan;nan;nan;nan;nan;nan;nan;nan;nan;nan;nan;nan;nan;nan;nan;nan;nan;nan;nan;nan;nan;nan;nan;nan;nan;nan;nan;nan;nan;nan;nan;nan;nan;nan;nan;nan;nan;nan;nan;nan;nan;nan;nan;nan;nan;nan;nan;nan;nan;nan;nan;nan;nan;nan;nan;nan;nan;nan;nan;nan;nan;nan;nan;nan;nan;nan;nan;nan;nan;nan;nan;nan;nan;nan;nan;nan;nan;nan;nan;nan;nan;nan;nan;nan;nan;nan;nan;nan;nan;nan;nan;nan;nan;nan;nan;nan;nan;nan;nan;nan;nan;nan;nan;nan;nan;nan;nan;nan;nan;nan;nan;nan;nan;nan;nan;nan;nan;nan;nan;nan;nan;nan;nan;nan;nan;nan;nan;nan;nan;nan;nan;nan;nan;nan;nan;nan;nan;nan;nan;nan;nan;nan;nan;nan;nan;nan;nan;nan;nan;nan;nan;nan;nan;nan;nan;nan;nan;nan;nan;nan;nan;nan;0.6373066;1.7817637193399258;0.6820229320229321;0.581689465264264;0.5186993514216174;0.4216875;0.2245038278507584;0.9047;0.9048997631498736;0.966136049835282;0.11044788360595703;0.6373066;1.7817637193399258;0.6820229320229321;0.581689465264264;0.5186993514216174;0.4216875;0.2245038278507584;0.9047;0.9048997631498736;0.966136049835282;0.0;0.0;0.0;0.0;0.0;0.0;0.0;0.0;0.0;0.0;0.11044788360595703;0.69838125;0.7174553930222451;0.5552825552825553;0.5552825552825552;0.65522540826173;0.12215542793273926;9820.707;nan;0.8263718263718264;0.8333585295255397;0.9062469214354856;47.064708948135376;nan;nan;nan;nan;nan;nan;nan;nan;nan;nan;nan;nan;nan;nan;nan;nan;nan;nan;nan;nan;nan;nan;nan;nan;nan;nan;nan;nan;nan;nan;nan;nan;nan;nan;nan;nan;nan;nan;nan;nan;nan;nan;nan;nan;nan;nan;nan;nan;nan;nan;nan;nan;nan;nan;nan;nan;nan;nan;nan;nan;nan;nan;nan;nan;nan;nan;nan;nan;nan;nan;nan;nan;nan;nan;nan;nan;nan;nan;nan;nan;nan;nan;nan;nan;nan;nan;nan;nan;nan;nan;nan;nan;nan;nan;nan;nan;nan;nan;nan;nan;nan;nan;nan;nan;nan;nan;nan;nan;nan;nan;nan;nan;nan;nan;nan;nan;nan;nan;nan;nan;nan;nan;nan;nan;nan;nan;nan;nan;nan;nan;nan;nan;nan;nan;nan;nan;nan;nan;nan;nan;nan;nan;nan;nan;nan;nan;nan;nan;nan;nan;nan;nan;nan;nan;nan;nan;nan;nan;nan;nan;nan;nan;nan;nan;nan;nan;nan;nan;nan;nan;nan;nan;nan;nan;nan;nan;nan;nan;nan;nan;nan;nan;nan;nan;nan;nan;nan;nan;nan;nan;nan;nan;nan;nan;nan;nan;nan;nan;nan;nan;nan;nan;nan;nan;nan;nan;nan;nan;nan;nan;nan;nan;nan;nan;nan;nan;nan;nan;nan;nan;nan;nan;nan;nan;nan;nan;nan;nan;nan;nan;nan;nan;nan;nan;nan;nan;nan;nan;nan;nan;nan;nan;nan;nan;nan;nan;nan;nan;nan;nan;nan;nan;nan;nan;nan;nan;nan;nan;nan;nan;nan;nan;nan;nan;nan;nan;nan;nan;nan;nan;nan;nan;nan;nan;nan;nan;nan;nan;nan;nan;nan;nan;nan;nan;nan;nan;nan;nan;nan;nan;nan;nan;nan;nan;nan;nan;nan;nan;nan;nan;nan;nan;nan;nan;nan;nan;nan;nan;nan;nan;nan;nan;nan;nan;nan;nan;nan;nan;nan;nan;nan;nan;nan;nan;nan;nan;nan;nan;nan;nan;nan;nan;nan;nan;nan;nan;nan;nan;nan;nan;nan;nan;nan;nan;nan;nan;nan;nan;nan;nan;nan;nan;nan;nan;nan;nan;nan;nan;nan;nan;nan;nan;nan;nan;nan;nan;nan;nan;nan;nan;nan;nan;nan;nan;nan;nan;nan;nan;nan;nan;nan;nan;nan;nan;nan;nan;nan;nan;nan;nan;nan;nan;nan;nan;nan;nan;nan;nan;nan;nan;nan;nan;nan;nan;nan;nan;nan;nan;nan;nan;nan;nan;nan;nan;nan;nan;nan;nan;nan;nan;nan;nan;nan;nan;nan;nan;nan;nan;nan;nan;nan;nan;nan;nan;nan;nan;nan;nan;nan;nan;nan;nan;nan;nan;nan;nan;nan;nan;nan;nan;nan;nan;nan;nan;nan;nan;nan;nan;nan;nan;nan;nan;nan;nan;nan;nan;nan;nan;nan;nan;nan;nan;nan;nan;nan;nan;nan;nan;nan;nan;nan;nan;nan;nan;nan;nan;nan;nan;nan;nan;nan;nan;nan;nan;nan;nan;nan;nan;nan;nan;nan;nan;nan;nan;nan;nan;nan;nan;nan;nan;nan;nan;nan;nan;nan;nan;nan;nan;nan;nan;nan;nan;nan;nan;nan;nan;nan;nan;nan;nan;nan;nan;nan;nan;nan;nan;nan;nan;nan;nan;nan;nan;nan;nan;nan;nan;nan;nan;nan;nan;nan;nan;nan;nan;nan;nan;nan;nan;nan;nan;nan;nan;nan;nan;nan;nan;nan;nan;nan;nan;nan;nan;nan;nan;nan;nan;nan;nan;nan;nan;nan;nan;nan;nan;nan;nan;nan;nan;nan;nan;nan;nan;nan;nan;nan;nan;nan;nan;nan;nan;nan;nan;nan;nan;nan;nan;nan;nan;nan;nan;nan;nan;nan;nan;nan;nan;nan;nan;nan;nan;nan;nan;nan;nan;nan;nan;nan;nan;nan;nan;nan;nan;nan;nan;nan;nan;nan;nan;nan;nan;nan;nan;nan;nan;nan;nan;nan;nan;nan;nan;nan;nan;nan;nan;nan;nan;nan;nan;nan;nan;0.63288254;1.2845137813356875;0.6834561834561834;0.5602841669608114;0.508587786259542;0.4202831;0.22164422767478906;0.9062;0.9057361829064499;0.9675609911963312;0.11538887023925781;0.63288254;1.2845137813356875;0.6834561834561834;0.5602841669608114;0.508587786259542;0.4202831;0.22164422767478906;0.9062;0.9057361829064499;0.9675609911963312;0.0;0.0;0.0;0.0;0.0;0.0;0.0;0.0;0.0;0.0;0.11538887023925781;0.69838125;0.7174553930222451;0.5552825552825553;0.5552825552825552;0.65522540826173;0.12215542793273926;9820.707;nan;0.8263718263718264;0.8333585295255397;0.9062469214354856;47.064708948135376;nan;nan;nan;nan;nan;nan;nan;nan;nan;nan;nan;nan;nan;nan;nan;nan;nan;nan;nan;nan;nan;nan;nan;nan;nan;nan;nan;nan;nan;nan;nan;nan;nan;nan;nan;nan;nan;nan;nan;nan;nan;nan;nan;nan;nan;nan;nan;nan;nan;nan;nan;nan;nan;nan;nan;nan;nan;nan;nan;nan;nan;nan;nan;nan;nan;nan;nan;nan;nan;nan;nan;nan;nan;nan;nan;nan;nan;nan;nan;nan;nan;nan;nan;nan;nan;nan;nan;nan;nan;nan;nan;nan;nan;nan;nan;nan;nan;nan;nan;nan;nan;nan;nan;nan;nan;nan;nan;nan;nan;nan;nan;nan;nan;nan;nan;nan;nan;nan;nan;nan;nan;nan;nan;nan;nan;nan;nan;nan;nan;nan;nan;nan;nan;nan;nan;nan;nan;nan;nan;nan;nan;nan;nan;nan;nan;nan;nan;nan;nan;nan;nan;nan;nan;nan;nan;nan;nan;nan;nan;nan;nan;nan;nan;nan;nan;nan;nan;nan;nan;nan;nan;nan;nan;nan;nan;nan;nan;nan;nan;nan;nan;nan;nan;nan;nan;nan;nan;nan;nan;nan;nan;nan;nan;nan;nan;nan;nan;nan;nan;nan;nan;nan;nan;nan;nan;nan;nan;nan;nan;nan;nan;nan;nan;nan;nan;nan;nan;nan;nan;nan;nan;nan;nan;nan;nan;nan;nan;nan;nan;nan;nan;nan;nan;nan;nan;nan;nan;nan;nan;nan;nan;nan;nan;nan;nan;nan;nan;nan;nan;nan;nan;nan;nan;nan;nan;nan;nan;nan;nan;nan;nan;nan;nan;nan;nan;nan;nan;nan;nan;nan;nan;nan;nan;nan;nan;nan;nan;nan;nan;nan;nan;nan;nan;nan;nan;nan;nan;nan;nan;nan;nan;nan;nan;nan;nan;nan;nan;nan;nan;nan;nan;nan;nan;nan;nan;nan;nan;nan;nan;nan;nan;nan;nan;nan;nan;nan;nan;nan;nan;nan;nan;nan;nan;nan;nan;nan;nan;nan;nan;nan;nan;nan;nan;nan;nan;nan;nan;nan;nan;nan;nan;nan;nan;nan;nan;nan;nan;nan;nan;nan;nan;nan;nan;nan;nan;nan;nan;nan;nan;nan;nan;nan;nan;nan;nan;nan;nan;nan;nan;nan;nan;nan;nan;nan;nan;nan;nan;nan;nan;nan;nan;nan;nan;nan;nan;nan;nan;nan;nan;nan;nan;nan;nan;nan;nan;nan;nan;nan;nan;nan;nan;nan;nan;nan;nan;nan;nan;nan;nan;nan;nan;nan;nan;nan;nan;nan;nan;nan;nan;nan;nan;nan;nan;nan;nan;nan;nan;nan;nan;nan;nan;nan;nan;nan;nan;nan;nan;nan;nan;nan;nan;nan;nan;nan;nan;nan;nan;nan;nan;nan;nan;nan;nan;nan;nan;nan;nan;nan;nan;nan;nan;nan;nan;nan;nan;nan;nan;nan;nan;nan;nan;nan;nan;nan;nan;nan;nan;nan;nan;nan;nan;nan;nan;nan;nan;nan;nan;nan;nan;nan;nan;nan;nan;nan;nan;nan;nan;nan;nan;nan;nan;nan;nan;nan;nan;nan;nan;nan;nan;nan;nan;nan;nan;nan;nan;nan;nan;nan;nan;nan;nan;nan;nan;nan;nan;nan;nan;nan;nan;nan;nan;nan;nan;nan;nan;nan;nan;nan;nan;nan;nan;nan;nan;nan;nan;nan;nan;nan;nan;nan;nan;nan;nan;nan;nan;nan;nan;nan;nan;nan;nan;nan;nan;nan;nan;nan;nan;nan;nan;nan;nan;nan;nan;nan;nan;nan;nan;nan;nan;nan;nan;nan;nan;nan;nan;nan;nan;nan;nan;nan;nan;nan;nan;nan;nan;nan;nan;nan;nan;nan;nan;nan;nan;nan;nan;nan;nan;nan;nan;nan;nan;nan;nan;nan;nan;nan;nan;nan;nan;nan;nan;nan;nan;nan;nan;nan;nan;nan;nan;nan;nan;nan;nan;nan;nan;nan;nan;nan;nan;nan;nan;nan;nan;nan;nan;nan;nan;nan;nan;nan;nan;nan;nan;nan;nan;nan;nan;nan;nan;nan;0.63327473;1.415623375587583;0.6834561834561834;0.5602841669608114;0.5104961832061069;0.41677365;0.21354005877855997;0.9063;0.9065543896413932;0.9695609132098463;0.1229865550994873;0.63327473;1.415623375587583;0.6834561834561834;0.5602841669608114;0.5104961832061069;0.41677365;0.21354005877855997;0.9063;0.9065543896413932;0.9695609132098463;0.0;0.0;0.0;0.0;0.0;0.0;0.0;0.0;0.0;0.0;0.1229865550994873;0.69838125;0.7174553930222451;0.5552825552825553;0.5552825552825552;0.65522540826173;0.12215542793273926;9820.707;nan;0.8263718263718264;0.8333585295255397;0.9062469214354856;47.064708948135376;nan;nan;nan;nan;nan;nan;nan;nan;nan;nan;nan;nan;nan;nan;nan;nan;nan;nan;nan;nan;nan;nan;nan;nan;nan;nan;nan;nan;nan;nan;nan;nan;nan;nan;nan;nan;nan;nan;nan;nan;nan;nan;nan;nan;nan;nan;nan;nan;nan;nan;nan;nan;nan;nan;nan;nan;nan;nan;nan;nan;nan;nan;nan;nan;nan;nan;nan;nan;nan;nan;nan;nan;nan;nan;nan;nan;nan;nan;nan;nan;nan;nan;nan;nan;nan;nan;nan;nan;nan;nan;nan;nan;nan;nan;nan;nan;nan;nan;nan;nan;nan;nan;nan;nan;nan;nan;nan;nan;nan;nan;nan;nan;nan;nan;nan;nan;nan;nan;nan;nan;nan;nan;nan;nan;nan;nan;nan;nan;nan;nan;nan;nan;nan;nan;nan;nan;nan;nan;nan;nan;nan;nan;nan;nan;nan;nan;nan;nan;nan;nan;nan;nan;nan;nan;nan;nan;nan;nan;nan;nan;nan;nan;nan;nan;nan;nan;nan;nan;nan;nan;nan;nan;nan;nan;nan;nan;nan;nan;nan;nan;nan;nan;nan;nan;nan;nan;nan;nan;nan;nan;nan;nan;nan;nan;nan;nan;nan;nan;nan;nan;nan;nan;nan;nan;nan;nan;nan;nan;nan;nan;nan;nan;nan;nan;nan;nan;nan;nan;nan;nan;nan;nan;nan;nan;nan;nan;nan;nan;nan;nan;nan;nan;nan;nan;nan;nan;nan;nan;nan;nan;nan;nan;nan;nan;nan;nan;nan;nan;nan;nan;nan;nan;nan;nan;nan;nan;nan;nan;nan;nan;nan;nan;nan;nan;nan;nan;nan;nan;nan;nan;nan;nan;nan;nan;nan;nan;nan;nan;nan;nan;nan;nan;nan;nan;nan;nan;nan;nan;nan;nan;nan;nan;nan;nan;nan;nan;nan;nan;nan;nan;nan;nan;nan;nan;nan;nan;nan;nan;nan;nan;nan;nan;nan;nan;nan;nan;nan;nan;nan;nan;nan;nan;nan;nan;nan;nan;nan;nan;nan;nan;nan;nan;nan;nan;nan;nan;nan;nan;nan;nan;nan;nan;nan;nan;nan;nan;nan;nan;nan;nan;nan;nan;nan;nan;nan;nan;nan;nan;nan;nan;nan;nan;nan;nan;nan;nan;nan;nan;nan;nan;nan;nan;nan;nan;nan;nan;nan;nan;nan;nan;nan;nan;nan;nan;nan;nan;nan;nan;nan;nan;nan;nan;nan;nan;nan;nan;nan;nan;nan;nan;nan;nan;nan;nan;nan;nan;nan;nan;nan;nan;nan;nan;nan;nan;nan;nan;nan;nan;nan;nan;nan;nan;nan;nan;nan;nan;nan;nan;nan;nan;nan;nan;nan;nan;nan;nan;nan;nan;nan;nan;nan;nan;nan;nan;nan;nan;nan;nan;nan;nan;nan;nan;nan;nan;nan;nan;nan;nan;nan;nan;nan;nan;nan;nan;nan;nan;nan;nan;nan;nan;nan;nan;nan;nan;nan;nan;nan;nan;nan;nan;nan;nan;nan;nan;nan;nan;nan;nan;nan;nan;nan;nan;nan;nan;nan;nan;nan;nan;nan;nan;nan;nan;nan;nan;nan;nan;nan;nan;nan;nan;nan;nan;nan;nan;nan;nan;nan;nan;nan;nan;nan;nan;nan;nan;nan;nan;nan;nan;nan;nan;nan;nan;nan;nan;nan;nan;nan;nan;nan;nan;nan;nan;nan;nan;nan;nan;nan;nan;nan;nan;nan;nan;nan;nan;nan;nan;nan;nan;nan;nan;nan;nan;nan;nan;nan;nan;nan;nan;nan;nan;nan;nan;nan;nan;nan;nan;nan;nan;nan;nan;nan;nan;nan;nan;nan;nan;nan;nan;nan;nan;nan;nan;nan;nan;nan;nan;nan;nan;nan;nan;nan;nan;nan;nan;nan;nan;nan;nan;nan;nan;nan;nan;nan;nan;nan;nan;nan;nan;nan;nan;nan;nan;nan;nan;nan;nan;nan;nan;nan;nan;nan;nan;nan;nan;nan;nan;nan;nan;nan;nan;nan;nan;nan;nan;nan;nan;nan;nan;nan;nan;nan;nan;nan;nan;nan;nan;nan;nan;nan;nan;0.6338097;1.5720292135186817;0.6834561834561834;0.5602841669608114;0.5104961832061069;0.4202471;0.2168279623897848;0.9028;0.9029735425857547;0.9690071600965112;0.10161447525024414;0.6338097;1.5720292135186817;0.6834561834561834;0.5602841669608114;0.5104961832061069;0.4202471;0.2168279623897848;0.9028;0.9029735425857547;0.9690071600965112;0.0;0.0;0.0;0.0;0.0;0.0;0.0;0.0;0.0;0.0;0.10161447525024414;0.69838125;0.7174553930222451;0.5552825552825553;0.5552825552825552;0.65522540826173;0.12215542793273926;9820.707;nan;0.8263718263718264;0.8333585295255397;0.9062469214354856;47.064708948135376;nan;nan;nan;nan;nan;nan;nan;nan;nan;nan;nan;nan;nan;nan;nan;nan;nan;nan;nan;nan;nan;nan;nan;nan;nan;nan;nan;nan;nan;nan;nan;nan;nan;nan;nan;nan;nan;nan;nan;nan;nan;nan;nan;nan;nan;nan;nan;nan;nan;nan;nan;nan;nan;nan;nan;nan;nan;nan;nan;nan;nan;nan;nan;nan;nan;nan;nan;nan;nan;nan;nan;nan;nan;nan;nan;nan;nan;nan;nan;nan;nan;nan;nan;nan;nan;nan;nan;nan;nan;nan;nan;nan;nan;nan;nan;nan;nan;nan;nan;nan;nan;nan;nan;nan;nan;nan;nan;nan;nan;nan;nan;nan;nan;nan;nan;nan;nan;nan;nan;nan;nan;nan;nan;nan;nan;nan;nan;nan;nan;nan;nan;nan;nan;nan;nan;nan;nan;nan;nan;nan;nan;nan;nan;nan;nan;nan;nan;nan;nan;nan;nan;nan;nan;nan;nan;nan;nan;nan;nan;nan;nan;nan;nan;nan;nan;nan;nan;nan;nan;nan;nan;nan;nan;nan;nan;nan;nan;nan;nan;nan;nan;nan;nan;nan;nan;nan;nan;nan;nan;nan;nan;nan;nan;nan;nan;nan;nan;nan;nan;nan;nan;nan;nan;nan;nan;nan;nan;nan;nan;nan;nan;nan;nan;nan;nan;nan;nan;nan;nan;nan;nan;nan;nan;nan;nan;nan;nan;nan;nan;nan;nan;nan;nan;nan;nan;nan;nan;nan;nan;nan;nan;nan;nan;nan;nan;nan;nan;nan;nan;nan;nan;nan;nan;nan;nan;nan;nan;nan;nan;nan;nan;nan;nan;nan;nan;nan;nan;nan;nan;nan;nan;nan;nan;nan;nan;nan;nan;nan;nan;nan;nan;nan;nan;nan;nan;nan;nan;nan;nan;nan;nan;nan;nan;nan;nan;nan;nan;nan;nan;nan;nan;nan;nan;nan;nan;nan;nan;nan;nan;nan;nan;nan;nan;nan;nan;nan;nan;nan;nan;nan;nan;nan;nan;nan;nan;nan;nan;nan;nan;nan;nan;nan;nan;nan;nan;nan;nan;nan;nan;nan;nan;nan;nan;nan;nan;nan;nan;nan;nan;nan;nan;nan;nan;nan;nan;nan;nan;nan;nan;nan;nan;nan;nan;nan;nan;nan;nan;nan;nan;nan;nan;nan;nan;nan;nan;nan;nan;nan;nan;nan;nan;nan;nan;nan;nan;nan;nan;nan;nan;nan;nan;nan;nan;nan;nan;nan;nan;nan;nan;nan;nan;nan;nan;nan;nan;nan;nan;nan;nan;nan;nan;nan;nan;nan;nan;nan;nan;nan;nan;nan;nan;nan;nan;nan;nan;nan;nan;nan;nan;nan;nan;nan;nan;nan;nan;nan;nan;nan;nan;nan;nan;nan;nan;nan;nan;nan;nan;nan;nan;nan;nan;nan;nan;nan;nan;nan;nan;nan;nan;nan;nan;nan;nan;nan;nan;nan;nan;nan;nan;nan;nan;nan;nan;nan;nan;nan;nan;nan;nan;nan;nan;nan;nan;nan;nan;nan;nan;nan;nan;nan;nan;nan;nan;nan;nan;nan;nan;nan;nan;nan;nan;nan;nan;nan;nan;nan;nan;nan;nan;nan;nan;nan;nan;nan;nan;nan;nan;nan;nan;nan;nan;nan;nan;nan;nan;nan;nan;nan;nan;nan;nan;nan;nan;nan;nan;nan;nan;nan;nan;nan;nan;nan;nan;nan;nan;nan;nan;nan;nan;nan;nan;nan;nan;nan;nan;nan;nan;nan;nan;nan;nan;nan;nan;nan;nan;nan;nan;nan;nan;nan;nan;nan;nan;nan;nan;nan;nan;nan;nan;nan;nan;nan;nan;nan;nan;nan;nan;nan;nan;nan;nan;nan;nan;nan;nan;nan;nan;nan;nan;nan;nan;nan;nan;nan;nan;nan;nan;nan;nan;nan;nan;nan;nan;nan;nan;nan;nan;nan;nan;nan;nan;nan;nan;nan;nan;nan;nan;nan;nan;nan;nan;nan;nan;nan;nan;nan;nan;nan;nan;nan;nan;nan;nan;nan;nan;nan;nan;nan;nan;nan;nan;nan;nan;nan;nan;nan;nan;nan;nan;nan;0.6330636;1.3479607070474104;0.6834561834561834;0.5602841669608114;0.5104961832061069;0.41604254;0.21572098123249717;0.9107;0.9102300822775509;0.9687000352590409;0.11375951766967773;0.6330636;1.3479607070474104;0.6834561834561834;0.5602841669608114;0.5104961832061069;0.41604254;0.21572098123249717;0.9107;0.9102300822775509;0.9687000352590409;0.0;0.0;0.0;0.0;0.0;0.0;0.0;0.0;0.0;0.0;0.11375951766967773;0.69838125;0.7174553930222451;0.5552825552825553;0.5552825552825552;0.65522540826173;0.12215542793273926;9820.707;nan;0.8263718263718264;0.8333585295255397;0.9062469214354856;47.064708948135376;nan;nan;nan;nan;nan;nan;nan;nan;nan;nan;nan;nan;nan;nan;nan;nan;nan;nan;nan;nan;nan;nan;nan;nan;nan;nan;nan;nan;nan;nan;nan;nan;nan;nan;nan;nan;nan;nan;nan;nan;nan;nan;nan;nan;nan;nan;nan;nan;nan;nan;nan;nan;nan;nan;nan;nan;nan;nan;nan;nan;nan;nan;nan;nan;nan;nan;nan;nan;nan;nan;nan;nan;nan;nan;nan;nan;nan;nan;nan;nan;nan;nan;nan;nan;nan;nan;nan;nan;nan;nan;nan;nan;nan;nan;nan;nan;nan;nan;nan;nan;nan;nan;nan;nan;nan;nan;nan;nan;nan;nan;nan;nan;nan;nan;nan;nan;nan;nan;nan;nan;nan;nan;nan;nan;nan;nan;nan;nan;nan;nan;nan;nan;nan;nan;nan;nan;nan;nan;nan;nan;nan;nan;nan;nan;nan;nan;nan;nan;nan;nan;nan;nan;nan;nan;nan;nan;nan;nan;nan;nan;nan;nan;nan;nan;nan;nan;nan;nan;nan;nan;nan;nan;nan;nan;nan;nan;nan;nan;nan;nan;nan;nan;nan;nan;nan;nan;nan;nan;nan;nan;nan;nan;nan;nan;nan;nan;nan;nan;nan;nan;nan;nan;nan;nan;nan;nan;nan;nan;nan;nan;nan;nan;nan;nan;nan;nan;nan;nan;nan;nan;nan;nan;nan;nan;nan;nan;nan;nan;nan;nan;nan;nan;nan;nan;nan;nan;nan;nan;nan;nan;nan;nan;nan;nan;nan;nan;nan;nan;nan;nan;nan;nan;nan;nan;nan;nan;nan;nan;nan;nan;nan;nan;nan;nan;nan;nan;nan;nan;nan;nan;nan;nan;nan;nan;nan;nan;nan;nan;nan;nan;nan;nan;nan;nan;nan;nan;nan;nan;nan;nan;nan;nan;nan;nan;nan;nan;nan;nan;nan;nan;nan;nan;nan;nan;nan;nan;nan;nan;nan;nan;nan;nan;nan;nan;nan;nan;nan;nan;nan;nan;nan;nan;nan;nan;nan;nan;nan;nan;nan;nan;nan;nan;nan;nan;nan;nan;nan;nan;nan;nan;nan;nan;nan;nan;nan;nan;nan;nan;nan;nan;nan;nan;nan;nan;nan;nan;nan;nan;nan;nan;nan;nan;nan;nan;nan;nan;nan;nan;nan;nan;nan;nan;nan;nan;nan;nan;nan;nan;nan;nan;nan;nan;nan;nan;nan;nan;nan;nan;nan;nan;nan;nan;nan;nan;nan;nan;nan;nan;nan;nan;nan;nan;nan;nan;nan;nan;nan;nan;nan;nan;nan;nan;nan;nan;nan;nan;nan;nan;nan;nan;nan;nan;nan;nan;nan;nan;nan;nan;nan;nan;nan;nan;nan;nan;nan;nan;nan;nan;nan;nan;nan;nan;nan;nan;nan;nan;nan;nan;nan;nan;nan;nan;nan;nan;nan;nan;nan;nan;nan;nan;nan;nan;nan;nan;nan;nan;nan;nan;nan;nan;nan;nan;nan;nan;nan;nan;nan;nan;nan;nan;nan;nan;nan;nan;nan;nan;nan;nan;nan;nan;nan;nan;nan;nan;nan;nan;nan;nan;nan;nan;nan;nan;nan;nan;nan;nan;nan;nan;nan;nan;nan;nan;nan;nan;nan;nan;nan;nan;nan;nan;nan;nan;nan;nan;nan;nan;nan;nan;nan;nan;nan;nan;nan;nan;nan;nan;nan;nan;nan;nan;nan;nan;nan;nan;nan;nan;nan;nan;nan;nan;nan;nan;nan;nan;nan;nan;nan;nan;nan;nan;nan;nan;nan;nan;nan;nan;nan;nan;nan;nan;nan;nan;nan;nan;nan;nan;nan;nan;nan;nan;nan;nan;nan;nan;nan;nan;nan;nan;nan;nan;nan;nan;nan;nan;nan;nan;nan;nan;nan;nan;nan;nan;nan;nan;nan;nan;nan;nan;nan;nan;nan;nan;nan;nan;nan;nan;nan;nan;nan;nan;nan;nan;nan;nan;nan;nan;nan;nan;nan;nan;nan;nan;nan;nan;nan;nan;nan;nan;nan;nan;nan;nan;nan;nan;nan;nan;nan;nan;nan;nan;nan;nan;nan;nan;nan;nan;nan;nan;nan;nan;0.63348484;1.4689938242693725;0.6834561834561834;0.5602841669608114;0.5104961832061069;0.4172546;0.21581637738529297;0.9066;0.9060207152244396;0.9688987978845076;0.10921835899353027;0.63348484;1.4689938242693725;0.6834561834561834;0.5602841669608114;0.5104961832061069;0.4172546;0.21581637738529297;0.9066;0.9060207152244396;0.9688987978845076;0.0;0.0;0.0;0.0;0.0;0.0;0.0;0.0;0.0;0.0;0.10921835899353027;0.69838125;0.7174553930222451;0.5552825552825553;0.5552825552825552;0.65522540826173;0.12215542793273926;9820.707;nan;0.8263718263718264;0.8333585295255397;0.9062469214354856;47.064708948135376;nan;nan;nan;nan;nan;nan;nan;nan;nan;nan;nan;nan;nan;nan;nan;nan;nan;nan;nan;nan;nan;nan;nan;nan;nan;nan;nan;nan;nan;nan;nan;nan;nan;nan;nan;nan;nan;nan;nan;nan;nan;nan;nan;nan;nan;nan;nan;nan;nan;nan;nan;nan;nan;nan;nan;nan;nan;nan;nan;nan;nan;nan;nan;nan;nan;nan;nan;nan;nan;nan;nan;nan;nan;nan;nan;nan;nan;nan;nan;nan;nan;nan;nan;nan;nan;nan;nan;nan;nan;nan;nan;nan;nan;nan;nan;nan;nan;nan;nan;nan;nan;nan;nan;nan;nan;nan;nan;nan;nan;nan;nan;nan;nan;nan;nan;nan;nan;nan;nan;nan;nan;nan;nan;nan;nan;nan;nan;nan;nan;nan;nan;nan;nan;nan;nan;nan;nan;nan;nan;nan;nan;nan;nan;nan;nan;nan;nan;nan;nan;nan;nan;nan;nan;nan;nan;nan;nan;nan;nan;nan;nan;nan;nan;nan;nan;nan;nan;nan;nan;nan;nan;nan;nan;nan;nan;nan;nan;nan;nan;nan;nan;nan;nan;nan;nan;nan;nan;nan;nan;nan;nan;nan;nan;nan;nan;nan;nan;nan;nan;nan;nan;nan;nan;nan;nan;nan;nan;nan;nan;nan;nan;nan;nan;nan;nan;nan;nan;nan;nan;nan;nan;nan;nan;nan;nan;nan;nan;nan;nan;nan;nan;nan;nan;nan;nan;nan;nan;nan;nan;nan;nan;nan;nan;nan;nan;nan;nan;nan;nan;nan;nan;nan;nan;nan;nan;nan;nan;nan;nan;nan;nan;nan;nan;nan;nan;nan;nan;nan;nan;nan;nan;nan;nan;nan;nan;nan;nan;nan;nan;nan;nan;nan;nan;nan;nan;nan;nan;nan;nan;nan;nan;nan;nan;nan;nan;nan;nan;nan;nan;nan;nan;nan;nan;nan;nan;nan;nan;nan;nan;nan;nan;nan;nan;nan;nan;nan;nan;nan;nan;nan;nan;nan;nan;nan;nan;nan;nan;nan;nan;nan;nan;nan;nan;nan;nan;nan;nan;nan;nan;nan;nan;nan;nan;nan;nan;nan;nan;nan;nan;nan;nan;nan;nan;nan;nan;nan;nan;nan;nan;nan;nan;nan;nan;nan;nan;nan;nan;nan;nan;nan;nan;nan;nan;nan;nan;nan;nan;nan;nan;nan;nan;nan;nan;nan;nan;nan;nan;nan;nan;nan;nan;nan;nan;nan;nan;nan;nan;nan;nan;nan;nan;nan;nan;nan;nan;nan;nan;nan;nan;nan;nan;nan;nan;nan;nan;nan;nan;nan;nan;nan;nan;nan;nan;nan;nan;nan;nan;nan;nan;nan;nan;nan;nan;nan;nan;nan;nan;nan;nan;nan;nan;nan;nan;nan;nan;nan;nan;nan;nan;nan;nan;nan;nan;nan;nan;nan;nan;nan;nan;nan;nan;nan;nan;nan;nan;nan;nan;nan;nan;nan;nan;nan;nan;nan;nan;nan;nan;nan;nan;nan;nan;nan;nan;nan;nan;nan;nan;nan;nan;nan;nan;nan;nan;nan;nan;nan;nan;nan;nan;nan;nan;nan;nan;nan;nan;nan;nan;nan;nan;nan;nan;nan;nan;nan;nan;nan;nan;nan;nan;nan;nan;nan;nan;nan;nan;nan;nan;nan;nan;nan;nan;nan;nan;nan;nan;nan;nan;nan;nan;nan;nan;nan;nan;nan;nan;nan;nan;nan;nan;nan;nan;nan;nan;nan;nan;nan;nan;nan;nan;nan;nan;nan;nan;nan;nan;nan;nan;nan;nan;nan;nan;nan;nan;nan;nan;nan;nan;nan;nan;nan;nan;nan;nan;nan;nan;nan;nan;nan;nan;nan;nan;nan;nan;nan;nan;nan;nan;nan;nan;nan;nan;nan;nan;nan;nan;nan;nan;nan;nan;nan;nan;nan;nan;nan;nan;nan;nan;nan;nan;nan;nan;nan;nan;nan;nan;nan;nan;nan;nan;nan;nan;nan;nan;nan;nan;nan;nan;nan;nan;nan;nan;nan;nan;nan;nan;nan;nan;nan;nan;nan;nan;nan;nan;nan;nan;nan;nan;nan;nan;nan;0.6322311;1.17675307669749;0.6834561834561834;0.5602841669608114;0.5082697201017812;0.4383174;0.23353975758008527;0.898;0.8937695217570728;0.9504740627812494;0.11432766914367676;0.6322311;1.17675307669749;0.6834561834561834;0.5602841669608114;0.5082697201017812;0.4383174;0.23353975758008527;0.898;0.8937695217570728;0.9504740627812494;0.0;0.0;0.0;0.0;0.0;0.0;0.0;0.0;0.0;0.0;0.11432766914367676;0.69838125;0.7174553930222451;0.5552825552825553;0.5552825552825552;0.65522540826173;0.12215542793273926;9820.707;nan;0.8263718263718264;0.8333585295255397;0.9062469214354856;47.064708948135376;nan;nan;nan;nan;nan;nan;nan;nan;nan;nan;nan;nan;nan;nan;nan;nan;nan;nan;nan;nan;nan;nan;nan;nan;nan;nan;nan;nan;nan;nan;nan;nan;nan;nan;nan;nan;nan;nan;nan;nan;nan;nan;nan;nan;nan;nan;nan;nan;nan;nan;nan;nan;nan;nan;nan;nan;nan;nan;nan;nan;nan;nan;nan;nan;nan;nan;nan;nan;nan;nan;nan;nan;nan;nan;nan;nan;nan;nan;nan;nan;nan;nan;nan;nan;nan;nan;nan;nan;nan;nan;nan;nan;nan;nan;nan;nan;nan;nan;nan;nan;nan;nan;nan;nan;nan;nan;nan;nan;nan;nan;nan;nan;nan;nan;nan;nan;nan;nan;nan;nan;nan;nan;nan;nan;nan;nan;nan;nan;nan;nan;nan;nan;nan;nan;nan;nan;nan;nan;nan;nan;nan;nan;nan;nan;nan;nan;nan;nan;nan;nan;nan;nan;nan;nan;nan;nan;nan;nan;nan;nan;nan;nan;nan;nan;nan;nan;nan;nan;nan;nan;nan;nan;nan;nan;nan;nan;nan;nan;nan;nan;nan;nan;nan;nan;nan;nan;nan;nan;nan;nan;nan;nan;nan;nan;nan;nan;nan;nan;nan;nan;nan;nan;nan;nan;nan;nan;nan;nan;nan;nan;nan;nan;nan;nan;nan;nan;nan;nan;nan;nan;nan;nan;nan;nan;nan;nan;nan;nan;nan;nan;nan;nan;nan;nan;nan;nan;nan;nan;nan;nan;nan;nan;nan;nan;nan;nan;nan;nan;nan;nan;nan;nan;nan;nan;nan;nan;nan;nan;nan;nan;nan;nan;nan;nan;nan;nan;nan;nan;nan;nan;nan;nan;nan;nan;nan;nan;nan;nan;nan;nan;nan;nan;nan;nan;nan;nan;nan;nan;nan;nan;nan;nan;nan;nan;nan;nan;nan;nan;nan;nan;nan;nan;nan;nan;nan;nan;nan;nan;nan;nan;nan;nan;nan;nan;nan;nan;nan;nan;nan;nan;nan;nan;nan;nan;nan;nan;nan;nan;nan;nan;nan;nan;nan;nan;nan;nan;nan;nan;nan;nan;nan;nan;nan;nan;nan;nan;nan;nan;nan;nan;nan;nan;nan;nan;nan;nan;nan;nan;nan;nan;nan;nan;nan;nan;nan;nan;nan;nan;nan;nan;nan;nan;nan;nan;nan;nan;nan;nan;nan;nan;nan;nan;nan;nan;nan;nan;nan;nan;nan;nan;nan;nan;nan;nan;nan;nan;nan;nan;nan;nan;nan;nan;nan;nan;nan;nan;nan;nan;nan;nan;nan;nan;nan;nan;nan;nan;nan;nan;nan;nan;nan;nan;nan;nan;nan;nan;nan;nan;nan;nan;nan;nan;nan;nan;nan;nan;nan;nan;nan;nan;nan;nan;nan;nan;nan;nan;nan;nan;nan;nan;nan;nan;nan;nan;nan;nan;nan;nan;nan;nan;nan;nan;nan;nan;nan;nan;nan;nan;nan;nan;nan;nan;nan;nan;nan;nan;nan;nan;nan;nan;nan;nan;nan;nan;nan;nan;nan;nan;nan;nan;nan;nan;nan;nan;nan;nan;nan;nan;nan;nan;nan;nan;nan;nan;nan;nan;nan;nan;nan;nan;nan;nan;nan;nan;nan;nan;nan;nan;nan;nan;nan;nan;nan;nan;nan;nan;nan;nan;nan;nan;nan;nan;nan;nan;nan;nan;nan;nan;nan;nan;nan;nan;nan;nan;nan;nan;nan;nan;nan;nan;nan;nan;nan;nan;nan;nan;nan;nan;nan;nan;nan;nan;nan;nan;nan;nan;nan;nan;nan;nan;nan;nan;nan;nan;nan;nan;nan;nan;nan;nan;nan;nan;nan;nan;nan;nan;nan;nan;nan;nan;nan;nan;nan;nan;nan;nan;nan;nan;nan;nan;nan;nan;nan;nan;nan;nan;nan;nan;nan;nan;nan;nan;nan;nan;nan;nan;nan;nan;nan;nan;nan;nan;nan;nan;nan;nan;nan;nan;nan;nan;nan;nan;nan;nan;nan;nan;nan;nan;nan;nan;nan;nan;nan;nan;nan;nan;nan;nan;nan;nan;nan;nan;nan;nan;nan;nan;nan;nan;nan;nan;0.6334455;1.407700623657891;0.6834561834561834;0.5602841669608114;0.508587786259542;0.41730884;0.19283268330385567;0.9135;0.9144449343216725;0.9552258983593893;0.11110472679138184;0.6334455;1.407700623657891;0.6834561834561834;0.5602841669608114;0.508587786259542;0.41730884;0.19283268330385567;0.9135;0.9144449343216725;0.9552258983593893;0.0;0.0;0.0;0.0;0.0;0.0;0.0;0.0;0.0;0.0;0.11110472679138184;0.69838125;0.7174553930222451;0.5552825552825553;0.5552825552825552;0.65522540826173;0.12215542793273926;9820.707;nan;0.8263718263718264;0.8333585295255397;0.9062469214354856;47.064708948135376;nan;nan;nan;nan;nan;nan;nan;nan;nan;nan;nan;nan;nan;nan;nan;nan;nan;nan;nan;nan;nan;nan;nan;nan;nan;nan;nan;nan;nan;nan;nan;nan;nan;nan;nan;nan;nan;nan;nan;nan;nan;nan;nan;nan;nan;nan;nan;nan;nan;nan;nan;nan;nan;nan;nan;nan;nan;nan;nan;nan;nan;nan;nan;nan;nan;nan;nan;nan;nan;nan;nan;nan;nan;nan;nan;nan;nan;nan;nan;nan;nan;nan;nan;nan;nan;nan;nan;nan;nan;nan;nan;nan;nan;nan;nan;nan;nan;nan;nan;nan;nan;nan;nan;nan;nan;nan;nan;nan;nan;nan;nan;nan;nan;nan;nan;nan;nan;nan;nan;nan;nan;nan;nan;nan;nan;nan;nan;nan;nan;nan;nan;nan;nan;nan;nan;nan;nan;nan;nan;nan;nan;nan;nan;nan;nan;nan;nan;nan;nan;nan;nan;nan;nan;nan;nan;nan;nan;nan;nan;nan;nan;nan;nan;nan;nan;nan;nan;nan;nan;nan;nan;nan;nan;nan;nan;nan;nan;nan;nan;nan;nan;nan;nan;nan;nan;nan;nan;nan;nan;nan;nan;nan;nan;nan;nan;nan;nan;nan;nan;nan;nan;nan;nan;nan;nan;nan;nan;nan;nan;nan;nan;nan;nan;nan;nan;nan;nan;nan;nan;nan;nan;nan;nan;nan;nan;nan;nan;nan;nan;nan;nan;nan;nan;nan;nan;nan;nan;nan;nan;nan;nan;nan;nan;nan;nan;nan;nan;nan;nan;nan;nan;nan;nan;nan;nan;nan;nan;nan;nan;nan;nan;nan;nan;nan;nan;nan;nan;nan;nan;nan;nan;nan;nan;nan;nan;nan;nan;nan;nan;nan;nan;nan;nan;nan;nan;nan;nan;nan;nan;nan;nan;nan;nan;nan;nan;nan;nan;nan;nan;nan;nan;nan;nan;nan;nan;nan;nan;nan;nan;nan;nan;nan;nan;nan;nan;nan;nan;nan;nan;nan;nan;nan;nan;nan;nan;nan;nan;nan;nan;nan;nan;nan;nan;nan;nan;nan;nan;nan;nan;nan;nan;nan;nan;nan;nan;nan;nan;nan;nan;nan;nan;nan;nan;nan;nan;nan;nan;nan;nan;nan;nan;nan;nan;nan;nan;nan;nan;nan;nan;nan;nan;nan;nan;nan;nan;nan;nan;nan;nan;nan;nan;nan;nan;nan;nan;nan;nan;nan;nan;nan;nan;nan;nan;nan;nan;nan;nan;nan;nan;nan;nan;nan;nan;nan;nan;nan;nan;nan;nan;nan;nan;nan;nan;nan;nan;nan;nan;nan;nan;nan;nan;nan;nan;nan;nan;nan;nan;nan;nan;nan;nan;nan;nan;nan;nan;nan;nan;nan;nan;nan;nan;nan;nan;nan;nan;nan;nan;nan;nan;nan;nan;nan;nan;nan;nan;nan;nan;nan;nan;nan;nan;nan;nan;nan;nan;nan;nan;nan;nan;nan;nan;nan;nan;nan;nan;nan;nan;nan;nan;nan;nan;nan;nan;nan;nan;nan;nan;nan;nan;nan;nan;nan;nan;nan;nan;nan;nan;nan;nan;nan;nan;nan;nan;nan;nan;nan;nan;nan;nan;nan;nan;nan;nan;nan;nan;nan;nan;nan;nan;nan;nan;nan;nan;nan;nan;nan;nan;nan;nan;nan;nan;nan;nan;nan;nan;nan;nan;nan;nan;nan;nan;nan;nan;nan;nan;nan;nan;nan;nan;nan;nan;nan;nan;nan;nan;nan;nan;nan;nan;nan;nan;nan;nan;nan;nan;nan;nan;nan;nan;nan;nan;nan;nan;nan;nan;nan;nan;nan;nan;nan;nan;nan;nan;nan;nan;nan;nan;nan;nan;nan;nan;nan;nan;nan;nan;nan;nan;nan;nan;nan;nan;nan;nan;nan;nan;nan;nan;nan;nan;nan;nan;nan;nan;nan;nan;nan;nan;nan;nan;nan;nan;nan;nan;nan;nan;nan;nan;nan;nan;nan;nan;nan;nan;nan;nan;nan;nan;nan;nan;nan;nan;nan;nan;nan;nan;nan;nan;nan;nan;nan;nan;nan;nan;nan;nan;nan;nan;nan;nan;nan;0.6322104;1.1725737228970823;0.6834561834561834;0.5602841669608114;0.5082697201017812;0.43796587;0.23271858083357475;0.8969;0.8975878186841015;0.9473089863339906;0.12538409233093262;0.6322104;1.1725737228970823;0.6834561834561834;0.5602841669608114;0.5082697201017812;0.43796587;0.23271858083357475;0.8969;0.8975878186841015;0.9473089863339906;0.0;0.0;0.0;0.0;0.0;0.0;0.0;0.0;0.0;0.0;0.12538409233093262;0.69838125;0.7174553930222451;0.5552825552825553;0.5552825552825552;0.65522540826173;0.12215542793273926;9820.707;nan;0.8263718263718264;0.8333585295255397;0.9062469214354856;47.064708948135376;nan;nan;nan;nan;nan;nan;nan;nan;nan;nan;nan;nan;nan;nan;nan;nan;nan;nan;nan;nan;nan;nan;nan;nan;nan;nan;nan;nan;nan;nan;nan;nan;nan;nan;nan;nan;nan;nan;nan;nan;nan;nan;nan;nan;nan;nan;nan;nan;nan;nan;nan;nan;nan;nan;nan;nan;nan;nan;nan;nan;nan;nan;nan;nan;nan;nan;nan;nan;nan;nan;nan;nan;nan;nan;nan;nan;nan;nan;nan;nan;nan;nan;nan;nan;nan;nan;nan;nan;nan;nan;nan;nan;nan;nan;nan;nan;nan;nan;nan;nan;nan;nan;nan;nan;nan;nan;nan;nan;nan;nan;nan;nan;nan;nan;nan;nan;nan;nan;nan;nan;nan;nan;nan;nan;nan;nan;nan;nan;nan;nan;nan;nan;nan;nan;nan;nan;nan;nan;nan;nan;nan;nan;nan;nan;nan;nan;nan;nan;nan;nan;nan;nan;nan;nan;nan;nan;nan;nan;nan;nan;nan;nan;nan;nan;nan;nan;nan;nan;nan;nan;nan;nan;nan;nan;nan;nan;nan;nan;nan;nan;nan;nan;nan;nan;nan;nan;nan;nan;nan;nan;nan;nan;nan;nan;nan;nan;nan;nan;nan;nan;nan;nan;nan;nan;nan;nan;nan;nan;nan;nan;nan;nan;nan;nan;nan;nan;nan;nan;nan;nan;nan;nan;nan;nan;nan;nan;nan;nan;nan;nan;nan;nan;nan;nan;nan;nan;nan;nan;nan;nan;nan;nan;nan;nan;nan;nan;nan;nan;nan;nan;nan;nan;nan;nan;nan;nan;nan;nan;nan;nan;nan;nan;nan;nan;nan;nan;nan;nan;nan;nan;nan;nan;nan;nan;nan;nan;nan;nan;nan;nan;nan;nan;nan;nan;nan;nan;nan;nan;nan;nan;nan;nan;nan;nan;nan;nan;nan;nan;nan;nan;nan;nan;nan;nan;nan;nan;nan;nan;nan;nan;nan;nan;nan;nan;nan;nan;nan;nan;nan;nan;nan;nan;nan;nan;nan;nan;nan;nan;nan;nan;nan;nan;nan;nan;nan;nan;nan;nan;nan;nan;nan;nan;nan;nan;nan;nan;nan;nan;nan;nan;nan;nan;nan;nan;nan;nan;nan;nan;nan;nan;nan;nan;nan;nan;nan;nan;nan;nan;nan;nan;nan;nan;nan;nan;nan;nan;nan;nan;nan;nan;nan;nan;nan;nan;nan;nan;nan;nan;nan;nan;nan;nan;nan;nan;nan;nan;nan;nan;nan;nan;nan;nan;nan;nan;nan;nan;nan;nan;nan;nan;nan;nan;nan;nan;nan;nan;nan;nan;nan;nan;nan;nan;nan;nan;nan;nan;nan;nan;nan;nan;nan;nan;nan;nan;nan;nan;nan;nan;nan;nan;nan;nan;nan;nan;nan;nan;nan;nan;nan;nan;nan;nan;nan;nan;nan;nan;nan;nan;nan;nan;nan;nan;nan;nan;nan;nan;nan;nan;nan;nan;nan;nan;nan;nan;nan;nan;nan;nan;nan;nan;nan;nan;nan;nan;nan;nan;nan;nan;nan;nan;nan;nan;nan;nan;nan;nan;nan;nan;nan;nan;nan;nan;nan;nan;nan;nan;nan;nan;nan;nan;nan;nan;nan;nan;nan;nan;nan;nan;nan;nan;nan;nan;nan;nan;nan;nan;nan;nan;nan;nan;nan;nan;nan;nan;nan;nan;nan;nan;nan;nan;nan;nan;nan;nan;nan;nan;nan;nan;nan;nan;nan;nan;nan;nan;nan;nan;nan;nan;nan;nan;nan;nan;nan;nan;nan;nan;nan;nan;nan;nan;nan;nan;nan;nan;nan;nan;nan;nan;nan;nan;nan;nan;nan;nan;nan;nan;nan;nan;nan;nan;nan;nan;nan;nan;nan;nan;nan;nan;nan;nan;nan;nan;nan;nan;nan;nan;nan;nan;nan;nan;nan;nan;nan;nan;nan;nan;nan;nan;nan;nan;nan;nan;nan;nan;nan;nan;nan;nan;nan;nan;nan;nan;nan;nan;nan;nan;nan;nan;nan;nan;nan;nan;nan;nan;nan;nan;nan;nan;nan;nan;nan;nan;nan;nan;nan;nan;nan;nan;nan;nan;0.6324469;1.2080087808846771;0.6834561834561834;0.5602841669608114;0.5082697201017812;0.46802187;0.28291775078931214;0.8724;0.8692366474956227;0.9435341736066659;0.11553692817687988;0.6324469;1.2080087808846771;0.6834561834561834;0.5602841669608114;0.5082697201017812;0.46802187;0.28291775078931214;0.8724;0.8692366474956227;0.9435341736066659;0.0;0.0;0.0;0.0;0.0;0.0;0.0;0.0;0.0;0.0;0.11553692817687988;0.69838125;0.7174553930222451;0.5552825552825553;0.5552825552825552;0.65522540826173;0.12215542793273926;9820.707;nan;0.8263718263718264;0.8333585295255397;0.9062469214354856;47.064708948135376;nan;nan;nan;nan;nan;nan;nan;nan;nan;nan;nan;nan;nan;nan;nan;nan;nan;nan;nan;nan;nan;nan;nan;nan;nan;nan;nan;nan;nan;nan;nan;nan;nan;nan;nan;nan;nan;nan;nan;nan;nan;nan;nan;nan;nan;nan;nan;nan;nan;nan;nan;nan;nan;nan;nan;nan;nan;nan;nan;nan;nan;nan;nan;nan;nan;nan;nan;nan;nan;nan;nan;nan;nan;nan;nan;nan;nan;nan;nan;nan;nan;nan;nan;nan;nan;nan;nan;nan;nan;nan;nan;nan;nan;nan;nan;nan;nan;nan;nan;nan;nan;nan;nan;nan;nan;nan;nan;nan;nan;nan;nan;nan;nan;nan;nan;nan;nan;nan;nan;nan;nan;nan;nan;nan;nan;nan;nan;nan;nan;nan;nan;nan;nan;nan;nan;nan;nan;nan;nan;nan;nan;nan;nan;nan;nan;nan;nan;nan;nan;nan;nan;nan;nan;nan;nan;nan;nan;nan;nan;nan;nan;nan;nan;nan;nan;nan;nan;nan;nan;nan;nan;nan;nan;nan;nan;nan;nan;nan;nan;nan;nan;nan;nan;nan;nan;nan;nan;nan;nan;nan;nan;nan;nan;nan;nan;nan;nan;nan;nan;nan;nan;nan;nan;nan;nan;nan;nan;nan;nan;nan;nan;nan;nan;nan;nan;nan;nan;nan;nan;nan;nan;nan;nan;nan;nan;nan;nan;nan;nan;nan;nan;nan;nan;nan;nan;nan;nan;nan;nan;nan;nan;nan;nan;nan;nan;nan;nan;nan;nan;nan;nan;nan;nan;nan;nan;nan;nan;nan;nan;nan;nan;nan;nan;nan;nan;nan;nan;nan;nan;nan;nan;nan;nan;nan;nan;nan;nan;nan;nan;nan;nan;nan;nan;nan;nan;nan;nan;nan;nan;nan;nan;nan;nan;nan;nan;nan;nan;nan;nan;nan;nan;nan;nan;nan;nan;nan;nan;nan;nan;nan;nan;nan;nan;nan;nan;nan;nan;nan;nan;nan;nan;nan;nan;nan;nan;nan;nan;nan;nan;nan;nan;nan;nan;nan;nan;nan;nan;nan;nan;nan;nan;nan;nan;nan;nan;nan;nan;nan;nan;nan;nan;nan;nan;nan;nan;nan;nan;nan;nan;nan;nan;nan;nan;nan;nan;nan;nan;nan;nan;nan;nan;nan;nan;nan;nan;nan;nan;nan;nan;nan;nan;nan;nan;nan;nan;nan;nan;nan;nan;nan;nan;nan;nan;nan;nan;nan;nan;nan;nan;nan;nan;nan;nan;nan;nan;nan;nan;nan;nan;nan;nan;nan;nan;nan;nan;nan;nan;nan;nan;nan;nan;nan;nan;nan;nan;nan;nan;nan;nan;nan;nan;nan;nan;nan;nan;nan;nan;nan;nan;nan;nan;nan;nan;nan;nan;nan;nan;nan;nan;nan;nan;nan;nan;nan;nan;nan;nan;nan;nan;nan;nan;nan;nan;nan;nan;nan;nan;nan;nan;nan;nan;nan;nan;nan;nan;nan;nan;nan;nan;nan;nan;nan;nan;nan;nan;nan;nan;nan;nan;nan;nan;nan;nan;nan;nan;nan;nan;nan;nan;nan;nan;nan;nan;nan;nan;nan;nan;nan;nan;nan;nan;nan;nan;nan;nan;nan;nan;nan;nan;nan;nan;nan;nan;nan;nan;nan;nan;nan;nan;nan;nan;nan;nan;nan;nan;nan;nan;nan;nan;nan;nan;nan;nan;nan;nan;nan;nan;nan;nan;nan;nan;nan;nan;nan;nan;nan;nan;nan;nan;nan;nan;nan;nan;nan;nan;nan;nan;nan;nan;nan;nan;nan;nan;nan;nan;nan;nan;nan;nan;nan;nan;nan;nan;nan;nan;nan;nan;nan;nan;nan;nan;nan;nan;nan;nan;nan;nan;nan;nan;nan;nan;nan;nan;nan;nan;nan;nan;nan;nan;nan;nan;nan;nan;nan;nan;nan;nan;nan;nan;nan;nan;nan;nan;nan;nan;nan;nan;nan;nan;nan;nan;nan;nan;nan;nan;nan;nan;nan;nan;nan;nan;nan;nan;nan;nan;nan;nan;nan;nan;nan;nan;nan;nan;nan;nan;nan;nan;nan;nan;nan;0.63352257;1.414959775688031;0.6834561834561834;0.5602841669608114;0.5082697201017812;0.4356773;0.22657373644961584;0.9022;0.8993232110266672;0.9571768448922229;0.10971975326538086;0.63352257;1.414959775688031;0.6834561834561834;0.5602841669608114;0.5082697201017812;0.4356773;0.22657373644961584;0.9022;0.8993232110266672;0.9571768448922229;0.0;0.0;0.0;0.0;0.0;0.0;0.0;0.0;0.0;0.0;0.10971975326538086;0.69838125;0.7174553930222451;0.5552825552825553;0.5552825552825552;0.65522540826173;0.12215542793273926;9820.707;nan;0.8263718263718264;0.8333585295255397;0.9062469214354856;47.064708948135376;nan;nan;nan;nan;nan;nan;nan;nan;nan;nan;nan;nan;nan;nan;nan;nan;nan;nan;nan;nan;nan;nan;nan;nan;nan;nan;nan;nan;nan;nan;nan;nan;nan;nan;nan;nan;nan;nan;nan;nan;nan;nan;nan;nan;nan;nan;nan;nan;nan;nan;nan;nan;nan;nan;nan;nan;nan;nan;nan;nan;nan;nan;nan;nan;nan;nan;nan;nan;nan;nan;nan;nan;nan;nan;nan;nan;nan;nan;nan;nan;nan;nan;nan;nan;nan;nan;nan;nan;nan;nan;nan;nan;nan;nan;nan;nan;nan;nan;nan;nan;nan;nan;nan;nan;nan;nan;nan;nan;nan;nan;nan;nan;nan;nan;nan;nan;nan;nan;nan;nan;nan;nan;nan;nan;nan;nan;nan;nan;nan;nan;nan;nan;nan;nan;nan;nan;nan;nan;nan;nan;nan;nan;nan;nan;nan;nan;nan;nan;nan;nan;nan;nan;nan;nan;nan;nan;nan;nan;nan;nan;nan;nan;nan;nan;nan;nan;nan;nan;nan;nan;nan;nan;nan;nan;nan;nan;nan;nan;nan;nan;nan;nan;nan;nan;nan;nan;nan;nan;nan;nan;nan;nan;nan;nan;nan;nan;nan;nan;nan;nan;nan;nan;nan;nan;nan;nan;nan;nan;nan;nan;nan;nan;nan;nan;nan;nan;nan;nan;nan;nan;nan;nan;nan;nan;nan;nan;nan;nan;nan;nan;nan;nan;nan;nan;nan;nan;nan;nan;nan;nan;nan;nan;nan;nan;nan;nan;nan;nan;nan;nan;nan;nan;nan;nan;nan;nan;nan;nan;nan;nan;nan;nan;nan;nan;nan;nan;nan;nan;nan;nan;nan;nan;nan;nan;nan;nan;nan;nan;nan;nan;nan;nan;nan;nan;nan;nan;nan;nan;nan;nan;nan;nan;nan;nan;nan;nan;nan;nan;nan;nan;nan;nan;nan;nan;nan;nan;nan;nan;nan;nan;nan;nan;nan;nan;nan;nan;nan;nan;nan;nan;nan;nan;nan;nan;nan;nan;nan;nan;nan;nan;nan;nan;nan;nan;nan;nan;nan;nan;nan;nan;nan;nan;nan;nan;nan;nan;nan;nan;nan;nan;nan;nan;nan;nan;nan;nan;nan;nan;nan;nan;nan;nan;nan;nan;nan;nan;nan;nan;nan;nan;nan;nan;nan;nan;nan;nan;nan;nan;nan;nan;nan;nan;nan;nan;nan;nan;nan;nan;nan;nan;nan;nan;nan;nan;nan;nan;nan;nan;nan;nan;nan;nan;nan;nan;nan;nan;nan;nan;nan;nan;nan;nan;nan;nan;nan;nan;nan;nan;nan;nan;nan;nan;nan;nan;nan;nan;nan;nan;nan;nan;nan;nan;nan;nan;nan;nan;nan;nan;nan;nan;nan;nan;nan;nan;nan;nan;nan;nan;nan;nan;nan;nan;nan;nan;nan;nan;nan;nan;nan;nan;nan;nan;nan;nan;nan;nan;nan;nan;nan;nan;nan;nan;nan;nan;nan;nan;nan;nan;nan;nan;nan;nan;nan;nan;nan;nan;nan;nan;nan;nan;nan;nan;nan;nan;nan;nan;nan;nan;nan;nan;nan;nan;nan;nan;nan;nan;nan;nan;nan;nan;nan;nan;nan;nan;nan;nan;nan;nan;nan;nan;nan;nan;nan;nan;nan;nan;nan;nan;nan;nan;nan;nan;nan;nan;nan;nan;nan;nan;nan;nan;nan;nan;nan;nan;nan;nan;nan;nan;nan;nan;nan;nan;nan;nan;nan;nan;nan;nan;nan;nan;nan;nan;nan;nan;nan;nan;nan;nan;nan;nan;nan;nan;nan;nan;nan;nan;nan;nan;nan;nan;nan;nan;nan;nan;nan;nan;nan;nan;nan;nan;nan;nan;nan;nan;nan;nan;nan;nan;nan;nan;nan;nan;nan;nan;nan;nan;nan;nan;nan;nan;nan;nan;nan;nan;nan;nan;nan;nan;nan;nan;nan;nan;nan;nan;nan;nan;nan;nan;nan;nan;nan;nan;nan;nan;nan;nan;nan;nan;nan;nan;nan;nan;nan;nan;nan;nan;nan;nan;nan;nan;nan;nan;nan;nan;nan;nan;nan;nan;nan;nan;0.6329419;1.285238668936783;0.6834561834561834;0.5602841669608114;0.5082697201017812;0.45628935;0.26411113544630027;0.8826;0.8836276712280382;0.9510802101214064;0.12367725372314453;0.6329419;1.285238668936783;0.6834561834561834;0.5602841669608114;0.5082697201017812;0.45628935;0.26411113544630027;0.8826;0.8836276712280382;0.9510802101214064;0.0;0.0;0.0;0.0;0.0;0.0;0.0;0.0;0.0;0.0;0.12367725372314453;0.69838125;0.7174553930222451;0.5552825552825553;0.5552825552825552;0.65522540826173;0.12215542793273926;9820.707;nan;0.8263718263718264;0.8333585295255397;0.9062469214354856;47.064708948135376;nan;nan;nan;nan;nan;nan;nan;nan;nan;nan;nan;nan;nan;nan;nan;nan;nan;nan;nan;nan;nan;nan;nan;nan;nan;nan;nan;nan;nan;nan;nan;nan;nan;nan;nan;nan;nan;nan;nan;nan;nan;nan;nan;nan;nan;nan;nan;nan;nan;nan;nan;nan;nan;nan;nan;nan;nan;nan;nan;nan;nan;nan;nan;nan;nan;nan;nan;nan;nan;nan;nan;nan;nan;nan;nan;nan;nan;nan;nan;nan;nan;nan;nan;nan;nan;nan;nan;nan;nan;nan;nan;nan;nan;nan;nan;nan;nan;nan;nan;nan;nan;nan;nan;nan;nan;nan;nan;nan;nan;nan;nan;nan;nan;nan;nan;nan;nan;nan;nan;nan;nan;nan;nan;nan;nan;nan;nan;nan;nan;nan;nan;nan;nan;nan;nan;nan;nan;nan;nan;nan;nan;nan;nan;nan;nan;nan;nan;nan;nan;nan;nan;nan;nan;nan;nan;nan;nan;nan;nan;nan;nan;nan;nan;nan;nan;nan;nan;nan;nan;nan;nan;nan;nan;nan;nan;nan;nan;nan;nan;nan;nan;nan;nan;nan;nan;nan;nan;nan;nan;nan;nan;nan;nan;nan;nan;nan;nan;nan;nan;nan;nan;nan;nan;nan;nan;nan;nan;nan;nan;nan;nan;nan;nan;nan;nan;nan;nan;nan;nan;nan;nan;nan;nan;nan;nan;nan;nan;nan;nan;nan;nan;nan;nan;nan;nan;nan;nan;nan;nan;nan;nan;nan;nan;nan;nan;nan;nan;nan;nan;nan;nan;nan;nan;nan;nan;nan;nan;nan;nan;nan;nan;nan;nan;nan;nan;nan;nan;nan;nan;nan;nan;nan;nan;nan;nan;nan;nan;nan;nan;nan;nan;nan;nan;nan;nan;nan;nan;nan;nan;nan;nan;nan;nan;nan;nan;nan;nan;nan;nan;nan;nan;nan;nan;nan;nan;nan;nan;nan;nan;nan;nan;nan;nan;nan;nan;nan;nan;nan;nan;nan;nan;nan;nan;nan;nan;nan;nan;nan;nan;nan;nan;nan;nan;nan;nan;nan;nan;nan;nan;nan;nan;nan;nan;nan;nan;nan;nan;nan;nan;nan;nan;nan;nan;nan;nan;nan;nan;nan;nan;nan;nan;nan;nan;nan;nan;nan;nan;nan;nan;nan;nan;nan;nan;nan;nan;nan;nan;nan;nan;nan;nan;nan;nan;nan;nan;nan;nan;nan;nan;nan;nan;nan;nan;nan;nan;nan;nan;nan;nan;nan;nan;nan;nan;nan;nan;nan;nan;nan;nan;nan;nan;nan;nan;nan;nan;nan;nan;nan;nan;nan;nan;nan;nan;nan;nan;nan;nan;nan;nan;nan;nan;nan;nan;nan;nan;nan;nan;nan;nan;nan;nan;nan;nan;nan;nan;nan;nan;nan;nan;nan;nan;nan;nan;nan;nan;nan;nan;nan;nan;nan;nan;nan;nan;nan;nan;nan;nan;nan;nan;nan;nan;nan;nan;nan;nan;nan;nan;nan;nan;nan;nan;nan;nan;nan;nan;nan;nan;nan;nan;nan;nan;nan;nan;nan;nan;nan;nan;nan;nan;nan;nan;nan;nan;nan;nan;nan;nan;nan;nan;nan;nan;nan;nan;nan;nan;nan;nan;nan;nan;nan;nan;nan;nan;nan;nan;nan;nan;nan;nan;nan;nan;nan;nan;nan;nan;nan;nan;nan;nan;nan;nan;nan;nan;nan;nan;nan;nan;nan;nan;nan;nan;nan;nan;nan;nan;nan;nan;nan;nan;nan;nan;nan;nan;nan;nan;nan;nan;nan;nan;nan;nan;nan;nan;nan;nan;nan;nan;nan;nan;nan;nan;nan;nan;nan;nan;nan;nan;nan;nan;nan;nan;nan;nan;nan;nan;nan;nan;nan;nan;nan;nan;nan;nan;nan;nan;nan;nan;nan;nan;nan;nan;nan;nan;nan;nan;nan;nan;nan;nan;nan;nan;nan;nan;nan;nan;nan;nan;nan;nan;nan;nan;nan;nan;nan;nan;nan;nan;nan;nan;nan;nan;nan;nan;nan;nan;nan;nan;nan;nan;nan;nan;nan;nan;nan;nan;nan;nan;nan;nan;nan;0.6328993;1.2752999643213185;0.6834561834561834;0.5602841669608114;0.5082697201017812;0.4713384;0.2928331236321183;0.8665;0.8661298726126905;0.9418193848676492;0.10514974594116211;0.6328993;1.2752999643213185;0.6834561834561834;0.5602841669608114;0.5082697201017812;0.4713384;0.2928331236321183;0.8665;0.8661298726126905;0.9418193848676492;0.0;0.0;0.0;0.0;0.0;0.0;0.0;0.0;0.0;0.0;0.10514974594116211;0.69838125;0.7174553930222451;0.5552825552825553;0.5552825552825552;0.65522540826173;0.12215542793273926;9820.707;nan;0.8263718263718264;0.8333585295255397;0.9062469214354856;47.064708948135376;nan;nan;nan;nan;nan;nan;nan;nan;nan;nan;nan;nan;nan;nan;nan;nan;nan;nan;nan;nan;nan;nan;nan;nan;nan;nan;nan;nan;nan;nan;nan;nan;nan;nan;nan;nan;nan;nan;nan;nan;nan;nan;nan;nan;nan;nan;nan;nan;nan;nan;nan;nan;nan;nan;nan;nan;nan;nan;nan;nan;nan;nan;nan;nan;nan;nan;nan;nan;nan;nan;nan;nan;nan;nan;nan;nan;nan;nan;nan;nan;nan;nan;nan;nan;nan;nan;nan;nan;nan;nan;nan;nan;nan;nan;nan;nan;nan;nan;nan;nan;nan;nan;nan;nan;nan;nan;nan;nan;nan;nan;nan;nan;nan;nan;nan;nan;nan;nan;nan;nan;nan;nan;nan;nan;nan;nan;nan;nan;nan;nan;nan;nan;nan;nan;nan;nan;nan;nan;nan;nan;nan;nan;nan;nan;nan;nan;nan;nan;nan;nan;nan;nan;nan;nan;nan;nan;nan;nan;nan;nan;nan;nan;nan;nan;nan;nan;nan;nan;nan;nan;nan;nan;nan;nan;nan;nan;nan;nan;nan;nan;nan;nan;nan;nan;nan;nan;nan;nan;nan;nan;nan;nan;nan;nan;nan;nan;nan;nan;nan;nan;nan;nan;nan;nan;nan;nan;nan;nan;nan;nan;nan;nan;nan;nan;nan;nan;nan;nan;nan;nan;nan;nan;nan;nan;nan;nan;nan;nan;nan;nan;nan;nan;nan;nan;nan;nan;nan;nan;nan;nan;nan;nan;nan;nan;nan;nan;nan;nan;nan;nan;nan;nan;nan;nan;nan;nan;nan;nan;nan;nan;nan;nan;nan;nan;nan;nan;nan;nan;nan;nan;nan;nan;nan;nan;nan;nan;nan;nan;nan;nan;nan;nan;nan;nan;nan;nan;nan;nan;nan;nan;nan;nan;nan;nan;nan;nan;nan;nan;nan;nan;nan;nan;nan;nan;nan;nan;nan;nan;nan;nan;nan;nan;nan;nan;nan;nan;nan;nan;nan;nan;nan;nan;nan;nan;nan;nan;nan;nan;nan;nan;nan;nan;nan;nan;nan;nan;nan;nan;nan;nan;nan;nan;nan;nan;nan;nan;nan;nan;nan;nan;nan;nan;nan;nan;nan;nan;nan;nan;nan;nan;nan;nan;nan;nan;nan;nan;nan;nan;nan;nan;nan;nan;nan;nan;nan;nan;nan;nan;nan;nan;nan;nan;nan;nan;nan;nan;nan;nan;nan;nan;nan;nan;nan;nan;nan;nan;nan;nan;nan;nan;nan;nan;nan;nan;nan;nan;nan;nan;nan;nan;nan;nan;nan;nan;nan;nan;nan;nan;nan;nan;nan;nan;nan;nan;nan;nan;nan;nan;nan;nan;nan;nan;nan;nan;nan;nan;nan;nan;nan;nan;nan;nan;nan;nan;nan;nan;nan;nan;nan;nan;nan;nan;nan;nan;nan;nan;nan;nan;nan;nan;nan;nan;nan;nan;nan;nan;nan;nan;nan;nan;nan;nan;nan;nan;nan;nan;nan;nan;nan;nan;nan;nan;nan;nan;nan;nan;nan;nan;nan;nan;nan;nan;nan;nan;nan;nan;nan;nan;nan;nan;nan;nan;nan;nan;nan;nan;nan;nan;nan;nan;nan;nan;nan;nan;nan;nan;nan;nan;nan;nan;nan;nan;nan;nan;nan;nan;nan;nan;nan;nan;nan;nan;nan;nan;nan;nan;nan;nan;nan;nan;nan;nan;nan;nan;nan;nan;nan;nan;nan;nan;nan;nan;nan;nan;nan;nan;nan;nan;nan;nan;nan;nan;nan;nan;nan;nan;nan;nan;nan;nan;nan;nan;nan;nan;nan;nan;nan;nan;nan;nan;nan;nan;nan;nan;nan;nan;nan;nan;nan;nan;nan;nan;nan;nan;nan;nan;nan;nan;nan;nan;nan;nan;nan;nan;nan;nan;nan;nan;nan;nan;nan;nan;nan;nan;nan;nan;nan;nan;nan;nan;nan;nan;nan;nan;nan;nan;nan;nan;nan;nan;nan;nan;nan;nan;nan;nan;nan;nan;nan;nan;nan;nan;nan;nan;nan;nan;nan;nan;nan;nan;nan;nan;nan;nan;nan;nan;nan;nan;nan;nan;0.63273776;1.253326049714595;0.6834561834561834;0.5602841669608114;0.5082697201017812;0.46293697;0.27712336475966887;0.8802;0.8799379096581194;0.9475864335449518;0.12354707717895508;0.63273776;1.253326049714595;0.6834561834561834;0.5602841669608114;0.5082697201017812;0.46293697;0.27712336475966887;0.8802;0.8799379096581194;0.9475864335449518;0.0;0.0;0.0;0.0;0.0;0.0;0.0;0.0;0.0;0.0;0.12354707717895508;0.69838125;0.7174553930222451;0.5552825552825553;0.5552825552825552;0.65522540826173;0.12215542793273926;9820.707;nan;0.8263718263718264;0.8333585295255397;0.9062469214354856;47.064708948135376;nan;nan;nan;nan;nan;nan;nan;nan;nan;nan;nan;nan;nan;nan;nan;nan;nan;nan;nan;nan;nan;nan;nan;nan;nan;nan;nan;nan;nan;nan;nan;nan;nan;nan;nan;nan;nan;nan;nan;nan;nan;nan;nan;nan;nan;nan;nan;nan;nan;nan;nan;nan;nan;nan;nan;nan;nan;nan;nan;nan;nan;nan;nan;nan;nan;nan;nan;nan;nan;nan;nan;nan;nan;nan;nan;nan;nan;nan;nan;nan;nan;nan;nan;nan;nan;nan;nan;nan;nan;nan;nan;nan;nan;nan;nan;nan;nan;nan;nan;nan;nan;nan;nan;nan;nan;nan;nan;nan;nan;nan;nan;nan;nan;nan;nan;nan;nan;nan;nan;nan;nan;nan;nan;nan;nan;nan;nan;nan;nan;nan;nan;nan;nan;nan;nan;nan;nan;nan;nan;nan;nan;nan;nan;nan;nan;nan;nan;nan;nan;nan;nan;nan;nan;nan;nan;nan;nan;nan;nan;nan;nan;nan;nan;nan;nan;nan;nan;nan;nan;nan;nan;nan;nan;nan;nan;nan;nan;nan;nan;nan;nan;nan;nan;nan;nan;nan;nan;nan;nan;nan;nan;nan;nan;nan;nan;nan;nan;nan;nan;nan;nan;nan;nan;nan;nan;nan;nan;nan;nan;nan;nan;nan;nan;nan;nan;nan;nan;nan;nan;nan;nan;nan;nan;nan;nan;nan;nan;nan;nan;nan;nan;nan;nan;nan;nan;nan;nan;nan;nan;nan;nan;nan;nan;nan;nan;nan;nan;nan;nan;nan;nan;nan;nan;nan;nan;nan;nan;nan;nan;nan;nan;nan;nan;nan;nan;nan;nan;nan;nan;nan;nan;nan;nan;nan;nan;nan;nan;nan;nan;nan;nan;nan;nan;nan;nan;nan;nan;nan;nan;nan;nan;nan;nan;nan;nan;nan;nan;nan;nan;nan;nan;nan;nan;nan;nan;nan;nan;nan;nan;nan;nan;nan;nan;nan;nan;nan;nan;nan;nan;nan;nan;nan;nan;nan;nan;nan;nan;nan;nan;nan;nan;nan;nan;nan;nan;nan;nan;nan;nan;nan;nan;nan;nan;nan;nan;nan;nan;nan;nan;nan;nan;nan;nan;nan;nan;nan;nan;nan;nan;nan;nan;nan;nan;nan;nan;nan;nan;nan;nan;nan;nan;nan;nan;nan;nan;nan;nan;nan;nan;nan;nan;nan;nan;nan;nan;nan;nan;nan;nan;nan;nan;nan;nan;nan;nan;nan;nan;nan;nan;nan;nan;nan;nan;nan;nan;nan;nan;nan;nan;nan;nan;nan;nan;nan;nan;nan;nan;nan;nan;nan;nan;nan;nan;nan;nan;nan;nan;nan;nan;nan;nan;nan;nan;nan;nan;nan;nan;nan;nan;nan;nan;nan;nan;nan;nan;nan;nan;nan;nan;nan;nan;nan;nan;nan;nan;nan;nan;nan;nan;nan;nan;nan;nan;nan;nan;nan;nan;nan;nan;nan;nan;nan;nan;nan;nan;nan;nan;nan;nan;nan;nan;nan;nan;nan;nan;nan;nan;nan;nan;nan;nan;nan;nan;nan;nan;nan;nan;nan;nan;nan;nan;nan;nan;nan;nan;nan;nan;nan;nan;nan;nan;nan;nan;nan;nan;nan;nan;nan;nan;nan;nan;nan;nan;nan;nan;nan;nan;nan;nan;nan;nan;nan;nan;nan;nan;nan;nan;nan;nan;nan;nan;nan;nan;nan;nan;nan;nan;nan;nan;nan;nan;nan;nan;nan;nan;nan;nan;nan;nan;nan;nan;nan;nan;nan;nan;nan;nan;nan;nan;nan;nan;nan;nan;nan;nan;nan;nan;nan;nan;nan;nan;nan;nan;nan;nan;nan;nan;nan;nan;nan;nan;nan;nan;nan;nan;nan;nan;nan;nan;nan;nan;nan;nan;nan;nan;nan;nan;nan;nan;nan;nan;nan;nan;nan;nan;nan;nan;nan;nan;nan;nan;nan;nan;nan;nan;nan;nan;nan;nan;nan;nan;nan;nan;nan;nan;nan;nan;nan;nan;nan;nan;nan;nan;nan;nan;nan;nan;nan;nan;nan;nan;nan;nan;nan;nan;nan;nan;nan;nan;nan;0.8404869;1.1614298178987137;0.32227682227682225;0.1576128759274737;0.5085666586765989;0.47049776;0.28832723788268005;0.8674;0.8672790515704817;0.94294379795989;0.12414956092834473;0.8404869;1.1614298178987137;0.32227682227682225;0.1576128759274737;0.5085666586765989;0.47049776;0.28832723788268005;0.8674;0.8672790515704817;0.94294379795989;0.0;0.0;0.0;0.0;0.0;0.0;0.0;0.0;0.0;0.0;0.12414956092834473;0.69838125;0.7174553930222451;0.5552825552825553;0.5552825552825552;0.65522540826173;0.12215542793273926;9820.707;nan;0.8263718263718264;0.8333585295255397;0.9062469214354856;47.064708948135376;nan;nan;nan;nan;nan;nan;nan;nan;nan;nan;nan;nan;nan;nan;nan;nan;nan;nan;nan;nan;nan;nan;nan;nan;nan;nan;nan;nan;nan;nan;nan;nan;nan;nan;nan;nan;nan;nan;nan;nan;nan;nan;nan;nan;nan;nan;nan;nan;nan;nan;nan;nan;nan;nan;nan;nan;nan;nan;nan;nan;nan;nan;nan;nan;nan;nan;nan;nan;nan;nan;nan;nan;nan;nan;nan;nan;nan;nan;nan;nan;nan;nan;nan;nan;nan;nan;nan;nan;nan;nan;nan;nan;nan;nan;nan;nan;nan;nan;nan;nan;nan;nan;nan;nan;nan;nan;nan;nan;nan;nan;nan;nan;nan;nan;nan;nan;nan;nan;nan;nan;nan;nan;nan;nan;nan;nan;nan;nan;nan;nan;nan;nan;nan;nan;nan;nan;nan;nan;nan;nan;nan;nan;nan;nan;nan;nan;nan;nan;nan;nan;nan;nan;nan;nan;nan;nan;nan;nan;nan;nan;nan;nan;nan;nan;nan;nan;nan;nan;nan;nan;nan;nan;nan;nan;nan;nan;nan;nan;nan;nan;nan;nan;nan;nan;nan;nan;nan;nan;nan;nan;nan;nan;nan;nan;nan;nan;nan;nan;nan;nan;nan;nan;nan;nan;nan;nan;nan;nan;nan;nan;nan;nan;nan;nan;nan;nan;nan;nan;nan;nan;nan;nan;nan;nan;nan;nan;nan;nan;nan;nan;nan;nan;nan;nan;nan;nan;nan;nan;nan;nan;nan;nan;nan;nan;nan;nan;nan;nan;nan;nan;nan;nan;nan;nan;nan;nan;nan;nan;nan;nan;nan;nan;nan;nan;nan;nan;nan;nan;nan;nan;nan;nan;nan;nan;nan;nan;nan;nan;nan;nan;nan;nan;nan;nan;nan;nan;nan;nan;nan;nan;nan;nan;nan;nan;nan;nan;nan;nan;nan;nan;nan;nan;nan;nan;nan;nan;nan;nan;nan;nan;nan;nan;nan;nan;nan;nan;nan;nan;nan;nan;nan;nan;nan;nan;nan;nan;nan;nan;nan;nan;nan;nan;nan;nan;nan;nan;nan;nan;nan;nan;nan;nan;nan;nan;nan;nan;nan;nan;nan;nan;nan;nan;nan;nan;nan;nan;nan;nan;nan;nan;nan;nan;nan;nan;nan;nan;nan;nan;nan;nan;nan;nan;nan;nan;nan;nan;nan;nan;nan;nan;nan;nan;nan;nan;nan;nan;nan;nan;nan;nan;nan;nan;nan;nan;nan;nan;nan;nan;nan;nan;nan;nan;nan;nan;nan;nan;nan;nan;nan;nan;nan;nan;nan;nan;nan;nan;nan;nan;nan;nan;nan;nan;nan;nan;nan;nan;nan;nan;nan;nan;nan;nan;nan;nan;nan;nan;nan;nan;nan;nan;nan;nan;nan;nan;nan;nan;nan;nan;nan;nan;nan;nan;nan;nan;nan;nan;nan;nan;nan;nan;nan;nan;nan;nan;nan;nan;nan;nan;nan;nan;nan;nan;nan;nan;nan;nan;nan;nan;nan;nan;nan;nan;nan;nan;nan;nan;nan;nan;nan;nan;nan;nan;nan;nan;nan;nan;nan;nan;nan;nan;nan;nan;nan;nan;nan;nan;nan;nan;nan;nan;nan;nan;nan;nan;nan;nan;nan;nan;nan;nan;nan;nan;nan;nan;nan;nan;nan;nan;nan;nan;nan;nan;nan;nan;nan;nan;nan;nan;nan;nan;nan;nan;nan;nan;nan;nan;nan;nan;nan;nan;nan;nan;nan;nan;nan;nan;nan;nan;nan;nan;nan;nan;nan;nan;nan;nan;nan;nan;nan;nan;nan;nan;nan;nan;nan;nan;nan;nan;nan;nan;nan;nan;nan;nan;nan;nan;nan;nan;nan;nan;nan;nan;nan;nan;nan;nan;nan;nan;nan;nan;nan;nan;nan;nan;nan;nan;nan;nan;nan;nan;nan;nan;nan;nan;nan;nan;nan;nan;nan;nan;nan;nan;nan;nan;nan;nan;nan;nan;nan;nan;nan;nan;nan;nan;nan;nan;nan;nan;nan;nan;nan;nan;nan;nan;nan;nan;nan;nan;nan;nan;nan;nan;nan;nan;nan;nan;nan;nan;nan;nan;0.63262314;1.2337043262209326;0.6834561834561834;0.5602841669608114;0.5082697201017812;0.44560882;0.24330491379773297;0.8901;0.8897941581858874;0.9470875269007956;0.11965131759643555;0.63262314;1.2337043262209326;0.6834561834561834;0.5602841669608114;0.5082697201017812;0.44560882;0.24330491379773297;0.8901;0.8897941581858874;0.9470875269007956;0.0;0.0;0.0;0.0;0.0;0.0;0.0;0.0;0.0;0.0;0.11965131759643555;0.69838125;0.7174553930222451;0.5552825552825553;0.5552825552825552;0.65522540826173;0.12215542793273926;9820.707;nan;0.8263718263718264;0.8333585295255397;0.9062469214354856;47.064708948135376;nan;nan;nan;nan;nan;nan;nan;nan;nan;nan;nan;nan;nan;nan;nan;nan;nan;nan;nan;nan;nan;nan;nan;nan;nan;nan;nan;nan;nan;nan;nan;nan;nan;nan;nan;nan;nan;nan;nan;nan;nan;nan;nan;nan;nan;nan;nan;nan;nan;nan;nan;nan;nan;nan;nan;nan;nan;nan;nan;nan;nan;nan;nan;nan;nan;nan;nan;nan;nan;nan;nan;nan;nan;nan;nan;nan;nan;nan;nan;nan;nan;nan;nan;nan;nan;nan;nan;nan;nan;nan;nan;nan;nan;nan;nan;nan;nan;nan;nan;nan;nan;nan;nan;nan;nan;nan;nan;nan;nan;nan;nan;nan;nan;nan;nan;nan;nan;nan;nan;nan;nan;nan;nan;nan;nan;nan;nan;nan;nan;nan;nan;nan;nan;nan;nan;nan;nan;nan;nan;nan;nan;nan;nan;nan;nan;nan;nan;nan;nan;nan;nan;nan;nan;nan;nan;nan;nan;nan;nan;nan;nan;nan;nan;nan;nan;nan;nan;nan;nan;nan;nan;nan;nan;nan;nan;nan;nan;nan;nan;nan;nan;nan;nan;nan;nan;nan;nan;nan;nan;nan;nan;nan;nan;nan;nan;nan;nan;nan;nan;nan;nan;nan;nan;nan;nan;nan;nan;nan;nan;nan;nan;nan;nan;nan;nan;nan;nan;nan;nan;nan;nan;nan;nan;nan;nan;nan;nan;nan;nan;nan;nan;nan;nan;nan;nan;nan;nan;nan;nan;nan;nan;nan;nan;nan;nan;nan;nan;nan;nan;nan;nan;nan;nan;nan;nan;nan;nan;nan;nan;nan;nan;nan;nan;nan;nan;nan;nan;nan;nan;nan;nan;nan;nan;nan;nan;nan;nan;nan;nan;nan;nan;nan;nan;nan;nan;nan;nan;nan;nan;nan;nan;nan;nan;nan;nan;nan;nan;nan;nan;nan;nan;nan;nan;nan;nan;nan;nan;nan;nan;nan;nan;nan;nan;nan;nan;nan;nan;nan;nan;nan;nan;nan;nan;nan;nan;nan;nan;nan;nan;nan;nan;nan;nan;nan;nan;nan;nan;nan;nan;nan;nan;nan;nan;nan;nan;nan;nan;nan;nan;nan;nan;nan;nan;nan;nan;nan;nan;nan;nan;nan;nan;nan;nan;nan;nan;nan;nan;nan;nan;nan;nan;nan;nan;nan;nan;nan;nan;nan;nan;nan;nan;nan;nan;nan;nan;nan;nan;nan;nan;nan;nan;nan;nan;nan;nan;nan;nan;nan;nan;nan;nan;nan;nan;nan;nan;nan;nan;nan;nan;nan;nan;nan;nan;nan;nan;nan;nan;nan;nan;nan;nan;nan;nan;nan;nan;nan;nan;nan;nan;nan;nan;nan;nan;nan;nan;nan;nan;nan;nan;nan;nan;nan;nan;nan;nan;nan;nan;nan;nan;nan;nan;nan;nan;nan;nan;nan;nan;nan;nan;nan;nan;nan;nan;nan;nan;nan;nan;nan;nan;nan;nan;nan;nan;nan;nan;nan;nan;nan;nan;nan;nan;nan;nan;nan;nan;nan;nan;nan;nan;nan;nan;nan;nan;nan;nan;nan;nan;nan;nan;nan;nan;nan;nan;nan;nan;nan;nan;nan;nan;nan;nan;nan;nan;nan;nan;nan;nan;nan;nan;nan;nan;nan;nan;nan;nan;nan;nan;nan;nan;nan;nan;nan;nan;nan;nan;nan;nan;nan;nan;nan;nan;nan;nan;nan;nan;nan;nan;nan;nan;nan;nan;nan;nan;nan;nan;nan;nan;nan;nan;nan;nan;nan;nan;nan;nan;nan;nan;nan;nan;nan;nan;nan;nan;nan;nan;nan;nan;nan;nan;nan;nan;nan;nan;nan;nan;nan;nan;nan;nan;nan;nan;nan;nan;nan;nan;nan;nan;nan;nan;nan;nan;nan;nan;nan;nan;nan;nan;nan;nan;nan;nan;nan;nan;nan;nan;nan;nan;nan;nan;nan;nan;nan;nan;nan;nan;nan;nan;nan;nan;nan;nan;nan;nan;nan;nan;nan;nan;nan;nan;nan;nan;nan;nan;nan;nan;nan;nan;nan;nan;nan;nan;nan;nan;nan;nan;nan;nan;nan;nan;nan;3969.16815881461;nan;nan;nan;nan;nan;nan;nan;nan;nan;nan;nan;nan;nan;nan;nan;1995.9298487152523;1920.9935969272258;2027.716293598399;648.59894;nan;nan;nan;nan;nan;nan;nan;nan;nan;nan;nan;nan;nan;nan;nan;356.60779612088197;327.2718486326277;356.34473;784.9459705878253;nan;nan;nan;nan;nan;nan;nan;nan;nan;nan;nan;nan;nan;nan;nan;538.7987493690181;512.9206579887023;535.3865609429652;605.77918781876;nan;nan;nan;nan;nan;nan;nan;nan;nan;nan;nan;nan;nan;nan;nan;0.0;341.96908271611403;358.1861181082938;3.094530538770695;nan;nan;nan;nan;nan;nan;nan;nan;nan;nan;nan;nan;nan;nan;nan;3.4170664067534795;2.9047070852811623;3.104418003293158;2.0803542285522463;nan;nan;nan;nan;nan;nan;nan;nan;nan;nan;nan;nan;nan;nan;nan;0.0;1.6793129027;1.8469700537543718;
3;1;1;True;vanilla;22;330;23;2;[];True;True;1;True;False;False;True;False;False;vanilla;3;1;distribution;True;[['uniform', 'normal', 'gamma', 'beta', 'poisson']];[['uniform', 'normal', 'gamma', 'beta', 'poisson']];classification;1;0;uniform;5000;10000;0;flip_percentage;0;5;1000;True;0.001;True;50;64;0;[128];False;adam;binary_crossentropy;3201;1;10000;[1792, 512, 512];[0, 0, 0.5];['sigmoid', 'sigmoid', 'sigmoid'];adam;0.001;False;None;None;False;binary_crossentropy;['binary_accuracy'];500;True;256;10000;10;True;False;5;False;True;True;None;None;0.25;False;SEQUENTIAL;60;greedy;10;False;500;['uniform', 'normal', 'gamma', 'beta', 'poisson'];5000;False;make_classification;5000;0;flip_percentage;100;100;False;8;False;2;42;0;0.57109;0.5521906;0.4896513;0.53128105;2.4608618252620498;0.5553406060831223;0.3058007664077026;0.381555301425732;0.75312;0.7988;0.8612;0.8311;0.7132918255192175;0.7908822103889612;0.8576435356757408;0.8264524060797813;0.8129762943581478;0.8558683810288266;0.893291887611775;0.8686617543014156;0.03479430675506592;0.03381454944610596;0.64874315;0.6626208;0.6153810720506311;0.6327119948424399;0.63184;0.6432;0.5654613878546526;0.5944835781814821;0.6430966038199285;0.6651334125264337;0.005591726303100586;0.005591726303100586;0.60245836;0.59533036;0.4481976;0.4388678;2.348379193415555;0.6504693992322135;0.21113262086834267;0.20044314067407376;0.69952;0.716;0.91214;0.9224;0.6505184944994421;0.7069512621077635;0.9093705909315126;0.9168365019012572;0.8016262463543361;0.8235949328520891;0.8827535755285945;0.9085776722820392;0.03523983955383301;0.03574657440185547;0.6563703;0.68101287;0.6268237308257818;0.6711671182394028;0.64856;0.6288;0.6092632817851497;0.5923325295116605;0.6789395121515331;0.7139617906640916;0.009806203842163085;0.009806203842163085;0.53125924;0.5349347;0.40984282;0.39600503;1.683327498704974;0.43499839092531933;0.16284506313760194;0.14472775427708084;0.7729999999999999;0.79;0.9327300000000001;0.9438;0.7485314129884262;0.7886978855616215;0.930676220869645;0.9412499418038389;0.8531322322384284;0.9206921455151983;0.9458785475648066;0.9474903905544718;0.06560490131378174;0.06838452816009521;0.37855947;0.36750698;0.1276031125052028;0.11175729627673182;0.9625999999999999;0.965;0.9624424974153565;0.9649359312766412;0.9840043686558062;0.9856421733930654;0.5316067;0.5522338;0.4467089527461612;0.42845666257894727;0.7864;0.8029999999999999;0.7508781510760322;0.7922326874590178;0.9176674885767918;0.9118099724143436;0.57401794;0.57878923;2.652697155305736;0.4798876460623068;0.7468000000000001;0.7609999999999999;0.7063476025778153;0.7437271386056643;0.8598033872080526;0.8731891846626734;0.6431147;0.6844898;0.6119072364002466;0.6828051297068596;0.6016;0.544;0.5491188143791993;0.4646034606999747;0.6736682775125452;0.6505051479175739;0.1825603723526001;0.18220317363739014;nan;nan;nan;nan;nan;nan;nan;nan;nan;nan;nan;nan;nan;nan;nan;nan;nan;nan;nan;nan;nan;nan;nan;nan;nan;nan;nan;nan;nan;nan;nan;nan;nan;nan;nan;nan;nan;nan;nan;nan;nan;nan;nan;nan;nan;nan;nan;nan;nan;nan;nan;nan;nan;nan;nan;nan;nan;nan;nan;nan;nan;nan;nan;nan;nan;nan;nan;nan;nan;nan;nan;nan;nan;nan;nan;nan;nan;nan;nan;nan;nan;nan;nan;nan;nan;nan;nan;nan;nan;nan;nan;nan;nan;nan;nan;nan;nan;nan;nan;nan;nan;nan;nan;nan;nan;nan;nan;nan;nan;nan;nan;nan;nan;nan;nan;nan;nan;nan;nan;nan;nan;nan;nan;nan;nan;nan;nan;nan;nan;nan;nan;nan;nan;nan;nan;nan;nan;nan;nan;nan;nan;nan;nan;nan;nan;nan;nan;nan;nan;nan;nan;nan;nan;nan;nan;nan;nan;nan;nan;nan;nan;nan;nan;nan;nan;nan;nan;nan;nan;nan;nan;nan;nan;nan;nan;nan;nan;nan;nan;nan;nan;nan;nan;nan;nan;nan;nan;nan;nan;nan;nan;nan;nan;nan;nan;nan;nan;nan;nan;nan;nan;nan;nan;nan;nan;nan;nan;nan;nan;nan;nan;nan;nan;nan;nan;nan;nan;nan;nan;nan;nan;nan;nan;nan;nan;nan;nan;nan;nan;nan;nan;nan;nan;nan;nan;nan;nan;nan;nan;nan;nan;nan;nan;nan;nan;nan;nan;nan;nan;nan;nan;nan;nan;nan;nan;nan;nan;nan;nan;nan;nan;nan;nan;nan;nan;nan;nan;nan;nan;nan;nan;nan;nan;nan;nan;nan;nan;nan;nan;nan;nan;nan;nan;nan;nan;nan;nan;nan;nan;nan;nan;nan;nan;nan;nan;nan;nan;nan;nan;nan;nan;nan;nan;nan;nan;nan;nan;nan;nan;nan;nan;nan;nan;nan;nan;nan;nan;nan;nan;nan;nan;nan;nan;nan;nan;nan;nan;nan;nan;nan;nan;nan;nan;nan;nan;nan;nan;nan;nan;nan;nan;nan;nan;nan;nan;nan;nan;nan;nan;nan;nan;nan;nan;nan;nan;nan;nan;nan;nan;nan;nan;nan;nan;nan;nan;nan;nan;nan;nan;nan;nan;nan;nan;nan;nan;nan;nan;nan;nan;nan;nan;nan;nan;nan;nan;nan;nan;nan;nan;nan;nan;nan;nan;nan;nan;nan;nan;nan;nan;nan;nan;nan;nan;nan;nan;nan;nan;nan;nan;nan;nan;nan;nan;nan;nan;nan;nan;nan;nan;nan;nan;nan;nan;nan;nan;nan;nan;nan;nan;nan;nan;nan;nan;nan;nan;nan;nan;nan;nan;nan;nan;nan;nan;nan;nan;nan;nan;nan;nan;nan;nan;nan;nan;nan;nan;nan;nan;nan;nan;nan;nan;nan;nan;nan;nan;nan;nan;nan;nan;nan;nan;nan;nan;nan;nan;nan;nan;nan;nan;nan;nan;nan;nan;nan;nan;nan;nan;nan;nan;nan;nan;nan;nan;nan;nan;nan;nan;nan;nan;nan;nan;nan;nan;nan;nan;nan;nan;nan;nan;nan;nan;nan;nan;nan;nan;nan;nan;nan;nan;nan;nan;nan;nan;nan;nan;nan;nan;nan;nan;nan;nan;nan;nan;nan;nan;nan;nan;nan;nan;nan;nan;nan;nan;nan;nan;nan;nan;nan;nan;nan;nan;nan;nan;nan;nan;nan;nan;nan;nan;nan;nan;nan;nan;nan;nan;nan;nan;nan;nan;nan;nan;nan;nan;nan;nan;nan;nan;nan;nan;nan;nan;nan;nan;nan;nan;nan;nan;nan;nan;nan;nan;nan;nan;nan;nan;nan;nan;nan;nan;nan;nan;nan;nan;nan;nan;nan;nan;nan;nan;nan;nan;nan;nan;nan;nan;nan;0.66840154;0.5825798980638336;0.7444444444444445;0.6358381513104735;0.5401932019945573;0.35008866;0.015500299530250308;0.9965;0.9948476627707205;0.8832268388420536;0.06123042106628418;0.66840154;0.5825798980638336;0.7444444444444445;0.6358381513104735;0.5401932019945573;0.35008866;0.015500299530250308;0.9965;0.9948476627707205;0.8832268388420536;0.0;0.0;0.0;0.0;0.0;0.0;0.0;0.0;0.0;0.0;0.06123042106628418;0.64175874;0.4672451121409734;0.8437777777777777;0.8170218396272839;0.6976690582271339;0.1465442180633545;29316.062;0.525290532619715;0.7788888888888889;0.7841263276193984;0.7688410319513292;37.05752968788147;nan;nan;nan;nan;nan;nan;nan;nan;nan;nan;nan;nan;nan;nan;nan;nan;nan;nan;nan;nan;nan;nan;nan;nan;nan;nan;nan;nan;nan;nan;nan;nan;nan;nan;nan;nan;nan;nan;nan;nan;nan;nan;nan;nan;nan;nan;nan;nan;nan;nan;nan;nan;nan;nan;nan;nan;nan;nan;nan;nan;nan;nan;nan;nan;nan;nan;nan;nan;nan;nan;nan;nan;nan;nan;nan;nan;nan;nan;nan;nan;nan;nan;nan;nan;nan;nan;nan;nan;nan;nan;nan;nan;nan;nan;nan;nan;nan;nan;nan;nan;nan;nan;nan;nan;nan;nan;nan;nan;nan;nan;nan;nan;nan;nan;nan;nan;nan;nan;nan;nan;nan;nan;nan;nan;nan;nan;nan;nan;nan;nan;nan;nan;nan;nan;nan;nan;nan;nan;nan;nan;nan;nan;nan;nan;nan;nan;nan;nan;nan;nan;nan;nan;nan;nan;nan;nan;nan;nan;nan;nan;nan;nan;nan;nan;nan;nan;nan;nan;nan;nan;nan;nan;nan;nan;nan;nan;nan;nan;nan;nan;nan;nan;nan;nan;nan;nan;nan;nan;nan;nan;nan;nan;nan;nan;nan;nan;nan;nan;nan;nan;nan;nan;nan;nan;nan;nan;nan;nan;nan;nan;nan;nan;nan;nan;nan;nan;nan;nan;nan;nan;nan;nan;nan;nan;nan;nan;nan;nan;nan;nan;nan;nan;nan;nan;nan;nan;nan;nan;nan;nan;nan;nan;nan;nan;nan;nan;nan;nan;nan;nan;nan;nan;nan;nan;nan;nan;nan;nan;nan;nan;nan;nan;nan;nan;nan;nan;nan;nan;nan;nan;nan;nan;nan;nan;nan;nan;nan;nan;nan;nan;nan;nan;nan;nan;nan;nan;nan;nan;nan;nan;nan;nan;nan;nan;nan;nan;nan;nan;nan;nan;nan;nan;nan;nan;nan;nan;nan;nan;nan;nan;nan;nan;nan;nan;nan;nan;nan;nan;nan;nan;nan;nan;nan;nan;nan;nan;nan;nan;nan;nan;nan;nan;nan;nan;nan;nan;nan;nan;nan;nan;nan;nan;nan;nan;nan;nan;nan;nan;nan;nan;nan;nan;nan;nan;nan;nan;nan;nan;nan;nan;nan;nan;nan;nan;nan;nan;nan;nan;nan;nan;nan;nan;nan;nan;nan;nan;nan;nan;nan;nan;nan;nan;nan;nan;nan;nan;nan;nan;nan;nan;nan;nan;nan;nan;nan;nan;nan;nan;nan;nan;nan;nan;nan;nan;nan;nan;nan;nan;nan;nan;nan;nan;nan;nan;nan;nan;nan;nan;nan;nan;nan;nan;nan;nan;nan;nan;nan;nan;nan;nan;nan;nan;nan;nan;nan;nan;nan;nan;nan;nan;nan;nan;nan;nan;nan;nan;nan;nan;nan;nan;nan;nan;nan;nan;nan;nan;nan;nan;nan;nan;nan;nan;nan;nan;nan;nan;nan;nan;nan;nan;nan;nan;nan;nan;nan;nan;nan;nan;nan;nan;nan;nan;nan;nan;nan;nan;nan;nan;nan;nan;nan;nan;nan;nan;nan;nan;nan;nan;nan;nan;nan;nan;nan;nan;nan;nan;nan;nan;nan;nan;nan;nan;nan;nan;nan;nan;nan;nan;nan;nan;nan;nan;nan;nan;nan;nan;nan;nan;nan;nan;nan;nan;nan;nan;nan;nan;nan;nan;nan;nan;nan;nan;nan;nan;nan;nan;nan;nan;nan;nan;nan;nan;nan;nan;nan;nan;nan;nan;nan;nan;nan;nan;nan;nan;nan;nan;nan;nan;nan;nan;nan;nan;nan;nan;nan;nan;nan;nan;nan;nan;nan;nan;nan;nan;nan;nan;nan;nan;nan;nan;nan;nan;nan;nan;nan;nan;nan;nan;nan;nan;nan;nan;nan;nan;nan;nan;nan;nan;nan;nan;nan;nan;nan;nan;nan;nan;nan;nan;nan;nan;nan;nan;nan;nan;nan;nan;nan;nan;nan;nan;nan;nan;nan;nan;nan;nan;nan;nan;nan;nan;nan;nan;nan;nan;nan;nan;nan;nan;nan;nan;nan;nan;nan;nan;nan;nan;nan;nan;nan;nan;0.68111616;0.8053917059944534;0.7457777777777778;0.6389677691766361;0.8733239112488385;0.33622316;0.0210887846233532;0.9954;0.9942797830655141;0.8787160120845922;0.07816195487976074;0.68111616;0.8053917059944534;0.7457777777777778;0.6389677691766361;0.8733239112488385;0.33622316;0.0210887846233532;0.9954;0.9942797830655141;0.8787160120845922;0.0;0.0;0.0;0.0;0.0;0.0;0.0;0.0;0.0;0.0;0.07816195487976074;0.64175874;0.4672451121409734;0.8437777777777777;0.8170218396272839;0.6976690582271339;0.1465442180633545;29316.062;0.525290532619715;0.7788888888888889;0.7841263276193984;0.7688410319513292;37.05752968788147;nan;nan;nan;nan;nan;nan;nan;nan;nan;nan;nan;nan;nan;nan;nan;nan;nan;nan;nan;nan;nan;nan;nan;nan;nan;nan;nan;nan;nan;nan;nan;nan;nan;nan;nan;nan;nan;nan;nan;nan;nan;nan;nan;nan;nan;nan;nan;nan;nan;nan;nan;nan;nan;nan;nan;nan;nan;nan;nan;nan;nan;nan;nan;nan;nan;nan;nan;nan;nan;nan;nan;nan;nan;nan;nan;nan;nan;nan;nan;nan;nan;nan;nan;nan;nan;nan;nan;nan;nan;nan;nan;nan;nan;nan;nan;nan;nan;nan;nan;nan;nan;nan;nan;nan;nan;nan;nan;nan;nan;nan;nan;nan;nan;nan;nan;nan;nan;nan;nan;nan;nan;nan;nan;nan;nan;nan;nan;nan;nan;nan;nan;nan;nan;nan;nan;nan;nan;nan;nan;nan;nan;nan;nan;nan;nan;nan;nan;nan;nan;nan;nan;nan;nan;nan;nan;nan;nan;nan;nan;nan;nan;nan;nan;nan;nan;nan;nan;nan;nan;nan;nan;nan;nan;nan;nan;nan;nan;nan;nan;nan;nan;nan;nan;nan;nan;nan;nan;nan;nan;nan;nan;nan;nan;nan;nan;nan;nan;nan;nan;nan;nan;nan;nan;nan;nan;nan;nan;nan;nan;nan;nan;nan;nan;nan;nan;nan;nan;nan;nan;nan;nan;nan;nan;nan;nan;nan;nan;nan;nan;nan;nan;nan;nan;nan;nan;nan;nan;nan;nan;nan;nan;nan;nan;nan;nan;nan;nan;nan;nan;nan;nan;nan;nan;nan;nan;nan;nan;nan;nan;nan;nan;nan;nan;nan;nan;nan;nan;nan;nan;nan;nan;nan;nan;nan;nan;nan;nan;nan;nan;nan;nan;nan;nan;nan;nan;nan;nan;nan;nan;nan;nan;nan;nan;nan;nan;nan;nan;nan;nan;nan;nan;nan;nan;nan;nan;nan;nan;nan;nan;nan;nan;nan;nan;nan;nan;nan;nan;nan;nan;nan;nan;nan;nan;nan;nan;nan;nan;nan;nan;nan;nan;nan;nan;nan;nan;nan;nan;nan;nan;nan;nan;nan;nan;nan;nan;nan;nan;nan;nan;nan;nan;nan;nan;nan;nan;nan;nan;nan;nan;nan;nan;nan;nan;nan;nan;nan;nan;nan;nan;nan;nan;nan;nan;nan;nan;nan;nan;nan;nan;nan;nan;nan;nan;nan;nan;nan;nan;nan;nan;nan;nan;nan;nan;nan;nan;nan;nan;nan;nan;nan;nan;nan;nan;nan;nan;nan;nan;nan;nan;nan;nan;nan;nan;nan;nan;nan;nan;nan;nan;nan;nan;nan;nan;nan;nan;nan;nan;nan;nan;nan;nan;nan;nan;nan;nan;nan;nan;nan;nan;nan;nan;nan;nan;nan;nan;nan;nan;nan;nan;nan;nan;nan;nan;nan;nan;nan;nan;nan;nan;nan;nan;nan;nan;nan;nan;nan;nan;nan;nan;nan;nan;nan;nan;nan;nan;nan;nan;nan;nan;nan;nan;nan;nan;nan;nan;nan;nan;nan;nan;nan;nan;nan;nan;nan;nan;nan;nan;nan;nan;nan;nan;nan;nan;nan;nan;nan;nan;nan;nan;nan;nan;nan;nan;nan;nan;nan;nan;nan;nan;nan;nan;nan;nan;nan;nan;nan;nan;nan;nan;nan;nan;nan;nan;nan;nan;nan;nan;nan;nan;nan;nan;nan;nan;nan;nan;nan;nan;nan;nan;nan;nan;nan;nan;nan;nan;nan;nan;nan;nan;nan;nan;nan;nan;nan;nan;nan;nan;nan;nan;nan;nan;nan;nan;nan;nan;nan;nan;nan;nan;nan;nan;nan;nan;nan;nan;nan;nan;nan;nan;nan;nan;nan;nan;nan;nan;nan;nan;nan;nan;nan;nan;nan;nan;nan;nan;nan;nan;nan;nan;nan;nan;nan;nan;nan;nan;nan;nan;nan;nan;nan;nan;nan;nan;nan;nan;nan;nan;nan;nan;nan;nan;nan;nan;nan;nan;nan;nan;nan;nan;nan;nan;nan;nan;nan;nan;nan;nan;nan;nan;nan;nan;nan;nan;nan;nan;nan;nan;nan;nan;nan;0.74767107;0.9689414577714126;0.49066666666666664;0.49654104507997454;0.5306530173486659;0.5645071;0.43336349706783855;0.8123;0.8118465015157521;0.8694044360221345;0.07142400741577148;0.74767107;0.9689414577714126;0.49066666666666664;0.49654104507997454;0.5306530173486659;0.5645071;0.43336349706783855;0.8123;0.8118465015157521;0.8694044360221345;0.0;0.0;0.0;0.0;0.0;0.0;0.0;0.0;0.0;0.0;0.07142400741577148;0.64175874;0.4672451121409734;0.8437777777777777;0.8170218396272839;0.6976690582271339;0.1465442180633545;29316.062;0.525290532619715;0.7788888888888889;0.7841263276193984;0.7688410319513292;37.05752968788147;nan;nan;nan;nan;nan;nan;nan;nan;nan;nan;nan;nan;nan;nan;nan;nan;nan;nan;nan;nan;nan;nan;nan;nan;nan;nan;nan;nan;nan;nan;nan;nan;nan;nan;nan;nan;nan;nan;nan;nan;nan;nan;nan;nan;nan;nan;nan;nan;nan;nan;nan;nan;nan;nan;nan;nan;nan;nan;nan;nan;nan;nan;nan;nan;nan;nan;nan;nan;nan;nan;nan;nan;nan;nan;nan;nan;nan;nan;nan;nan;nan;nan;nan;nan;nan;nan;nan;nan;nan;nan;nan;nan;nan;nan;nan;nan;nan;nan;nan;nan;nan;nan;nan;nan;nan;nan;nan;nan;nan;nan;nan;nan;nan;nan;nan;nan;nan;nan;nan;nan;nan;nan;nan;nan;nan;nan;nan;nan;nan;nan;nan;nan;nan;nan;nan;nan;nan;nan;nan;nan;nan;nan;nan;nan;nan;nan;nan;nan;nan;nan;nan;nan;nan;nan;nan;nan;nan;nan;nan;nan;nan;nan;nan;nan;nan;nan;nan;nan;nan;nan;nan;nan;nan;nan;nan;nan;nan;nan;nan;nan;nan;nan;nan;nan;nan;nan;nan;nan;nan;nan;nan;nan;nan;nan;nan;nan;nan;nan;nan;nan;nan;nan;nan;nan;nan;nan;nan;nan;nan;nan;nan;nan;nan;nan;nan;nan;nan;nan;nan;nan;nan;nan;nan;nan;nan;nan;nan;nan;nan;nan;nan;nan;nan;nan;nan;nan;nan;nan;nan;nan;nan;nan;nan;nan;nan;nan;nan;nan;nan;nan;nan;nan;nan;nan;nan;nan;nan;nan;nan;nan;nan;nan;nan;nan;nan;nan;nan;nan;nan;nan;nan;nan;nan;nan;nan;nan;nan;nan;nan;nan;nan;nan;nan;nan;nan;nan;nan;nan;nan;nan;nan;nan;nan;nan;nan;nan;nan;nan;nan;nan;nan;nan;nan;nan;nan;nan;nan;nan;nan;nan;nan;nan;nan;nan;nan;nan;nan;nan;nan;nan;nan;nan;nan;nan;nan;nan;nan;nan;nan;nan;nan;nan;nan;nan;nan;nan;nan;nan;nan;nan;nan;nan;nan;nan;nan;nan;nan;nan;nan;nan;nan;nan;nan;nan;nan;nan;nan;nan;nan;nan;nan;nan;nan;nan;nan;nan;nan;nan;nan;nan;nan;nan;nan;nan;nan;nan;nan;nan;nan;nan;nan;nan;nan;nan;nan;nan;nan;nan;nan;nan;nan;nan;nan;nan;nan;nan;nan;nan;nan;nan;nan;nan;nan;nan;nan;nan;nan;nan;nan;nan;nan;nan;nan;nan;nan;nan;nan;nan;nan;nan;nan;nan;nan;nan;nan;nan;nan;nan;nan;nan;nan;nan;nan;nan;nan;nan;nan;nan;nan;nan;nan;nan;nan;nan;nan;nan;nan;nan;nan;nan;nan;nan;nan;nan;nan;nan;nan;nan;nan;nan;nan;nan;nan;nan;nan;nan;nan;nan;nan;nan;nan;nan;nan;nan;nan;nan;nan;nan;nan;nan;nan;nan;nan;nan;nan;nan;nan;nan;nan;nan;nan;nan;nan;nan;nan;nan;nan;nan;nan;nan;nan;nan;nan;nan;nan;nan;nan;nan;nan;nan;nan;nan;nan;nan;nan;nan;nan;nan;nan;nan;nan;nan;nan;nan;nan;nan;nan;nan;nan;nan;nan;nan;nan;nan;nan;nan;nan;nan;nan;nan;nan;nan;nan;nan;nan;nan;nan;nan;nan;nan;nan;nan;nan;nan;nan;nan;nan;nan;nan;nan;nan;nan;nan;nan;nan;nan;nan;nan;nan;nan;nan;nan;nan;nan;nan;nan;nan;nan;nan;nan;nan;nan;nan;nan;nan;nan;nan;nan;nan;nan;nan;nan;nan;nan;nan;nan;nan;nan;nan;nan;nan;nan;nan;nan;nan;nan;nan;nan;nan;nan;nan;nan;nan;nan;nan;nan;nan;nan;nan;nan;nan;nan;nan;nan;nan;nan;nan;nan;nan;nan;nan;nan;nan;nan;nan;nan;nan;nan;nan;nan;nan;nan;nan;nan;nan;nan;nan;nan;nan;nan;nan;nan;nan;nan;nan;nan;nan;nan;nan;nan;0.6555869;0.49769419016271776;0.7555555555555555;0.6611360455740998;0.8063052516842558;0.3710833;0.07266019989508338;0.9792;0.9735753057439964;0.907994807467088;0.057573795318603516;0.6555869;0.49769419016271776;0.7555555555555555;0.6611360455740998;0.8063052516842558;0.3710833;0.07266019989508338;0.9792;0.9735753057439964;0.907994807467088;0.0;0.0;0.0;0.0;0.0;0.0;0.0;0.0;0.0;0.0;0.057573795318603516;0.64175874;0.4672451121409734;0.8437777777777777;0.8170218396272839;0.6976690582271339;0.1465442180633545;29316.062;0.525290532619715;0.7788888888888889;0.7841263276193984;0.7688410319513292;37.05752968788147;nan;nan;nan;nan;nan;nan;nan;nan;nan;nan;nan;nan;nan;nan;nan;nan;nan;nan;nan;nan;nan;nan;nan;nan;nan;nan;nan;nan;nan;nan;nan;nan;nan;nan;nan;nan;nan;nan;nan;nan;nan;nan;nan;nan;nan;nan;nan;nan;nan;nan;nan;nan;nan;nan;nan;nan;nan;nan;nan;nan;nan;nan;nan;nan;nan;nan;nan;nan;nan;nan;nan;nan;nan;nan;nan;nan;nan;nan;nan;nan;nan;nan;nan;nan;nan;nan;nan;nan;nan;nan;nan;nan;nan;nan;nan;nan;nan;nan;nan;nan;nan;nan;nan;nan;nan;nan;nan;nan;nan;nan;nan;nan;nan;nan;nan;nan;nan;nan;nan;nan;nan;nan;nan;nan;nan;nan;nan;nan;nan;nan;nan;nan;nan;nan;nan;nan;nan;nan;nan;nan;nan;nan;nan;nan;nan;nan;nan;nan;nan;nan;nan;nan;nan;nan;nan;nan;nan;nan;nan;nan;nan;nan;nan;nan;nan;nan;nan;nan;nan;nan;nan;nan;nan;nan;nan;nan;nan;nan;nan;nan;nan;nan;nan;nan;nan;nan;nan;nan;nan;nan;nan;nan;nan;nan;nan;nan;nan;nan;nan;nan;nan;nan;nan;nan;nan;nan;nan;nan;nan;nan;nan;nan;nan;nan;nan;nan;nan;nan;nan;nan;nan;nan;nan;nan;nan;nan;nan;nan;nan;nan;nan;nan;nan;nan;nan;nan;nan;nan;nan;nan;nan;nan;nan;nan;nan;nan;nan;nan;nan;nan;nan;nan;nan;nan;nan;nan;nan;nan;nan;nan;nan;nan;nan;nan;nan;nan;nan;nan;nan;nan;nan;nan;nan;nan;nan;nan;nan;nan;nan;nan;nan;nan;nan;nan;nan;nan;nan;nan;nan;nan;nan;nan;nan;nan;nan;nan;nan;nan;nan;nan;nan;nan;nan;nan;nan;nan;nan;nan;nan;nan;nan;nan;nan;nan;nan;nan;nan;nan;nan;nan;nan;nan;nan;nan;nan;nan;nan;nan;nan;nan;nan;nan;nan;nan;nan;nan;nan;nan;nan;nan;nan;nan;nan;nan;nan;nan;nan;nan;nan;nan;nan;nan;nan;nan;nan;nan;nan;nan;nan;nan;nan;nan;nan;nan;nan;nan;nan;nan;nan;nan;nan;nan;nan;nan;nan;nan;nan;nan;nan;nan;nan;nan;nan;nan;nan;nan;nan;nan;nan;nan;nan;nan;nan;nan;nan;nan;nan;nan;nan;nan;nan;nan;nan;nan;nan;nan;nan;nan;nan;nan;nan;nan;nan;nan;nan;nan;nan;nan;nan;nan;nan;nan;nan;nan;nan;nan;nan;nan;nan;nan;nan;nan;nan;nan;nan;nan;nan;nan;nan;nan;nan;nan;nan;nan;nan;nan;nan;nan;nan;nan;nan;nan;nan;nan;nan;nan;nan;nan;nan;nan;nan;nan;nan;nan;nan;nan;nan;nan;nan;nan;nan;nan;nan;nan;nan;nan;nan;nan;nan;nan;nan;nan;nan;nan;nan;nan;nan;nan;nan;nan;nan;nan;nan;nan;nan;nan;nan;nan;nan;nan;nan;nan;nan;nan;nan;nan;nan;nan;nan;nan;nan;nan;nan;nan;nan;nan;nan;nan;nan;nan;nan;nan;nan;nan;nan;nan;nan;nan;nan;nan;nan;nan;nan;nan;nan;nan;nan;nan;nan;nan;nan;nan;nan;nan;nan;nan;nan;nan;nan;nan;nan;nan;nan;nan;nan;nan;nan;nan;nan;nan;nan;nan;nan;nan;nan;nan;nan;nan;nan;nan;nan;nan;nan;nan;nan;nan;nan;nan;nan;nan;nan;nan;nan;nan;nan;nan;nan;nan;nan;nan;nan;nan;nan;nan;nan;nan;nan;nan;nan;nan;nan;nan;nan;nan;nan;nan;nan;nan;nan;nan;nan;nan;nan;nan;nan;nan;nan;nan;nan;nan;nan;nan;nan;nan;nan;nan;nan;nan;nan;nan;nan;nan;nan;nan;nan;nan;nan;nan;nan;nan;nan;nan;nan;nan;nan;nan;nan;nan;nan;nan;nan;nan;nan;nan;nan;nan;nan;nan;nan;nan;0.83564234;20.266213102049196;0.3982222222222222;0.36820461449304903;0.5794309724711271;0.32820982;0.013736868070685944;0.9974;0.9964839155976924;0.8837093087194243;0.07047748565673828;0.83564234;20.266213102049196;0.3982222222222222;0.36820461449304903;0.5794309724711271;0.32820982;0.013736868070685944;0.9974;0.9964839155976924;0.8837093087194243;0.0;0.0;0.0;0.0;0.0;0.0;0.0;0.0;0.0;0.0;0.07047748565673828;0.64175874;0.4672451121409734;0.8437777777777777;0.8170218396272839;0.6976690582271339;0.1465442180633545;29316.062;0.525290532619715;0.7788888888888889;0.7841263276193984;0.7688410319513292;37.05752968788147;nan;nan;nan;nan;nan;nan;nan;nan;nan;nan;nan;nan;nan;nan;nan;nan;nan;nan;nan;nan;nan;nan;nan;nan;nan;nan;nan;nan;nan;nan;nan;nan;nan;nan;nan;nan;nan;nan;nan;nan;nan;nan;nan;nan;nan;nan;nan;nan;nan;nan;nan;nan;nan;nan;nan;nan;nan;nan;nan;nan;nan;nan;nan;nan;nan;nan;nan;nan;nan;nan;nan;nan;nan;nan;nan;nan;nan;nan;nan;nan;nan;nan;nan;nan;nan;nan;nan;nan;nan;nan;nan;nan;nan;nan;nan;nan;nan;nan;nan;nan;nan;nan;nan;nan;nan;nan;nan;nan;nan;nan;nan;nan;nan;nan;nan;nan;nan;nan;nan;nan;nan;nan;nan;nan;nan;nan;nan;nan;nan;nan;nan;nan;nan;nan;nan;nan;nan;nan;nan;nan;nan;nan;nan;nan;nan;nan;nan;nan;nan;nan;nan;nan;nan;nan;nan;nan;nan;nan;nan;nan;nan;nan;nan;nan;nan;nan;nan;nan;nan;nan;nan;nan;nan;nan;nan;nan;nan;nan;nan;nan;nan;nan;nan;nan;nan;nan;nan;nan;nan;nan;nan;nan;nan;nan;nan;nan;nan;nan;nan;nan;nan;nan;nan;nan;nan;nan;nan;nan;nan;nan;nan;nan;nan;nan;nan;nan;nan;nan;nan;nan;nan;nan;nan;nan;nan;nan;nan;nan;nan;nan;nan;nan;nan;nan;nan;nan;nan;nan;nan;nan;nan;nan;nan;nan;nan;nan;nan;nan;nan;nan;nan;nan;nan;nan;nan;nan;nan;nan;nan;nan;nan;nan;nan;nan;nan;nan;nan;nan;nan;nan;nan;nan;nan;nan;nan;nan;nan;nan;nan;nan;nan;nan;nan;nan;nan;nan;nan;nan;nan;nan;nan;nan;nan;nan;nan;nan;nan;nan;nan;nan;nan;nan;nan;nan;nan;nan;nan;nan;nan;nan;nan;nan;nan;nan;nan;nan;nan;nan;nan;nan;nan;nan;nan;nan;nan;nan;nan;nan;nan;nan;nan;nan;nan;nan;nan;nan;nan;nan;nan;nan;nan;nan;nan;nan;nan;nan;nan;nan;nan;nan;nan;nan;nan;nan;nan;nan;nan;nan;nan;nan;nan;nan;nan;nan;nan;nan;nan;nan;nan;nan;nan;nan;nan;nan;nan;nan;nan;nan;nan;nan;nan;nan;nan;nan;nan;nan;nan;nan;nan;nan;nan;nan;nan;nan;nan;nan;nan;nan;nan;nan;nan;nan;nan;nan;nan;nan;nan;nan;nan;nan;nan;nan;nan;nan;nan;nan;nan;nan;nan;nan;nan;nan;nan;nan;nan;nan;nan;nan;nan;nan;nan;nan;nan;nan;nan;nan;nan;nan;nan;nan;nan;nan;nan;nan;nan;nan;nan;nan;nan;nan;nan;nan;nan;nan;nan;nan;nan;nan;nan;nan;nan;nan;nan;nan;nan;nan;nan;nan;nan;nan;nan;nan;nan;nan;nan;nan;nan;nan;nan;nan;nan;nan;nan;nan;nan;nan;nan;nan;nan;nan;nan;nan;nan;nan;nan;nan;nan;nan;nan;nan;nan;nan;nan;nan;nan;nan;nan;nan;nan;nan;nan;nan;nan;nan;nan;nan;nan;nan;nan;nan;nan;nan;nan;nan;nan;nan;nan;nan;nan;nan;nan;nan;nan;nan;nan;nan;nan;nan;nan;nan;nan;nan;nan;nan;nan;nan;nan;nan;nan;nan;nan;nan;nan;nan;nan;nan;nan;nan;nan;nan;nan;nan;nan;nan;nan;nan;nan;nan;nan;nan;nan;nan;nan;nan;nan;nan;nan;nan;nan;nan;nan;nan;nan;nan;nan;nan;nan;nan;nan;nan;nan;nan;nan;nan;nan;nan;nan;nan;nan;nan;nan;nan;nan;nan;nan;nan;nan;nan;nan;nan;nan;nan;nan;nan;nan;nan;nan;nan;nan;nan;nan;nan;nan;nan;nan;nan;nan;nan;nan;nan;nan;nan;nan;nan;nan;nan;nan;nan;nan;nan;nan;nan;nan;nan;nan;nan;nan;nan;nan;nan;nan;nan;nan;nan;nan;nan;nan;nan;nan;nan;0.62755334;0.4329766535924112;0.9055555555555556;0.9030826103622314;0.8557966043160096;0.38485053;0.10513881149063718;0.9673;0.962110193548387;0.8826204347908064;0.06810832023620605;0.62755334;0.4329766535924112;0.9055555555555556;0.9030826103622314;0.8557966043160096;0.38485053;0.10513881149063718;0.9673;0.962110193548387;0.8826204347908064;0.0;0.0;0.0;0.0;0.0;0.0;0.0;0.0;0.0;0.0;0.06810832023620605;0.64175874;0.4672451121409734;0.8437777777777777;0.8170218396272839;0.6976690582271339;0.1465442180633545;29316.062;0.525290532619715;0.7788888888888889;0.7841263276193984;0.7688410319513292;37.05752968788147;nan;nan;nan;nan;nan;nan;nan;nan;nan;nan;nan;nan;nan;nan;nan;nan;nan;nan;nan;nan;nan;nan;nan;nan;nan;nan;nan;nan;nan;nan;nan;nan;nan;nan;nan;nan;nan;nan;nan;nan;nan;nan;nan;nan;nan;nan;nan;nan;nan;nan;nan;nan;nan;nan;nan;nan;nan;nan;nan;nan;nan;nan;nan;nan;nan;nan;nan;nan;nan;nan;nan;nan;nan;nan;nan;nan;nan;nan;nan;nan;nan;nan;nan;nan;nan;nan;nan;nan;nan;nan;nan;nan;nan;nan;nan;nan;nan;nan;nan;nan;nan;nan;nan;nan;nan;nan;nan;nan;nan;nan;nan;nan;nan;nan;nan;nan;nan;nan;nan;nan;nan;nan;nan;nan;nan;nan;nan;nan;nan;nan;nan;nan;nan;nan;nan;nan;nan;nan;nan;nan;nan;nan;nan;nan;nan;nan;nan;nan;nan;nan;nan;nan;nan;nan;nan;nan;nan;nan;nan;nan;nan;nan;nan;nan;nan;nan;nan;nan;nan;nan;nan;nan;nan;nan;nan;nan;nan;nan;nan;nan;nan;nan;nan;nan;nan;nan;nan;nan;nan;nan;nan;nan;nan;nan;nan;nan;nan;nan;nan;nan;nan;nan;nan;nan;nan;nan;nan;nan;nan;nan;nan;nan;nan;nan;nan;nan;nan;nan;nan;nan;nan;nan;nan;nan;nan;nan;nan;nan;nan;nan;nan;nan;nan;nan;nan;nan;nan;nan;nan;nan;nan;nan;nan;nan;nan;nan;nan;nan;nan;nan;nan;nan;nan;nan;nan;nan;nan;nan;nan;nan;nan;nan;nan;nan;nan;nan;nan;nan;nan;nan;nan;nan;nan;nan;nan;nan;nan;nan;nan;nan;nan;nan;nan;nan;nan;nan;nan;nan;nan;nan;nan;nan;nan;nan;nan;nan;nan;nan;nan;nan;nan;nan;nan;nan;nan;nan;nan;nan;nan;nan;nan;nan;nan;nan;nan;nan;nan;nan;nan;nan;nan;nan;nan;nan;nan;nan;nan;nan;nan;nan;nan;nan;nan;nan;nan;nan;nan;nan;nan;nan;nan;nan;nan;nan;nan;nan;nan;nan;nan;nan;nan;nan;nan;nan;nan;nan;nan;nan;nan;nan;nan;nan;nan;nan;nan;nan;nan;nan;nan;nan;nan;nan;nan;nan;nan;nan;nan;nan;nan;nan;nan;nan;nan;nan;nan;nan;nan;nan;nan;nan;nan;nan;nan;nan;nan;nan;nan;nan;nan;nan;nan;nan;nan;nan;nan;nan;nan;nan;nan;nan;nan;nan;nan;nan;nan;nan;nan;nan;nan;nan;nan;nan;nan;nan;nan;nan;nan;nan;nan;nan;nan;nan;nan;nan;nan;nan;nan;nan;nan;nan;nan;nan;nan;nan;nan;nan;nan;nan;nan;nan;nan;nan;nan;nan;nan;nan;nan;nan;nan;nan;nan;nan;nan;nan;nan;nan;nan;nan;nan;nan;nan;nan;nan;nan;nan;nan;nan;nan;nan;nan;nan;nan;nan;nan;nan;nan;nan;nan;nan;nan;nan;nan;nan;nan;nan;nan;nan;nan;nan;nan;nan;nan;nan;nan;nan;nan;nan;nan;nan;nan;nan;nan;nan;nan;nan;nan;nan;nan;nan;nan;nan;nan;nan;nan;nan;nan;nan;nan;nan;nan;nan;nan;nan;nan;nan;nan;nan;nan;nan;nan;nan;nan;nan;nan;nan;nan;nan;nan;nan;nan;nan;nan;nan;nan;nan;nan;nan;nan;nan;nan;nan;nan;nan;nan;nan;nan;nan;nan;nan;nan;nan;nan;nan;nan;nan;nan;nan;nan;nan;nan;nan;nan;nan;nan;nan;nan;nan;nan;nan;nan;nan;nan;nan;nan;nan;nan;nan;nan;nan;nan;nan;nan;nan;nan;nan;nan;nan;nan;nan;nan;nan;nan;nan;nan;nan;nan;nan;nan;nan;nan;nan;nan;nan;nan;nan;nan;nan;nan;nan;nan;nan;nan;nan;nan;nan;nan;nan;nan;nan;nan;nan;nan;nan;nan;nan;nan;nan;nan;nan;nan;nan;nan;nan;nan;nan;nan;nan;nan;nan;nan;0.6710552;0.56951968708186;0.7442222222222222;0.6353139455574417;0.5080949810417497;0.6024756;0.47256305533997345;0.7771;0.7744909063298884;0.8251190036706055;0.07720685005187988;0.6710552;0.56951968708186;0.7442222222222222;0.6353139455574417;0.5080949810417497;0.6024756;0.47256305533997345;0.7771;0.7744909063298884;0.8251190036706055;0.0;0.0;0.0;0.0;0.0;0.0;0.0;0.0;0.0;0.0;0.07720685005187988;0.64175874;0.4672451121409734;0.8437777777777777;0.8170218396272839;0.6976690582271339;0.1465442180633545;29316.062;0.525290532619715;0.7788888888888889;0.7841263276193984;0.7688410319513292;37.05752968788147;nan;nan;nan;nan;nan;nan;nan;nan;nan;nan;nan;nan;nan;nan;nan;nan;nan;nan;nan;nan;nan;nan;nan;nan;nan;nan;nan;nan;nan;nan;nan;nan;nan;nan;nan;nan;nan;nan;nan;nan;nan;nan;nan;nan;nan;nan;nan;nan;nan;nan;nan;nan;nan;nan;nan;nan;nan;nan;nan;nan;nan;nan;nan;nan;nan;nan;nan;nan;nan;nan;nan;nan;nan;nan;nan;nan;nan;nan;nan;nan;nan;nan;nan;nan;nan;nan;nan;nan;nan;nan;nan;nan;nan;nan;nan;nan;nan;nan;nan;nan;nan;nan;nan;nan;nan;nan;nan;nan;nan;nan;nan;nan;nan;nan;nan;nan;nan;nan;nan;nan;nan;nan;nan;nan;nan;nan;nan;nan;nan;nan;nan;nan;nan;nan;nan;nan;nan;nan;nan;nan;nan;nan;nan;nan;nan;nan;nan;nan;nan;nan;nan;nan;nan;nan;nan;nan;nan;nan;nan;nan;nan;nan;nan;nan;nan;nan;nan;nan;nan;nan;nan;nan;nan;nan;nan;nan;nan;nan;nan;nan;nan;nan;nan;nan;nan;nan;nan;nan;nan;nan;nan;nan;nan;nan;nan;nan;nan;nan;nan;nan;nan;nan;nan;nan;nan;nan;nan;nan;nan;nan;nan;nan;nan;nan;nan;nan;nan;nan;nan;nan;nan;nan;nan;nan;nan;nan;nan;nan;nan;nan;nan;nan;nan;nan;nan;nan;nan;nan;nan;nan;nan;nan;nan;nan;nan;nan;nan;nan;nan;nan;nan;nan;nan;nan;nan;nan;nan;nan;nan;nan;nan;nan;nan;nan;nan;nan;nan;nan;nan;nan;nan;nan;nan;nan;nan;nan;nan;nan;nan;nan;nan;nan;nan;nan;nan;nan;nan;nan;nan;nan;nan;nan;nan;nan;nan;nan;nan;nan;nan;nan;nan;nan;nan;nan;nan;nan;nan;nan;nan;nan;nan;nan;nan;nan;nan;nan;nan;nan;nan;nan;nan;nan;nan;nan;nan;nan;nan;nan;nan;nan;nan;nan;nan;nan;nan;nan;nan;nan;nan;nan;nan;nan;nan;nan;nan;nan;nan;nan;nan;nan;nan;nan;nan;nan;nan;nan;nan;nan;nan;nan;nan;nan;nan;nan;nan;nan;nan;nan;nan;nan;nan;nan;nan;nan;nan;nan;nan;nan;nan;nan;nan;nan;nan;nan;nan;nan;nan;nan;nan;nan;nan;nan;nan;nan;nan;nan;nan;nan;nan;nan;nan;nan;nan;nan;nan;nan;nan;nan;nan;nan;nan;nan;nan;nan;nan;nan;nan;nan;nan;nan;nan;nan;nan;nan;nan;nan;nan;nan;nan;nan;nan;nan;nan;nan;nan;nan;nan;nan;nan;nan;nan;nan;nan;nan;nan;nan;nan;nan;nan;nan;nan;nan;nan;nan;nan;nan;nan;nan;nan;nan;nan;nan;nan;nan;nan;nan;nan;nan;nan;nan;nan;nan;nan;nan;nan;nan;nan;nan;nan;nan;nan;nan;nan;nan;nan;nan;nan;nan;nan;nan;nan;nan;nan;nan;nan;nan;nan;nan;nan;nan;nan;nan;nan;nan;nan;nan;nan;nan;nan;nan;nan;nan;nan;nan;nan;nan;nan;nan;nan;nan;nan;nan;nan;nan;nan;nan;nan;nan;nan;nan;nan;nan;nan;nan;nan;nan;nan;nan;nan;nan;nan;nan;nan;nan;nan;nan;nan;nan;nan;nan;nan;nan;nan;nan;nan;nan;nan;nan;nan;nan;nan;nan;nan;nan;nan;nan;nan;nan;nan;nan;nan;nan;nan;nan;nan;nan;nan;nan;nan;nan;nan;nan;nan;nan;nan;nan;nan;nan;nan;nan;nan;nan;nan;nan;nan;nan;nan;nan;nan;nan;nan;nan;nan;nan;nan;nan;nan;nan;nan;nan;nan;nan;nan;nan;nan;nan;nan;nan;nan;nan;nan;nan;nan;nan;nan;nan;nan;nan;nan;nan;nan;nan;nan;nan;nan;nan;nan;nan;nan;nan;nan;nan;nan;nan;nan;nan;nan;nan;nan;nan;nan;nan;nan;nan;nan;nan;nan;nan;nan;nan;0.8210591;1.4097740389885534;0.2617777777777778;0.11820100624355943;0.5024623427751228;0.5027478;0.28106792213680554;0.8646;0.864342494773168;0.9095689747112592;0.07912397384643555;0.8210591;1.4097740389885534;0.2617777777777778;0.11820100624355943;0.5024623427751228;0.5027478;0.28106792213680554;0.8646;0.864342494773168;0.9095689747112592;0.0;0.0;0.0;0.0;0.0;0.0;0.0;0.0;0.0;0.0;0.07912397384643555;0.64175874;0.4672451121409734;0.8437777777777777;0.8170218396272839;0.6976690582271339;0.1465442180633545;29316.062;0.525290532619715;0.7788888888888889;0.7841263276193984;0.7688410319513292;37.05752968788147;nan;nan;nan;nan;nan;nan;nan;nan;nan;nan;nan;nan;nan;nan;nan;nan;nan;nan;nan;nan;nan;nan;nan;nan;nan;nan;nan;nan;nan;nan;nan;nan;nan;nan;nan;nan;nan;nan;nan;nan;nan;nan;nan;nan;nan;nan;nan;nan;nan;nan;nan;nan;nan;nan;nan;nan;nan;nan;nan;nan;nan;nan;nan;nan;nan;nan;nan;nan;nan;nan;nan;nan;nan;nan;nan;nan;nan;nan;nan;nan;nan;nan;nan;nan;nan;nan;nan;nan;nan;nan;nan;nan;nan;nan;nan;nan;nan;nan;nan;nan;nan;nan;nan;nan;nan;nan;nan;nan;nan;nan;nan;nan;nan;nan;nan;nan;nan;nan;nan;nan;nan;nan;nan;nan;nan;nan;nan;nan;nan;nan;nan;nan;nan;nan;nan;nan;nan;nan;nan;nan;nan;nan;nan;nan;nan;nan;nan;nan;nan;nan;nan;nan;nan;nan;nan;nan;nan;nan;nan;nan;nan;nan;nan;nan;nan;nan;nan;nan;nan;nan;nan;nan;nan;nan;nan;nan;nan;nan;nan;nan;nan;nan;nan;nan;nan;nan;nan;nan;nan;nan;nan;nan;nan;nan;nan;nan;nan;nan;nan;nan;nan;nan;nan;nan;nan;nan;nan;nan;nan;nan;nan;nan;nan;nan;nan;nan;nan;nan;nan;nan;nan;nan;nan;nan;nan;nan;nan;nan;nan;nan;nan;nan;nan;nan;nan;nan;nan;nan;nan;nan;nan;nan;nan;nan;nan;nan;nan;nan;nan;nan;nan;nan;nan;nan;nan;nan;nan;nan;nan;nan;nan;nan;nan;nan;nan;nan;nan;nan;nan;nan;nan;nan;nan;nan;nan;nan;nan;nan;nan;nan;nan;nan;nan;nan;nan;nan;nan;nan;nan;nan;nan;nan;nan;nan;nan;nan;nan;nan;nan;nan;nan;nan;nan;nan;nan;nan;nan;nan;nan;nan;nan;nan;nan;nan;nan;nan;nan;nan;nan;nan;nan;nan;nan;nan;nan;nan;nan;nan;nan;nan;nan;nan;nan;nan;nan;nan;nan;nan;nan;nan;nan;nan;nan;nan;nan;nan;nan;nan;nan;nan;nan;nan;nan;nan;nan;nan;nan;nan;nan;nan;nan;nan;nan;nan;nan;nan;nan;nan;nan;nan;nan;nan;nan;nan;nan;nan;nan;nan;nan;nan;nan;nan;nan;nan;nan;nan;nan;nan;nan;nan;nan;nan;nan;nan;nan;nan;nan;nan;nan;nan;nan;nan;nan;nan;nan;nan;nan;nan;nan;nan;nan;nan;nan;nan;nan;nan;nan;nan;nan;nan;nan;nan;nan;nan;nan;nan;nan;nan;nan;nan;nan;nan;nan;nan;nan;nan;nan;nan;nan;nan;nan;nan;nan;nan;nan;nan;nan;nan;nan;nan;nan;nan;nan;nan;nan;nan;nan;nan;nan;nan;nan;nan;nan;nan;nan;nan;nan;nan;nan;nan;nan;nan;nan;nan;nan;nan;nan;nan;nan;nan;nan;nan;nan;nan;nan;nan;nan;nan;nan;nan;nan;nan;nan;nan;nan;nan;nan;nan;nan;nan;nan;nan;nan;nan;nan;nan;nan;nan;nan;nan;nan;nan;nan;nan;nan;nan;nan;nan;nan;nan;nan;nan;nan;nan;nan;nan;nan;nan;nan;nan;nan;nan;nan;nan;nan;nan;nan;nan;nan;nan;nan;nan;nan;nan;nan;nan;nan;nan;nan;nan;nan;nan;nan;nan;nan;nan;nan;nan;nan;nan;nan;nan;nan;nan;nan;nan;nan;nan;nan;nan;nan;nan;nan;nan;nan;nan;nan;nan;nan;nan;nan;nan;nan;nan;nan;nan;nan;nan;nan;nan;nan;nan;nan;nan;nan;nan;nan;nan;nan;nan;nan;nan;nan;nan;nan;nan;nan;nan;nan;nan;nan;nan;nan;nan;nan;nan;nan;nan;nan;nan;nan;nan;nan;nan;nan;nan;nan;nan;nan;nan;nan;nan;nan;nan;nan;nan;nan;nan;nan;nan;nan;nan;nan;nan;nan;nan;nan;nan;nan;nan;nan;nan;nan;nan;nan;nan;nan;nan;nan;nan;0.69461787;0.7084352363282124;0.2604444444444444;0.11394593819671008;0.5255613581491437;0.37793276;0.0953389896728121;0.9616;0.9619941490088859;0.9681833295991786;0.08121871948242188;0.69461787;0.7084352363282124;0.2604444444444444;0.11394593819671008;0.5255613581491437;0.37793276;0.0953389896728121;0.9616;0.9619941490088859;0.9681833295991786;0.0;0.0;0.0;0.0;0.0;0.0;0.0;0.0;0.0;0.0;0.08121871948242188;0.64175874;0.4672451121409734;0.8437777777777777;0.8170218396272839;0.6976690582271339;0.1465442180633545;29316.062;0.525290532619715;0.7788888888888889;0.7841263276193984;0.7688410319513292;37.05752968788147;nan;nan;nan;nan;nan;nan;nan;nan;nan;nan;nan;nan;nan;nan;nan;nan;nan;nan;nan;nan;nan;nan;nan;nan;nan;nan;nan;nan;nan;nan;nan;nan;nan;nan;nan;nan;nan;nan;nan;nan;nan;nan;nan;nan;nan;nan;nan;nan;nan;nan;nan;nan;nan;nan;nan;nan;nan;nan;nan;nan;nan;nan;nan;nan;nan;nan;nan;nan;nan;nan;nan;nan;nan;nan;nan;nan;nan;nan;nan;nan;nan;nan;nan;nan;nan;nan;nan;nan;nan;nan;nan;nan;nan;nan;nan;nan;nan;nan;nan;nan;nan;nan;nan;nan;nan;nan;nan;nan;nan;nan;nan;nan;nan;nan;nan;nan;nan;nan;nan;nan;nan;nan;nan;nan;nan;nan;nan;nan;nan;nan;nan;nan;nan;nan;nan;nan;nan;nan;nan;nan;nan;nan;nan;nan;nan;nan;nan;nan;nan;nan;nan;nan;nan;nan;nan;nan;nan;nan;nan;nan;nan;nan;nan;nan;nan;nan;nan;nan;nan;nan;nan;nan;nan;nan;nan;nan;nan;nan;nan;nan;nan;nan;nan;nan;nan;nan;nan;nan;nan;nan;nan;nan;nan;nan;nan;nan;nan;nan;nan;nan;nan;nan;nan;nan;nan;nan;nan;nan;nan;nan;nan;nan;nan;nan;nan;nan;nan;nan;nan;nan;nan;nan;nan;nan;nan;nan;nan;nan;nan;nan;nan;nan;nan;nan;nan;nan;nan;nan;nan;nan;nan;nan;nan;nan;nan;nan;nan;nan;nan;nan;nan;nan;nan;nan;nan;nan;nan;nan;nan;nan;nan;nan;nan;nan;nan;nan;nan;nan;nan;nan;nan;nan;nan;nan;nan;nan;nan;nan;nan;nan;nan;nan;nan;nan;nan;nan;nan;nan;nan;nan;nan;nan;nan;nan;nan;nan;nan;nan;nan;nan;nan;nan;nan;nan;nan;nan;nan;nan;nan;nan;nan;nan;nan;nan;nan;nan;nan;nan;nan;nan;nan;nan;nan;nan;nan;nan;nan;nan;nan;nan;nan;nan;nan;nan;nan;nan;nan;nan;nan;nan;nan;nan;nan;nan;nan;nan;nan;nan;nan;nan;nan;nan;nan;nan;nan;nan;nan;nan;nan;nan;nan;nan;nan;nan;nan;nan;nan;nan;nan;nan;nan;nan;nan;nan;nan;nan;nan;nan;nan;nan;nan;nan;nan;nan;nan;nan;nan;nan;nan;nan;nan;nan;nan;nan;nan;nan;nan;nan;nan;nan;nan;nan;nan;nan;nan;nan;nan;nan;nan;nan;nan;nan;nan;nan;nan;nan;nan;nan;nan;nan;nan;nan;nan;nan;nan;nan;nan;nan;nan;nan;nan;nan;nan;nan;nan;nan;nan;nan;nan;nan;nan;nan;nan;nan;nan;nan;nan;nan;nan;nan;nan;nan;nan;nan;nan;nan;nan;nan;nan;nan;nan;nan;nan;nan;nan;nan;nan;nan;nan;nan;nan;nan;nan;nan;nan;nan;nan;nan;nan;nan;nan;nan;nan;nan;nan;nan;nan;nan;nan;nan;nan;nan;nan;nan;nan;nan;nan;nan;nan;nan;nan;nan;nan;nan;nan;nan;nan;nan;nan;nan;nan;nan;nan;nan;nan;nan;nan;nan;nan;nan;nan;nan;nan;nan;nan;nan;nan;nan;nan;nan;nan;nan;nan;nan;nan;nan;nan;nan;nan;nan;nan;nan;nan;nan;nan;nan;nan;nan;nan;nan;nan;nan;nan;nan;nan;nan;nan;nan;nan;nan;nan;nan;nan;nan;nan;nan;nan;nan;nan;nan;nan;nan;nan;nan;nan;nan;nan;nan;nan;nan;nan;nan;nan;nan;nan;nan;nan;nan;nan;nan;nan;nan;nan;nan;nan;nan;nan;nan;nan;nan;nan;nan;nan;nan;nan;nan;nan;nan;nan;nan;nan;nan;nan;nan;nan;nan;nan;nan;nan;nan;nan;nan;nan;nan;nan;nan;nan;nan;nan;nan;nan;nan;nan;nan;nan;nan;nan;nan;nan;nan;nan;nan;nan;nan;nan;nan;nan;nan;nan;nan;nan;nan;nan;nan;nan;nan;nan;nan;nan;nan;0.91315395;25.323560589717804;0.2657777777777778;0.12707867900575465;0.5033169159863269;0.3330937;0.009096087699900855;0.9983;0.9980019048753708;0.8382155388471179;0.08635473251342773;0.91315395;25.323560589717804;0.2657777777777778;0.12707867900575465;0.5033169159863269;0.3330937;0.009096087699900855;0.9983;0.9980019048753708;0.8382155388471179;0.0;0.0;0.0;0.0;0.0;0.0;0.0;0.0;0.0;0.0;0.08635473251342773;0.64175874;0.4672451121409734;0.8437777777777777;0.8170218396272839;0.6976690582271339;0.1465442180633545;29316.062;0.525290532619715;0.7788888888888889;0.7841263276193984;0.7688410319513292;37.05752968788147;nan;nan;nan;nan;nan;nan;nan;nan;nan;nan;nan;nan;nan;nan;nan;nan;nan;nan;nan;nan;nan;nan;nan;nan;nan;nan;nan;nan;nan;nan;nan;nan;nan;nan;nan;nan;nan;nan;nan;nan;nan;nan;nan;nan;nan;nan;nan;nan;nan;nan;nan;nan;nan;nan;nan;nan;nan;nan;nan;nan;nan;nan;nan;nan;nan;nan;nan;nan;nan;nan;nan;nan;nan;nan;nan;nan;nan;nan;nan;nan;nan;nan;nan;nan;nan;nan;nan;nan;nan;nan;nan;nan;nan;nan;nan;nan;nan;nan;nan;nan;nan;nan;nan;nan;nan;nan;nan;nan;nan;nan;nan;nan;nan;nan;nan;nan;nan;nan;nan;nan;nan;nan;nan;nan;nan;nan;nan;nan;nan;nan;nan;nan;nan;nan;nan;nan;nan;nan;nan;nan;nan;nan;nan;nan;nan;nan;nan;nan;nan;nan;nan;nan;nan;nan;nan;nan;nan;nan;nan;nan;nan;nan;nan;nan;nan;nan;nan;nan;nan;nan;nan;nan;nan;nan;nan;nan;nan;nan;nan;nan;nan;nan;nan;nan;nan;nan;nan;nan;nan;nan;nan;nan;nan;nan;nan;nan;nan;nan;nan;nan;nan;nan;nan;nan;nan;nan;nan;nan;nan;nan;nan;nan;nan;nan;nan;nan;nan;nan;nan;nan;nan;nan;nan;nan;nan;nan;nan;nan;nan;nan;nan;nan;nan;nan;nan;nan;nan;nan;nan;nan;nan;nan;nan;nan;nan;nan;nan;nan;nan;nan;nan;nan;nan;nan;nan;nan;nan;nan;nan;nan;nan;nan;nan;nan;nan;nan;nan;nan;nan;nan;nan;nan;nan;nan;nan;nan;nan;nan;nan;nan;nan;nan;nan;nan;nan;nan;nan;nan;nan;nan;nan;nan;nan;nan;nan;nan;nan;nan;nan;nan;nan;nan;nan;nan;nan;nan;nan;nan;nan;nan;nan;nan;nan;nan;nan;nan;nan;nan;nan;nan;nan;nan;nan;nan;nan;nan;nan;nan;nan;nan;nan;nan;nan;nan;nan;nan;nan;nan;nan;nan;nan;nan;nan;nan;nan;nan;nan;nan;nan;nan;nan;nan;nan;nan;nan;nan;nan;nan;nan;nan;nan;nan;nan;nan;nan;nan;nan;nan;nan;nan;nan;nan;nan;nan;nan;nan;nan;nan;nan;nan;nan;nan;nan;nan;nan;nan;nan;nan;nan;nan;nan;nan;nan;nan;nan;nan;nan;nan;nan;nan;nan;nan;nan;nan;nan;nan;nan;nan;nan;nan;nan;nan;nan;nan;nan;nan;nan;nan;nan;nan;nan;nan;nan;nan;nan;nan;nan;nan;nan;nan;nan;nan;nan;nan;nan;nan;nan;nan;nan;nan;nan;nan;nan;nan;nan;nan;nan;nan;nan;nan;nan;nan;nan;nan;nan;nan;nan;nan;nan;nan;nan;nan;nan;nan;nan;nan;nan;nan;nan;nan;nan;nan;nan;nan;nan;nan;nan;nan;nan;nan;nan;nan;nan;nan;nan;nan;nan;nan;nan;nan;nan;nan;nan;nan;nan;nan;nan;nan;nan;nan;nan;nan;nan;nan;nan;nan;nan;nan;nan;nan;nan;nan;nan;nan;nan;nan;nan;nan;nan;nan;nan;nan;nan;nan;nan;nan;nan;nan;nan;nan;nan;nan;nan;nan;nan;nan;nan;nan;nan;nan;nan;nan;nan;nan;nan;nan;nan;nan;nan;nan;nan;nan;nan;nan;nan;nan;nan;nan;nan;nan;nan;nan;nan;nan;nan;nan;nan;nan;nan;nan;nan;nan;nan;nan;nan;nan;nan;nan;nan;nan;nan;nan;nan;nan;nan;nan;nan;nan;nan;nan;nan;nan;nan;nan;nan;nan;nan;nan;nan;nan;nan;nan;nan;nan;nan;nan;nan;nan;nan;nan;nan;nan;nan;nan;nan;nan;nan;nan;nan;nan;nan;nan;nan;nan;nan;nan;nan;nan;nan;nan;nan;nan;nan;nan;nan;nan;nan;nan;nan;nan;nan;nan;nan;nan;nan;nan;nan;nan;nan;nan;nan;nan;nan;nan;nan;nan;nan;nan;nan;nan;0.60127187;0.19020153266706352;0.9291111111111111;0.9289992083438156;0.9553538648695739;0.6006601;0.19324934056302337;0.9321577271614009;0.9319654159677209;0.9618221258481987;0.06058311462402344;0.60127187;0.19020153266706352;0.9291111111111111;0.9289992083438156;0.9553538648695739;0.6006601;0.19324934056302337;0.9321577271614009;0.9319654159677209;0.9618221258481987;0.0;0.0;0.0;0.0;0.0;0.0;0.0;0.0;0.0;0.0;0.06058311462402344;0.64175874;0.4672451121409734;0.8437777777777777;0.8170218396272839;0.6976690582271339;0.1465442180633545;29316.062;0.525290532619715;0.7788888888888889;0.7841263276193984;0.7688410319513292;37.05752968788147;nan;nan;nan;nan;nan;nan;nan;nan;nan;nan;nan;nan;nan;nan;nan;nan;nan;nan;nan;nan;nan;nan;nan;nan;nan;nan;nan;nan;nan;nan;nan;nan;nan;nan;nan;nan;nan;nan;nan;nan;nan;nan;nan;nan;nan;nan;nan;nan;nan;nan;nan;nan;nan;nan;nan;nan;nan;nan;nan;nan;nan;nan;nan;nan;nan;nan;nan;nan;nan;nan;nan;nan;nan;nan;nan;nan;nan;nan;nan;nan;nan;nan;nan;nan;nan;nan;nan;nan;nan;nan;nan;nan;nan;nan;nan;nan;nan;nan;nan;nan;nan;nan;nan;nan;nan;nan;nan;nan;nan;nan;nan;nan;nan;nan;nan;nan;nan;nan;nan;nan;nan;nan;nan;nan;nan;nan;nan;nan;nan;nan;nan;nan;nan;nan;nan;nan;nan;nan;nan;nan;nan;nan;nan;nan;nan;nan;nan;nan;nan;nan;nan;nan;nan;nan;nan;nan;nan;nan;nan;nan;nan;nan;nan;nan;nan;nan;nan;nan;nan;nan;nan;nan;nan;nan;nan;nan;nan;nan;nan;nan;nan;nan;nan;nan;nan;nan;nan;nan;nan;nan;nan;nan;nan;nan;nan;nan;nan;nan;nan;nan;nan;nan;nan;nan;nan;nan;nan;nan;nan;nan;nan;nan;nan;nan;nan;nan;nan;nan;nan;nan;nan;nan;nan;nan;nan;nan;nan;nan;nan;nan;nan;nan;nan;nan;nan;nan;nan;nan;nan;nan;nan;nan;nan;nan;nan;nan;nan;nan;nan;nan;nan;nan;nan;nan;nan;nan;nan;nan;nan;nan;nan;nan;nan;nan;nan;nan;nan;nan;nan;nan;nan;nan;nan;nan;nan;nan;nan;nan;nan;nan;nan;nan;nan;nan;nan;nan;nan;nan;nan;nan;nan;nan;nan;nan;nan;nan;nan;nan;nan;nan;nan;nan;nan;nan;nan;nan;nan;nan;nan;nan;nan;nan;nan;nan;nan;nan;nan;nan;nan;nan;nan;nan;nan;nan;nan;nan;nan;nan;nan;nan;nan;nan;nan;nan;nan;nan;nan;nan;nan;nan;nan;nan;nan;nan;nan;nan;nan;nan;nan;nan;nan;nan;nan;nan;nan;nan;nan;nan;nan;nan;nan;nan;nan;nan;nan;nan;nan;nan;nan;nan;nan;nan;nan;nan;nan;nan;nan;nan;nan;nan;nan;nan;nan;nan;nan;nan;nan;nan;nan;nan;nan;nan;nan;nan;nan;nan;nan;nan;nan;nan;nan;nan;nan;nan;nan;nan;nan;nan;nan;nan;nan;nan;nan;nan;nan;nan;nan;nan;nan;nan;nan;nan;nan;nan;nan;nan;nan;nan;nan;nan;nan;nan;nan;nan;nan;nan;nan;nan;nan;nan;nan;nan;nan;nan;nan;nan;nan;nan;nan;nan;nan;nan;nan;nan;nan;nan;nan;nan;nan;nan;nan;nan;nan;nan;nan;nan;nan;nan;nan;nan;nan;nan;nan;nan;nan;nan;nan;nan;nan;nan;nan;nan;nan;nan;nan;nan;nan;nan;nan;nan;nan;nan;nan;nan;nan;nan;nan;nan;nan;nan;nan;nan;nan;nan;nan;nan;nan;nan;nan;nan;nan;nan;nan;nan;nan;nan;nan;nan;nan;nan;nan;nan;nan;nan;nan;nan;nan;nan;nan;nan;nan;nan;nan;nan;nan;nan;nan;nan;nan;nan;nan;nan;nan;nan;nan;nan;nan;nan;nan;nan;nan;nan;nan;nan;nan;nan;nan;nan;nan;nan;nan;nan;nan;nan;nan;nan;nan;nan;nan;nan;nan;nan;nan;nan;nan;nan;nan;nan;nan;nan;nan;nan;nan;nan;nan;nan;nan;nan;nan;nan;nan;nan;nan;nan;nan;nan;nan;nan;nan;nan;nan;nan;nan;nan;nan;nan;nan;nan;nan;nan;nan;nan;nan;nan;nan;nan;nan;nan;nan;nan;nan;nan;nan;nan;nan;nan;nan;nan;nan;nan;nan;nan;nan;nan;nan;nan;nan;nan;nan;nan;nan;nan;nan;nan;nan;nan;nan;nan;nan;nan;nan;nan;nan;nan;nan;nan;nan;nan;nan;nan;0.6604468;0.5684342228655795;0.7457777777777778;0.6389677691766361;0.579497606365326;0.51329815;0.377740348225018;0.8326;0.8031964171519351;0.8353770115191345;0.08113741874694824;0.6604468;0.5684342228655795;0.7457777777777778;0.6389677691766361;0.579497606365326;0.51329815;0.377740348225018;0.8326;0.8031964171519351;0.8353770115191345;0.0;0.0;0.0;0.0;0.0;0.0;0.0;0.0;0.0;0.0;0.08113741874694824;0.64175874;0.4672451121409734;0.8437777777777777;0.8170218396272839;0.6976690582271339;0.1465442180633545;29316.062;0.525290532619715;0.7788888888888889;0.7841263276193984;0.7688410319513292;37.05752968788147;nan;nan;nan;nan;nan;nan;nan;nan;nan;nan;nan;nan;nan;nan;nan;nan;nan;nan;nan;nan;nan;nan;nan;nan;nan;nan;nan;nan;nan;nan;nan;nan;nan;nan;nan;nan;nan;nan;nan;nan;nan;nan;nan;nan;nan;nan;nan;nan;nan;nan;nan;nan;nan;nan;nan;nan;nan;nan;nan;nan;nan;nan;nan;nan;nan;nan;nan;nan;nan;nan;nan;nan;nan;nan;nan;nan;nan;nan;nan;nan;nan;nan;nan;nan;nan;nan;nan;nan;nan;nan;nan;nan;nan;nan;nan;nan;nan;nan;nan;nan;nan;nan;nan;nan;nan;nan;nan;nan;nan;nan;nan;nan;nan;nan;nan;nan;nan;nan;nan;nan;nan;nan;nan;nan;nan;nan;nan;nan;nan;nan;nan;nan;nan;nan;nan;nan;nan;nan;nan;nan;nan;nan;nan;nan;nan;nan;nan;nan;nan;nan;nan;nan;nan;nan;nan;nan;nan;nan;nan;nan;nan;nan;nan;nan;nan;nan;nan;nan;nan;nan;nan;nan;nan;nan;nan;nan;nan;nan;nan;nan;nan;nan;nan;nan;nan;nan;nan;nan;nan;nan;nan;nan;nan;nan;nan;nan;nan;nan;nan;nan;nan;nan;nan;nan;nan;nan;nan;nan;nan;nan;nan;nan;nan;nan;nan;nan;nan;nan;nan;nan;nan;nan;nan;nan;nan;nan;nan;nan;nan;nan;nan;nan;nan;nan;nan;nan;nan;nan;nan;nan;nan;nan;nan;nan;nan;nan;nan;nan;nan;nan;nan;nan;nan;nan;nan;nan;nan;nan;nan;nan;nan;nan;nan;nan;nan;nan;nan;nan;nan;nan;nan;nan;nan;nan;nan;nan;nan;nan;nan;nan;nan;nan;nan;nan;nan;nan;nan;nan;nan;nan;nan;nan;nan;nan;nan;nan;nan;nan;nan;nan;nan;nan;nan;nan;nan;nan;nan;nan;nan;nan;nan;nan;nan;nan;nan;nan;nan;nan;nan;nan;nan;nan;nan;nan;nan;nan;nan;nan;nan;nan;nan;nan;nan;nan;nan;nan;nan;nan;nan;nan;nan;nan;nan;nan;nan;nan;nan;nan;nan;nan;nan;nan;nan;nan;nan;nan;nan;nan;nan;nan;nan;nan;nan;nan;nan;nan;nan;nan;nan;nan;nan;nan;nan;nan;nan;nan;nan;nan;nan;nan;nan;nan;nan;nan;nan;nan;nan;nan;nan;nan;nan;nan;nan;nan;nan;nan;nan;nan;nan;nan;nan;nan;nan;nan;nan;nan;nan;nan;nan;nan;nan;nan;nan;nan;nan;nan;nan;nan;nan;nan;nan;nan;nan;nan;nan;nan;nan;nan;nan;nan;nan;nan;nan;nan;nan;nan;nan;nan;nan;nan;nan;nan;nan;nan;nan;nan;nan;nan;nan;nan;nan;nan;nan;nan;nan;nan;nan;nan;nan;nan;nan;nan;nan;nan;nan;nan;nan;nan;nan;nan;nan;nan;nan;nan;nan;nan;nan;nan;nan;nan;nan;nan;nan;nan;nan;nan;nan;nan;nan;nan;nan;nan;nan;nan;nan;nan;nan;nan;nan;nan;nan;nan;nan;nan;nan;nan;nan;nan;nan;nan;nan;nan;nan;nan;nan;nan;nan;nan;nan;nan;nan;nan;nan;nan;nan;nan;nan;nan;nan;nan;nan;nan;nan;nan;nan;nan;nan;nan;nan;nan;nan;nan;nan;nan;nan;nan;nan;nan;nan;nan;nan;nan;nan;nan;nan;nan;nan;nan;nan;nan;nan;nan;nan;nan;nan;nan;nan;nan;nan;nan;nan;nan;nan;nan;nan;nan;nan;nan;nan;nan;nan;nan;nan;nan;nan;nan;nan;nan;nan;nan;nan;nan;nan;nan;nan;nan;nan;nan;nan;nan;nan;nan;nan;nan;nan;nan;nan;nan;nan;nan;nan;nan;nan;nan;nan;nan;nan;nan;nan;nan;nan;nan;nan;nan;nan;nan;nan;nan;nan;nan;nan;nan;nan;nan;nan;nan;nan;nan;nan;nan;nan;nan;nan;nan;nan;nan;nan;nan;nan;nan;nan;nan;nan;nan;nan;nan;nan;nan;nan;nan;0.6735379;0.6183038712348221;0.744;0.6347889908256881;0.5388882666268419;0.51615334;0.3835686158399808;0.8269;0.7928705246217181;0.8326367225362954;0.08341526985168457;0.6735379;0.6183038712348221;0.744;0.6347889908256881;0.5388882666268419;0.51615334;0.3835686158399808;0.8269;0.7928705246217181;0.8326367225362954;0.0;0.0;0.0;0.0;0.0;0.0;0.0;0.0;0.0;0.0;0.08341526985168457;0.64175874;0.4672451121409734;0.8437777777777777;0.8170218396272839;0.6976690582271339;0.1465442180633545;29316.062;0.525290532619715;0.7788888888888889;0.7841263276193984;0.7688410319513292;37.05752968788147;nan;nan;nan;nan;nan;nan;nan;nan;nan;nan;nan;nan;nan;nan;nan;nan;nan;nan;nan;nan;nan;nan;nan;nan;nan;nan;nan;nan;nan;nan;nan;nan;nan;nan;nan;nan;nan;nan;nan;nan;nan;nan;nan;nan;nan;nan;nan;nan;nan;nan;nan;nan;nan;nan;nan;nan;nan;nan;nan;nan;nan;nan;nan;nan;nan;nan;nan;nan;nan;nan;nan;nan;nan;nan;nan;nan;nan;nan;nan;nan;nan;nan;nan;nan;nan;nan;nan;nan;nan;nan;nan;nan;nan;nan;nan;nan;nan;nan;nan;nan;nan;nan;nan;nan;nan;nan;nan;nan;nan;nan;nan;nan;nan;nan;nan;nan;nan;nan;nan;nan;nan;nan;nan;nan;nan;nan;nan;nan;nan;nan;nan;nan;nan;nan;nan;nan;nan;nan;nan;nan;nan;nan;nan;nan;nan;nan;nan;nan;nan;nan;nan;nan;nan;nan;nan;nan;nan;nan;nan;nan;nan;nan;nan;nan;nan;nan;nan;nan;nan;nan;nan;nan;nan;nan;nan;nan;nan;nan;nan;nan;nan;nan;nan;nan;nan;nan;nan;nan;nan;nan;nan;nan;nan;nan;nan;nan;nan;nan;nan;nan;nan;nan;nan;nan;nan;nan;nan;nan;nan;nan;nan;nan;nan;nan;nan;nan;nan;nan;nan;nan;nan;nan;nan;nan;nan;nan;nan;nan;nan;nan;nan;nan;nan;nan;nan;nan;nan;nan;nan;nan;nan;nan;nan;nan;nan;nan;nan;nan;nan;nan;nan;nan;nan;nan;nan;nan;nan;nan;nan;nan;nan;nan;nan;nan;nan;nan;nan;nan;nan;nan;nan;nan;nan;nan;nan;nan;nan;nan;nan;nan;nan;nan;nan;nan;nan;nan;nan;nan;nan;nan;nan;nan;nan;nan;nan;nan;nan;nan;nan;nan;nan;nan;nan;nan;nan;nan;nan;nan;nan;nan;nan;nan;nan;nan;nan;nan;nan;nan;nan;nan;nan;nan;nan;nan;nan;nan;nan;nan;nan;nan;nan;nan;nan;nan;nan;nan;nan;nan;nan;nan;nan;nan;nan;nan;nan;nan;nan;nan;nan;nan;nan;nan;nan;nan;nan;nan;nan;nan;nan;nan;nan;nan;nan;nan;nan;nan;nan;nan;nan;nan;nan;nan;nan;nan;nan;nan;nan;nan;nan;nan;nan;nan;nan;nan;nan;nan;nan;nan;nan;nan;nan;nan;nan;nan;nan;nan;nan;nan;nan;nan;nan;nan;nan;nan;nan;nan;nan;nan;nan;nan;nan;nan;nan;nan;nan;nan;nan;nan;nan;nan;nan;nan;nan;nan;nan;nan;nan;nan;nan;nan;nan;nan;nan;nan;nan;nan;nan;nan;nan;nan;nan;nan;nan;nan;nan;nan;nan;nan;nan;nan;nan;nan;nan;nan;nan;nan;nan;nan;nan;nan;nan;nan;nan;nan;nan;nan;nan;nan;nan;nan;nan;nan;nan;nan;nan;nan;nan;nan;nan;nan;nan;nan;nan;nan;nan;nan;nan;nan;nan;nan;nan;nan;nan;nan;nan;nan;nan;nan;nan;nan;nan;nan;nan;nan;nan;nan;nan;nan;nan;nan;nan;nan;nan;nan;nan;nan;nan;nan;nan;nan;nan;nan;nan;nan;nan;nan;nan;nan;nan;nan;nan;nan;nan;nan;nan;nan;nan;nan;nan;nan;nan;nan;nan;nan;nan;nan;nan;nan;nan;nan;nan;nan;nan;nan;nan;nan;nan;nan;nan;nan;nan;nan;nan;nan;nan;nan;nan;nan;nan;nan;nan;nan;nan;nan;nan;nan;nan;nan;nan;nan;nan;nan;nan;nan;nan;nan;nan;nan;nan;nan;nan;nan;nan;nan;nan;nan;nan;nan;nan;nan;nan;nan;nan;nan;nan;nan;nan;nan;nan;nan;nan;nan;nan;nan;nan;nan;nan;nan;nan;nan;nan;nan;nan;nan;nan;nan;nan;nan;nan;nan;nan;nan;nan;nan;nan;nan;nan;nan;nan;nan;nan;nan;nan;nan;nan;nan;nan;nan;nan;nan;nan;nan;nan;nan;nan;nan;nan;nan;nan;nan;0.66972536;0.5965423135849022;0.7457777777777778;0.6389677691766361;0.5372152891859153;0.5122086;0.3689704963066878;0.8265;0.7830261521842706;0.8397472155453317;0.07871317863464355;0.66972536;0.5965423135849022;0.7457777777777778;0.6389677691766361;0.5372152891859153;0.5122086;0.3689704963066878;0.8265;0.7830261521842706;0.8397472155453317;0.0;0.0;0.0;0.0;0.0;0.0;0.0;0.0;0.0;0.0;0.07871317863464355;0.64175874;0.4672451121409734;0.8437777777777777;0.8170218396272839;0.6976690582271339;0.1465442180633545;29316.062;0.525290532619715;0.7788888888888889;0.7841263276193984;0.7688410319513292;37.05752968788147;nan;nan;nan;nan;nan;nan;nan;nan;nan;nan;nan;nan;nan;nan;nan;nan;nan;nan;nan;nan;nan;nan;nan;nan;nan;nan;nan;nan;nan;nan;nan;nan;nan;nan;nan;nan;nan;nan;nan;nan;nan;nan;nan;nan;nan;nan;nan;nan;nan;nan;nan;nan;nan;nan;nan;nan;nan;nan;nan;nan;nan;nan;nan;nan;nan;nan;nan;nan;nan;nan;nan;nan;nan;nan;nan;nan;nan;nan;nan;nan;nan;nan;nan;nan;nan;nan;nan;nan;nan;nan;nan;nan;nan;nan;nan;nan;nan;nan;nan;nan;nan;nan;nan;nan;nan;nan;nan;nan;nan;nan;nan;nan;nan;nan;nan;nan;nan;nan;nan;nan;nan;nan;nan;nan;nan;nan;nan;nan;nan;nan;nan;nan;nan;nan;nan;nan;nan;nan;nan;nan;nan;nan;nan;nan;nan;nan;nan;nan;nan;nan;nan;nan;nan;nan;nan;nan;nan;nan;nan;nan;nan;nan;nan;nan;nan;nan;nan;nan;nan;nan;nan;nan;nan;nan;nan;nan;nan;nan;nan;nan;nan;nan;nan;nan;nan;nan;nan;nan;nan;nan;nan;nan;nan;nan;nan;nan;nan;nan;nan;nan;nan;nan;nan;nan;nan;nan;nan;nan;nan;nan;nan;nan;nan;nan;nan;nan;nan;nan;nan;nan;nan;nan;nan;nan;nan;nan;nan;nan;nan;nan;nan;nan;nan;nan;nan;nan;nan;nan;nan;nan;nan;nan;nan;nan;nan;nan;nan;nan;nan;nan;nan;nan;nan;nan;nan;nan;nan;nan;nan;nan;nan;nan;nan;nan;nan;nan;nan;nan;nan;nan;nan;nan;nan;nan;nan;nan;nan;nan;nan;nan;nan;nan;nan;nan;nan;nan;nan;nan;nan;nan;nan;nan;nan;nan;nan;nan;nan;nan;nan;nan;nan;nan;nan;nan;nan;nan;nan;nan;nan;nan;nan;nan;nan;nan;nan;nan;nan;nan;nan;nan;nan;nan;nan;nan;nan;nan;nan;nan;nan;nan;nan;nan;nan;nan;nan;nan;nan;nan;nan;nan;nan;nan;nan;nan;nan;nan;nan;nan;nan;nan;nan;nan;nan;nan;nan;nan;nan;nan;nan;nan;nan;nan;nan;nan;nan;nan;nan;nan;nan;nan;nan;nan;nan;nan;nan;nan;nan;nan;nan;nan;nan;nan;nan;nan;nan;nan;nan;nan;nan;nan;nan;nan;nan;nan;nan;nan;nan;nan;nan;nan;nan;nan;nan;nan;nan;nan;nan;nan;nan;nan;nan;nan;nan;nan;nan;nan;nan;nan;nan;nan;nan;nan;nan;nan;nan;nan;nan;nan;nan;nan;nan;nan;nan;nan;nan;nan;nan;nan;nan;nan;nan;nan;nan;nan;nan;nan;nan;nan;nan;nan;nan;nan;nan;nan;nan;nan;nan;nan;nan;nan;nan;nan;nan;nan;nan;nan;nan;nan;nan;nan;nan;nan;nan;nan;nan;nan;nan;nan;nan;nan;nan;nan;nan;nan;nan;nan;nan;nan;nan;nan;nan;nan;nan;nan;nan;nan;nan;nan;nan;nan;nan;nan;nan;nan;nan;nan;nan;nan;nan;nan;nan;nan;nan;nan;nan;nan;nan;nan;nan;nan;nan;nan;nan;nan;nan;nan;nan;nan;nan;nan;nan;nan;nan;nan;nan;nan;nan;nan;nan;nan;nan;nan;nan;nan;nan;nan;nan;nan;nan;nan;nan;nan;nan;nan;nan;nan;nan;nan;nan;nan;nan;nan;nan;nan;nan;nan;nan;nan;nan;nan;nan;nan;nan;nan;nan;nan;nan;nan;nan;nan;nan;nan;nan;nan;nan;nan;nan;nan;nan;nan;nan;nan;nan;nan;nan;nan;nan;nan;nan;nan;nan;nan;nan;nan;nan;nan;nan;nan;nan;nan;nan;nan;nan;nan;nan;nan;nan;nan;nan;nan;nan;nan;nan;nan;nan;nan;nan;nan;nan;nan;nan;nan;nan;nan;nan;nan;nan;nan;nan;nan;nan;nan;nan;nan;nan;nan;nan;nan;nan;nan;nan;nan;nan;nan;nan;nan;nan;nan;nan;nan;0.67076534;0.5832306149144151;0.7457777777777778;0.6389677691766361;0.505856004413912;0.50705886;0.36581813187030837;0.8359;0.8190690149377882;0.8376974612925406;0.08110547065734863;0.67076534;0.5832306149144151;0.7457777777777778;0.6389677691766361;0.505856004413912;0.50705886;0.36581813187030837;0.8359;0.8190690149377882;0.8376974612925406;0.0;0.0;0.0;0.0;0.0;0.0;0.0;0.0;0.0;0.0;0.08110547065734863;0.64175874;0.4672451121409734;0.8437777777777777;0.8170218396272839;0.6976690582271339;0.1465442180633545;29316.062;0.525290532619715;0.7788888888888889;0.7841263276193984;0.7688410319513292;37.05752968788147;nan;nan;nan;nan;nan;nan;nan;nan;nan;nan;nan;nan;nan;nan;nan;nan;nan;nan;nan;nan;nan;nan;nan;nan;nan;nan;nan;nan;nan;nan;nan;nan;nan;nan;nan;nan;nan;nan;nan;nan;nan;nan;nan;nan;nan;nan;nan;nan;nan;nan;nan;nan;nan;nan;nan;nan;nan;nan;nan;nan;nan;nan;nan;nan;nan;nan;nan;nan;nan;nan;nan;nan;nan;nan;nan;nan;nan;nan;nan;nan;nan;nan;nan;nan;nan;nan;nan;nan;nan;nan;nan;nan;nan;nan;nan;nan;nan;nan;nan;nan;nan;nan;nan;nan;nan;nan;nan;nan;nan;nan;nan;nan;nan;nan;nan;nan;nan;nan;nan;nan;nan;nan;nan;nan;nan;nan;nan;nan;nan;nan;nan;nan;nan;nan;nan;nan;nan;nan;nan;nan;nan;nan;nan;nan;nan;nan;nan;nan;nan;nan;nan;nan;nan;nan;nan;nan;nan;nan;nan;nan;nan;nan;nan;nan;nan;nan;nan;nan;nan;nan;nan;nan;nan;nan;nan;nan;nan;nan;nan;nan;nan;nan;nan;nan;nan;nan;nan;nan;nan;nan;nan;nan;nan;nan;nan;nan;nan;nan;nan;nan;nan;nan;nan;nan;nan;nan;nan;nan;nan;nan;nan;nan;nan;nan;nan;nan;nan;nan;nan;nan;nan;nan;nan;nan;nan;nan;nan;nan;nan;nan;nan;nan;nan;nan;nan;nan;nan;nan;nan;nan;nan;nan;nan;nan;nan;nan;nan;nan;nan;nan;nan;nan;nan;nan;nan;nan;nan;nan;nan;nan;nan;nan;nan;nan;nan;nan;nan;nan;nan;nan;nan;nan;nan;nan;nan;nan;nan;nan;nan;nan;nan;nan;nan;nan;nan;nan;nan;nan;nan;nan;nan;nan;nan;nan;nan;nan;nan;nan;nan;nan;nan;nan;nan;nan;nan;nan;nan;nan;nan;nan;nan;nan;nan;nan;nan;nan;nan;nan;nan;nan;nan;nan;nan;nan;nan;nan;nan;nan;nan;nan;nan;nan;nan;nan;nan;nan;nan;nan;nan;nan;nan;nan;nan;nan;nan;nan;nan;nan;nan;nan;nan;nan;nan;nan;nan;nan;nan;nan;nan;nan;nan;nan;nan;nan;nan;nan;nan;nan;nan;nan;nan;nan;nan;nan;nan;nan;nan;nan;nan;nan;nan;nan;nan;nan;nan;nan;nan;nan;nan;nan;nan;nan;nan;nan;nan;nan;nan;nan;nan;nan;nan;nan;nan;nan;nan;nan;nan;nan;nan;nan;nan;nan;nan;nan;nan;nan;nan;nan;nan;nan;nan;nan;nan;nan;nan;nan;nan;nan;nan;nan;nan;nan;nan;nan;nan;nan;nan;nan;nan;nan;nan;nan;nan;nan;nan;nan;nan;nan;nan;nan;nan;nan;nan;nan;nan;nan;nan;nan;nan;nan;nan;nan;nan;nan;nan;nan;nan;nan;nan;nan;nan;nan;nan;nan;nan;nan;nan;nan;nan;nan;nan;nan;nan;nan;nan;nan;nan;nan;nan;nan;nan;nan;nan;nan;nan;nan;nan;nan;nan;nan;nan;nan;nan;nan;nan;nan;nan;nan;nan;nan;nan;nan;nan;nan;nan;nan;nan;nan;nan;nan;nan;nan;nan;nan;nan;nan;nan;nan;nan;nan;nan;nan;nan;nan;nan;nan;nan;nan;nan;nan;nan;nan;nan;nan;nan;nan;nan;nan;nan;nan;nan;nan;nan;nan;nan;nan;nan;nan;nan;nan;nan;nan;nan;nan;nan;nan;nan;nan;nan;nan;nan;nan;nan;nan;nan;nan;nan;nan;nan;nan;nan;nan;nan;nan;nan;nan;nan;nan;nan;nan;nan;nan;nan;nan;nan;nan;nan;nan;nan;nan;nan;nan;nan;nan;nan;nan;nan;nan;nan;nan;nan;nan;nan;nan;nan;nan;nan;nan;nan;nan;nan;nan;nan;nan;nan;nan;nan;nan;nan;nan;nan;nan;nan;nan;nan;nan;nan;nan;nan;nan;nan;nan;nan;nan;nan;nan;nan;nan;nan;nan;nan;nan;nan;nan;nan;nan;nan;nan;nan;nan;0.6667139;0.5721413023724256;0.7457777777777778;0.6389677691766361;0.5325878634010355;0.5119014;0.37193779778591196;0.8382;0.8298936597533356;0.842575388800401;0.1018223762512207;0.6667139;0.5721413023724256;0.7457777777777778;0.6389677691766361;0.5325878634010355;0.5119014;0.37193779778591196;0.8382;0.8298936597533356;0.842575388800401;0.0;0.0;0.0;0.0;0.0;0.0;0.0;0.0;0.0;0.0;0.1018223762512207;0.64175874;0.4672451121409734;0.8437777777777777;0.8170218396272839;0.6976690582271339;0.1465442180633545;29316.062;0.525290532619715;0.7788888888888889;0.7841263276193984;0.7688410319513292;37.05752968788147;nan;nan;nan;nan;nan;nan;nan;nan;nan;nan;nan;nan;nan;nan;nan;nan;nan;nan;nan;nan;nan;nan;nan;nan;nan;nan;nan;nan;nan;nan;nan;nan;nan;nan;nan;nan;nan;nan;nan;nan;nan;nan;nan;nan;nan;nan;nan;nan;nan;nan;nan;nan;nan;nan;nan;nan;nan;nan;nan;nan;nan;nan;nan;nan;nan;nan;nan;nan;nan;nan;nan;nan;nan;nan;nan;nan;nan;nan;nan;nan;nan;nan;nan;nan;nan;nan;nan;nan;nan;nan;nan;nan;nan;nan;nan;nan;nan;nan;nan;nan;nan;nan;nan;nan;nan;nan;nan;nan;nan;nan;nan;nan;nan;nan;nan;nan;nan;nan;nan;nan;nan;nan;nan;nan;nan;nan;nan;nan;nan;nan;nan;nan;nan;nan;nan;nan;nan;nan;nan;nan;nan;nan;nan;nan;nan;nan;nan;nan;nan;nan;nan;nan;nan;nan;nan;nan;nan;nan;nan;nan;nan;nan;nan;nan;nan;nan;nan;nan;nan;nan;nan;nan;nan;nan;nan;nan;nan;nan;nan;nan;nan;nan;nan;nan;nan;nan;nan;nan;nan;nan;nan;nan;nan;nan;nan;nan;nan;nan;nan;nan;nan;nan;nan;nan;nan;nan;nan;nan;nan;nan;nan;nan;nan;nan;nan;nan;nan;nan;nan;nan;nan;nan;nan;nan;nan;nan;nan;nan;nan;nan;nan;nan;nan;nan;nan;nan;nan;nan;nan;nan;nan;nan;nan;nan;nan;nan;nan;nan;nan;nan;nan;nan;nan;nan;nan;nan;nan;nan;nan;nan;nan;nan;nan;nan;nan;nan;nan;nan;nan;nan;nan;nan;nan;nan;nan;nan;nan;nan;nan;nan;nan;nan;nan;nan;nan;nan;nan;nan;nan;nan;nan;nan;nan;nan;nan;nan;nan;nan;nan;nan;nan;nan;nan;nan;nan;nan;nan;nan;nan;nan;nan;nan;nan;nan;nan;nan;nan;nan;nan;nan;nan;nan;nan;nan;nan;nan;nan;nan;nan;nan;nan;nan;nan;nan;nan;nan;nan;nan;nan;nan;nan;nan;nan;nan;nan;nan;nan;nan;nan;nan;nan;nan;nan;nan;nan;nan;nan;nan;nan;nan;nan;nan;nan;nan;nan;nan;nan;nan;nan;nan;nan;nan;nan;nan;nan;nan;nan;nan;nan;nan;nan;nan;nan;nan;nan;nan;nan;nan;nan;nan;nan;nan;nan;nan;nan;nan;nan;nan;nan;nan;nan;nan;nan;nan;nan;nan;nan;nan;nan;nan;nan;nan;nan;nan;nan;nan;nan;nan;nan;nan;nan;nan;nan;nan;nan;nan;nan;nan;nan;nan;nan;nan;nan;nan;nan;nan;nan;nan;nan;nan;nan;nan;nan;nan;nan;nan;nan;nan;nan;nan;nan;nan;nan;nan;nan;nan;nan;nan;nan;nan;nan;nan;nan;nan;nan;nan;nan;nan;nan;nan;nan;nan;nan;nan;nan;nan;nan;nan;nan;nan;nan;nan;nan;nan;nan;nan;nan;nan;nan;nan;nan;nan;nan;nan;nan;nan;nan;nan;nan;nan;nan;nan;nan;nan;nan;nan;nan;nan;nan;nan;nan;nan;nan;nan;nan;nan;nan;nan;nan;nan;nan;nan;nan;nan;nan;nan;nan;nan;nan;nan;nan;nan;nan;nan;nan;nan;nan;nan;nan;nan;nan;nan;nan;nan;nan;nan;nan;nan;nan;nan;nan;nan;nan;nan;nan;nan;nan;nan;nan;nan;nan;nan;nan;nan;nan;nan;nan;nan;nan;nan;nan;nan;nan;nan;nan;nan;nan;nan;nan;nan;nan;nan;nan;nan;nan;nan;nan;nan;nan;nan;nan;nan;nan;nan;nan;nan;nan;nan;nan;nan;nan;nan;nan;nan;nan;nan;nan;nan;nan;nan;nan;nan;nan;nan;nan;nan;nan;nan;nan;nan;nan;nan;nan;nan;nan;nan;nan;nan;nan;nan;nan;nan;nan;nan;nan;nan;nan;nan;nan;nan;nan;nan;nan;nan;nan;nan;nan;nan;nan;nan;nan;nan;nan;nan;nan;nan;nan;nan;nan;nan;0.6632076;0.5783564020601961;0.7457777777777778;0.6389677691766361;0.56281100138557;0.5113099;0.373313915072449;0.8354;0.8031983239003332;0.8341039481615431;0.08872628211975098;0.6632076;0.5783564020601961;0.7457777777777778;0.6389677691766361;0.56281100138557;0.5113099;0.373313915072449;0.8354;0.8031983239003332;0.8341039481615431;0.0;0.0;0.0;0.0;0.0;0.0;0.0;0.0;0.0;0.0;0.08872628211975098;0.64175874;0.4672451121409734;0.8437777777777777;0.8170218396272839;0.6976690582271339;0.1465442180633545;29316.062;0.525290532619715;0.7788888888888889;0.7841263276193984;0.7688410319513292;37.05752968788147;nan;nan;nan;nan;nan;nan;nan;nan;nan;nan;nan;nan;nan;nan;nan;nan;nan;nan;nan;nan;nan;nan;nan;nan;nan;nan;nan;nan;nan;nan;nan;nan;nan;nan;nan;nan;nan;nan;nan;nan;nan;nan;nan;nan;nan;nan;nan;nan;nan;nan;nan;nan;nan;nan;nan;nan;nan;nan;nan;nan;nan;nan;nan;nan;nan;nan;nan;nan;nan;nan;nan;nan;nan;nan;nan;nan;nan;nan;nan;nan;nan;nan;nan;nan;nan;nan;nan;nan;nan;nan;nan;nan;nan;nan;nan;nan;nan;nan;nan;nan;nan;nan;nan;nan;nan;nan;nan;nan;nan;nan;nan;nan;nan;nan;nan;nan;nan;nan;nan;nan;nan;nan;nan;nan;nan;nan;nan;nan;nan;nan;nan;nan;nan;nan;nan;nan;nan;nan;nan;nan;nan;nan;nan;nan;nan;nan;nan;nan;nan;nan;nan;nan;nan;nan;nan;nan;nan;nan;nan;nan;nan;nan;nan;nan;nan;nan;nan;nan;nan;nan;nan;nan;nan;nan;nan;nan;nan;nan;nan;nan;nan;nan;nan;nan;nan;nan;nan;nan;nan;nan;nan;nan;nan;nan;nan;nan;nan;nan;nan;nan;nan;nan;nan;nan;nan;nan;nan;nan;nan;nan;nan;nan;nan;nan;nan;nan;nan;nan;nan;nan;nan;nan;nan;nan;nan;nan;nan;nan;nan;nan;nan;nan;nan;nan;nan;nan;nan;nan;nan;nan;nan;nan;nan;nan;nan;nan;nan;nan;nan;nan;nan;nan;nan;nan;nan;nan;nan;nan;nan;nan;nan;nan;nan;nan;nan;nan;nan;nan;nan;nan;nan;nan;nan;nan;nan;nan;nan;nan;nan;nan;nan;nan;nan;nan;nan;nan;nan;nan;nan;nan;nan;nan;nan;nan;nan;nan;nan;nan;nan;nan;nan;nan;nan;nan;nan;nan;nan;nan;nan;nan;nan;nan;nan;nan;nan;nan;nan;nan;nan;nan;nan;nan;nan;nan;nan;nan;nan;nan;nan;nan;nan;nan;nan;nan;nan;nan;nan;nan;nan;nan;nan;nan;nan;nan;nan;nan;nan;nan;nan;nan;nan;nan;nan;nan;nan;nan;nan;nan;nan;nan;nan;nan;nan;nan;nan;nan;nan;nan;nan;nan;nan;nan;nan;nan;nan;nan;nan;nan;nan;nan;nan;nan;nan;nan;nan;nan;nan;nan;nan;nan;nan;nan;nan;nan;nan;nan;nan;nan;nan;nan;nan;nan;nan;nan;nan;nan;nan;nan;nan;nan;nan;nan;nan;nan;nan;nan;nan;nan;nan;nan;nan;nan;nan;nan;nan;nan;nan;nan;nan;nan;nan;nan;nan;nan;nan;nan;nan;nan;nan;nan;nan;nan;nan;nan;nan;nan;nan;nan;nan;nan;nan;nan;nan;nan;nan;nan;nan;nan;nan;nan;nan;nan;nan;nan;nan;nan;nan;nan;nan;nan;nan;nan;nan;nan;nan;nan;nan;nan;nan;nan;nan;nan;nan;nan;nan;nan;nan;nan;nan;nan;nan;nan;nan;nan;nan;nan;nan;nan;nan;nan;nan;nan;nan;nan;nan;nan;nan;nan;nan;nan;nan;nan;nan;nan;nan;nan;nan;nan;nan;nan;nan;nan;nan;nan;nan;nan;nan;nan;nan;nan;nan;nan;nan;nan;nan;nan;nan;nan;nan;nan;nan;nan;nan;nan;nan;nan;nan;nan;nan;nan;nan;nan;nan;nan;nan;nan;nan;nan;nan;nan;nan;nan;nan;nan;nan;nan;nan;nan;nan;nan;nan;nan;nan;nan;nan;nan;nan;nan;nan;nan;nan;nan;nan;nan;nan;nan;nan;nan;nan;nan;nan;nan;nan;nan;nan;nan;nan;nan;nan;nan;nan;nan;nan;nan;nan;nan;nan;nan;nan;nan;nan;nan;nan;nan;nan;nan;nan;nan;nan;nan;nan;nan;nan;nan;nan;nan;nan;nan;nan;nan;nan;nan;nan;nan;nan;nan;nan;nan;nan;nan;nan;nan;nan;nan;nan;nan;nan;nan;nan;nan;nan;nan;nan;nan;nan;nan;nan;nan;nan;nan;0.66019684;0.5532112433057104;0.7482222222222222;0.6446369735504608;0.5832779779387363;0.51445556;0.3779498544131098;0.8269;0.7903197207705088;0.8367471047061901;0.10069513320922852;0.66019684;0.5532112433057104;0.7482222222222222;0.6446369735504608;0.5832779779387363;0.51445556;0.3779498544131098;0.8269;0.7903197207705088;0.8367471047061901;0.0;0.0;0.0;0.0;0.0;0.0;0.0;0.0;0.0;0.0;0.10069513320922852;0.64175874;0.4672451121409734;0.8437777777777777;0.8170218396272839;0.6976690582271339;0.1465442180633545;29316.062;0.525290532619715;0.7788888888888889;0.7841263276193984;0.7688410319513292;37.05752968788147;nan;nan;nan;nan;nan;nan;nan;nan;nan;nan;nan;nan;nan;nan;nan;nan;nan;nan;nan;nan;nan;nan;nan;nan;nan;nan;nan;nan;nan;nan;nan;nan;nan;nan;nan;nan;nan;nan;nan;nan;nan;nan;nan;nan;nan;nan;nan;nan;nan;nan;nan;nan;nan;nan;nan;nan;nan;nan;nan;nan;nan;nan;nan;nan;nan;nan;nan;nan;nan;nan;nan;nan;nan;nan;nan;nan;nan;nan;nan;nan;nan;nan;nan;nan;nan;nan;nan;nan;nan;nan;nan;nan;nan;nan;nan;nan;nan;nan;nan;nan;nan;nan;nan;nan;nan;nan;nan;nan;nan;nan;nan;nan;nan;nan;nan;nan;nan;nan;nan;nan;nan;nan;nan;nan;nan;nan;nan;nan;nan;nan;nan;nan;nan;nan;nan;nan;nan;nan;nan;nan;nan;nan;nan;nan;nan;nan;nan;nan;nan;nan;nan;nan;nan;nan;nan;nan;nan;nan;nan;nan;nan;nan;nan;nan;nan;nan;nan;nan;nan;nan;nan;nan;nan;nan;nan;nan;nan;nan;nan;nan;nan;nan;nan;nan;nan;nan;nan;nan;nan;nan;nan;nan;nan;nan;nan;nan;nan;nan;nan;nan;nan;nan;nan;nan;nan;nan;nan;nan;nan;nan;nan;nan;nan;nan;nan;nan;nan;nan;nan;nan;nan;nan;nan;nan;nan;nan;nan;nan;nan;nan;nan;nan;nan;nan;nan;nan;nan;nan;nan;nan;nan;nan;nan;nan;nan;nan;nan;nan;nan;nan;nan;nan;nan;nan;nan;nan;nan;nan;nan;nan;nan;nan;nan;nan;nan;nan;nan;nan;nan;nan;nan;nan;nan;nan;nan;nan;nan;nan;nan;nan;nan;nan;nan;nan;nan;nan;nan;nan;nan;nan;nan;nan;nan;nan;nan;nan;nan;nan;nan;nan;nan;nan;nan;nan;nan;nan;nan;nan;nan;nan;nan;nan;nan;nan;nan;nan;nan;nan;nan;nan;nan;nan;nan;nan;nan;nan;nan;nan;nan;nan;nan;nan;nan;nan;nan;nan;nan;nan;nan;nan;nan;nan;nan;nan;nan;nan;nan;nan;nan;nan;nan;nan;nan;nan;nan;nan;nan;nan;nan;nan;nan;nan;nan;nan;nan;nan;nan;nan;nan;nan;nan;nan;nan;nan;nan;nan;nan;nan;nan;nan;nan;nan;nan;nan;nan;nan;nan;nan;nan;nan;nan;nan;nan;nan;nan;nan;nan;nan;nan;nan;nan;nan;nan;nan;nan;nan;nan;nan;nan;nan;nan;nan;nan;nan;nan;nan;nan;nan;nan;nan;nan;nan;nan;nan;nan;nan;nan;nan;nan;nan;nan;nan;nan;nan;nan;nan;nan;nan;nan;nan;nan;nan;nan;nan;nan;nan;nan;nan;nan;nan;nan;nan;nan;nan;nan;nan;nan;nan;nan;nan;nan;nan;nan;nan;nan;nan;nan;nan;nan;nan;nan;nan;nan;nan;nan;nan;nan;nan;nan;nan;nan;nan;nan;nan;nan;nan;nan;nan;nan;nan;nan;nan;nan;nan;nan;nan;nan;nan;nan;nan;nan;nan;nan;nan;nan;nan;nan;nan;nan;nan;nan;nan;nan;nan;nan;nan;nan;nan;nan;nan;nan;nan;nan;nan;nan;nan;nan;nan;nan;nan;nan;nan;nan;nan;nan;nan;nan;nan;nan;nan;nan;nan;nan;nan;nan;nan;nan;nan;nan;nan;nan;nan;nan;nan;nan;nan;nan;nan;nan;nan;nan;nan;nan;nan;nan;nan;nan;nan;nan;nan;nan;nan;nan;nan;nan;nan;nan;nan;nan;nan;nan;nan;nan;nan;nan;nan;nan;nan;nan;nan;nan;nan;nan;nan;nan;nan;nan;nan;nan;nan;nan;nan;nan;nan;nan;nan;nan;nan;nan;nan;nan;nan;nan;nan;nan;nan;nan;nan;nan;nan;nan;nan;nan;nan;nan;nan;nan;nan;nan;nan;nan;nan;nan;nan;nan;nan;nan;nan;nan;nan;nan;nan;nan;nan;nan;nan;nan;nan;nan;nan;nan;nan;nan;nan;nan;nan;nan;nan;nan;nan;0.6724231;0.5930516226748096;0.7457777777777778;0.6389677691766361;0.5052518916766229;0.5108537;0.3690135778177588;0.8379;0.8071884580318518;0.8376059774220899;0.08476805686950684;0.6724231;0.5930516226748096;0.7457777777777778;0.6389677691766361;0.5052518916766229;0.5108537;0.3690135778177588;0.8379;0.8071884580318518;0.8376059774220899;0.0;0.0;0.0;0.0;0.0;0.0;0.0;0.0;0.0;0.0;0.08476805686950684;0.64175874;0.4672451121409734;0.8437777777777777;0.8170218396272839;0.6976690582271339;0.1465442180633545;29316.062;0.525290532619715;0.7788888888888889;0.7841263276193984;0.7688410319513292;37.05752968788147;nan;nan;nan;nan;nan;nan;nan;nan;nan;nan;nan;nan;nan;nan;nan;nan;nan;nan;nan;nan;nan;nan;nan;nan;nan;nan;nan;nan;nan;nan;nan;nan;nan;nan;nan;nan;nan;nan;nan;nan;nan;nan;nan;nan;nan;nan;nan;nan;nan;nan;nan;nan;nan;nan;nan;nan;nan;nan;nan;nan;nan;nan;nan;nan;nan;nan;nan;nan;nan;nan;nan;nan;nan;nan;nan;nan;nan;nan;nan;nan;nan;nan;nan;nan;nan;nan;nan;nan;nan;nan;nan;nan;nan;nan;nan;nan;nan;nan;nan;nan;nan;nan;nan;nan;nan;nan;nan;nan;nan;nan;nan;nan;nan;nan;nan;nan;nan;nan;nan;nan;nan;nan;nan;nan;nan;nan;nan;nan;nan;nan;nan;nan;nan;nan;nan;nan;nan;nan;nan;nan;nan;nan;nan;nan;nan;nan;nan;nan;nan;nan;nan;nan;nan;nan;nan;nan;nan;nan;nan;nan;nan;nan;nan;nan;nan;nan;nan;nan;nan;nan;nan;nan;nan;nan;nan;nan;nan;nan;nan;nan;nan;nan;nan;nan;nan;nan;nan;nan;nan;nan;nan;nan;nan;nan;nan;nan;nan;nan;nan;nan;nan;nan;nan;nan;nan;nan;nan;nan;nan;nan;nan;nan;nan;nan;nan;nan;nan;nan;nan;nan;nan;nan;nan;nan;nan;nan;nan;nan;nan;nan;nan;nan;nan;nan;nan;nan;nan;nan;nan;nan;nan;nan;nan;nan;nan;nan;nan;nan;nan;nan;nan;nan;nan;nan;nan;nan;nan;nan;nan;nan;nan;nan;nan;nan;nan;nan;nan;nan;nan;nan;nan;nan;nan;nan;nan;nan;nan;nan;nan;nan;nan;nan;nan;nan;nan;nan;nan;nan;nan;nan;nan;nan;nan;nan;nan;nan;nan;nan;nan;nan;nan;nan;nan;nan;nan;nan;nan;nan;nan;nan;nan;nan;nan;nan;nan;nan;nan;nan;nan;nan;nan;nan;nan;nan;nan;nan;nan;nan;nan;nan;nan;nan;nan;nan;nan;nan;nan;nan;nan;nan;nan;nan;nan;nan;nan;nan;nan;nan;nan;nan;nan;nan;nan;nan;nan;nan;nan;nan;nan;nan;nan;nan;nan;nan;nan;nan;nan;nan;nan;nan;nan;nan;nan;nan;nan;nan;nan;nan;nan;nan;nan;nan;nan;nan;nan;nan;nan;nan;nan;nan;nan;nan;nan;nan;nan;nan;nan;nan;nan;nan;nan;nan;nan;nan;nan;nan;nan;nan;nan;nan;nan;nan;nan;nan;nan;nan;nan;nan;nan;nan;nan;nan;nan;nan;nan;nan;nan;nan;nan;nan;nan;nan;nan;nan;nan;nan;nan;nan;nan;nan;nan;nan;nan;nan;nan;nan;nan;nan;nan;nan;nan;nan;nan;nan;nan;nan;nan;nan;nan;nan;nan;nan;nan;nan;nan;nan;nan;nan;nan;nan;nan;nan;nan;nan;nan;nan;nan;nan;nan;nan;nan;nan;nan;nan;nan;nan;nan;nan;nan;nan;nan;nan;nan;nan;nan;nan;nan;nan;nan;nan;nan;nan;nan;nan;nan;nan;nan;nan;nan;nan;nan;nan;nan;nan;nan;nan;nan;nan;nan;nan;nan;nan;nan;nan;nan;nan;nan;nan;nan;nan;nan;nan;nan;nan;nan;nan;nan;nan;nan;nan;nan;nan;nan;nan;nan;nan;nan;nan;nan;nan;nan;nan;nan;nan;nan;nan;nan;nan;nan;nan;nan;nan;nan;nan;nan;nan;nan;nan;nan;nan;nan;nan;nan;nan;nan;nan;nan;nan;nan;nan;nan;nan;nan;nan;nan;nan;nan;nan;nan;nan;nan;nan;nan;nan;nan;nan;nan;nan;nan;nan;nan;nan;nan;nan;nan;nan;nan;nan;nan;nan;nan;nan;nan;nan;nan;nan;nan;nan;nan;nan;nan;nan;nan;nan;nan;nan;nan;nan;nan;nan;nan;nan;nan;nan;nan;nan;nan;nan;nan;nan;nan;nan;nan;nan;nan;nan;nan;nan;nan;nan;nan;nan;nan;nan;nan;nan;nan;nan;nan;nan;0.67935383;0.629145016839887;0.7446666666666667;0.6363616100916293;0.5230034722222222;0.5141708;0.3776822182924414;0.8365;0.809562563900676;0.8333513244693032;0.09679150581359863;0.67935383;0.629145016839887;0.7446666666666667;0.6363616100916293;0.5230034722222222;0.5141708;0.3776822182924414;0.8365;0.809562563900676;0.8333513244693032;0.0;0.0;0.0;0.0;0.0;0.0;0.0;0.0;0.0;0.0;0.09679150581359863;0.64175874;0.4672451121409734;0.8437777777777777;0.8170218396272839;0.6976690582271339;0.1465442180633545;29316.062;0.525290532619715;0.7788888888888889;0.7841263276193984;0.7688410319513292;37.05752968788147;nan;nan;nan;nan;nan;nan;nan;nan;nan;nan;nan;nan;nan;nan;nan;nan;nan;nan;nan;nan;nan;nan;nan;nan;nan;nan;nan;nan;nan;nan;nan;nan;nan;nan;nan;nan;nan;nan;nan;nan;nan;nan;nan;nan;nan;nan;nan;nan;nan;nan;nan;nan;nan;nan;nan;nan;nan;nan;nan;nan;nan;nan;nan;nan;nan;nan;nan;nan;nan;nan;nan;nan;nan;nan;nan;nan;nan;nan;nan;nan;nan;nan;nan;nan;nan;nan;nan;nan;nan;nan;nan;nan;nan;nan;nan;nan;nan;nan;nan;nan;nan;nan;nan;nan;nan;nan;nan;nan;nan;nan;nan;nan;nan;nan;nan;nan;nan;nan;nan;nan;nan;nan;nan;nan;nan;nan;nan;nan;nan;nan;nan;nan;nan;nan;nan;nan;nan;nan;nan;nan;nan;nan;nan;nan;nan;nan;nan;nan;nan;nan;nan;nan;nan;nan;nan;nan;nan;nan;nan;nan;nan;nan;nan;nan;nan;nan;nan;nan;nan;nan;nan;nan;nan;nan;nan;nan;nan;nan;nan;nan;nan;nan;nan;nan;nan;nan;nan;nan;nan;nan;nan;nan;nan;nan;nan;nan;nan;nan;nan;nan;nan;nan;nan;nan;nan;nan;nan;nan;nan;nan;nan;nan;nan;nan;nan;nan;nan;nan;nan;nan;nan;nan;nan;nan;nan;nan;nan;nan;nan;nan;nan;nan;nan;nan;nan;nan;nan;nan;nan;nan;nan;nan;nan;nan;nan;nan;nan;nan;nan;nan;nan;nan;nan;nan;nan;nan;nan;nan;nan;nan;nan;nan;nan;nan;nan;nan;nan;nan;nan;nan;nan;nan;nan;nan;nan;nan;nan;nan;nan;nan;nan;nan;nan;nan;nan;nan;nan;nan;nan;nan;nan;nan;nan;nan;nan;nan;nan;nan;nan;nan;nan;nan;nan;nan;nan;nan;nan;nan;nan;nan;nan;nan;nan;nan;nan;nan;nan;nan;nan;nan;nan;nan;nan;nan;nan;nan;nan;nan;nan;nan;nan;nan;nan;nan;nan;nan;nan;nan;nan;nan;nan;nan;nan;nan;nan;nan;nan;nan;nan;nan;nan;nan;nan;nan;nan;nan;nan;nan;nan;nan;nan;nan;nan;nan;nan;nan;nan;nan;nan;nan;nan;nan;nan;nan;nan;nan;nan;nan;nan;nan;nan;nan;nan;nan;nan;nan;nan;nan;nan;nan;nan;nan;nan;nan;nan;nan;nan;nan;nan;nan;nan;nan;nan;nan;nan;nan;nan;nan;nan;nan;nan;nan;nan;nan;nan;nan;nan;nan;nan;nan;nan;nan;nan;nan;nan;nan;nan;nan;nan;nan;nan;nan;nan;nan;nan;nan;nan;nan;nan;nan;nan;nan;nan;nan;nan;nan;nan;nan;nan;nan;nan;nan;nan;nan;nan;nan;nan;nan;nan;nan;nan;nan;nan;nan;nan;nan;nan;nan;nan;nan;nan;nan;nan;nan;nan;nan;nan;nan;nan;nan;nan;nan;nan;nan;nan;nan;nan;nan;nan;nan;nan;nan;nan;nan;nan;nan;nan;nan;nan;nan;nan;nan;nan;nan;nan;nan;nan;nan;nan;nan;nan;nan;nan;nan;nan;nan;nan;nan;nan;nan;nan;nan;nan;nan;nan;nan;nan;nan;nan;nan;nan;nan;nan;nan;nan;nan;nan;nan;nan;nan;nan;nan;nan;nan;nan;nan;nan;nan;nan;nan;nan;nan;nan;nan;nan;nan;nan;nan;nan;nan;nan;nan;nan;nan;nan;nan;nan;nan;nan;nan;nan;nan;nan;nan;nan;nan;nan;nan;nan;nan;nan;nan;nan;nan;nan;nan;nan;nan;nan;nan;nan;nan;nan;nan;nan;nan;nan;nan;nan;nan;nan;nan;nan;nan;nan;nan;nan;nan;nan;nan;nan;nan;nan;nan;nan;nan;nan;nan;nan;nan;nan;nan;nan;nan;nan;nan;nan;nan;nan;nan;nan;nan;nan;nan;nan;nan;nan;nan;nan;nan;nan;nan;nan;nan;nan;nan;nan;nan;nan;nan;nan;nan;nan;nan;nan;nan;nan;nan;nan;nan;0.6622987;0.5633228830062506;0.7482222222222222;0.6446369735504608;0.5684457138590203;0.5102007;0.3662842335617289;0.8391;0.8143388915094196;0.8373158608827698;0.09216070175170898;0.6622987;0.5633228830062506;0.7482222222222222;0.6446369735504608;0.5684457138590203;0.5102007;0.3662842335617289;0.8391;0.8143388915094196;0.8373158608827698;0.0;0.0;0.0;0.0;0.0;0.0;0.0;0.0;0.0;0.0;0.09216070175170898;0.64175874;0.4672451121409734;0.8437777777777777;0.8170218396272839;0.6976690582271339;0.1465442180633545;29316.062;0.525290532619715;0.7788888888888889;0.7841263276193984;0.7688410319513292;37.05752968788147;nan;nan;nan;nan;nan;nan;nan;nan;nan;nan;nan;nan;nan;nan;nan;nan;nan;nan;nan;nan;nan;nan;nan;nan;nan;nan;nan;nan;nan;nan;nan;nan;nan;nan;nan;nan;nan;nan;nan;nan;nan;nan;nan;nan;nan;nan;nan;nan;nan;nan;nan;nan;nan;nan;nan;nan;nan;nan;nan;nan;nan;nan;nan;nan;nan;nan;nan;nan;nan;nan;nan;nan;nan;nan;nan;nan;nan;nan;nan;nan;nan;nan;nan;nan;nan;nan;nan;nan;nan;nan;nan;nan;nan;nan;nan;nan;nan;nan;nan;nan;nan;nan;nan;nan;nan;nan;nan;nan;nan;nan;nan;nan;nan;nan;nan;nan;nan;nan;nan;nan;nan;nan;nan;nan;nan;nan;nan;nan;nan;nan;nan;nan;nan;nan;nan;nan;nan;nan;nan;nan;nan;nan;nan;nan;nan;nan;nan;nan;nan;nan;nan;nan;nan;nan;nan;nan;nan;nan;nan;nan;nan;nan;nan;nan;nan;nan;nan;nan;nan;nan;nan;nan;nan;nan;nan;nan;nan;nan;nan;nan;nan;nan;nan;nan;nan;nan;nan;nan;nan;nan;nan;nan;nan;nan;nan;nan;nan;nan;nan;nan;nan;nan;nan;nan;nan;nan;nan;nan;nan;nan;nan;nan;nan;nan;nan;nan;nan;nan;nan;nan;nan;nan;nan;nan;nan;nan;nan;nan;nan;nan;nan;nan;nan;nan;nan;nan;nan;nan;nan;nan;nan;nan;nan;nan;nan;nan;nan;nan;nan;nan;nan;nan;nan;nan;nan;nan;nan;nan;nan;nan;nan;nan;nan;nan;nan;nan;nan;nan;nan;nan;nan;nan;nan;nan;nan;nan;nan;nan;nan;nan;nan;nan;nan;nan;nan;nan;nan;nan;nan;nan;nan;nan;nan;nan;nan;nan;nan;nan;nan;nan;nan;nan;nan;nan;nan;nan;nan;nan;nan;nan;nan;nan;nan;nan;nan;nan;nan;nan;nan;nan;nan;nan;nan;nan;nan;nan;nan;nan;nan;nan;nan;nan;nan;nan;nan;nan;nan;nan;nan;nan;nan;nan;nan;nan;nan;nan;nan;nan;nan;nan;nan;nan;nan;nan;nan;nan;nan;nan;nan;nan;nan;nan;nan;nan;nan;nan;nan;nan;nan;nan;nan;nan;nan;nan;nan;nan;nan;nan;nan;nan;nan;nan;nan;nan;nan;nan;nan;nan;nan;nan;nan;nan;nan;nan;nan;nan;nan;nan;nan;nan;nan;nan;nan;nan;nan;nan;nan;nan;nan;nan;nan;nan;nan;nan;nan;nan;nan;nan;nan;nan;nan;nan;nan;nan;nan;nan;nan;nan;nan;nan;nan;nan;nan;nan;nan;nan;nan;nan;nan;nan;nan;nan;nan;nan;nan;nan;nan;nan;nan;nan;nan;nan;nan;nan;nan;nan;nan;nan;nan;nan;nan;nan;nan;nan;nan;nan;nan;nan;nan;nan;nan;nan;nan;nan;nan;nan;nan;nan;nan;nan;nan;nan;nan;nan;nan;nan;nan;nan;nan;nan;nan;nan;nan;nan;nan;nan;nan;nan;nan;nan;nan;nan;nan;nan;nan;nan;nan;nan;nan;nan;nan;nan;nan;nan;nan;nan;nan;nan;nan;nan;nan;nan;nan;nan;nan;nan;nan;nan;nan;nan;nan;nan;nan;nan;nan;nan;nan;nan;nan;nan;nan;nan;nan;nan;nan;nan;nan;nan;nan;nan;nan;nan;nan;nan;nan;nan;nan;nan;nan;nan;nan;nan;nan;nan;nan;nan;nan;nan;nan;nan;nan;nan;nan;nan;nan;nan;nan;nan;nan;nan;nan;nan;nan;nan;nan;nan;nan;nan;nan;nan;nan;nan;nan;nan;nan;nan;nan;nan;nan;nan;nan;nan;nan;nan;nan;nan;nan;nan;nan;nan;nan;nan;nan;nan;nan;nan;nan;nan;nan;nan;nan;nan;nan;nan;nan;nan;nan;nan;nan;nan;nan;nan;nan;nan;nan;nan;nan;nan;nan;nan;nan;nan;nan;nan;nan;nan;nan;nan;nan;nan;nan;nan;nan;nan;nan;nan;nan;nan;nan;nan;0.7047527;8.774005625451618;0.7457777777777778;0.6389677691766361;0.4948659491985265;0.36393037;0.03418312572863909;0.993;0.9904800413004952;0.7731022516955238;0.08953595161437988;0.7047527;8.774005625451618;0.7457777777777778;0.6389677691766361;0.4948659491985265;0.36393037;0.03418312572863909;0.993;0.9904800413004952;0.7731022516955238;0.0;0.0;0.0;0.0;0.0;0.0;0.0;0.0;0.0;0.0;0.08953595161437988;0.64175874;0.4672451121409734;0.8437777777777777;0.8170218396272839;0.6976690582271339;0.1465442180633545;29316.062;0.525290532619715;0.7788888888888889;0.7841263276193984;0.7688410319513292;37.05752968788147;nan;nan;nan;nan;nan;nan;nan;nan;nan;nan;nan;nan;nan;nan;nan;nan;nan;nan;nan;nan;nan;nan;nan;nan;nan;nan;nan;nan;nan;nan;nan;nan;nan;nan;nan;nan;nan;nan;nan;nan;nan;nan;nan;nan;nan;nan;nan;nan;nan;nan;nan;nan;nan;nan;nan;nan;nan;nan;nan;nan;nan;nan;nan;nan;nan;nan;nan;nan;nan;nan;nan;nan;nan;nan;nan;nan;nan;nan;nan;nan;nan;nan;nan;nan;nan;nan;nan;nan;nan;nan;nan;nan;nan;nan;nan;nan;nan;nan;nan;nan;nan;nan;nan;nan;nan;nan;nan;nan;nan;nan;nan;nan;nan;nan;nan;nan;nan;nan;nan;nan;nan;nan;nan;nan;nan;nan;nan;nan;nan;nan;nan;nan;nan;nan;nan;nan;nan;nan;nan;nan;nan;nan;nan;nan;nan;nan;nan;nan;nan;nan;nan;nan;nan;nan;nan;nan;nan;nan;nan;nan;nan;nan;nan;nan;nan;nan;nan;nan;nan;nan;nan;nan;nan;nan;nan;nan;nan;nan;nan;nan;nan;nan;nan;nan;nan;nan;nan;nan;nan;nan;nan;nan;nan;nan;nan;nan;nan;nan;nan;nan;nan;nan;nan;nan;nan;nan;nan;nan;nan;nan;nan;nan;nan;nan;nan;nan;nan;nan;nan;nan;nan;nan;nan;nan;nan;nan;nan;nan;nan;nan;nan;nan;nan;nan;nan;nan;nan;nan;nan;nan;nan;nan;nan;nan;nan;nan;nan;nan;nan;nan;nan;nan;nan;nan;nan;nan;nan;nan;nan;nan;nan;nan;nan;nan;nan;nan;nan;nan;nan;nan;nan;nan;nan;nan;nan;nan;nan;nan;nan;nan;nan;nan;nan;nan;nan;nan;nan;nan;nan;nan;nan;nan;nan;nan;nan;nan;nan;nan;nan;nan;nan;nan;nan;nan;nan;nan;nan;nan;nan;nan;nan;nan;nan;nan;nan;nan;nan;nan;nan;nan;nan;nan;nan;nan;nan;nan;nan;nan;nan;nan;nan;nan;nan;nan;nan;nan;nan;nan;nan;nan;nan;nan;nan;nan;nan;nan;nan;nan;nan;nan;nan;nan;nan;nan;nan;nan;nan;nan;nan;nan;nan;nan;nan;nan;nan;nan;nan;nan;nan;nan;nan;nan;nan;nan;nan;nan;nan;nan;nan;nan;nan;nan;nan;nan;nan;nan;nan;nan;nan;nan;nan;nan;nan;nan;nan;nan;nan;nan;nan;nan;nan;nan;nan;nan;nan;nan;nan;nan;nan;nan;nan;nan;nan;nan;nan;nan;nan;nan;nan;nan;nan;nan;nan;nan;nan;nan;nan;nan;nan;nan;nan;nan;nan;nan;nan;nan;nan;nan;nan;nan;nan;nan;nan;nan;nan;nan;nan;nan;nan;nan;nan;nan;nan;nan;nan;nan;nan;nan;nan;nan;nan;nan;nan;nan;nan;nan;nan;nan;nan;nan;nan;nan;nan;nan;nan;nan;nan;nan;nan;nan;nan;nan;nan;nan;nan;nan;nan;nan;nan;nan;nan;nan;nan;nan;nan;nan;nan;nan;nan;nan;nan;nan;nan;nan;nan;nan;nan;nan;nan;nan;nan;nan;nan;nan;nan;nan;nan;nan;nan;nan;nan;nan;nan;nan;nan;nan;nan;nan;nan;nan;nan;nan;nan;nan;nan;nan;nan;nan;nan;nan;nan;nan;nan;nan;nan;nan;nan;nan;nan;nan;nan;nan;nan;nan;nan;nan;nan;nan;nan;nan;nan;nan;nan;nan;nan;nan;nan;nan;nan;nan;nan;nan;nan;nan;nan;nan;nan;nan;nan;nan;nan;nan;nan;nan;nan;nan;nan;nan;nan;nan;nan;nan;nan;nan;nan;nan;nan;nan;nan;nan;nan;nan;nan;nan;nan;nan;nan;nan;nan;nan;nan;nan;nan;nan;nan;nan;nan;nan;nan;nan;nan;nan;nan;nan;nan;nan;nan;nan;nan;nan;nan;nan;nan;nan;nan;nan;nan;nan;nan;nan;nan;nan;nan;nan;nan;nan;nan;nan;nan;nan;nan;nan;nan;nan;nan;nan;nan;nan;nan;nan;0.6879962;0.695729971504577;0.744;0.6347889908256881;0.5017489452658304;0.35517105;0.02714533143775658;0.9946;0.9930537349397589;0.7666433451378606;0.08239102363586426;0.6879962;0.695729971504577;0.744;0.6347889908256881;0.5017489452658304;0.35517105;0.02714533143775658;0.9946;0.9930537349397589;0.7666433451378606;0.0;0.0;0.0;0.0;0.0;0.0;0.0;0.0;0.0;0.0;0.08239102363586426;0.64175874;0.4672451121409734;0.8437777777777777;0.8170218396272839;0.6976690582271339;0.1465442180633545;29316.062;0.525290532619715;0.7788888888888889;0.7841263276193984;0.7688410319513292;37.05752968788147;nan;nan;nan;nan;nan;nan;nan;nan;nan;nan;nan;nan;nan;nan;nan;nan;nan;nan;nan;nan;nan;nan;nan;nan;nan;nan;nan;nan;nan;nan;nan;nan;nan;nan;nan;nan;nan;nan;nan;nan;nan;nan;nan;nan;nan;nan;nan;nan;nan;nan;nan;nan;nan;nan;nan;nan;nan;nan;nan;nan;nan;nan;nan;nan;nan;nan;nan;nan;nan;nan;nan;nan;nan;nan;nan;nan;nan;nan;nan;nan;nan;nan;nan;nan;nan;nan;nan;nan;nan;nan;nan;nan;nan;nan;nan;nan;nan;nan;nan;nan;nan;nan;nan;nan;nan;nan;nan;nan;nan;nan;nan;nan;nan;nan;nan;nan;nan;nan;nan;nan;nan;nan;nan;nan;nan;nan;nan;nan;nan;nan;nan;nan;nan;nan;nan;nan;nan;nan;nan;nan;nan;nan;nan;nan;nan;nan;nan;nan;nan;nan;nan;nan;nan;nan;nan;nan;nan;nan;nan;nan;nan;nan;nan;nan;nan;nan;nan;nan;nan;nan;nan;nan;nan;nan;nan;nan;nan;nan;nan;nan;nan;nan;nan;nan;nan;nan;nan;nan;nan;nan;nan;nan;nan;nan;nan;nan;nan;nan;nan;nan;nan;nan;nan;nan;nan;nan;nan;nan;nan;nan;nan;nan;nan;nan;nan;nan;nan;nan;nan;nan;nan;nan;nan;nan;nan;nan;nan;nan;nan;nan;nan;nan;nan;nan;nan;nan;nan;nan;nan;nan;nan;nan;nan;nan;nan;nan;nan;nan;nan;nan;nan;nan;nan;nan;nan;nan;nan;nan;nan;nan;nan;nan;nan;nan;nan;nan;nan;nan;nan;nan;nan;nan;nan;nan;nan;nan;nan;nan;nan;nan;nan;nan;nan;nan;nan;nan;nan;nan;nan;nan;nan;nan;nan;nan;nan;nan;nan;nan;nan;nan;nan;nan;nan;nan;nan;nan;nan;nan;nan;nan;nan;nan;nan;nan;nan;nan;nan;nan;nan;nan;nan;nan;nan;nan;nan;nan;nan;nan;nan;nan;nan;nan;nan;nan;nan;nan;nan;nan;nan;nan;nan;nan;nan;nan;nan;nan;nan;nan;nan;nan;nan;nan;nan;nan;nan;nan;nan;nan;nan;nan;nan;nan;nan;nan;nan;nan;nan;nan;nan;nan;nan;nan;nan;nan;nan;nan;nan;nan;nan;nan;nan;nan;nan;nan;nan;nan;nan;nan;nan;nan;nan;nan;nan;nan;nan;nan;nan;nan;nan;nan;nan;nan;nan;nan;nan;nan;nan;nan;nan;nan;nan;nan;nan;nan;nan;nan;nan;nan;nan;nan;nan;nan;nan;nan;nan;nan;nan;nan;nan;nan;nan;nan;nan;nan;nan;nan;nan;nan;nan;nan;nan;nan;nan;nan;nan;nan;nan;nan;nan;nan;nan;nan;nan;nan;nan;nan;nan;nan;nan;nan;nan;nan;nan;nan;nan;nan;nan;nan;nan;nan;nan;nan;nan;nan;nan;nan;nan;nan;nan;nan;nan;nan;nan;nan;nan;nan;nan;nan;nan;nan;nan;nan;nan;nan;nan;nan;nan;nan;nan;nan;nan;nan;nan;nan;nan;nan;nan;nan;nan;nan;nan;nan;nan;nan;nan;nan;nan;nan;nan;nan;nan;nan;nan;nan;nan;nan;nan;nan;nan;nan;nan;nan;nan;nan;nan;nan;nan;nan;nan;nan;nan;nan;nan;nan;nan;nan;nan;nan;nan;nan;nan;nan;nan;nan;nan;nan;nan;nan;nan;nan;nan;nan;nan;nan;nan;nan;nan;nan;nan;nan;nan;nan;nan;nan;nan;nan;nan;nan;nan;nan;nan;nan;nan;nan;nan;nan;nan;nan;nan;nan;nan;nan;nan;nan;nan;nan;nan;nan;nan;nan;nan;nan;nan;nan;nan;nan;nan;nan;nan;nan;nan;nan;nan;nan;nan;nan;nan;nan;nan;nan;nan;nan;nan;nan;nan;nan;nan;nan;nan;nan;nan;nan;nan;nan;nan;nan;nan;nan;nan;nan;nan;nan;nan;nan;nan;nan;nan;nan;nan;nan;nan;nan;nan;nan;nan;nan;nan;nan;nan;nan;0.910459;25.193565906350003;0.26955555555555555;0.13394977517156853;0.5077121602449223;0.36568692;0.04762177503204359;0.9902;0.9866247408413849;0.7110840236535454;0.08657526969909668;0.910459;25.193565906350003;0.26955555555555555;0.13394977517156853;0.5077121602449223;0.36568692;0.04762177503204359;0.9902;0.9866247408413849;0.7110840236535454;0.0;0.0;0.0;0.0;0.0;0.0;0.0;0.0;0.0;0.0;0.08657526969909668;0.64175874;0.4672451121409734;0.8437777777777777;0.8170218396272839;0.6976690582271339;0.1465442180633545;29316.062;0.525290532619715;0.7788888888888889;0.7841263276193984;0.7688410319513292;37.05752968788147;nan;nan;nan;nan;nan;nan;nan;nan;nan;nan;nan;nan;nan;nan;nan;nan;nan;nan;nan;nan;nan;nan;nan;nan;nan;nan;nan;nan;nan;nan;nan;nan;nan;nan;nan;nan;nan;nan;nan;nan;nan;nan;nan;nan;nan;nan;nan;nan;nan;nan;nan;nan;nan;nan;nan;nan;nan;nan;nan;nan;nan;nan;nan;nan;nan;nan;nan;nan;nan;nan;nan;nan;nan;nan;nan;nan;nan;nan;nan;nan;nan;nan;nan;nan;nan;nan;nan;nan;nan;nan;nan;nan;nan;nan;nan;nan;nan;nan;nan;nan;nan;nan;nan;nan;nan;nan;nan;nan;nan;nan;nan;nan;nan;nan;nan;nan;nan;nan;nan;nan;nan;nan;nan;nan;nan;nan;nan;nan;nan;nan;nan;nan;nan;nan;nan;nan;nan;nan;nan;nan;nan;nan;nan;nan;nan;nan;nan;nan;nan;nan;nan;nan;nan;nan;nan;nan;nan;nan;nan;nan;nan;nan;nan;nan;nan;nan;nan;nan;nan;nan;nan;nan;nan;nan;nan;nan;nan;nan;nan;nan;nan;nan;nan;nan;nan;nan;nan;nan;nan;nan;nan;nan;nan;nan;nan;nan;nan;nan;nan;nan;nan;nan;nan;nan;nan;nan;nan;nan;nan;nan;nan;nan;nan;nan;nan;nan;nan;nan;nan;nan;nan;nan;nan;nan;nan;nan;nan;nan;nan;nan;nan;nan;nan;nan;nan;nan;nan;nan;nan;nan;nan;nan;nan;nan;nan;nan;nan;nan;nan;nan;nan;nan;nan;nan;nan;nan;nan;nan;nan;nan;nan;nan;nan;nan;nan;nan;nan;nan;nan;nan;nan;nan;nan;nan;nan;nan;nan;nan;nan;nan;nan;nan;nan;nan;nan;nan;nan;nan;nan;nan;nan;nan;nan;nan;nan;nan;nan;nan;nan;nan;nan;nan;nan;nan;nan;nan;nan;nan;nan;nan;nan;nan;nan;nan;nan;nan;nan;nan;nan;nan;nan;nan;nan;nan;nan;nan;nan;nan;nan;nan;nan;nan;nan;nan;nan;nan;nan;nan;nan;nan;nan;nan;nan;nan;nan;nan;nan;nan;nan;nan;nan;nan;nan;nan;nan;nan;nan;nan;nan;nan;nan;nan;nan;nan;nan;nan;nan;nan;nan;nan;nan;nan;nan;nan;nan;nan;nan;nan;nan;nan;nan;nan;nan;nan;nan;nan;nan;nan;nan;nan;nan;nan;nan;nan;nan;nan;nan;nan;nan;nan;nan;nan;nan;nan;nan;nan;nan;nan;nan;nan;nan;nan;nan;nan;nan;nan;nan;nan;nan;nan;nan;nan;nan;nan;nan;nan;nan;nan;nan;nan;nan;nan;nan;nan;nan;nan;nan;nan;nan;nan;nan;nan;nan;nan;nan;nan;nan;nan;nan;nan;nan;nan;nan;nan;nan;nan;nan;nan;nan;nan;nan;nan;nan;nan;nan;nan;nan;nan;nan;nan;nan;nan;nan;nan;nan;nan;nan;nan;nan;nan;nan;nan;nan;nan;nan;nan;nan;nan;nan;nan;nan;nan;nan;nan;nan;nan;nan;nan;nan;nan;nan;nan;nan;nan;nan;nan;nan;nan;nan;nan;nan;nan;nan;nan;nan;nan;nan;nan;nan;nan;nan;nan;nan;nan;nan;nan;nan;nan;nan;nan;nan;nan;nan;nan;nan;nan;nan;nan;nan;nan;nan;nan;nan;nan;nan;nan;nan;nan;nan;nan;nan;nan;nan;nan;nan;nan;nan;nan;nan;nan;nan;nan;nan;nan;nan;nan;nan;nan;nan;nan;nan;nan;nan;nan;nan;nan;nan;nan;nan;nan;nan;nan;nan;nan;nan;nan;nan;nan;nan;nan;nan;nan;nan;nan;nan;nan;nan;nan;nan;nan;nan;nan;nan;nan;nan;nan;nan;nan;nan;nan;nan;nan;nan;nan;nan;nan;nan;nan;nan;nan;nan;nan;nan;nan;nan;nan;nan;nan;nan;nan;nan;nan;nan;nan;nan;nan;nan;nan;nan;nan;nan;nan;nan;nan;nan;nan;nan;nan;nan;nan;nan;nan;nan;nan;nan;nan;nan;nan;nan;nan;0.68924034;0.7190478398908557;0.7448888888888889;0.6372956354319045;0.5033231386067967;0.3864648;0.07438608785642434;0.982;0.9762664523968173;0.7580054684184822;0.08943676948547363;0.68924034;0.7190478398908557;0.7448888888888889;0.6372956354319045;0.5033231386067967;0.3864648;0.07438608785642434;0.982;0.9762664523968173;0.7580054684184822;0.0;0.0;0.0;0.0;0.0;0.0;0.0;0.0;0.0;0.0;0.08943676948547363;0.64175874;0.4672451121409734;0.8437777777777777;0.8170218396272839;0.6976690582271339;0.1465442180633545;29316.062;0.525290532619715;0.7788888888888889;0.7841263276193984;0.7688410319513292;37.05752968788147;nan;nan;nan;nan;nan;nan;nan;nan;nan;nan;nan;nan;nan;nan;nan;nan;nan;nan;nan;nan;nan;nan;nan;nan;nan;nan;nan;nan;nan;nan;nan;nan;nan;nan;nan;nan;nan;nan;nan;nan;nan;nan;nan;nan;nan;nan;nan;nan;nan;nan;nan;nan;nan;nan;nan;nan;nan;nan;nan;nan;nan;nan;nan;nan;nan;nan;nan;nan;nan;nan;nan;nan;nan;nan;nan;nan;nan;nan;nan;nan;nan;nan;nan;nan;nan;nan;nan;nan;nan;nan;nan;nan;nan;nan;nan;nan;nan;nan;nan;nan;nan;nan;nan;nan;nan;nan;nan;nan;nan;nan;nan;nan;nan;nan;nan;nan;nan;nan;nan;nan;nan;nan;nan;nan;nan;nan;nan;nan;nan;nan;nan;nan;nan;nan;nan;nan;nan;nan;nan;nan;nan;nan;nan;nan;nan;nan;nan;nan;nan;nan;nan;nan;nan;nan;nan;nan;nan;nan;nan;nan;nan;nan;nan;nan;nan;nan;nan;nan;nan;nan;nan;nan;nan;nan;nan;nan;nan;nan;nan;nan;nan;nan;nan;nan;nan;nan;nan;nan;nan;nan;nan;nan;nan;nan;nan;nan;nan;nan;nan;nan;nan;nan;nan;nan;nan;nan;nan;nan;nan;nan;nan;nan;nan;nan;nan;nan;nan;nan;nan;nan;nan;nan;nan;nan;nan;nan;nan;nan;nan;nan;nan;nan;nan;nan;nan;nan;nan;nan;nan;nan;nan;nan;nan;nan;nan;nan;nan;nan;nan;nan;nan;nan;nan;nan;nan;nan;nan;nan;nan;nan;nan;nan;nan;nan;nan;nan;nan;nan;nan;nan;nan;nan;nan;nan;nan;nan;nan;nan;nan;nan;nan;nan;nan;nan;nan;nan;nan;nan;nan;nan;nan;nan;nan;nan;nan;nan;nan;nan;nan;nan;nan;nan;nan;nan;nan;nan;nan;nan;nan;nan;nan;nan;nan;nan;nan;nan;nan;nan;nan;nan;nan;nan;nan;nan;nan;nan;nan;nan;nan;nan;nan;nan;nan;nan;nan;nan;nan;nan;nan;nan;nan;nan;nan;nan;nan;nan;nan;nan;nan;nan;nan;nan;nan;nan;nan;nan;nan;nan;nan;nan;nan;nan;nan;nan;nan;nan;nan;nan;nan;nan;nan;nan;nan;nan;nan;nan;nan;nan;nan;nan;nan;nan;nan;nan;nan;nan;nan;nan;nan;nan;nan;nan;nan;nan;nan;nan;nan;nan;nan;nan;nan;nan;nan;nan;nan;nan;nan;nan;nan;nan;nan;nan;nan;nan;nan;nan;nan;nan;nan;nan;nan;nan;nan;nan;nan;nan;nan;nan;nan;nan;nan;nan;nan;nan;nan;nan;nan;nan;nan;nan;nan;nan;nan;nan;nan;nan;nan;nan;nan;nan;nan;nan;nan;nan;nan;nan;nan;nan;nan;nan;nan;nan;nan;nan;nan;nan;nan;nan;nan;nan;nan;nan;nan;nan;nan;nan;nan;nan;nan;nan;nan;nan;nan;nan;nan;nan;nan;nan;nan;nan;nan;nan;nan;nan;nan;nan;nan;nan;nan;nan;nan;nan;nan;nan;nan;nan;nan;nan;nan;nan;nan;nan;nan;nan;nan;nan;nan;nan;nan;nan;nan;nan;nan;nan;nan;nan;nan;nan;nan;nan;nan;nan;nan;nan;nan;nan;nan;nan;nan;nan;nan;nan;nan;nan;nan;nan;nan;nan;nan;nan;nan;nan;nan;nan;nan;nan;nan;nan;nan;nan;nan;nan;nan;nan;nan;nan;nan;nan;nan;nan;nan;nan;nan;nan;nan;nan;nan;nan;nan;nan;nan;nan;nan;nan;nan;nan;nan;nan;nan;nan;nan;nan;nan;nan;nan;nan;nan;nan;nan;nan;nan;nan;nan;nan;nan;nan;nan;nan;nan;nan;nan;nan;nan;nan;nan;nan;nan;nan;nan;nan;nan;nan;nan;nan;nan;nan;nan;nan;nan;nan;nan;nan;nan;nan;nan;nan;nan;nan;nan;nan;nan;nan;nan;nan;nan;nan;nan;nan;nan;nan;nan;nan;nan;nan;nan;nan;nan;nan;nan;nan;0.7066976;0.9099465024742358;0.5453333333333333;0.5655448763837072;0.6403659834229392;0.37292802;0.049933812956765904;0.9899;0.9862961404293797;0.7121889783558242;0.08807253837585449;0.7066976;0.9099465024742358;0.5453333333333333;0.5655448763837072;0.6403659834229392;0.37292802;0.049933812956765904;0.9899;0.9862961404293797;0.7121889783558242;0.0;0.0;0.0;0.0;0.0;0.0;0.0;0.0;0.0;0.0;0.08807253837585449;0.64175874;0.4672451121409734;0.8437777777777777;0.8170218396272839;0.6976690582271339;0.1465442180633545;29316.062;0.525290532619715;0.7788888888888889;0.7841263276193984;0.7688410319513292;37.05752968788147;nan;nan;nan;nan;nan;nan;nan;nan;nan;nan;nan;nan;nan;nan;nan;nan;nan;nan;nan;nan;nan;nan;nan;nan;nan;nan;nan;nan;nan;nan;nan;nan;nan;nan;nan;nan;nan;nan;nan;nan;nan;nan;nan;nan;nan;nan;nan;nan;nan;nan;nan;nan;nan;nan;nan;nan;nan;nan;nan;nan;nan;nan;nan;nan;nan;nan;nan;nan;nan;nan;nan;nan;nan;nan;nan;nan;nan;nan;nan;nan;nan;nan;nan;nan;nan;nan;nan;nan;nan;nan;nan;nan;nan;nan;nan;nan;nan;nan;nan;nan;nan;nan;nan;nan;nan;nan;nan;nan;nan;nan;nan;nan;nan;nan;nan;nan;nan;nan;nan;nan;nan;nan;nan;nan;nan;nan;nan;nan;nan;nan;nan;nan;nan;nan;nan;nan;nan;nan;nan;nan;nan;nan;nan;nan;nan;nan;nan;nan;nan;nan;nan;nan;nan;nan;nan;nan;nan;nan;nan;nan;nan;nan;nan;nan;nan;nan;nan;nan;nan;nan;nan;nan;nan;nan;nan;nan;nan;nan;nan;nan;nan;nan;nan;nan;nan;nan;nan;nan;nan;nan;nan;nan;nan;nan;nan;nan;nan;nan;nan;nan;nan;nan;nan;nan;nan;nan;nan;nan;nan;nan;nan;nan;nan;nan;nan;nan;nan;nan;nan;nan;nan;nan;nan;nan;nan;nan;nan;nan;nan;nan;nan;nan;nan;nan;nan;nan;nan;nan;nan;nan;nan;nan;nan;nan;nan;nan;nan;nan;nan;nan;nan;nan;nan;nan;nan;nan;nan;nan;nan;nan;nan;nan;nan;nan;nan;nan;nan;nan;nan;nan;nan;nan;nan;nan;nan;nan;nan;nan;nan;nan;nan;nan;nan;nan;nan;nan;nan;nan;nan;nan;nan;nan;nan;nan;nan;nan;nan;nan;nan;nan;nan;nan;nan;nan;nan;nan;nan;nan;nan;nan;nan;nan;nan;nan;nan;nan;nan;nan;nan;nan;nan;nan;nan;nan;nan;nan;nan;nan;nan;nan;nan;nan;nan;nan;nan;nan;nan;nan;nan;nan;nan;nan;nan;nan;nan;nan;nan;nan;nan;nan;nan;nan;nan;nan;nan;nan;nan;nan;nan;nan;nan;nan;nan;nan;nan;nan;nan;nan;nan;nan;nan;nan;nan;nan;nan;nan;nan;nan;nan;nan;nan;nan;nan;nan;nan;nan;nan;nan;nan;nan;nan;nan;nan;nan;nan;nan;nan;nan;nan;nan;nan;nan;nan;nan;nan;nan;nan;nan;nan;nan;nan;nan;nan;nan;nan;nan;nan;nan;nan;nan;nan;nan;nan;nan;nan;nan;nan;nan;nan;nan;nan;nan;nan;nan;nan;nan;nan;nan;nan;nan;nan;nan;nan;nan;nan;nan;nan;nan;nan;nan;nan;nan;nan;nan;nan;nan;nan;nan;nan;nan;nan;nan;nan;nan;nan;nan;nan;nan;nan;nan;nan;nan;nan;nan;nan;nan;nan;nan;nan;nan;nan;nan;nan;nan;nan;nan;nan;nan;nan;nan;nan;nan;nan;nan;nan;nan;nan;nan;nan;nan;nan;nan;nan;nan;nan;nan;nan;nan;nan;nan;nan;nan;nan;nan;nan;nan;nan;nan;nan;nan;nan;nan;nan;nan;nan;nan;nan;nan;nan;nan;nan;nan;nan;nan;nan;nan;nan;nan;nan;nan;nan;nan;nan;nan;nan;nan;nan;nan;nan;nan;nan;nan;nan;nan;nan;nan;nan;nan;nan;nan;nan;nan;nan;nan;nan;nan;nan;nan;nan;nan;nan;nan;nan;nan;nan;nan;nan;nan;nan;nan;nan;nan;nan;nan;nan;nan;nan;nan;nan;nan;nan;nan;nan;nan;nan;nan;nan;nan;nan;nan;nan;nan;nan;nan;nan;nan;nan;nan;nan;nan;nan;nan;nan;nan;nan;nan;nan;nan;nan;nan;nan;nan;nan;nan;nan;nan;nan;nan;nan;nan;nan;nan;nan;nan;nan;nan;nan;nan;nan;nan;nan;nan;nan;nan;nan;nan;nan;nan;nan;nan;nan;nan;nan;nan;nan;nan;nan;nan;nan;nan;0.68744814;0.6859968262456911;0.28644444444444445;0.1708115961704674;0.5171475974462366;0.37347898;0.04406479547947453;0.9902;0.9885425671145917;0.7892722652270978;0.08363676071166992;0.68744814;0.6859968262456911;0.28644444444444445;0.1708115961704674;0.5171475974462366;0.37347898;0.04406479547947453;0.9902;0.9885425671145917;0.7892722652270978;0.0;0.0;0.0;0.0;0.0;0.0;0.0;0.0;0.0;0.0;0.08363676071166992;0.64175874;0.4672451121409734;0.8437777777777777;0.8170218396272839;0.6976690582271339;0.1465442180633545;29316.062;0.525290532619715;0.7788888888888889;0.7841263276193984;0.7688410319513292;37.05752968788147;nan;nan;nan;nan;nan;nan;nan;nan;nan;nan;nan;nan;nan;nan;nan;nan;nan;nan;nan;nan;nan;nan;nan;nan;nan;nan;nan;nan;nan;nan;nan;nan;nan;nan;nan;nan;nan;nan;nan;nan;nan;nan;nan;nan;nan;nan;nan;nan;nan;nan;nan;nan;nan;nan;nan;nan;nan;nan;nan;nan;nan;nan;nan;nan;nan;nan;nan;nan;nan;nan;nan;nan;nan;nan;nan;nan;nan;nan;nan;nan;nan;nan;nan;nan;nan;nan;nan;nan;nan;nan;nan;nan;nan;nan;nan;nan;nan;nan;nan;nan;nan;nan;nan;nan;nan;nan;nan;nan;nan;nan;nan;nan;nan;nan;nan;nan;nan;nan;nan;nan;nan;nan;nan;nan;nan;nan;nan;nan;nan;nan;nan;nan;nan;nan;nan;nan;nan;nan;nan;nan;nan;nan;nan;nan;nan;nan;nan;nan;nan;nan;nan;nan;nan;nan;nan;nan;nan;nan;nan;nan;nan;nan;nan;nan;nan;nan;nan;nan;nan;nan;nan;nan;nan;nan;nan;nan;nan;nan;nan;nan;nan;nan;nan;nan;nan;nan;nan;nan;nan;nan;nan;nan;nan;nan;nan;nan;nan;nan;nan;nan;nan;nan;nan;nan;nan;nan;nan;nan;nan;nan;nan;nan;nan;nan;nan;nan;nan;nan;nan;nan;nan;nan;nan;nan;nan;nan;nan;nan;nan;nan;nan;nan;nan;nan;nan;nan;nan;nan;nan;nan;nan;nan;nan;nan;nan;nan;nan;nan;nan;nan;nan;nan;nan;nan;nan;nan;nan;nan;nan;nan;nan;nan;nan;nan;nan;nan;nan;nan;nan;nan;nan;nan;nan;nan;nan;nan;nan;nan;nan;nan;nan;nan;nan;nan;nan;nan;nan;nan;nan;nan;nan;nan;nan;nan;nan;nan;nan;nan;nan;nan;nan;nan;nan;nan;nan;nan;nan;nan;nan;nan;nan;nan;nan;nan;nan;nan;nan;nan;nan;nan;nan;nan;nan;nan;nan;nan;nan;nan;nan;nan;nan;nan;nan;nan;nan;nan;nan;nan;nan;nan;nan;nan;nan;nan;nan;nan;nan;nan;nan;nan;nan;nan;nan;nan;nan;nan;nan;nan;nan;nan;nan;nan;nan;nan;nan;nan;nan;nan;nan;nan;nan;nan;nan;nan;nan;nan;nan;nan;nan;nan;nan;nan;nan;nan;nan;nan;nan;nan;nan;nan;nan;nan;nan;nan;nan;nan;nan;nan;nan;nan;nan;nan;nan;nan;nan;nan;nan;nan;nan;nan;nan;nan;nan;nan;nan;nan;nan;nan;nan;nan;nan;nan;nan;nan;nan;nan;nan;nan;nan;nan;nan;nan;nan;nan;nan;nan;nan;nan;nan;nan;nan;nan;nan;nan;nan;nan;nan;nan;nan;nan;nan;nan;nan;nan;nan;nan;nan;nan;nan;nan;nan;nan;nan;nan;nan;nan;nan;nan;nan;nan;nan;nan;nan;nan;nan;nan;nan;nan;nan;nan;nan;nan;nan;nan;nan;nan;nan;nan;nan;nan;nan;nan;nan;nan;nan;nan;nan;nan;nan;nan;nan;nan;nan;nan;nan;nan;nan;nan;nan;nan;nan;nan;nan;nan;nan;nan;nan;nan;nan;nan;nan;nan;nan;nan;nan;nan;nan;nan;nan;nan;nan;nan;nan;nan;nan;nan;nan;nan;nan;nan;nan;nan;nan;nan;nan;nan;nan;nan;nan;nan;nan;nan;nan;nan;nan;nan;nan;nan;nan;nan;nan;nan;nan;nan;nan;nan;nan;nan;nan;nan;nan;nan;nan;nan;nan;nan;nan;nan;nan;nan;nan;nan;nan;nan;nan;nan;nan;nan;nan;nan;nan;nan;nan;nan;nan;nan;nan;nan;nan;nan;nan;nan;nan;nan;nan;nan;nan;nan;nan;nan;nan;nan;nan;nan;nan;nan;nan;nan;nan;nan;nan;nan;nan;nan;nan;nan;nan;nan;nan;nan;nan;nan;nan;nan;nan;nan;nan;nan;nan;nan;nan;nan;nan;nan;nan;nan;nan;nan;nan;nan;nan;nan;nan;nan;nan;nan;nan;nan;nan;nan;0.7024481;8.696309897364971;0.7482222222222222;0.6446369735504608;0.5058964514469667;0.36610752;0.04231625915287374;0.9914;0.9881345235157;0.7968969103395722;0.09589242935180664;0.7024481;8.696309897364971;0.7482222222222222;0.6446369735504608;0.5058964514469667;0.36610752;0.04231625915287374;0.9914;0.9881345235157;0.7968969103395722;0.0;0.0;0.0;0.0;0.0;0.0;0.0;0.0;0.0;0.0;0.09589242935180664;0.64175874;0.4672451121409734;0.8437777777777777;0.8170218396272839;0.6976690582271339;0.1465442180633545;29316.062;0.525290532619715;0.7788888888888889;0.7841263276193984;0.7688410319513292;37.05752968788147;nan;nan;nan;nan;nan;nan;nan;nan;nan;nan;nan;nan;nan;nan;nan;nan;nan;nan;nan;nan;nan;nan;nan;nan;nan;nan;nan;nan;nan;nan;nan;nan;nan;nan;nan;nan;nan;nan;nan;nan;nan;nan;nan;nan;nan;nan;nan;nan;nan;nan;nan;nan;nan;nan;nan;nan;nan;nan;nan;nan;nan;nan;nan;nan;nan;nan;nan;nan;nan;nan;nan;nan;nan;nan;nan;nan;nan;nan;nan;nan;nan;nan;nan;nan;nan;nan;nan;nan;nan;nan;nan;nan;nan;nan;nan;nan;nan;nan;nan;nan;nan;nan;nan;nan;nan;nan;nan;nan;nan;nan;nan;nan;nan;nan;nan;nan;nan;nan;nan;nan;nan;nan;nan;nan;nan;nan;nan;nan;nan;nan;nan;nan;nan;nan;nan;nan;nan;nan;nan;nan;nan;nan;nan;nan;nan;nan;nan;nan;nan;nan;nan;nan;nan;nan;nan;nan;nan;nan;nan;nan;nan;nan;nan;nan;nan;nan;nan;nan;nan;nan;nan;nan;nan;nan;nan;nan;nan;nan;nan;nan;nan;nan;nan;nan;nan;nan;nan;nan;nan;nan;nan;nan;nan;nan;nan;nan;nan;nan;nan;nan;nan;nan;nan;nan;nan;nan;nan;nan;nan;nan;nan;nan;nan;nan;nan;nan;nan;nan;nan;nan;nan;nan;nan;nan;nan;nan;nan;nan;nan;nan;nan;nan;nan;nan;nan;nan;nan;nan;nan;nan;nan;nan;nan;nan;nan;nan;nan;nan;nan;nan;nan;nan;nan;nan;nan;nan;nan;nan;nan;nan;nan;nan;nan;nan;nan;nan;nan;nan;nan;nan;nan;nan;nan;nan;nan;nan;nan;nan;nan;nan;nan;nan;nan;nan;nan;nan;nan;nan;nan;nan;nan;nan;nan;nan;nan;nan;nan;nan;nan;nan;nan;nan;nan;nan;nan;nan;nan;nan;nan;nan;nan;nan;nan;nan;nan;nan;nan;nan;nan;nan;nan;nan;nan;nan;nan;nan;nan;nan;nan;nan;nan;nan;nan;nan;nan;nan;nan;nan;nan;nan;nan;nan;nan;nan;nan;nan;nan;nan;nan;nan;nan;nan;nan;nan;nan;nan;nan;nan;nan;nan;nan;nan;nan;nan;nan;nan;nan;nan;nan;nan;nan;nan;nan;nan;nan;nan;nan;nan;nan;nan;nan;nan;nan;nan;nan;nan;nan;nan;nan;nan;nan;nan;nan;nan;nan;nan;nan;nan;nan;nan;nan;nan;nan;nan;nan;nan;nan;nan;nan;nan;nan;nan;nan;nan;nan;nan;nan;nan;nan;nan;nan;nan;nan;nan;nan;nan;nan;nan;nan;nan;nan;nan;nan;nan;nan;nan;nan;nan;nan;nan;nan;nan;nan;nan;nan;nan;nan;nan;nan;nan;nan;nan;nan;nan;nan;nan;nan;nan;nan;nan;nan;nan;nan;nan;nan;nan;nan;nan;nan;nan;nan;nan;nan;nan;nan;nan;nan;nan;nan;nan;nan;nan;nan;nan;nan;nan;nan;nan;nan;nan;nan;nan;nan;nan;nan;nan;nan;nan;nan;nan;nan;nan;nan;nan;nan;nan;nan;nan;nan;nan;nan;nan;nan;nan;nan;nan;nan;nan;nan;nan;nan;nan;nan;nan;nan;nan;nan;nan;nan;nan;nan;nan;nan;nan;nan;nan;nan;nan;nan;nan;nan;nan;nan;nan;nan;nan;nan;nan;nan;nan;nan;nan;nan;nan;nan;nan;nan;nan;nan;nan;nan;nan;nan;nan;nan;nan;nan;nan;nan;nan;nan;nan;nan;nan;nan;nan;nan;nan;nan;nan;nan;nan;nan;nan;nan;nan;nan;nan;nan;nan;nan;nan;nan;nan;nan;nan;nan;nan;nan;nan;nan;nan;nan;nan;nan;nan;nan;nan;nan;nan;nan;nan;nan;nan;nan;nan;nan;nan;nan;nan;nan;nan;nan;nan;nan;nan;nan;nan;nan;nan;nan;nan;nan;nan;nan;nan;nan;nan;nan;nan;nan;nan;nan;nan;nan;nan;nan;nan;nan;nan;nan;nan;nan;nan;nan;nan;nan;nan;nan;nan;0.670303;0.5900806071730115;0.744;0.636031857158148;0.5032373182994823;0.38791734;0.07609870266190338;0.9809;0.9731637367607303;0.8037012013169765;0.08481311798095703;0.670303;0.5900806071730115;0.744;0.636031857158148;0.5032373182994823;0.38791734;0.07609870266190338;0.9809;0.9731637367607303;0.8037012013169765;0.0;0.0;0.0;0.0;0.0;0.0;0.0;0.0;0.0;0.0;0.08481311798095703;0.64175874;0.4672451121409734;0.8437777777777777;0.8170218396272839;0.6976690582271339;0.1465442180633545;29316.062;0.525290532619715;0.7788888888888889;0.7841263276193984;0.7688410319513292;37.05752968788147;nan;nan;nan;nan;nan;nan;nan;nan;nan;nan;nan;nan;nan;nan;nan;nan;nan;nan;nan;nan;nan;nan;nan;nan;nan;nan;nan;nan;nan;nan;nan;nan;nan;nan;nan;nan;nan;nan;nan;nan;nan;nan;nan;nan;nan;nan;nan;nan;nan;nan;nan;nan;nan;nan;nan;nan;nan;nan;nan;nan;nan;nan;nan;nan;nan;nan;nan;nan;nan;nan;nan;nan;nan;nan;nan;nan;nan;nan;nan;nan;nan;nan;nan;nan;nan;nan;nan;nan;nan;nan;nan;nan;nan;nan;nan;nan;nan;nan;nan;nan;nan;nan;nan;nan;nan;nan;nan;nan;nan;nan;nan;nan;nan;nan;nan;nan;nan;nan;nan;nan;nan;nan;nan;nan;nan;nan;nan;nan;nan;nan;nan;nan;nan;nan;nan;nan;nan;nan;nan;nan;nan;nan;nan;nan;nan;nan;nan;nan;nan;nan;nan;nan;nan;nan;nan;nan;nan;nan;nan;nan;nan;nan;nan;nan;nan;nan;nan;nan;nan;nan;nan;nan;nan;nan;nan;nan;nan;nan;nan;nan;nan;nan;nan;nan;nan;nan;nan;nan;nan;nan;nan;nan;nan;nan;nan;nan;nan;nan;nan;nan;nan;nan;nan;nan;nan;nan;nan;nan;nan;nan;nan;nan;nan;nan;nan;nan;nan;nan;nan;nan;nan;nan;nan;nan;nan;nan;nan;nan;nan;nan;nan;nan;nan;nan;nan;nan;nan;nan;nan;nan;nan;nan;nan;nan;nan;nan;nan;nan;nan;nan;nan;nan;nan;nan;nan;nan;nan;nan;nan;nan;nan;nan;nan;nan;nan;nan;nan;nan;nan;nan;nan;nan;nan;nan;nan;nan;nan;nan;nan;nan;nan;nan;nan;nan;nan;nan;nan;nan;nan;nan;nan;nan;nan;nan;nan;nan;nan;nan;nan;nan;nan;nan;nan;nan;nan;nan;nan;nan;nan;nan;nan;nan;nan;nan;nan;nan;nan;nan;nan;nan;nan;nan;nan;nan;nan;nan;nan;nan;nan;nan;nan;nan;nan;nan;nan;nan;nan;nan;nan;nan;nan;nan;nan;nan;nan;nan;nan;nan;nan;nan;nan;nan;nan;nan;nan;nan;nan;nan;nan;nan;nan;nan;nan;nan;nan;nan;nan;nan;nan;nan;nan;nan;nan;nan;nan;nan;nan;nan;nan;nan;nan;nan;nan;nan;nan;nan;nan;nan;nan;nan;nan;nan;nan;nan;nan;nan;nan;nan;nan;nan;nan;nan;nan;nan;nan;nan;nan;nan;nan;nan;nan;nan;nan;nan;nan;nan;nan;nan;nan;nan;nan;nan;nan;nan;nan;nan;nan;nan;nan;nan;nan;nan;nan;nan;nan;nan;nan;nan;nan;nan;nan;nan;nan;nan;nan;nan;nan;nan;nan;nan;nan;nan;nan;nan;nan;nan;nan;nan;nan;nan;nan;nan;nan;nan;nan;nan;nan;nan;nan;nan;nan;nan;nan;nan;nan;nan;nan;nan;nan;nan;nan;nan;nan;nan;nan;nan;nan;nan;nan;nan;nan;nan;nan;nan;nan;nan;nan;nan;nan;nan;nan;nan;nan;nan;nan;nan;nan;nan;nan;nan;nan;nan;nan;nan;nan;nan;nan;nan;nan;nan;nan;nan;nan;nan;nan;nan;nan;nan;nan;nan;nan;nan;nan;nan;nan;nan;nan;nan;nan;nan;nan;nan;nan;nan;nan;nan;nan;nan;nan;nan;nan;nan;nan;nan;nan;nan;nan;nan;nan;nan;nan;nan;nan;nan;nan;nan;nan;nan;nan;nan;nan;nan;nan;nan;nan;nan;nan;nan;nan;nan;nan;nan;nan;nan;nan;nan;nan;nan;nan;nan;nan;nan;nan;nan;nan;nan;nan;nan;nan;nan;nan;nan;nan;nan;nan;nan;nan;nan;nan;nan;nan;nan;nan;nan;nan;nan;nan;nan;nan;nan;nan;nan;nan;nan;nan;nan;nan;nan;nan;nan;nan;nan;nan;nan;nan;nan;nan;nan;nan;nan;nan;nan;nan;nan;nan;nan;nan;nan;nan;nan;nan;nan;nan;nan;nan;nan;nan;nan;nan;nan;0.7911679;9.965422917325272;0.5471111111111111;0.5667436493068564;0.4647597446236559;0.35356066;0.025725243310939148;0.996;0.9945225293477573;0.5942910402295043;0.08676695823669434;0.7911679;9.965422917325272;0.5471111111111111;0.5667436493068564;0.4647597446236559;0.35356066;0.025725243310939148;0.996;0.9945225293477573;0.5942910402295043;0.0;0.0;0.0;0.0;0.0;0.0;0.0;0.0;0.0;0.0;0.08676695823669434;0.64175874;0.4672451121409734;0.8437777777777777;0.8170218396272839;0.6976690582271339;0.1465442180633545;29316.062;0.525290532619715;0.7788888888888889;0.7841263276193984;0.7688410319513292;37.05752968788147;nan;nan;nan;nan;nan;nan;nan;nan;nan;nan;nan;nan;nan;nan;nan;nan;nan;nan;nan;nan;nan;nan;nan;nan;nan;nan;nan;nan;nan;nan;nan;nan;nan;nan;nan;nan;nan;nan;nan;nan;nan;nan;nan;nan;nan;nan;nan;nan;nan;nan;nan;nan;nan;nan;nan;nan;nan;nan;nan;nan;nan;nan;nan;nan;nan;nan;nan;nan;nan;nan;nan;nan;nan;nan;nan;nan;nan;nan;nan;nan;nan;nan;nan;nan;nan;nan;nan;nan;nan;nan;nan;nan;nan;nan;nan;nan;nan;nan;nan;nan;nan;nan;nan;nan;nan;nan;nan;nan;nan;nan;nan;nan;nan;nan;nan;nan;nan;nan;nan;nan;nan;nan;nan;nan;nan;nan;nan;nan;nan;nan;nan;nan;nan;nan;nan;nan;nan;nan;nan;nan;nan;nan;nan;nan;nan;nan;nan;nan;nan;nan;nan;nan;nan;nan;nan;nan;nan;nan;nan;nan;nan;nan;nan;nan;nan;nan;nan;nan;nan;nan;nan;nan;nan;nan;nan;nan;nan;nan;nan;nan;nan;nan;nan;nan;nan;nan;nan;nan;nan;nan;nan;nan;nan;nan;nan;nan;nan;nan;nan;nan;nan;nan;nan;nan;nan;nan;nan;nan;nan;nan;nan;nan;nan;nan;nan;nan;nan;nan;nan;nan;nan;nan;nan;nan;nan;nan;nan;nan;nan;nan;nan;nan;nan;nan;nan;nan;nan;nan;nan;nan;nan;nan;nan;nan;nan;nan;nan;nan;nan;nan;nan;nan;nan;nan;nan;nan;nan;nan;nan;nan;nan;nan;nan;nan;nan;nan;nan;nan;nan;nan;nan;nan;nan;nan;nan;nan;nan;nan;nan;nan;nan;nan;nan;nan;nan;nan;nan;nan;nan;nan;nan;nan;nan;nan;nan;nan;nan;nan;nan;nan;nan;nan;nan;nan;nan;nan;nan;nan;nan;nan;nan;nan;nan;nan;nan;nan;nan;nan;nan;nan;nan;nan;nan;nan;nan;nan;nan;nan;nan;nan;nan;nan;nan;nan;nan;nan;nan;nan;nan;nan;nan;nan;nan;nan;nan;nan;nan;nan;nan;nan;nan;nan;nan;nan;nan;nan;nan;nan;nan;nan;nan;nan;nan;nan;nan;nan;nan;nan;nan;nan;nan;nan;nan;nan;nan;nan;nan;nan;nan;nan;nan;nan;nan;nan;nan;nan;nan;nan;nan;nan;nan;nan;nan;nan;nan;nan;nan;nan;nan;nan;nan;nan;nan;nan;nan;nan;nan;nan;nan;nan;nan;nan;nan;nan;nan;nan;nan;nan;nan;nan;nan;nan;nan;nan;nan;nan;nan;nan;nan;nan;nan;nan;nan;nan;nan;nan;nan;nan;nan;nan;nan;nan;nan;nan;nan;nan;nan;nan;nan;nan;nan;nan;nan;nan;nan;nan;nan;nan;nan;nan;nan;nan;nan;nan;nan;nan;nan;nan;nan;nan;nan;nan;nan;nan;nan;nan;nan;nan;nan;nan;nan;nan;nan;nan;nan;nan;nan;nan;nan;nan;nan;nan;nan;nan;nan;nan;nan;nan;nan;nan;nan;nan;nan;nan;nan;nan;nan;nan;nan;nan;nan;nan;nan;nan;nan;nan;nan;nan;nan;nan;nan;nan;nan;nan;nan;nan;nan;nan;nan;nan;nan;nan;nan;nan;nan;nan;nan;nan;nan;nan;nan;nan;nan;nan;nan;nan;nan;nan;nan;nan;nan;nan;nan;nan;nan;nan;nan;nan;nan;nan;nan;nan;nan;nan;nan;nan;nan;nan;nan;nan;nan;nan;nan;nan;nan;nan;nan;nan;nan;nan;nan;nan;nan;nan;nan;nan;nan;nan;nan;nan;nan;nan;nan;nan;nan;nan;nan;nan;nan;nan;nan;nan;nan;nan;nan;nan;nan;nan;nan;nan;nan;nan;nan;nan;nan;nan;nan;nan;nan;nan;nan;nan;nan;nan;nan;nan;nan;nan;nan;nan;nan;nan;nan;nan;nan;nan;nan;nan;nan;nan;nan;nan;nan;nan;nan;nan;nan;nan;nan;nan;nan;nan;nan;nan;nan;nan;nan;nan;nan;nan;0.6883358;4.872389793226765;0.7444444444444445;0.6358381513104735;0.5166470654121864;0.3453386;0.015768526210360817;0.9971;0.995827863550616;0.7087762385977174;0.0855410099029541;0.6883358;4.872389793226765;0.7444444444444445;0.6358381513104735;0.5166470654121864;0.3453386;0.015768526210360817;0.9971;0.995827863550616;0.7087762385977174;0.0;0.0;0.0;0.0;0.0;0.0;0.0;0.0;0.0;0.0;0.0855410099029541;0.64175874;0.4672451121409734;0.8437777777777777;0.8170218396272839;0.6976690582271339;0.1465442180633545;29316.062;0.525290532619715;0.7788888888888889;0.7841263276193984;0.7688410319513292;37.05752968788147;nan;nan;nan;nan;nan;nan;nan;nan;nan;nan;nan;nan;nan;nan;nan;nan;nan;nan;nan;nan;nan;nan;nan;nan;nan;nan;nan;nan;nan;nan;nan;nan;nan;nan;nan;nan;nan;nan;nan;nan;nan;nan;nan;nan;nan;nan;nan;nan;nan;nan;nan;nan;nan;nan;nan;nan;nan;nan;2730.8712203177324;nan;1652.0711591465788;1475.8829525321773;1594.8655762859482;nan;nan;nan;nan;nan;nan;nan;nan;nan;nan;nan;nan;nan;nan;517.6327;nan;335.0185023297416;294.08413881076405;310.74408;nan;nan;nan;nan;nan;nan;nan;nan;nan;nan;nan;nan;nan;nan;655.8071237871546;nan;504.73375804931914;468.6168337167445;479.67741350292937;nan;nan;nan;nan;nan;nan;nan;nan;nan;nan;nan;nan;nan;nan;514.2166040211765;nan;0.0;306.3010014316192;305.4954735228124;nan;nan;nan;nan;nan;nan;nan;nan;nan;nan;nan;nan;nan;nan;3.36853960428361;nan;3.6065168705484965;3.41847918515597;3.3527868972976576;nan;nan;nan;nan;nan;nan;nan;nan;nan;nan;nan;nan;nan;nan;2.1227946269958498;nan;0.0;1.9751488609999999;1.7879538088269957;
3;1;1;True;vanilla;22;414;29;2;[];True;True;1;True;False;False;True;False;False;vanilla;3;1;distribution;True;[['uniform', 'normal', 'gamma', 'beta', 'poisson']];[['uniform', 'normal', 'gamma', 'beta', 'poisson']];classification;1;0;uniform;5000;10000;0;flip_percentage;0;5;1000;True;0.001;True;50;64;0;[128];False;adam;binary_crossentropy;3969;1;10000;[1792, 512, 512];[0, 0, 0.5];['sigmoid', 'sigmoid', 'sigmoid'];adam;0.001;False;None;None;False;binary_crossentropy;['binary_accuracy'];500;True;256;10000;10;True;False;5;False;True;True;None;None;0.25;False;SEQUENTIAL;60;greedy;10;False;500;['uniform', 'normal', 'gamma', 'beta', 'poisson'];5000;False;make_classification;5000;0;flip_percentage;100;100;False;8;False;2;42;0;0.56149995;0.5252552;0.4413917;0.42206383;0.9705189288111382;0.8030651818212027;0.2242583070925665;0.19347315947065422;0.74944;0.8116;0.90654;0.9282999999999999;0.7154282740908451;0.8073133525819163;0.9018948473208026;0.9226770161468196;0.8248225030864488;0.8868993857977219;0.8983858617263147;0.8937615235736869;0.04031050205230713;0.04002034664154053;0.67516696;0.6876134;0.6633408600854873;0.6846799046278;0.5843999999999999;0.5367999999999999;0.5351681234572092;0.48525138444826477;0.5971465377278523;0.6010096895558247;0.006130123138427734;0.006130123138427734;0.6266756;0.6160989;0.41683054;0.3828007;0.8340895051264976;0.7510426783154887;0.17098236336960676;0.13060468818977689;0.65432;0.6484000000000001;0.93312;0.9522999999999999;0.588791174808958;0.6067372181526366;0.9286374401641115;0.9483596354943344;0.7639716844502156;0.8225292649067844;0.9103804193647795;0.9215698816212714;0.04064643383026123;0.04111504554748535;0.6684085;0.68597186;0.6615207841816545;0.691952911567688;0.5906399999999999;0.5436;0.5526047498484239;0.5079389858574627;0.583933111136979;0.5505143647087736;0.008244729042053225;0.008244729042053223;0.54386246;0.5377942;0.40847436;0.3980047;0.6712511680183396;0.45912169212314763;0.16637797058557266;0.12459713235199721;0.7530000000000001;0.7270000000000001;0.92767;0.94865;0.7072467167440857;0.6860777081138847;0.9260865926124533;0.9482334129188228;0.8769336451352349;0.931410791115997;0.9108799224133154;0.9144219483502016;0.09565091133117676;0.09509718418121338;0.3600033;0.35614145;0.13316495076805407;0.12722018741758112;0.9778;0.983;0.977791039806865;0.9829895042856809;0.9854743430763397;0.9865048006710989;0.53946257;0.55032647;0.4576373667373995;0.44694653865762657;0.7670000000000001;0.778;0.7295602699351253;0.7552167569511927;0.8996584158164159;0.9235659228240253;0.5307563;0.52889323;2.1323029965243543;0.5472852890094824;0.7594000000000001;0.79;0.7084003155801365;0.783046933119665;0.7824541899013168;0.8751885844835399;0.67689675;0.67901415;0.6737853959679604;0.6830726988911628;0.5978;0.5529999999999999;0.5504210031755588;0.5397075108612432;0.6743878548982764;0.7068099337897038;2.4493832349777223;0.1672356128692627;nan;nan;nan;nan;nan;nan;nan;nan;nan;nan;nan;nan;nan;nan;nan;nan;nan;nan;nan;nan;nan;nan;nan;nan;nan;nan;nan;nan;nan;nan;nan;nan;nan;nan;nan;nan;nan;nan;nan;nan;nan;nan;nan;nan;nan;nan;nan;nan;nan;nan;nan;nan;nan;nan;nan;nan;nan;nan;nan;nan;nan;nan;nan;nan;nan;nan;nan;nan;nan;nan;nan;nan;nan;nan;nan;nan;nan;nan;nan;nan;nan;nan;nan;nan;nan;nan;nan;nan;nan;nan;nan;nan;nan;nan;nan;nan;nan;nan;nan;nan;nan;nan;nan;nan;nan;nan;nan;nan;nan;nan;nan;nan;nan;nan;nan;nan;nan;nan;nan;nan;nan;nan;nan;nan;nan;nan;nan;nan;nan;nan;nan;nan;nan;nan;nan;nan;nan;nan;nan;nan;nan;nan;nan;nan;nan;nan;nan;nan;nan;nan;nan;nan;nan;nan;nan;nan;nan;nan;nan;nan;nan;nan;nan;nan;nan;nan;nan;nan;nan;nan;nan;nan;nan;nan;nan;nan;nan;nan;nan;nan;nan;nan;nan;nan;nan;nan;nan;nan;nan;nan;nan;nan;nan;nan;nan;nan;nan;nan;nan;nan;nan;nan;nan;nan;nan;nan;nan;nan;nan;nan;nan;nan;nan;nan;nan;nan;nan;nan;nan;nan;nan;nan;nan;nan;nan;nan;nan;nan;nan;nan;nan;nan;nan;nan;nan;nan;nan;nan;nan;nan;nan;nan;nan;nan;nan;nan;nan;nan;nan;nan;nan;nan;nan;nan;nan;nan;nan;nan;nan;nan;nan;nan;nan;nan;0.7440196;0.8300026936795623;0.22754755935702697;0.10041996045798789;0.6130140319519668;0.3672686;0.08991516748111503;0.9702;0.9677782141516754;0.9355173536219408;0.08589744567871094;0.7440196;0.8300026936795623;0.22754755935702697;0.10041996045798789;0.6130140319519668;0.3672686;0.08991516748111503;0.9702;0.9677782141516754;0.9355173536219408;0.0;0.0;0.0;0.0;0.0;0.0;0.0;0.0;0.0;0.0;0.08589744567871094;0.67558926;0.6545047986790452;0.7472349211030821;0.7166365622594659;0.5607135519790855;0.14626812934875488;6870.748;0.3698333502051414;0.8385193924199971;0.8570021745368188;0.8713688622744608;92.67976236343384;nan;nan;nan;nan;nan;nan;nan;nan;nan;nan;nan;nan;nan;nan;nan;nan;nan;nan;nan;nan;nan;nan;nan;nan;nan;nan;nan;nan;nan;nan;nan;nan;nan;nan;nan;nan;nan;nan;nan;nan;nan;nan;nan;nan;nan;nan;nan;nan;nan;nan;nan;nan;nan;nan;nan;nan;nan;nan;nan;nan;nan;nan;nan;nan;nan;nan;nan;nan;nan;nan;nan;nan;nan;nan;nan;nan;nan;nan;nan;nan;nan;nan;nan;nan;nan;nan;nan;nan;nan;nan;nan;nan;nan;nan;nan;nan;nan;nan;nan;nan;nan;nan;nan;nan;nan;nan;nan;nan;nan;nan;nan;nan;nan;nan;nan;nan;nan;nan;nan;nan;nan;nan;nan;nan;nan;nan;nan;nan;nan;nan;nan;nan;nan;nan;nan;nan;nan;nan;nan;nan;nan;nan;nan;nan;nan;nan;nan;nan;nan;nan;nan;nan;nan;nan;nan;nan;nan;nan;nan;nan;nan;nan;nan;nan;nan;nan;nan;nan;nan;nan;nan;nan;nan;nan;nan;nan;nan;nan;nan;nan;nan;nan;nan;nan;nan;nan;nan;nan;nan;nan;nan;nan;nan;nan;nan;nan;nan;nan;nan;nan;nan;nan;nan;nan;nan;nan;nan;nan;nan;nan;nan;nan;nan;nan;nan;nan;nan;nan;nan;nan;nan;nan;nan;nan;nan;nan;nan;nan;nan;nan;nan;nan;nan;nan;nan;nan;nan;nan;nan;nan;nan;nan;nan;nan;nan;nan;nan;nan;nan;nan;nan;nan;nan;nan;nan;nan;nan;nan;nan;nan;nan;nan;nan;nan;nan;nan;nan;nan;nan;nan;nan;nan;nan;nan;nan;nan;nan;nan;nan;nan;nan;nan;nan;nan;nan;nan;nan;nan;nan;nan;nan;nan;nan;nan;nan;nan;nan;nan;nan;nan;nan;nan;nan;nan;nan;nan;nan;nan;nan;nan;nan;nan;nan;nan;nan;nan;nan;nan;nan;nan;nan;nan;nan;nan;nan;nan;nan;nan;nan;nan;nan;nan;nan;nan;nan;nan;nan;nan;nan;nan;nan;nan;nan;nan;nan;nan;nan;nan;nan;nan;nan;nan;nan;nan;nan;nan;nan;nan;nan;nan;nan;nan;nan;nan;nan;nan;nan;nan;nan;nan;nan;nan;nan;nan;nan;nan;nan;nan;nan;nan;nan;nan;nan;nan;nan;nan;nan;nan;nan;nan;nan;nan;nan;nan;nan;nan;nan;nan;nan;nan;nan;nan;nan;nan;nan;nan;nan;nan;nan;nan;nan;nan;nan;nan;nan;nan;nan;nan;nan;nan;nan;nan;nan;nan;nan;nan;nan;nan;nan;nan;nan;nan;nan;nan;nan;nan;nan;nan;nan;nan;nan;nan;nan;nan;nan;nan;nan;nan;nan;nan;nan;nan;nan;nan;nan;nan;nan;nan;nan;nan;nan;nan;nan;nan;nan;nan;nan;nan;nan;nan;nan;nan;nan;nan;nan;nan;nan;nan;nan;nan;nan;nan;nan;nan;nan;nan;nan;nan;nan;nan;nan;nan;nan;nan;nan;nan;nan;nan;nan;nan;nan;nan;nan;nan;nan;nan;nan;nan;nan;nan;nan;nan;nan;nan;nan;nan;nan;nan;nan;nan;nan;nan;nan;nan;nan;nan;nan;nan;nan;nan;nan;nan;nan;nan;nan;nan;nan;nan;nan;nan;nan;nan;nan;nan;nan;nan;nan;nan;nan;nan;nan;nan;nan;nan;nan;nan;nan;nan;nan;nan;nan;nan;nan;nan;nan;nan;nan;nan;nan;nan;nan;nan;nan;nan;nan;nan;nan;nan;nan;nan;nan;nan;nan;nan;nan;nan;nan;nan;nan;nan;nan;nan;nan;nan;nan;nan;nan;nan;nan;nan;nan;nan;nan;nan;nan;nan;nan;nan;nan;nan;nan;nan;nan;nan;nan;nan;nan;nan;nan;nan;nan;nan;nan;nan;nan;nan;nan;nan;nan;nan;nan;nan;nan;nan;nan;nan;nan;nan;nan;nan;nan;nan;nan;nan;nan;nan;nan;nan;nan;nan;nan;nan;nan;nan;nan;nan;nan;nan;nan;nan;1.0125644;24.24596853384211;0.271936292582215;0.21853907499932143;0.4856820930823812;0.31645915;0.008154851633871547;0.9989;0.9986122075798638;0.6878630809294872;0.08505868911743164;1.0125644;24.24596853384211;0.271936292582215;0.21853907499932143;0.4856820930823812;0.31645915;0.008154851633871547;0.9989;0.9986122075798638;0.6878630809294872;0.0;0.0;0.0;0.0;0.0;0.0;0.0;0.0;0.0;0.0;0.08505868911743164;0.67558926;0.6545047986790452;0.7472349211030821;0.7166365622594659;0.5607135519790855;0.14626812934875488;6870.748;0.3698333502051414;0.8385193924199971;0.8570021745368188;0.8713688622744608;92.67976236343384;nan;nan;nan;nan;nan;nan;nan;nan;nan;nan;nan;nan;nan;nan;nan;nan;nan;nan;nan;nan;nan;nan;nan;nan;nan;nan;nan;nan;nan;nan;nan;nan;nan;nan;nan;nan;nan;nan;nan;nan;nan;nan;nan;nan;nan;nan;nan;nan;nan;nan;nan;nan;nan;nan;nan;nan;nan;nan;nan;nan;nan;nan;nan;nan;nan;nan;nan;nan;nan;nan;nan;nan;nan;nan;nan;nan;nan;nan;nan;nan;nan;nan;nan;nan;nan;nan;nan;nan;nan;nan;nan;nan;nan;nan;nan;nan;nan;nan;nan;nan;nan;nan;nan;nan;nan;nan;nan;nan;nan;nan;nan;nan;nan;nan;nan;nan;nan;nan;nan;nan;nan;nan;nan;nan;nan;nan;nan;nan;nan;nan;nan;nan;nan;nan;nan;nan;nan;nan;nan;nan;nan;nan;nan;nan;nan;nan;nan;nan;nan;nan;nan;nan;nan;nan;nan;nan;nan;nan;nan;nan;nan;nan;nan;nan;nan;nan;nan;nan;nan;nan;nan;nan;nan;nan;nan;nan;nan;nan;nan;nan;nan;nan;nan;nan;nan;nan;nan;nan;nan;nan;nan;nan;nan;nan;nan;nan;nan;nan;nan;nan;nan;nan;nan;nan;nan;nan;nan;nan;nan;nan;nan;nan;nan;nan;nan;nan;nan;nan;nan;nan;nan;nan;nan;nan;nan;nan;nan;nan;nan;nan;nan;nan;nan;nan;nan;nan;nan;nan;nan;nan;nan;nan;nan;nan;nan;nan;nan;nan;nan;nan;nan;nan;nan;nan;nan;nan;nan;nan;nan;nan;nan;nan;nan;nan;nan;nan;nan;nan;nan;nan;nan;nan;nan;nan;nan;nan;nan;nan;nan;nan;nan;nan;nan;nan;nan;nan;nan;nan;nan;nan;nan;nan;nan;nan;nan;nan;nan;nan;nan;nan;nan;nan;nan;nan;nan;nan;nan;nan;nan;nan;nan;nan;nan;nan;nan;nan;nan;nan;nan;nan;nan;nan;nan;nan;nan;nan;nan;nan;nan;nan;nan;nan;nan;nan;nan;nan;nan;nan;nan;nan;nan;nan;nan;nan;nan;nan;nan;nan;nan;nan;nan;nan;nan;nan;nan;nan;nan;nan;nan;nan;nan;nan;nan;nan;nan;nan;nan;nan;nan;nan;nan;nan;nan;nan;nan;nan;nan;nan;nan;nan;nan;nan;nan;nan;nan;nan;nan;nan;nan;nan;nan;nan;nan;nan;nan;nan;nan;nan;nan;nan;nan;nan;nan;nan;nan;nan;nan;nan;nan;nan;nan;nan;nan;nan;nan;nan;nan;nan;nan;nan;nan;nan;nan;nan;nan;nan;nan;nan;nan;nan;nan;nan;nan;nan;nan;nan;nan;nan;nan;nan;nan;nan;nan;nan;nan;nan;nan;nan;nan;nan;nan;nan;nan;nan;nan;nan;nan;nan;nan;nan;nan;nan;nan;nan;nan;nan;nan;nan;nan;nan;nan;nan;nan;nan;nan;nan;nan;nan;nan;nan;nan;nan;nan;nan;nan;nan;nan;nan;nan;nan;nan;nan;nan;nan;nan;nan;nan;nan;nan;nan;nan;nan;nan;nan;nan;nan;nan;nan;nan;nan;nan;nan;nan;nan;nan;nan;nan;nan;nan;nan;nan;nan;nan;nan;nan;nan;nan;nan;nan;nan;nan;nan;nan;nan;nan;nan;nan;nan;nan;nan;nan;nan;nan;nan;nan;nan;nan;nan;nan;nan;nan;nan;nan;nan;nan;nan;nan;nan;nan;nan;nan;nan;nan;nan;nan;nan;nan;nan;nan;nan;nan;nan;nan;nan;nan;nan;nan;nan;nan;nan;nan;nan;nan;nan;nan;nan;nan;nan;nan;nan;nan;nan;nan;nan;nan;nan;nan;nan;nan;nan;nan;nan;nan;nan;nan;nan;nan;nan;nan;nan;nan;nan;nan;nan;nan;nan;nan;nan;nan;nan;nan;nan;nan;nan;nan;nan;nan;nan;nan;nan;nan;nan;nan;nan;nan;nan;nan;nan;nan;nan;nan;nan;nan;nan;nan;nan;nan;nan;nan;nan;nan;nan;nan;nan;nan;nan;nan;nan;nan;nan;1.0420127;26.211563321093905;0.24111487981123728;0.14041111477508367;0.5014022321692257;0.31618798;9.992007221626413e-16;1.0;1.0;1.0;0.07219529151916504;1.0420127;26.211563321093905;0.24111487981123728;0.14041111477508367;0.5014022321692257;0.31618798;9.992007221626413e-16;1.0;1.0;1.0;0.0;0.0;0.0;0.0;0.0;0.0;0.0;0.0;0.0;0.0;0.07219529151916504;0.67558926;0.6545047986790452;0.7472349211030821;0.7166365622594659;0.5607135519790855;0.14626812934875488;6870.748;0.3698333502051414;0.8385193924199971;0.8570021745368188;0.8713688622744608;92.67976236343384;nan;nan;nan;nan;nan;nan;nan;nan;nan;nan;nan;nan;nan;nan;nan;nan;nan;nan;nan;nan;nan;nan;nan;nan;nan;nan;nan;nan;nan;nan;nan;nan;nan;nan;nan;nan;nan;nan;nan;nan;nan;nan;nan;nan;nan;nan;nan;nan;nan;nan;nan;nan;nan;nan;nan;nan;nan;nan;nan;nan;nan;nan;nan;nan;nan;nan;nan;nan;nan;nan;nan;nan;nan;nan;nan;nan;nan;nan;nan;nan;nan;nan;nan;nan;nan;nan;nan;nan;nan;nan;nan;nan;nan;nan;nan;nan;nan;nan;nan;nan;nan;nan;nan;nan;nan;nan;nan;nan;nan;nan;nan;nan;nan;nan;nan;nan;nan;nan;nan;nan;nan;nan;nan;nan;nan;nan;nan;nan;nan;nan;nan;nan;nan;nan;nan;nan;nan;nan;nan;nan;nan;nan;nan;nan;nan;nan;nan;nan;nan;nan;nan;nan;nan;nan;nan;nan;nan;nan;nan;nan;nan;nan;nan;nan;nan;nan;nan;nan;nan;nan;nan;nan;nan;nan;nan;nan;nan;nan;nan;nan;nan;nan;nan;nan;nan;nan;nan;nan;nan;nan;nan;nan;nan;nan;nan;nan;nan;nan;nan;nan;nan;nan;nan;nan;nan;nan;nan;nan;nan;nan;nan;nan;nan;nan;nan;nan;nan;nan;nan;nan;nan;nan;nan;nan;nan;nan;nan;nan;nan;nan;nan;nan;nan;nan;nan;nan;nan;nan;nan;nan;nan;nan;nan;nan;nan;nan;nan;nan;nan;nan;nan;nan;nan;nan;nan;nan;nan;nan;nan;nan;nan;nan;nan;nan;nan;nan;nan;nan;nan;nan;nan;nan;nan;nan;nan;nan;nan;nan;nan;nan;nan;nan;nan;nan;nan;nan;nan;nan;nan;nan;nan;nan;nan;nan;nan;nan;nan;nan;nan;nan;nan;nan;nan;nan;nan;nan;nan;nan;nan;nan;nan;nan;nan;nan;nan;nan;nan;nan;nan;nan;nan;nan;nan;nan;nan;nan;nan;nan;nan;nan;nan;nan;nan;nan;nan;nan;nan;nan;nan;nan;nan;nan;nan;nan;nan;nan;nan;nan;nan;nan;nan;nan;nan;nan;nan;nan;nan;nan;nan;nan;nan;nan;nan;nan;nan;nan;nan;nan;nan;nan;nan;nan;nan;nan;nan;nan;nan;nan;nan;nan;nan;nan;nan;nan;nan;nan;nan;nan;nan;nan;nan;nan;nan;nan;nan;nan;nan;nan;nan;nan;nan;nan;nan;nan;nan;nan;nan;nan;nan;nan;nan;nan;nan;nan;nan;nan;nan;nan;nan;nan;nan;nan;nan;nan;nan;nan;nan;nan;nan;nan;nan;nan;nan;nan;nan;nan;nan;nan;nan;nan;nan;nan;nan;nan;nan;nan;nan;nan;nan;nan;nan;nan;nan;nan;nan;nan;nan;nan;nan;nan;nan;nan;nan;nan;nan;nan;nan;nan;nan;nan;nan;nan;nan;nan;nan;nan;nan;nan;nan;nan;nan;nan;nan;nan;nan;nan;nan;nan;nan;nan;nan;nan;nan;nan;nan;nan;nan;nan;nan;nan;nan;nan;nan;nan;nan;nan;nan;nan;nan;nan;nan;nan;nan;nan;nan;nan;nan;nan;nan;nan;nan;nan;nan;nan;nan;nan;nan;nan;nan;nan;nan;nan;nan;nan;nan;nan;nan;nan;nan;nan;nan;nan;nan;nan;nan;nan;nan;nan;nan;nan;nan;nan;nan;nan;nan;nan;nan;nan;nan;nan;nan;nan;nan;nan;nan;nan;nan;nan;nan;nan;nan;nan;nan;nan;nan;nan;nan;nan;nan;nan;nan;nan;nan;nan;nan;nan;nan;nan;nan;nan;nan;nan;nan;nan;nan;nan;nan;nan;nan;nan;nan;nan;nan;nan;nan;nan;nan;nan;nan;nan;nan;nan;nan;nan;nan;nan;nan;nan;nan;nan;nan;nan;nan;nan;nan;nan;nan;nan;nan;nan;nan;nan;nan;nan;nan;nan;nan;nan;nan;nan;nan;nan;nan;nan;nan;nan;nan;nan;nan;nan;nan;nan;nan;nan;nan;nan;nan;nan;nan;nan;0.52336854;0.5085549007636408;0.8296711399498599;0.7858497217452655;0.7238436608397086;0.49080563;0.3125586653442252;0.8737;0.8737455154812578;0.9335537616601065;0.09863996505737305;0.52336854;0.5085549007636408;0.8296711399498599;0.7858497217452655;0.7238436608397086;0.49080563;0.3125586653442252;0.8737;0.8737455154812578;0.9335537616601065;0.0;0.0;0.0;0.0;0.0;0.0;0.0;0.0;0.0;0.0;0.09863996505737305;0.67558926;0.6545047986790452;0.7472349211030821;0.7166365622594659;0.5607135519790855;0.14626812934875488;6870.748;0.3698333502051414;0.8385193924199971;0.8570021745368188;0.8713688622744608;92.67976236343384;nan;nan;nan;nan;nan;nan;nan;nan;nan;nan;nan;nan;nan;nan;nan;nan;nan;nan;nan;nan;nan;nan;nan;nan;nan;nan;nan;nan;nan;nan;nan;nan;nan;nan;nan;nan;nan;nan;nan;nan;nan;nan;nan;nan;nan;nan;nan;nan;nan;nan;nan;nan;nan;nan;nan;nan;nan;nan;nan;nan;nan;nan;nan;nan;nan;nan;nan;nan;nan;nan;nan;nan;nan;nan;nan;nan;nan;nan;nan;nan;nan;nan;nan;nan;nan;nan;nan;nan;nan;nan;nan;nan;nan;nan;nan;nan;nan;nan;nan;nan;nan;nan;nan;nan;nan;nan;nan;nan;nan;nan;nan;nan;nan;nan;nan;nan;nan;nan;nan;nan;nan;nan;nan;nan;nan;nan;nan;nan;nan;nan;nan;nan;nan;nan;nan;nan;nan;nan;nan;nan;nan;nan;nan;nan;nan;nan;nan;nan;nan;nan;nan;nan;nan;nan;nan;nan;nan;nan;nan;nan;nan;nan;nan;nan;nan;nan;nan;nan;nan;nan;nan;nan;nan;nan;nan;nan;nan;nan;nan;nan;nan;nan;nan;nan;nan;nan;nan;nan;nan;nan;nan;nan;nan;nan;nan;nan;nan;nan;nan;nan;nan;nan;nan;nan;nan;nan;nan;nan;nan;nan;nan;nan;nan;nan;nan;nan;nan;nan;nan;nan;nan;nan;nan;nan;nan;nan;nan;nan;nan;nan;nan;nan;nan;nan;nan;nan;nan;nan;nan;nan;nan;nan;nan;nan;nan;nan;nan;nan;nan;nan;nan;nan;nan;nan;nan;nan;nan;nan;nan;nan;nan;nan;nan;nan;nan;nan;nan;nan;nan;nan;nan;nan;nan;nan;nan;nan;nan;nan;nan;nan;nan;nan;nan;nan;nan;nan;nan;nan;nan;nan;nan;nan;nan;nan;nan;nan;nan;nan;nan;nan;nan;nan;nan;nan;nan;nan;nan;nan;nan;nan;nan;nan;nan;nan;nan;nan;nan;nan;nan;nan;nan;nan;nan;nan;nan;nan;nan;nan;nan;nan;nan;nan;nan;nan;nan;nan;nan;nan;nan;nan;nan;nan;nan;nan;nan;nan;nan;nan;nan;nan;nan;nan;nan;nan;nan;nan;nan;nan;nan;nan;nan;nan;nan;nan;nan;nan;nan;nan;nan;nan;nan;nan;nan;nan;nan;nan;nan;nan;nan;nan;nan;nan;nan;nan;nan;nan;nan;nan;nan;nan;nan;nan;nan;nan;nan;nan;nan;nan;nan;nan;nan;nan;nan;nan;nan;nan;nan;nan;nan;nan;nan;nan;nan;nan;nan;nan;nan;nan;nan;nan;nan;nan;nan;nan;nan;nan;nan;nan;nan;nan;nan;nan;nan;nan;nan;nan;nan;nan;nan;nan;nan;nan;nan;nan;nan;nan;nan;nan;nan;nan;nan;nan;nan;nan;nan;nan;nan;nan;nan;nan;nan;nan;nan;nan;nan;nan;nan;nan;nan;nan;nan;nan;nan;nan;nan;nan;nan;nan;nan;nan;nan;nan;nan;nan;nan;nan;nan;nan;nan;nan;nan;nan;nan;nan;nan;nan;nan;nan;nan;nan;nan;nan;nan;nan;nan;nan;nan;nan;nan;nan;nan;nan;nan;nan;nan;nan;nan;nan;nan;nan;nan;nan;nan;nan;nan;nan;nan;nan;nan;nan;nan;nan;nan;nan;nan;nan;nan;nan;nan;nan;nan;nan;nan;nan;nan;nan;nan;nan;nan;nan;nan;nan;nan;nan;nan;nan;nan;nan;nan;nan;nan;nan;nan;nan;nan;nan;nan;nan;nan;nan;nan;nan;nan;nan;nan;nan;nan;nan;nan;nan;nan;nan;nan;nan;nan;nan;nan;nan;nan;nan;nan;nan;nan;nan;nan;nan;nan;nan;nan;nan;nan;nan;nan;nan;nan;nan;nan;nan;nan;nan;nan;nan;nan;nan;nan;nan;nan;nan;nan;nan;nan;nan;nan;nan;nan;nan;nan;nan;nan;nan;nan;nan;nan;nan;nan;nan;nan;nan;nan;nan;nan;nan;nan;nan;nan;nan;nan;nan;nan;nan;nan;nan;nan;nan;nan;nan;nan;nan;nan;nan;0.9561197;2.0999841866456834;0.2282849137295384;0.10214487816765694;0.7618063313276683;0.45760283;0.2907079720064267;0.8791;0.8788769305109149;0.9412152209604696;0.09415507316589355;0.9561197;2.0999841866456834;0.2282849137295384;0.10214487816765694;0.7618063313276683;0.45760283;0.2907079720064267;0.8791;0.8788769305109149;0.9412152209604696;0.0;0.0;0.0;0.0;0.0;0.0;0.0;0.0;0.0;0.0;0.09415507316589355;0.67558926;0.6545047986790452;0.7472349211030821;0.7166365622594659;0.5607135519790855;0.14626812934875488;6870.748;0.3698333502051414;0.8385193924199971;0.8570021745368188;0.8713688622744608;92.67976236343384;nan;nan;nan;nan;nan;nan;nan;nan;nan;nan;nan;nan;nan;nan;nan;nan;nan;nan;nan;nan;nan;nan;nan;nan;nan;nan;nan;nan;nan;nan;nan;nan;nan;nan;nan;nan;nan;nan;nan;nan;nan;nan;nan;nan;nan;nan;nan;nan;nan;nan;nan;nan;nan;nan;nan;nan;nan;nan;nan;nan;nan;nan;nan;nan;nan;nan;nan;nan;nan;nan;nan;nan;nan;nan;nan;nan;nan;nan;nan;nan;nan;nan;nan;nan;nan;nan;nan;nan;nan;nan;nan;nan;nan;nan;nan;nan;nan;nan;nan;nan;nan;nan;nan;nan;nan;nan;nan;nan;nan;nan;nan;nan;nan;nan;nan;nan;nan;nan;nan;nan;nan;nan;nan;nan;nan;nan;nan;nan;nan;nan;nan;nan;nan;nan;nan;nan;nan;nan;nan;nan;nan;nan;nan;nan;nan;nan;nan;nan;nan;nan;nan;nan;nan;nan;nan;nan;nan;nan;nan;nan;nan;nan;nan;nan;nan;nan;nan;nan;nan;nan;nan;nan;nan;nan;nan;nan;nan;nan;nan;nan;nan;nan;nan;nan;nan;nan;nan;nan;nan;nan;nan;nan;nan;nan;nan;nan;nan;nan;nan;nan;nan;nan;nan;nan;nan;nan;nan;nan;nan;nan;nan;nan;nan;nan;nan;nan;nan;nan;nan;nan;nan;nan;nan;nan;nan;nan;nan;nan;nan;nan;nan;nan;nan;nan;nan;nan;nan;nan;nan;nan;nan;nan;nan;nan;nan;nan;nan;nan;nan;nan;nan;nan;nan;nan;nan;nan;nan;nan;nan;nan;nan;nan;nan;nan;nan;nan;nan;nan;nan;nan;nan;nan;nan;nan;nan;nan;nan;nan;nan;nan;nan;nan;nan;nan;nan;nan;nan;nan;nan;nan;nan;nan;nan;nan;nan;nan;nan;nan;nan;nan;nan;nan;nan;nan;nan;nan;nan;nan;nan;nan;nan;nan;nan;nan;nan;nan;nan;nan;nan;nan;nan;nan;nan;nan;nan;nan;nan;nan;nan;nan;nan;nan;nan;nan;nan;nan;nan;nan;nan;nan;nan;nan;nan;nan;nan;nan;nan;nan;nan;nan;nan;nan;nan;nan;nan;nan;nan;nan;nan;nan;nan;nan;nan;nan;nan;nan;nan;nan;nan;nan;nan;nan;nan;nan;nan;nan;nan;nan;nan;nan;nan;nan;nan;nan;nan;nan;nan;nan;nan;nan;nan;nan;nan;nan;nan;nan;nan;nan;nan;nan;nan;nan;nan;nan;nan;nan;nan;nan;nan;nan;nan;nan;nan;nan;nan;nan;nan;nan;nan;nan;nan;nan;nan;nan;nan;nan;nan;nan;nan;nan;nan;nan;nan;nan;nan;nan;nan;nan;nan;nan;nan;nan;nan;nan;nan;nan;nan;nan;nan;nan;nan;nan;nan;nan;nan;nan;nan;nan;nan;nan;nan;nan;nan;nan;nan;nan;nan;nan;nan;nan;nan;nan;nan;nan;nan;nan;nan;nan;nan;nan;nan;nan;nan;nan;nan;nan;nan;nan;nan;nan;nan;nan;nan;nan;nan;nan;nan;nan;nan;nan;nan;nan;nan;nan;nan;nan;nan;nan;nan;nan;nan;nan;nan;nan;nan;nan;nan;nan;nan;nan;nan;nan;nan;nan;nan;nan;nan;nan;nan;nan;nan;nan;nan;nan;nan;nan;nan;nan;nan;nan;nan;nan;nan;nan;nan;nan;nan;nan;nan;nan;nan;nan;nan;nan;nan;nan;nan;nan;nan;nan;nan;nan;nan;nan;nan;nan;nan;nan;nan;nan;nan;nan;nan;nan;nan;nan;nan;nan;nan;nan;nan;nan;nan;nan;nan;nan;nan;nan;nan;nan;nan;nan;nan;nan;nan;nan;nan;nan;nan;nan;nan;nan;nan;nan;nan;nan;nan;nan;nan;nan;nan;nan;nan;nan;nan;nan;nan;nan;nan;nan;nan;nan;nan;nan;nan;nan;nan;nan;nan;nan;nan;nan;nan;nan;nan;nan;nan;nan;nan;nan;nan;nan;nan;nan;nan;nan;nan;nan;nan;nan;nan;nan;nan;nan;nan;nan;nan;nan;nan;nan;0.5277766;0.6168516758570793;0.8283439020793393;0.7835546328888476;0.7582829990986063;0.4302669;0.23060830745910807;0.9051;0.9031191303563293;0.957539767886062;0.10666012763977051;0.5277766;0.6168516758570793;0.8283439020793393;0.7835546328888476;0.7582829990986063;0.4302669;0.23060830745910807;0.9051;0.9031191303563293;0.957539767886062;0.0;0.0;0.0;0.0;0.0;0.0;0.0;0.0;0.0;0.0;0.10666012763977051;0.67558926;0.6545047986790452;0.7472349211030821;0.7166365622594659;0.5607135519790855;0.14626812934875488;6870.748;0.3698333502051414;0.8385193924199971;0.8570021745368188;0.8713688622744608;92.67976236343384;nan;nan;nan;nan;nan;nan;nan;nan;nan;nan;nan;nan;nan;nan;nan;nan;nan;nan;nan;nan;nan;nan;nan;nan;nan;nan;nan;nan;nan;nan;nan;nan;nan;nan;nan;nan;nan;nan;nan;nan;nan;nan;nan;nan;nan;nan;nan;nan;nan;nan;nan;nan;nan;nan;nan;nan;nan;nan;nan;nan;nan;nan;nan;nan;nan;nan;nan;nan;nan;nan;nan;nan;nan;nan;nan;nan;nan;nan;nan;nan;nan;nan;nan;nan;nan;nan;nan;nan;nan;nan;nan;nan;nan;nan;nan;nan;nan;nan;nan;nan;nan;nan;nan;nan;nan;nan;nan;nan;nan;nan;nan;nan;nan;nan;nan;nan;nan;nan;nan;nan;nan;nan;nan;nan;nan;nan;nan;nan;nan;nan;nan;nan;nan;nan;nan;nan;nan;nan;nan;nan;nan;nan;nan;nan;nan;nan;nan;nan;nan;nan;nan;nan;nan;nan;nan;nan;nan;nan;nan;nan;nan;nan;nan;nan;nan;nan;nan;nan;nan;nan;nan;nan;nan;nan;nan;nan;nan;nan;nan;nan;nan;nan;nan;nan;nan;nan;nan;nan;nan;nan;nan;nan;nan;nan;nan;nan;nan;nan;nan;nan;nan;nan;nan;nan;nan;nan;nan;nan;nan;nan;nan;nan;nan;nan;nan;nan;nan;nan;nan;nan;nan;nan;nan;nan;nan;nan;nan;nan;nan;nan;nan;nan;nan;nan;nan;nan;nan;nan;nan;nan;nan;nan;nan;nan;nan;nan;nan;nan;nan;nan;nan;nan;nan;nan;nan;nan;nan;nan;nan;nan;nan;nan;nan;nan;nan;nan;nan;nan;nan;nan;nan;nan;nan;nan;nan;nan;nan;nan;nan;nan;nan;nan;nan;nan;nan;nan;nan;nan;nan;nan;nan;nan;nan;nan;nan;nan;nan;nan;nan;nan;nan;nan;nan;nan;nan;nan;nan;nan;nan;nan;nan;nan;nan;nan;nan;nan;nan;nan;nan;nan;nan;nan;nan;nan;nan;nan;nan;nan;nan;nan;nan;nan;nan;nan;nan;nan;nan;nan;nan;nan;nan;nan;nan;nan;nan;nan;nan;nan;nan;nan;nan;nan;nan;nan;nan;nan;nan;nan;nan;nan;nan;nan;nan;nan;nan;nan;nan;nan;nan;nan;nan;nan;nan;nan;nan;nan;nan;nan;nan;nan;nan;nan;nan;nan;nan;nan;nan;nan;nan;nan;nan;nan;nan;nan;nan;nan;nan;nan;nan;nan;nan;nan;nan;nan;nan;nan;nan;nan;nan;nan;nan;nan;nan;nan;nan;nan;nan;nan;nan;nan;nan;nan;nan;nan;nan;nan;nan;nan;nan;nan;nan;nan;nan;nan;nan;nan;nan;nan;nan;nan;nan;nan;nan;nan;nan;nan;nan;nan;nan;nan;nan;nan;nan;nan;nan;nan;nan;nan;nan;nan;nan;nan;nan;nan;nan;nan;nan;nan;nan;nan;nan;nan;nan;nan;nan;nan;nan;nan;nan;nan;nan;nan;nan;nan;nan;nan;nan;nan;nan;nan;nan;nan;nan;nan;nan;nan;nan;nan;nan;nan;nan;nan;nan;nan;nan;nan;nan;nan;nan;nan;nan;nan;nan;nan;nan;nan;nan;nan;nan;nan;nan;nan;nan;nan;nan;nan;nan;nan;nan;nan;nan;nan;nan;nan;nan;nan;nan;nan;nan;nan;nan;nan;nan;nan;nan;nan;nan;nan;nan;nan;nan;nan;nan;nan;nan;nan;nan;nan;nan;nan;nan;nan;nan;nan;nan;nan;nan;nan;nan;nan;nan;nan;nan;nan;nan;nan;nan;nan;nan;nan;nan;nan;nan;nan;nan;nan;nan;nan;nan;nan;nan;nan;nan;nan;nan;nan;nan;nan;nan;nan;nan;nan;nan;nan;nan;nan;nan;nan;nan;nan;nan;nan;nan;nan;nan;nan;nan;nan;nan;nan;nan;nan;nan;nan;nan;nan;nan;nan;nan;nan;nan;nan;nan;nan;nan;nan;nan;nan;nan;nan;nan;nan;nan;nan;nan;nan;nan;nan;nan;nan;nan;nan;nan;nan;nan;nan;nan;nan;nan;nan;0.523406;0.45577040766475013;0.800324435923905;0.7273590448132279;0.8236185692236972;0.41111845;0.18871809848729534;0.9321;0.9320436659812076;0.9732566522690609;0.08844852447509766;0.523406;0.45577040766475013;0.800324435923905;0.7273590448132279;0.8236185692236972;0.41111845;0.18871809848729534;0.9321;0.9320436659812076;0.9732566522690609;0.0;0.0;0.0;0.0;0.0;0.0;0.0;0.0;0.0;0.0;0.08844852447509766;0.67558926;0.6545047986790452;0.7472349211030821;0.7166365622594659;0.5607135519790855;0.14626812934875488;6870.748;0.3698333502051414;0.8385193924199971;0.8570021745368188;0.8713688622744608;92.67976236343384;nan;nan;nan;nan;nan;nan;nan;nan;nan;nan;nan;nan;nan;nan;nan;nan;nan;nan;nan;nan;nan;nan;nan;nan;nan;nan;nan;nan;nan;nan;nan;nan;nan;nan;nan;nan;nan;nan;nan;nan;nan;nan;nan;nan;nan;nan;nan;nan;nan;nan;nan;nan;nan;nan;nan;nan;nan;nan;nan;nan;nan;nan;nan;nan;nan;nan;nan;nan;nan;nan;nan;nan;nan;nan;nan;nan;nan;nan;nan;nan;nan;nan;nan;nan;nan;nan;nan;nan;nan;nan;nan;nan;nan;nan;nan;nan;nan;nan;nan;nan;nan;nan;nan;nan;nan;nan;nan;nan;nan;nan;nan;nan;nan;nan;nan;nan;nan;nan;nan;nan;nan;nan;nan;nan;nan;nan;nan;nan;nan;nan;nan;nan;nan;nan;nan;nan;nan;nan;nan;nan;nan;nan;nan;nan;nan;nan;nan;nan;nan;nan;nan;nan;nan;nan;nan;nan;nan;nan;nan;nan;nan;nan;nan;nan;nan;nan;nan;nan;nan;nan;nan;nan;nan;nan;nan;nan;nan;nan;nan;nan;nan;nan;nan;nan;nan;nan;nan;nan;nan;nan;nan;nan;nan;nan;nan;nan;nan;nan;nan;nan;nan;nan;nan;nan;nan;nan;nan;nan;nan;nan;nan;nan;nan;nan;nan;nan;nan;nan;nan;nan;nan;nan;nan;nan;nan;nan;nan;nan;nan;nan;nan;nan;nan;nan;nan;nan;nan;nan;nan;nan;nan;nan;nan;nan;nan;nan;nan;nan;nan;nan;nan;nan;nan;nan;nan;nan;nan;nan;nan;nan;nan;nan;nan;nan;nan;nan;nan;nan;nan;nan;nan;nan;nan;nan;nan;nan;nan;nan;nan;nan;nan;nan;nan;nan;nan;nan;nan;nan;nan;nan;nan;nan;nan;nan;nan;nan;nan;nan;nan;nan;nan;nan;nan;nan;nan;nan;nan;nan;nan;nan;nan;nan;nan;nan;nan;nan;nan;nan;nan;nan;nan;nan;nan;nan;nan;nan;nan;nan;nan;nan;nan;nan;nan;nan;nan;nan;nan;nan;nan;nan;nan;nan;nan;nan;nan;nan;nan;nan;nan;nan;nan;nan;nan;nan;nan;nan;nan;nan;nan;nan;nan;nan;nan;nan;nan;nan;nan;nan;nan;nan;nan;nan;nan;nan;nan;nan;nan;nan;nan;nan;nan;nan;nan;nan;nan;nan;nan;nan;nan;nan;nan;nan;nan;nan;nan;nan;nan;nan;nan;nan;nan;nan;nan;nan;nan;nan;nan;nan;nan;nan;nan;nan;nan;nan;nan;nan;nan;nan;nan;nan;nan;nan;nan;nan;nan;nan;nan;nan;nan;nan;nan;nan;nan;nan;nan;nan;nan;nan;nan;nan;nan;nan;nan;nan;nan;nan;nan;nan;nan;nan;nan;nan;nan;nan;nan;nan;nan;nan;nan;nan;nan;nan;nan;nan;nan;nan;nan;nan;nan;nan;nan;nan;nan;nan;nan;nan;nan;nan;nan;nan;nan;nan;nan;nan;nan;nan;nan;nan;nan;nan;nan;nan;nan;nan;nan;nan;nan;nan;nan;nan;nan;nan;nan;nan;nan;nan;nan;nan;nan;nan;nan;nan;nan;nan;nan;nan;nan;nan;nan;nan;nan;nan;nan;nan;nan;nan;nan;nan;nan;nan;nan;nan;nan;nan;nan;nan;nan;nan;nan;nan;nan;nan;nan;nan;nan;nan;nan;nan;nan;nan;nan;nan;nan;nan;nan;nan;nan;nan;nan;nan;nan;nan;nan;nan;nan;nan;nan;nan;nan;nan;nan;nan;nan;nan;nan;nan;nan;nan;nan;nan;nan;nan;nan;nan;nan;nan;nan;nan;nan;nan;nan;nan;nan;nan;nan;nan;nan;nan;nan;nan;nan;nan;nan;nan;nan;nan;nan;nan;nan;nan;nan;nan;nan;nan;nan;nan;nan;nan;nan;nan;nan;nan;nan;nan;nan;nan;nan;nan;nan;nan;nan;nan;nan;nan;nan;nan;nan;nan;nan;nan;nan;nan;nan;nan;nan;nan;nan;nan;nan;nan;nan;nan;nan;nan;nan;nan;nan;nan;nan;nan;0.5255635;0.39076638577471373;0.7935407756967999;0.7134926668585707;0.8461019216891759;0.3383891;0.01707081622979047;0.9942;0.9940463669021158;0.9785983306188926;0.09293413162231445;0.5255635;0.39076638577471373;0.7935407756967999;0.7134926668585707;0.8461019216891759;0.3383891;0.01707081622979047;0.9942;0.9940463669021158;0.9785983306188926;0.0;0.0;0.0;0.0;0.0;0.0;0.0;0.0;0.0;0.0;0.09293413162231445;0.67558926;0.6545047986790452;0.7472349211030821;0.7166365622594659;0.5607135519790855;0.14626812934875488;6870.748;0.3698333502051414;0.8385193924199971;0.8570021745368188;0.8713688622744608;92.67976236343384;nan;nan;nan;nan;nan;nan;nan;nan;nan;nan;nan;nan;nan;nan;nan;nan;nan;nan;nan;nan;nan;nan;nan;nan;nan;nan;nan;nan;nan;nan;nan;nan;nan;nan;nan;nan;nan;nan;nan;nan;nan;nan;nan;nan;nan;nan;nan;nan;nan;nan;nan;nan;nan;nan;nan;nan;nan;nan;nan;nan;nan;nan;nan;nan;nan;nan;nan;nan;nan;nan;nan;nan;nan;nan;nan;nan;nan;nan;nan;nan;nan;nan;nan;nan;nan;nan;nan;nan;nan;nan;nan;nan;nan;nan;nan;nan;nan;nan;nan;nan;nan;nan;nan;nan;nan;nan;nan;nan;nan;nan;nan;nan;nan;nan;nan;nan;nan;nan;nan;nan;nan;nan;nan;nan;nan;nan;nan;nan;nan;nan;nan;nan;nan;nan;nan;nan;nan;nan;nan;nan;nan;nan;nan;nan;nan;nan;nan;nan;nan;nan;nan;nan;nan;nan;nan;nan;nan;nan;nan;nan;nan;nan;nan;nan;nan;nan;nan;nan;nan;nan;nan;nan;nan;nan;nan;nan;nan;nan;nan;nan;nan;nan;nan;nan;nan;nan;nan;nan;nan;nan;nan;nan;nan;nan;nan;nan;nan;nan;nan;nan;nan;nan;nan;nan;nan;nan;nan;nan;nan;nan;nan;nan;nan;nan;nan;nan;nan;nan;nan;nan;nan;nan;nan;nan;nan;nan;nan;nan;nan;nan;nan;nan;nan;nan;nan;nan;nan;nan;nan;nan;nan;nan;nan;nan;nan;nan;nan;nan;nan;nan;nan;nan;nan;nan;nan;nan;nan;nan;nan;nan;nan;nan;nan;nan;nan;nan;nan;nan;nan;nan;nan;nan;nan;nan;nan;nan;nan;nan;nan;nan;nan;nan;nan;nan;nan;nan;nan;nan;nan;nan;nan;nan;nan;nan;nan;nan;nan;nan;nan;nan;nan;nan;nan;nan;nan;nan;nan;nan;nan;nan;nan;nan;nan;nan;nan;nan;nan;nan;nan;nan;nan;nan;nan;nan;nan;nan;nan;nan;nan;nan;nan;nan;nan;nan;nan;nan;nan;nan;nan;nan;nan;nan;nan;nan;nan;nan;nan;nan;nan;nan;nan;nan;nan;nan;nan;nan;nan;nan;nan;nan;nan;nan;nan;nan;nan;nan;nan;nan;nan;nan;nan;nan;nan;nan;nan;nan;nan;nan;nan;nan;nan;nan;nan;nan;nan;nan;nan;nan;nan;nan;nan;nan;nan;nan;nan;nan;nan;nan;nan;nan;nan;nan;nan;nan;nan;nan;nan;nan;nan;nan;nan;nan;nan;nan;nan;nan;nan;nan;nan;nan;nan;nan;nan;nan;nan;nan;nan;nan;nan;nan;nan;nan;nan;nan;nan;nan;nan;nan;nan;nan;nan;nan;nan;nan;nan;nan;nan;nan;nan;nan;nan;nan;nan;nan;nan;nan;nan;nan;nan;nan;nan;nan;nan;nan;nan;nan;nan;nan;nan;nan;nan;nan;nan;nan;nan;nan;nan;nan;nan;nan;nan;nan;nan;nan;nan;nan;nan;nan;nan;nan;nan;nan;nan;nan;nan;nan;nan;nan;nan;nan;nan;nan;nan;nan;nan;nan;nan;nan;nan;nan;nan;nan;nan;nan;nan;nan;nan;nan;nan;nan;nan;nan;nan;nan;nan;nan;nan;nan;nan;nan;nan;nan;nan;nan;nan;nan;nan;nan;nan;nan;nan;nan;nan;nan;nan;nan;nan;nan;nan;nan;nan;nan;nan;nan;nan;nan;nan;nan;nan;nan;nan;nan;nan;nan;nan;nan;nan;nan;nan;nan;nan;nan;nan;nan;nan;nan;nan;nan;nan;nan;nan;nan;nan;nan;nan;nan;nan;nan;nan;nan;nan;nan;nan;nan;nan;nan;nan;nan;nan;nan;nan;nan;nan;nan;nan;nan;nan;nan;nan;nan;nan;nan;nan;nan;nan;nan;nan;nan;nan;nan;nan;nan;nan;nan;nan;nan;nan;nan;nan;nan;nan;nan;nan;nan;nan;nan;nan;nan;nan;nan;nan;nan;nan;nan;nan;nan;nan;nan;nan;nan;nan;nan;nan;nan;nan;nan;nan;nan;nan;nan;0.5116292;0.9069005101076838;0.8669812711989382;0.8542430478210863;0.8095348063801211;0.38649493;0.11319713116952257;0.9562;0.9573087494112222;0.9728398940010616;0.09251236915588379;0.5116292;0.9069005101076838;0.8669812711989382;0.8542430478210863;0.8095348063801211;0.38649493;0.11319713116952257;0.9562;0.9573087494112222;0.9728398940010616;0.0;0.0;0.0;0.0;0.0;0.0;0.0;0.0;0.0;0.0;0.09251236915588379;0.67558926;0.6545047986790452;0.7472349211030821;0.7166365622594659;0.5607135519790855;0.14626812934875488;6870.748;0.3698333502051414;0.8385193924199971;0.8570021745368188;0.8713688622744608;92.67976236343384;nan;nan;nan;nan;nan;nan;nan;nan;nan;nan;nan;nan;nan;nan;nan;nan;nan;nan;nan;nan;nan;nan;nan;nan;nan;nan;nan;nan;nan;nan;nan;nan;nan;nan;nan;nan;nan;nan;nan;nan;nan;nan;nan;nan;nan;nan;nan;nan;nan;nan;nan;nan;nan;nan;nan;nan;nan;nan;nan;nan;nan;nan;nan;nan;nan;nan;nan;nan;nan;nan;nan;nan;nan;nan;nan;nan;nan;nan;nan;nan;nan;nan;nan;nan;nan;nan;nan;nan;nan;nan;nan;nan;nan;nan;nan;nan;nan;nan;nan;nan;nan;nan;nan;nan;nan;nan;nan;nan;nan;nan;nan;nan;nan;nan;nan;nan;nan;nan;nan;nan;nan;nan;nan;nan;nan;nan;nan;nan;nan;nan;nan;nan;nan;nan;nan;nan;nan;nan;nan;nan;nan;nan;nan;nan;nan;nan;nan;nan;nan;nan;nan;nan;nan;nan;nan;nan;nan;nan;nan;nan;nan;nan;nan;nan;nan;nan;nan;nan;nan;nan;nan;nan;nan;nan;nan;nan;nan;nan;nan;nan;nan;nan;nan;nan;nan;nan;nan;nan;nan;nan;nan;nan;nan;nan;nan;nan;nan;nan;nan;nan;nan;nan;nan;nan;nan;nan;nan;nan;nan;nan;nan;nan;nan;nan;nan;nan;nan;nan;nan;nan;nan;nan;nan;nan;nan;nan;nan;nan;nan;nan;nan;nan;nan;nan;nan;nan;nan;nan;nan;nan;nan;nan;nan;nan;nan;nan;nan;nan;nan;nan;nan;nan;nan;nan;nan;nan;nan;nan;nan;nan;nan;nan;nan;nan;nan;nan;nan;nan;nan;nan;nan;nan;nan;nan;nan;nan;nan;nan;nan;nan;nan;nan;nan;nan;nan;nan;nan;nan;nan;nan;nan;nan;nan;nan;nan;nan;nan;nan;nan;nan;nan;nan;nan;nan;nan;nan;nan;nan;nan;nan;nan;nan;nan;nan;nan;nan;nan;nan;nan;nan;nan;nan;nan;nan;nan;nan;nan;nan;nan;nan;nan;nan;nan;nan;nan;nan;nan;nan;nan;nan;nan;nan;nan;nan;nan;nan;nan;nan;nan;nan;nan;nan;nan;nan;nan;nan;nan;nan;nan;nan;nan;nan;nan;nan;nan;nan;nan;nan;nan;nan;nan;nan;nan;nan;nan;nan;nan;nan;nan;nan;nan;nan;nan;nan;nan;nan;nan;nan;nan;nan;nan;nan;nan;nan;nan;nan;nan;nan;nan;nan;nan;nan;nan;nan;nan;nan;nan;nan;nan;nan;nan;nan;nan;nan;nan;nan;nan;nan;nan;nan;nan;nan;nan;nan;nan;nan;nan;nan;nan;nan;nan;nan;nan;nan;nan;nan;nan;nan;nan;nan;nan;nan;nan;nan;nan;nan;nan;nan;nan;nan;nan;nan;nan;nan;nan;nan;nan;nan;nan;nan;nan;nan;nan;nan;nan;nan;nan;nan;nan;nan;nan;nan;nan;nan;nan;nan;nan;nan;nan;nan;nan;nan;nan;nan;nan;nan;nan;nan;nan;nan;nan;nan;nan;nan;nan;nan;nan;nan;nan;nan;nan;nan;nan;nan;nan;nan;nan;nan;nan;nan;nan;nan;nan;nan;nan;nan;nan;nan;nan;nan;nan;nan;nan;nan;nan;nan;nan;nan;nan;nan;nan;nan;nan;nan;nan;nan;nan;nan;nan;nan;nan;nan;nan;nan;nan;nan;nan;nan;nan;nan;nan;nan;nan;nan;nan;nan;nan;nan;nan;nan;nan;nan;nan;nan;nan;nan;nan;nan;nan;nan;nan;nan;nan;nan;nan;nan;nan;nan;nan;nan;nan;nan;nan;nan;nan;nan;nan;nan;nan;nan;nan;nan;nan;nan;nan;nan;nan;nan;nan;nan;nan;nan;nan;nan;nan;nan;nan;nan;nan;nan;nan;nan;nan;nan;nan;nan;nan;nan;nan;nan;nan;nan;nan;nan;nan;nan;nan;nan;nan;nan;nan;nan;nan;nan;nan;nan;nan;nan;nan;nan;nan;nan;nan;nan;nan;nan;nan;nan;nan;nan;nan;nan;nan;nan;nan;nan;nan;nan;nan;nan;0.84874177;17.281267041552695;0.44772157498893966;0.4545632873724075;0.6589819002200838;0.3186491;0.0004481200638812557;0.9999;0.9998900025006251;0.9994665066186523;0.09190750122070312;0.84874177;17.281267041552695;0.44772157498893966;0.4545632873724075;0.6589819002200838;0.3186491;0.0004481200638812557;0.9999;0.9998900025006251;0.9994665066186523;0.0;0.0;0.0;0.0;0.0;0.0;0.0;0.0;0.0;0.0;0.09190750122070312;0.67558926;0.6545047986790452;0.7472349211030821;0.7166365622594659;0.5607135519790855;0.14626812934875488;6870.748;0.3698333502051414;0.8385193924199971;0.8570021745368188;0.8713688622744608;92.67976236343384;nan;nan;nan;nan;nan;nan;nan;nan;nan;nan;nan;nan;nan;nan;nan;nan;nan;nan;nan;nan;nan;nan;nan;nan;nan;nan;nan;nan;nan;nan;nan;nan;nan;nan;nan;nan;nan;nan;nan;nan;nan;nan;nan;nan;nan;nan;nan;nan;nan;nan;nan;nan;nan;nan;nan;nan;nan;nan;nan;nan;nan;nan;nan;nan;nan;nan;nan;nan;nan;nan;nan;nan;nan;nan;nan;nan;nan;nan;nan;nan;nan;nan;nan;nan;nan;nan;nan;nan;nan;nan;nan;nan;nan;nan;nan;nan;nan;nan;nan;nan;nan;nan;nan;nan;nan;nan;nan;nan;nan;nan;nan;nan;nan;nan;nan;nan;nan;nan;nan;nan;nan;nan;nan;nan;nan;nan;nan;nan;nan;nan;nan;nan;nan;nan;nan;nan;nan;nan;nan;nan;nan;nan;nan;nan;nan;nan;nan;nan;nan;nan;nan;nan;nan;nan;nan;nan;nan;nan;nan;nan;nan;nan;nan;nan;nan;nan;nan;nan;nan;nan;nan;nan;nan;nan;nan;nan;nan;nan;nan;nan;nan;nan;nan;nan;nan;nan;nan;nan;nan;nan;nan;nan;nan;nan;nan;nan;nan;nan;nan;nan;nan;nan;nan;nan;nan;nan;nan;nan;nan;nan;nan;nan;nan;nan;nan;nan;nan;nan;nan;nan;nan;nan;nan;nan;nan;nan;nan;nan;nan;nan;nan;nan;nan;nan;nan;nan;nan;nan;nan;nan;nan;nan;nan;nan;nan;nan;nan;nan;nan;nan;nan;nan;nan;nan;nan;nan;nan;nan;nan;nan;nan;nan;nan;nan;nan;nan;nan;nan;nan;nan;nan;nan;nan;nan;nan;nan;nan;nan;nan;nan;nan;nan;nan;nan;nan;nan;nan;nan;nan;nan;nan;nan;nan;nan;nan;nan;nan;nan;nan;nan;nan;nan;nan;nan;nan;nan;nan;nan;nan;nan;nan;nan;nan;nan;nan;nan;nan;nan;nan;nan;nan;nan;nan;nan;nan;nan;nan;nan;nan;nan;nan;nan;nan;nan;nan;nan;nan;nan;nan;nan;nan;nan;nan;nan;nan;nan;nan;nan;nan;nan;nan;nan;nan;nan;nan;nan;nan;nan;nan;nan;nan;nan;nan;nan;nan;nan;nan;nan;nan;nan;nan;nan;nan;nan;nan;nan;nan;nan;nan;nan;nan;nan;nan;nan;nan;nan;nan;nan;nan;nan;nan;nan;nan;nan;nan;nan;nan;nan;nan;nan;nan;nan;nan;nan;nan;nan;nan;nan;nan;nan;nan;nan;nan;nan;nan;nan;nan;nan;nan;nan;nan;nan;nan;nan;nan;nan;nan;nan;nan;nan;nan;nan;nan;nan;nan;nan;nan;nan;nan;nan;nan;nan;nan;nan;nan;nan;nan;nan;nan;nan;nan;nan;nan;nan;nan;nan;nan;nan;nan;nan;nan;nan;nan;nan;nan;nan;nan;nan;nan;nan;nan;nan;nan;nan;nan;nan;nan;nan;nan;nan;nan;nan;nan;nan;nan;nan;nan;nan;nan;nan;nan;nan;nan;nan;nan;nan;nan;nan;nan;nan;nan;nan;nan;nan;nan;nan;nan;nan;nan;nan;nan;nan;nan;nan;nan;nan;nan;nan;nan;nan;nan;nan;nan;nan;nan;nan;nan;nan;nan;nan;nan;nan;nan;nan;nan;nan;nan;nan;nan;nan;nan;nan;nan;nan;nan;nan;nan;nan;nan;nan;nan;nan;nan;nan;nan;nan;nan;nan;nan;nan;nan;nan;nan;nan;nan;nan;nan;nan;nan;nan;nan;nan;nan;nan;nan;nan;nan;nan;nan;nan;nan;nan;nan;nan;nan;nan;nan;nan;nan;nan;nan;nan;nan;nan;nan;nan;nan;nan;nan;nan;nan;nan;nan;nan;nan;nan;nan;nan;nan;nan;nan;nan;nan;nan;nan;nan;nan;nan;nan;nan;nan;nan;nan;nan;nan;nan;nan;nan;nan;nan;nan;nan;nan;nan;nan;nan;nan;nan;nan;nan;nan;nan;nan;nan;nan;nan;nan;nan;nan;nan;nan;nan;nan;nan;nan;nan;nan;nan;nan;nan;0.5158375;0.32752632042631297;0.8947057956053679;0.897039263087041;0.8928330213124396;0.53668934;0.3540844585777654;0.8744444444444445;0.8742148965581682;0.9013256190495822;0.027775049209594727;0.5158375;0.32752632042631297;0.8947057956053679;0.897039263087041;0.8928330213124396;0.53668934;0.3540844585777654;0.8744444444444445;0.8742148965581682;0.9013256190495822;0.0;0.0;0.0;0.0;0.0;0.0;0.0;0.0;0.0;0.0;0.027775049209594727;0.67558926;0.6545047986790452;0.7472349211030821;0.7166365622594659;0.5607135519790855;0.14626812934875488;6870.748;0.3698333502051414;0.8385193924199971;0.8570021745368188;0.8713688622744608;92.67976236343384;nan;nan;nan;nan;nan;nan;nan;nan;nan;nan;nan;nan;nan;nan;nan;nan;nan;nan;nan;nan;nan;nan;nan;nan;nan;nan;nan;nan;nan;nan;nan;nan;nan;nan;nan;nan;nan;nan;nan;nan;nan;nan;nan;nan;nan;nan;nan;nan;nan;nan;nan;nan;nan;nan;nan;nan;nan;nan;nan;nan;nan;nan;nan;nan;nan;nan;nan;nan;nan;nan;nan;nan;nan;nan;nan;nan;nan;nan;nan;nan;nan;nan;nan;nan;nan;nan;nan;nan;nan;nan;nan;nan;nan;nan;nan;nan;nan;nan;nan;nan;nan;nan;nan;nan;nan;nan;nan;nan;nan;nan;nan;nan;nan;nan;nan;nan;nan;nan;nan;nan;nan;nan;nan;nan;nan;nan;nan;nan;nan;nan;nan;nan;nan;nan;nan;nan;nan;nan;nan;nan;nan;nan;nan;nan;nan;nan;nan;nan;nan;nan;nan;nan;nan;nan;nan;nan;nan;nan;nan;nan;nan;nan;nan;nan;nan;nan;nan;nan;nan;nan;nan;nan;nan;nan;nan;nan;nan;nan;nan;nan;nan;nan;nan;nan;nan;nan;nan;nan;nan;nan;nan;nan;nan;nan;nan;nan;nan;nan;nan;nan;nan;nan;nan;nan;nan;nan;nan;nan;nan;nan;nan;nan;nan;nan;nan;nan;nan;nan;nan;nan;nan;nan;nan;nan;nan;nan;nan;nan;nan;nan;nan;nan;nan;nan;nan;nan;nan;nan;nan;nan;nan;nan;nan;nan;nan;nan;nan;nan;nan;nan;nan;nan;nan;nan;nan;nan;nan;nan;nan;nan;nan;nan;nan;nan;nan;nan;nan;nan;nan;nan;nan;nan;nan;nan;nan;nan;nan;nan;nan;nan;nan;nan;nan;nan;nan;nan;nan;nan;nan;nan;nan;nan;nan;nan;nan;nan;nan;nan;nan;nan;nan;nan;nan;nan;nan;nan;nan;nan;nan;nan;nan;nan;nan;nan;nan;nan;nan;nan;nan;nan;nan;nan;nan;nan;nan;nan;nan;nan;nan;nan;nan;nan;nan;nan;nan;nan;nan;nan;nan;nan;nan;nan;nan;nan;nan;nan;nan;nan;nan;nan;nan;nan;nan;nan;nan;nan;nan;nan;nan;nan;nan;nan;nan;nan;nan;nan;nan;nan;nan;nan;nan;nan;nan;nan;nan;nan;nan;nan;nan;nan;nan;nan;nan;nan;nan;nan;nan;nan;nan;nan;nan;nan;nan;nan;nan;nan;nan;nan;nan;nan;nan;nan;nan;nan;nan;nan;nan;nan;nan;nan;nan;nan;nan;nan;nan;nan;nan;nan;nan;nan;nan;nan;nan;nan;nan;nan;nan;nan;nan;nan;nan;nan;nan;nan;nan;nan;nan;nan;nan;nan;nan;nan;nan;nan;nan;nan;nan;nan;nan;nan;nan;nan;nan;nan;nan;nan;nan;nan;nan;nan;nan;nan;nan;nan;nan;nan;nan;nan;nan;nan;nan;nan;nan;nan;nan;nan;nan;nan;nan;nan;nan;nan;nan;nan;nan;nan;nan;nan;nan;nan;nan;nan;nan;nan;nan;nan;nan;nan;nan;nan;nan;nan;nan;nan;nan;nan;nan;nan;nan;nan;nan;nan;nan;nan;nan;nan;nan;nan;nan;nan;nan;nan;nan;nan;nan;nan;nan;nan;nan;nan;nan;nan;nan;nan;nan;nan;nan;nan;nan;nan;nan;nan;nan;nan;nan;nan;nan;nan;nan;nan;nan;nan;nan;nan;nan;nan;nan;nan;nan;nan;nan;nan;nan;nan;nan;nan;nan;nan;nan;nan;nan;nan;nan;nan;nan;nan;nan;nan;nan;nan;nan;nan;nan;nan;nan;nan;nan;nan;nan;nan;nan;nan;nan;nan;nan;nan;nan;nan;nan;nan;nan;nan;nan;nan;nan;nan;nan;nan;nan;nan;nan;nan;nan;nan;nan;nan;nan;nan;nan;nan;nan;nan;nan;nan;nan;nan;nan;nan;nan;nan;nan;nan;nan;nan;nan;nan;nan;nan;nan;nan;nan;nan;nan;nan;nan;nan;nan;nan;nan;nan;nan;nan;nan;nan;nan;nan;nan;nan;nan;nan;0.5323895;0.4369214527106078;0.8162512903701519;0.7605002579708242;0.6998407152597478;0.36783615;0.10991264017336683;0.9552;0.9569641911720668;0.9652255480240075;0.10074973106384277;0.5323895;0.4369214527106078;0.8162512903701519;0.7605002579708242;0.6998407152597478;0.36783615;0.10991264017336683;0.9552;0.9569641911720668;0.9652255480240075;0.0;0.0;0.0;0.0;0.0;0.0;0.0;0.0;0.0;0.0;0.10074973106384277;0.67558926;0.6545047986790452;0.7472349211030821;0.7166365622594659;0.5607135519790855;0.14626812934875488;6870.748;0.3698333502051414;0.8385193924199971;0.8570021745368188;0.8713688622744608;92.67976236343384;nan;nan;nan;nan;nan;nan;nan;nan;nan;nan;nan;nan;nan;nan;nan;nan;nan;nan;nan;nan;nan;nan;nan;nan;nan;nan;nan;nan;nan;nan;nan;nan;nan;nan;nan;nan;nan;nan;nan;nan;nan;nan;nan;nan;nan;nan;nan;nan;nan;nan;nan;nan;nan;nan;nan;nan;nan;nan;nan;nan;nan;nan;nan;nan;nan;nan;nan;nan;nan;nan;nan;nan;nan;nan;nan;nan;nan;nan;nan;nan;nan;nan;nan;nan;nan;nan;nan;nan;nan;nan;nan;nan;nan;nan;nan;nan;nan;nan;nan;nan;nan;nan;nan;nan;nan;nan;nan;nan;nan;nan;nan;nan;nan;nan;nan;nan;nan;nan;nan;nan;nan;nan;nan;nan;nan;nan;nan;nan;nan;nan;nan;nan;nan;nan;nan;nan;nan;nan;nan;nan;nan;nan;nan;nan;nan;nan;nan;nan;nan;nan;nan;nan;nan;nan;nan;nan;nan;nan;nan;nan;nan;nan;nan;nan;nan;nan;nan;nan;nan;nan;nan;nan;nan;nan;nan;nan;nan;nan;nan;nan;nan;nan;nan;nan;nan;nan;nan;nan;nan;nan;nan;nan;nan;nan;nan;nan;nan;nan;nan;nan;nan;nan;nan;nan;nan;nan;nan;nan;nan;nan;nan;nan;nan;nan;nan;nan;nan;nan;nan;nan;nan;nan;nan;nan;nan;nan;nan;nan;nan;nan;nan;nan;nan;nan;nan;nan;nan;nan;nan;nan;nan;nan;nan;nan;nan;nan;nan;nan;nan;nan;nan;nan;nan;nan;nan;nan;nan;nan;nan;nan;nan;nan;nan;nan;nan;nan;nan;nan;nan;nan;nan;nan;nan;nan;nan;nan;nan;nan;nan;nan;nan;nan;nan;nan;nan;nan;nan;nan;nan;nan;nan;nan;nan;nan;nan;nan;nan;nan;nan;nan;nan;nan;nan;nan;nan;nan;nan;nan;nan;nan;nan;nan;nan;nan;nan;nan;nan;nan;nan;nan;nan;nan;nan;nan;nan;nan;nan;nan;nan;nan;nan;nan;nan;nan;nan;nan;nan;nan;nan;nan;nan;nan;nan;nan;nan;nan;nan;nan;nan;nan;nan;nan;nan;nan;nan;nan;nan;nan;nan;nan;nan;nan;nan;nan;nan;nan;nan;nan;nan;nan;nan;nan;nan;nan;nan;nan;nan;nan;nan;nan;nan;nan;nan;nan;nan;nan;nan;nan;nan;nan;nan;nan;nan;nan;nan;nan;nan;nan;nan;nan;nan;nan;nan;nan;nan;nan;nan;nan;nan;nan;nan;nan;nan;nan;nan;nan;nan;nan;nan;nan;nan;nan;nan;nan;nan;nan;nan;nan;nan;nan;nan;nan;nan;nan;nan;nan;nan;nan;nan;nan;nan;nan;nan;nan;nan;nan;nan;nan;nan;nan;nan;nan;nan;nan;nan;nan;nan;nan;nan;nan;nan;nan;nan;nan;nan;nan;nan;nan;nan;nan;nan;nan;nan;nan;nan;nan;nan;nan;nan;nan;nan;nan;nan;nan;nan;nan;nan;nan;nan;nan;nan;nan;nan;nan;nan;nan;nan;nan;nan;nan;nan;nan;nan;nan;nan;nan;nan;nan;nan;nan;nan;nan;nan;nan;nan;nan;nan;nan;nan;nan;nan;nan;nan;nan;nan;nan;nan;nan;nan;nan;nan;nan;nan;nan;nan;nan;nan;nan;nan;nan;nan;nan;nan;nan;nan;nan;nan;nan;nan;nan;nan;nan;nan;nan;nan;nan;nan;nan;nan;nan;nan;nan;nan;nan;nan;nan;nan;nan;nan;nan;nan;nan;nan;nan;nan;nan;nan;nan;nan;nan;nan;nan;nan;nan;nan;nan;nan;nan;nan;nan;nan;nan;nan;nan;nan;nan;nan;nan;nan;nan;nan;nan;nan;nan;nan;nan;nan;nan;nan;nan;nan;nan;nan;nan;nan;nan;nan;nan;nan;nan;nan;nan;nan;nan;nan;nan;nan;nan;nan;nan;nan;nan;nan;nan;nan;nan;nan;nan;nan;nan;nan;nan;nan;nan;nan;nan;nan;nan;nan;nan;nan;nan;nan;nan;nan;nan;nan;nan;nan;nan;0.6590576;0.6189676846227772;0.8262793098363074;0.7795173349952342;0.5471108534477666;0.3695814;0.11426389712323046;0.9525;0.9546560846522111;0.9575857929303894;0.10372805595397949;0.6590576;0.6189676846227772;0.8262793098363074;0.7795173349952342;0.5471108534477666;0.3695814;0.11426389712323046;0.9525;0.9546560846522111;0.9575857929303894;0.0;0.0;0.0;0.0;0.0;0.0;0.0;0.0;0.0;0.0;0.10372805595397949;0.67558926;0.6545047986790452;0.7472349211030821;0.7166365622594659;0.5607135519790855;0.14626812934875488;6870.748;0.3698333502051414;0.8385193924199971;0.8570021745368188;0.8713688622744608;92.67976236343384;nan;nan;nan;nan;nan;nan;nan;nan;nan;nan;nan;nan;nan;nan;nan;nan;nan;nan;nan;nan;nan;nan;nan;nan;nan;nan;nan;nan;nan;nan;nan;nan;nan;nan;nan;nan;nan;nan;nan;nan;nan;nan;nan;nan;nan;nan;nan;nan;nan;nan;nan;nan;nan;nan;nan;nan;nan;nan;nan;nan;nan;nan;nan;nan;nan;nan;nan;nan;nan;nan;nan;nan;nan;nan;nan;nan;nan;nan;nan;nan;nan;nan;nan;nan;nan;nan;nan;nan;nan;nan;nan;nan;nan;nan;nan;nan;nan;nan;nan;nan;nan;nan;nan;nan;nan;nan;nan;nan;nan;nan;nan;nan;nan;nan;nan;nan;nan;nan;nan;nan;nan;nan;nan;nan;nan;nan;nan;nan;nan;nan;nan;nan;nan;nan;nan;nan;nan;nan;nan;nan;nan;nan;nan;nan;nan;nan;nan;nan;nan;nan;nan;nan;nan;nan;nan;nan;nan;nan;nan;nan;nan;nan;nan;nan;nan;nan;nan;nan;nan;nan;nan;nan;nan;nan;nan;nan;nan;nan;nan;nan;nan;nan;nan;nan;nan;nan;nan;nan;nan;nan;nan;nan;nan;nan;nan;nan;nan;nan;nan;nan;nan;nan;nan;nan;nan;nan;nan;nan;nan;nan;nan;nan;nan;nan;nan;nan;nan;nan;nan;nan;nan;nan;nan;nan;nan;nan;nan;nan;nan;nan;nan;nan;nan;nan;nan;nan;nan;nan;nan;nan;nan;nan;nan;nan;nan;nan;nan;nan;nan;nan;nan;nan;nan;nan;nan;nan;nan;nan;nan;nan;nan;nan;nan;nan;nan;nan;nan;nan;nan;nan;nan;nan;nan;nan;nan;nan;nan;nan;nan;nan;nan;nan;nan;nan;nan;nan;nan;nan;nan;nan;nan;nan;nan;nan;nan;nan;nan;nan;nan;nan;nan;nan;nan;nan;nan;nan;nan;nan;nan;nan;nan;nan;nan;nan;nan;nan;nan;nan;nan;nan;nan;nan;nan;nan;nan;nan;nan;nan;nan;nan;nan;nan;nan;nan;nan;nan;nan;nan;nan;nan;nan;nan;nan;nan;nan;nan;nan;nan;nan;nan;nan;nan;nan;nan;nan;nan;nan;nan;nan;nan;nan;nan;nan;nan;nan;nan;nan;nan;nan;nan;nan;nan;nan;nan;nan;nan;nan;nan;nan;nan;nan;nan;nan;nan;nan;nan;nan;nan;nan;nan;nan;nan;nan;nan;nan;nan;nan;nan;nan;nan;nan;nan;nan;nan;nan;nan;nan;nan;nan;nan;nan;nan;nan;nan;nan;nan;nan;nan;nan;nan;nan;nan;nan;nan;nan;nan;nan;nan;nan;nan;nan;nan;nan;nan;nan;nan;nan;nan;nan;nan;nan;nan;nan;nan;nan;nan;nan;nan;nan;nan;nan;nan;nan;nan;nan;nan;nan;nan;nan;nan;nan;nan;nan;nan;nan;nan;nan;nan;nan;nan;nan;nan;nan;nan;nan;nan;nan;nan;nan;nan;nan;nan;nan;nan;nan;nan;nan;nan;nan;nan;nan;nan;nan;nan;nan;nan;nan;nan;nan;nan;nan;nan;nan;nan;nan;nan;nan;nan;nan;nan;nan;nan;nan;nan;nan;nan;nan;nan;nan;nan;nan;nan;nan;nan;nan;nan;nan;nan;nan;nan;nan;nan;nan;nan;nan;nan;nan;nan;nan;nan;nan;nan;nan;nan;nan;nan;nan;nan;nan;nan;nan;nan;nan;nan;nan;nan;nan;nan;nan;nan;nan;nan;nan;nan;nan;nan;nan;nan;nan;nan;nan;nan;nan;nan;nan;nan;nan;nan;nan;nan;nan;nan;nan;nan;nan;nan;nan;nan;nan;nan;nan;nan;nan;nan;nan;nan;nan;nan;nan;nan;nan;nan;nan;nan;nan;nan;nan;nan;nan;nan;nan;nan;nan;nan;nan;nan;nan;nan;nan;nan;nan;nan;nan;nan;nan;nan;nan;nan;nan;nan;nan;nan;nan;nan;nan;nan;nan;nan;nan;nan;nan;nan;nan;nan;nan;nan;nan;nan;nan;nan;nan;nan;nan;nan;nan;nan;nan;nan;nan;nan;0.5379465;0.45612515212693266;0.8194956496092022;0.767016976551043;0.6959829556981693;0.3710464;0.11876806032521932;0.9546;0.9543850725134424;0.9574347546927522;0.0994257926940918;0.5379465;0.45612515212693266;0.8194956496092022;0.767016976551043;0.6959829556981693;0.3710464;0.11876806032521932;0.9546;0.9543850725134424;0.9574347546927522;0.0;0.0;0.0;0.0;0.0;0.0;0.0;0.0;0.0;0.0;0.0994257926940918;0.67558926;0.6545047986790452;0.7472349211030821;0.7166365622594659;0.5607135519790855;0.14626812934875488;6870.748;0.3698333502051414;0.8385193924199971;0.8570021745368188;0.8713688622744608;92.67976236343384;nan;nan;nan;nan;nan;nan;nan;nan;nan;nan;nan;nan;nan;nan;nan;nan;nan;nan;nan;nan;nan;nan;nan;nan;nan;nan;nan;nan;nan;nan;nan;nan;nan;nan;nan;nan;nan;nan;nan;nan;nan;nan;nan;nan;nan;nan;nan;nan;nan;nan;nan;nan;nan;nan;nan;nan;nan;nan;nan;nan;nan;nan;nan;nan;nan;nan;nan;nan;nan;nan;nan;nan;nan;nan;nan;nan;nan;nan;nan;nan;nan;nan;nan;nan;nan;nan;nan;nan;nan;nan;nan;nan;nan;nan;nan;nan;nan;nan;nan;nan;nan;nan;nan;nan;nan;nan;nan;nan;nan;nan;nan;nan;nan;nan;nan;nan;nan;nan;nan;nan;nan;nan;nan;nan;nan;nan;nan;nan;nan;nan;nan;nan;nan;nan;nan;nan;nan;nan;nan;nan;nan;nan;nan;nan;nan;nan;nan;nan;nan;nan;nan;nan;nan;nan;nan;nan;nan;nan;nan;nan;nan;nan;nan;nan;nan;nan;nan;nan;nan;nan;nan;nan;nan;nan;nan;nan;nan;nan;nan;nan;nan;nan;nan;nan;nan;nan;nan;nan;nan;nan;nan;nan;nan;nan;nan;nan;nan;nan;nan;nan;nan;nan;nan;nan;nan;nan;nan;nan;nan;nan;nan;nan;nan;nan;nan;nan;nan;nan;nan;nan;nan;nan;nan;nan;nan;nan;nan;nan;nan;nan;nan;nan;nan;nan;nan;nan;nan;nan;nan;nan;nan;nan;nan;nan;nan;nan;nan;nan;nan;nan;nan;nan;nan;nan;nan;nan;nan;nan;nan;nan;nan;nan;nan;nan;nan;nan;nan;nan;nan;nan;nan;nan;nan;nan;nan;nan;nan;nan;nan;nan;nan;nan;nan;nan;nan;nan;nan;nan;nan;nan;nan;nan;nan;nan;nan;nan;nan;nan;nan;nan;nan;nan;nan;nan;nan;nan;nan;nan;nan;nan;nan;nan;nan;nan;nan;nan;nan;nan;nan;nan;nan;nan;nan;nan;nan;nan;nan;nan;nan;nan;nan;nan;nan;nan;nan;nan;nan;nan;nan;nan;nan;nan;nan;nan;nan;nan;nan;nan;nan;nan;nan;nan;nan;nan;nan;nan;nan;nan;nan;nan;nan;nan;nan;nan;nan;nan;nan;nan;nan;nan;nan;nan;nan;nan;nan;nan;nan;nan;nan;nan;nan;nan;nan;nan;nan;nan;nan;nan;nan;nan;nan;nan;nan;nan;nan;nan;nan;nan;nan;nan;nan;nan;nan;nan;nan;nan;nan;nan;nan;nan;nan;nan;nan;nan;nan;nan;nan;nan;nan;nan;nan;nan;nan;nan;nan;nan;nan;nan;nan;nan;nan;nan;nan;nan;nan;nan;nan;nan;nan;nan;nan;nan;nan;nan;nan;nan;nan;nan;nan;nan;nan;nan;nan;nan;nan;nan;nan;nan;nan;nan;nan;nan;nan;nan;nan;nan;nan;nan;nan;nan;nan;nan;nan;nan;nan;nan;nan;nan;nan;nan;nan;nan;nan;nan;nan;nan;nan;nan;nan;nan;nan;nan;nan;nan;nan;nan;nan;nan;nan;nan;nan;nan;nan;nan;nan;nan;nan;nan;nan;nan;nan;nan;nan;nan;nan;nan;nan;nan;nan;nan;nan;nan;nan;nan;nan;nan;nan;nan;nan;nan;nan;nan;nan;nan;nan;nan;nan;nan;nan;nan;nan;nan;nan;nan;nan;nan;nan;nan;nan;nan;nan;nan;nan;nan;nan;nan;nan;nan;nan;nan;nan;nan;nan;nan;nan;nan;nan;nan;nan;nan;nan;nan;nan;nan;nan;nan;nan;nan;nan;nan;nan;nan;nan;nan;nan;nan;nan;nan;nan;nan;nan;nan;nan;nan;nan;nan;nan;nan;nan;nan;nan;nan;nan;nan;nan;nan;nan;nan;nan;nan;nan;nan;nan;nan;nan;nan;nan;nan;nan;nan;nan;nan;nan;nan;nan;nan;nan;nan;nan;nan;nan;nan;nan;nan;nan;nan;nan;nan;nan;nan;nan;nan;nan;nan;nan;nan;nan;nan;nan;nan;nan;nan;nan;nan;nan;nan;nan;nan;nan;nan;0.5357012;0.3844849726266841;0.8433859312785725;0.8114990255690976;0.7948958903124574;0.3707443;0.11824569378149806;0.9492;0.9502935335775335;0.9562328801127069;0.10048604011535645;0.5357012;0.3844849726266841;0.8433859312785725;0.8114990255690976;0.7948958903124574;0.3707443;0.11824569378149806;0.9492;0.9502935335775335;0.9562328801127069;0.0;0.0;0.0;0.0;0.0;0.0;0.0;0.0;0.0;0.0;0.10048604011535645;0.67558926;0.6545047986790452;0.7472349211030821;0.7166365622594659;0.5607135519790855;0.14626812934875488;6870.748;0.3698333502051414;0.8385193924199971;0.8570021745368188;0.8713688622744608;92.67976236343384;nan;nan;nan;nan;nan;nan;nan;nan;nan;nan;nan;nan;nan;nan;nan;nan;nan;nan;nan;nan;nan;nan;nan;nan;nan;nan;nan;nan;nan;nan;nan;nan;nan;nan;nan;nan;nan;nan;nan;nan;nan;nan;nan;nan;nan;nan;nan;nan;nan;nan;nan;nan;nan;nan;nan;nan;nan;nan;nan;nan;nan;nan;nan;nan;nan;nan;nan;nan;nan;nan;nan;nan;nan;nan;nan;nan;nan;nan;nan;nan;nan;nan;nan;nan;nan;nan;nan;nan;nan;nan;nan;nan;nan;nan;nan;nan;nan;nan;nan;nan;nan;nan;nan;nan;nan;nan;nan;nan;nan;nan;nan;nan;nan;nan;nan;nan;nan;nan;nan;nan;nan;nan;nan;nan;nan;nan;nan;nan;nan;nan;nan;nan;nan;nan;nan;nan;nan;nan;nan;nan;nan;nan;nan;nan;nan;nan;nan;nan;nan;nan;nan;nan;nan;nan;nan;nan;nan;nan;nan;nan;nan;nan;nan;nan;nan;nan;nan;nan;nan;nan;nan;nan;nan;nan;nan;nan;nan;nan;nan;nan;nan;nan;nan;nan;nan;nan;nan;nan;nan;nan;nan;nan;nan;nan;nan;nan;nan;nan;nan;nan;nan;nan;nan;nan;nan;nan;nan;nan;nan;nan;nan;nan;nan;nan;nan;nan;nan;nan;nan;nan;nan;nan;nan;nan;nan;nan;nan;nan;nan;nan;nan;nan;nan;nan;nan;nan;nan;nan;nan;nan;nan;nan;nan;nan;nan;nan;nan;nan;nan;nan;nan;nan;nan;nan;nan;nan;nan;nan;nan;nan;nan;nan;nan;nan;nan;nan;nan;nan;nan;nan;nan;nan;nan;nan;nan;nan;nan;nan;nan;nan;nan;nan;nan;nan;nan;nan;nan;nan;nan;nan;nan;nan;nan;nan;nan;nan;nan;nan;nan;nan;nan;nan;nan;nan;nan;nan;nan;nan;nan;nan;nan;nan;nan;nan;nan;nan;nan;nan;nan;nan;nan;nan;nan;nan;nan;nan;nan;nan;nan;nan;nan;nan;nan;nan;nan;nan;nan;nan;nan;nan;nan;nan;nan;nan;nan;nan;nan;nan;nan;nan;nan;nan;nan;nan;nan;nan;nan;nan;nan;nan;nan;nan;nan;nan;nan;nan;nan;nan;nan;nan;nan;nan;nan;nan;nan;nan;nan;nan;nan;nan;nan;nan;nan;nan;nan;nan;nan;nan;nan;nan;nan;nan;nan;nan;nan;nan;nan;nan;nan;nan;nan;nan;nan;nan;nan;nan;nan;nan;nan;nan;nan;nan;nan;nan;nan;nan;nan;nan;nan;nan;nan;nan;nan;nan;nan;nan;nan;nan;nan;nan;nan;nan;nan;nan;nan;nan;nan;nan;nan;nan;nan;nan;nan;nan;nan;nan;nan;nan;nan;nan;nan;nan;nan;nan;nan;nan;nan;nan;nan;nan;nan;nan;nan;nan;nan;nan;nan;nan;nan;nan;nan;nan;nan;nan;nan;nan;nan;nan;nan;nan;nan;nan;nan;nan;nan;nan;nan;nan;nan;nan;nan;nan;nan;nan;nan;nan;nan;nan;nan;nan;nan;nan;nan;nan;nan;nan;nan;nan;nan;nan;nan;nan;nan;nan;nan;nan;nan;nan;nan;nan;nan;nan;nan;nan;nan;nan;nan;nan;nan;nan;nan;nan;nan;nan;nan;nan;nan;nan;nan;nan;nan;nan;nan;nan;nan;nan;nan;nan;nan;nan;nan;nan;nan;nan;nan;nan;nan;nan;nan;nan;nan;nan;nan;nan;nan;nan;nan;nan;nan;nan;nan;nan;nan;nan;nan;nan;nan;nan;nan;nan;nan;nan;nan;nan;nan;nan;nan;nan;nan;nan;nan;nan;nan;nan;nan;nan;nan;nan;nan;nan;nan;nan;nan;nan;nan;nan;nan;nan;nan;nan;nan;nan;nan;nan;nan;nan;nan;nan;nan;nan;nan;nan;nan;nan;nan;nan;nan;nan;nan;nan;nan;nan;nan;nan;nan;nan;nan;nan;nan;nan;nan;nan;nan;nan;nan;nan;nan;nan;nan;nan;nan;nan;nan;nan;nan;nan;nan;nan;nan;nan;0.64857155;0.5962369233129198;0.8523816546232119;0.8263853489665528;0.6864000621473715;0.3724119;0.11423112800746303;0.9463;0.939497702045569;0.9690215510661034;0.10533642768859863;0.64857155;0.5962369233129198;0.8523816546232119;0.8263853489665528;0.6864000621473715;0.3724119;0.11423112800746303;0.9463;0.939497702045569;0.9690215510661034;0.0;0.0;0.0;0.0;0.0;0.0;0.0;0.0;0.0;0.0;0.10533642768859863;0.67558926;0.6545047986790452;0.7472349211030821;0.7166365622594659;0.5607135519790855;0.14626812934875488;6870.748;0.3698333502051414;0.8385193924199971;0.8570021745368188;0.8713688622744608;92.67976236343384;nan;nan;nan;nan;nan;nan;nan;nan;nan;nan;nan;nan;nan;nan;nan;nan;nan;nan;nan;nan;nan;nan;nan;nan;nan;nan;nan;nan;nan;nan;nan;nan;nan;nan;nan;nan;nan;nan;nan;nan;nan;nan;nan;nan;nan;nan;nan;nan;nan;nan;nan;nan;nan;nan;nan;nan;nan;nan;nan;nan;nan;nan;nan;nan;nan;nan;nan;nan;nan;nan;nan;nan;nan;nan;nan;nan;nan;nan;nan;nan;nan;nan;nan;nan;nan;nan;nan;nan;nan;nan;nan;nan;nan;nan;nan;nan;nan;nan;nan;nan;nan;nan;nan;nan;nan;nan;nan;nan;nan;nan;nan;nan;nan;nan;nan;nan;nan;nan;nan;nan;nan;nan;nan;nan;nan;nan;nan;nan;nan;nan;nan;nan;nan;nan;nan;nan;nan;nan;nan;nan;nan;nan;nan;nan;nan;nan;nan;nan;nan;nan;nan;nan;nan;nan;nan;nan;nan;nan;nan;nan;nan;nan;nan;nan;nan;nan;nan;nan;nan;nan;nan;nan;nan;nan;nan;nan;nan;nan;nan;nan;nan;nan;nan;nan;nan;nan;nan;nan;nan;nan;nan;nan;nan;nan;nan;nan;nan;nan;nan;nan;nan;nan;nan;nan;nan;nan;nan;nan;nan;nan;nan;nan;nan;nan;nan;nan;nan;nan;nan;nan;nan;nan;nan;nan;nan;nan;nan;nan;nan;nan;nan;nan;nan;nan;nan;nan;nan;nan;nan;nan;nan;nan;nan;nan;nan;nan;nan;nan;nan;nan;nan;nan;nan;nan;nan;nan;nan;nan;nan;nan;nan;nan;nan;nan;nan;nan;nan;nan;nan;nan;nan;nan;nan;nan;nan;nan;nan;nan;nan;nan;nan;nan;nan;nan;nan;nan;nan;nan;nan;nan;nan;nan;nan;nan;nan;nan;nan;nan;nan;nan;nan;nan;nan;nan;nan;nan;nan;nan;nan;nan;nan;nan;nan;nan;nan;nan;nan;nan;nan;nan;nan;nan;nan;nan;nan;nan;nan;nan;nan;nan;nan;nan;nan;nan;nan;nan;nan;nan;nan;nan;nan;nan;nan;nan;nan;nan;nan;nan;nan;nan;nan;nan;nan;nan;nan;nan;nan;nan;nan;nan;nan;nan;nan;nan;nan;nan;nan;nan;nan;nan;nan;nan;nan;nan;nan;nan;nan;nan;nan;nan;nan;nan;nan;nan;nan;nan;nan;nan;nan;nan;nan;nan;nan;nan;nan;nan;nan;nan;nan;nan;nan;nan;nan;nan;nan;nan;nan;nan;nan;nan;nan;nan;nan;nan;nan;nan;nan;nan;nan;nan;nan;nan;nan;nan;nan;nan;nan;nan;nan;nan;nan;nan;nan;nan;nan;nan;nan;nan;nan;nan;nan;nan;nan;nan;nan;nan;nan;nan;nan;nan;nan;nan;nan;nan;nan;nan;nan;nan;nan;nan;nan;nan;nan;nan;nan;nan;nan;nan;nan;nan;nan;nan;nan;nan;nan;nan;nan;nan;nan;nan;nan;nan;nan;nan;nan;nan;nan;nan;nan;nan;nan;nan;nan;nan;nan;nan;nan;nan;nan;nan;nan;nan;nan;nan;nan;nan;nan;nan;nan;nan;nan;nan;nan;nan;nan;nan;nan;nan;nan;nan;nan;nan;nan;nan;nan;nan;nan;nan;nan;nan;nan;nan;nan;nan;nan;nan;nan;nan;nan;nan;nan;nan;nan;nan;nan;nan;nan;nan;nan;nan;nan;nan;nan;nan;nan;nan;nan;nan;nan;nan;nan;nan;nan;nan;nan;nan;nan;nan;nan;nan;nan;nan;nan;nan;nan;nan;nan;nan;nan;nan;nan;nan;nan;nan;nan;nan;nan;nan;nan;nan;nan;nan;nan;nan;nan;nan;nan;nan;nan;nan;nan;nan;nan;nan;nan;nan;nan;nan;nan;nan;nan;nan;nan;nan;nan;nan;nan;nan;nan;nan;nan;nan;nan;nan;nan;nan;nan;nan;nan;nan;nan;nan;nan;nan;nan;nan;nan;nan;nan;nan;nan;nan;nan;nan;nan;nan;nan;nan;nan;nan;nan;nan;nan;nan;nan;nan;nan;nan;nan;nan;0.5269585;0.388908289905304;0.8419112225335497;0.8086381291771183;0.7852180422550766;0.367229;0.10766160178724067;0.9574;0.9571608671409058;0.960054496656821;0.10018682479858398;0.5269585;0.388908289905304;0.8419112225335497;0.8086381291771183;0.7852180422550766;0.367229;0.10766160178724067;0.9574;0.9571608671409058;0.960054496656821;0.0;0.0;0.0;0.0;0.0;0.0;0.0;0.0;0.0;0.0;0.10018682479858398;0.67558926;0.6545047986790452;0.7472349211030821;0.7166365622594659;0.5607135519790855;0.14626812934875488;6870.748;0.3698333502051414;0.8385193924199971;0.8570021745368188;0.8713688622744608;92.67976236343384;nan;nan;nan;nan;nan;nan;nan;nan;nan;nan;nan;nan;nan;nan;nan;nan;nan;nan;nan;nan;nan;nan;nan;nan;nan;nan;nan;nan;nan;nan;nan;nan;nan;nan;nan;nan;nan;nan;nan;nan;nan;nan;nan;nan;nan;nan;nan;nan;nan;nan;nan;nan;nan;nan;nan;nan;nan;nan;nan;nan;nan;nan;nan;nan;nan;nan;nan;nan;nan;nan;nan;nan;nan;nan;nan;nan;nan;nan;nan;nan;nan;nan;nan;nan;nan;nan;nan;nan;nan;nan;nan;nan;nan;nan;nan;nan;nan;nan;nan;nan;nan;nan;nan;nan;nan;nan;nan;nan;nan;nan;nan;nan;nan;nan;nan;nan;nan;nan;nan;nan;nan;nan;nan;nan;nan;nan;nan;nan;nan;nan;nan;nan;nan;nan;nan;nan;nan;nan;nan;nan;nan;nan;nan;nan;nan;nan;nan;nan;nan;nan;nan;nan;nan;nan;nan;nan;nan;nan;nan;nan;nan;nan;nan;nan;nan;nan;nan;nan;nan;nan;nan;nan;nan;nan;nan;nan;nan;nan;nan;nan;nan;nan;nan;nan;nan;nan;nan;nan;nan;nan;nan;nan;nan;nan;nan;nan;nan;nan;nan;nan;nan;nan;nan;nan;nan;nan;nan;nan;nan;nan;nan;nan;nan;nan;nan;nan;nan;nan;nan;nan;nan;nan;nan;nan;nan;nan;nan;nan;nan;nan;nan;nan;nan;nan;nan;nan;nan;nan;nan;nan;nan;nan;nan;nan;nan;nan;nan;nan;nan;nan;nan;nan;nan;nan;nan;nan;nan;nan;nan;nan;nan;nan;nan;nan;nan;nan;nan;nan;nan;nan;nan;nan;nan;nan;nan;nan;nan;nan;nan;nan;nan;nan;nan;nan;nan;nan;nan;nan;nan;nan;nan;nan;nan;nan;nan;nan;nan;nan;nan;nan;nan;nan;nan;nan;nan;nan;nan;nan;nan;nan;nan;nan;nan;nan;nan;nan;nan;nan;nan;nan;nan;nan;nan;nan;nan;nan;nan;nan;nan;nan;nan;nan;nan;nan;nan;nan;nan;nan;nan;nan;nan;nan;nan;nan;nan;nan;nan;nan;nan;nan;nan;nan;nan;nan;nan;nan;nan;nan;nan;nan;nan;nan;nan;nan;nan;nan;nan;nan;nan;nan;nan;nan;nan;nan;nan;nan;nan;nan;nan;nan;nan;nan;nan;nan;nan;nan;nan;nan;nan;nan;nan;nan;nan;nan;nan;nan;nan;nan;nan;nan;nan;nan;nan;nan;nan;nan;nan;nan;nan;nan;nan;nan;nan;nan;nan;nan;nan;nan;nan;nan;nan;nan;nan;nan;nan;nan;nan;nan;nan;nan;nan;nan;nan;nan;nan;nan;nan;nan;nan;nan;nan;nan;nan;nan;nan;nan;nan;nan;nan;nan;nan;nan;nan;nan;nan;nan;nan;nan;nan;nan;nan;nan;nan;nan;nan;nan;nan;nan;nan;nan;nan;nan;nan;nan;nan;nan;nan;nan;nan;nan;nan;nan;nan;nan;nan;nan;nan;nan;nan;nan;nan;nan;nan;nan;nan;nan;nan;nan;nan;nan;nan;nan;nan;nan;nan;nan;nan;nan;nan;nan;nan;nan;nan;nan;nan;nan;nan;nan;nan;nan;nan;nan;nan;nan;nan;nan;nan;nan;nan;nan;nan;nan;nan;nan;nan;nan;nan;nan;nan;nan;nan;nan;nan;nan;nan;nan;nan;nan;nan;nan;nan;nan;nan;nan;nan;nan;nan;nan;nan;nan;nan;nan;nan;nan;nan;nan;nan;nan;nan;nan;nan;nan;nan;nan;nan;nan;nan;nan;nan;nan;nan;nan;nan;nan;nan;nan;nan;nan;nan;nan;nan;nan;nan;nan;nan;nan;nan;nan;nan;nan;nan;nan;nan;nan;nan;nan;nan;nan;nan;nan;nan;nan;nan;nan;nan;nan;nan;nan;nan;nan;nan;nan;nan;nan;nan;nan;nan;nan;nan;nan;nan;nan;nan;nan;nan;nan;nan;nan;nan;nan;nan;nan;nan;nan;nan;nan;nan;nan;nan;nan;nan;nan;nan;nan;nan;nan;nan;nan;nan;nan;0.5276297;0.4560096344439964;0.8104999262645628;0.7485873686436529;0.7364457096485078;0.3686114;0.11349843775667477;0.9556;0.9569295805426363;0.9534305159569575;0.10589146614074707;0.5276297;0.4560096344439964;0.8104999262645628;0.7485873686436529;0.7364457096485078;0.3686114;0.11349843775667477;0.9556;0.9569295805426363;0.9534305159569575;0.0;0.0;0.0;0.0;0.0;0.0;0.0;0.0;0.0;0.0;0.10589146614074707;0.67558926;0.6545047986790452;0.7472349211030821;0.7166365622594659;0.5607135519790855;0.14626812934875488;6870.748;0.3698333502051414;0.8385193924199971;0.8570021745368188;0.8713688622744608;92.67976236343384;nan;nan;nan;nan;nan;nan;nan;nan;nan;nan;nan;nan;nan;nan;nan;nan;nan;nan;nan;nan;nan;nan;nan;nan;nan;nan;nan;nan;nan;nan;nan;nan;nan;nan;nan;nan;nan;nan;nan;nan;nan;nan;nan;nan;nan;nan;nan;nan;nan;nan;nan;nan;nan;nan;nan;nan;nan;nan;nan;nan;nan;nan;nan;nan;nan;nan;nan;nan;nan;nan;nan;nan;nan;nan;nan;nan;nan;nan;nan;nan;nan;nan;nan;nan;nan;nan;nan;nan;nan;nan;nan;nan;nan;nan;nan;nan;nan;nan;nan;nan;nan;nan;nan;nan;nan;nan;nan;nan;nan;nan;nan;nan;nan;nan;nan;nan;nan;nan;nan;nan;nan;nan;nan;nan;nan;nan;nan;nan;nan;nan;nan;nan;nan;nan;nan;nan;nan;nan;nan;nan;nan;nan;nan;nan;nan;nan;nan;nan;nan;nan;nan;nan;nan;nan;nan;nan;nan;nan;nan;nan;nan;nan;nan;nan;nan;nan;nan;nan;nan;nan;nan;nan;nan;nan;nan;nan;nan;nan;nan;nan;nan;nan;nan;nan;nan;nan;nan;nan;nan;nan;nan;nan;nan;nan;nan;nan;nan;nan;nan;nan;nan;nan;nan;nan;nan;nan;nan;nan;nan;nan;nan;nan;nan;nan;nan;nan;nan;nan;nan;nan;nan;nan;nan;nan;nan;nan;nan;nan;nan;nan;nan;nan;nan;nan;nan;nan;nan;nan;nan;nan;nan;nan;nan;nan;nan;nan;nan;nan;nan;nan;nan;nan;nan;nan;nan;nan;nan;nan;nan;nan;nan;nan;nan;nan;nan;nan;nan;nan;nan;nan;nan;nan;nan;nan;nan;nan;nan;nan;nan;nan;nan;nan;nan;nan;nan;nan;nan;nan;nan;nan;nan;nan;nan;nan;nan;nan;nan;nan;nan;nan;nan;nan;nan;nan;nan;nan;nan;nan;nan;nan;nan;nan;nan;nan;nan;nan;nan;nan;nan;nan;nan;nan;nan;nan;nan;nan;nan;nan;nan;nan;nan;nan;nan;nan;nan;nan;nan;nan;nan;nan;nan;nan;nan;nan;nan;nan;nan;nan;nan;nan;nan;nan;nan;nan;nan;nan;nan;nan;nan;nan;nan;nan;nan;nan;nan;nan;nan;nan;nan;nan;nan;nan;nan;nan;nan;nan;nan;nan;nan;nan;nan;nan;nan;nan;nan;nan;nan;nan;nan;nan;nan;nan;nan;nan;nan;nan;nan;nan;nan;nan;nan;nan;nan;nan;nan;nan;nan;nan;nan;nan;nan;nan;nan;nan;nan;nan;nan;nan;nan;nan;nan;nan;nan;nan;nan;nan;nan;nan;nan;nan;nan;nan;nan;nan;nan;nan;nan;nan;nan;nan;nan;nan;nan;nan;nan;nan;nan;nan;nan;nan;nan;nan;nan;nan;nan;nan;nan;nan;nan;nan;nan;nan;nan;nan;nan;nan;nan;nan;nan;nan;nan;nan;nan;nan;nan;nan;nan;nan;nan;nan;nan;nan;nan;nan;nan;nan;nan;nan;nan;nan;nan;nan;nan;nan;nan;nan;nan;nan;nan;nan;nan;nan;nan;nan;nan;nan;nan;nan;nan;nan;nan;nan;nan;nan;nan;nan;nan;nan;nan;nan;nan;nan;nan;nan;nan;nan;nan;nan;nan;nan;nan;nan;nan;nan;nan;nan;nan;nan;nan;nan;nan;nan;nan;nan;nan;nan;nan;nan;nan;nan;nan;nan;nan;nan;nan;nan;nan;nan;nan;nan;nan;nan;nan;nan;nan;nan;nan;nan;nan;nan;nan;nan;nan;nan;nan;nan;nan;nan;nan;nan;nan;nan;nan;nan;nan;nan;nan;nan;nan;nan;nan;nan;nan;nan;nan;nan;nan;nan;nan;nan;nan;nan;nan;nan;nan;nan;nan;nan;nan;nan;nan;nan;nan;nan;nan;nan;nan;nan;nan;nan;nan;nan;nan;nan;nan;nan;nan;nan;nan;nan;nan;nan;nan;nan;nan;nan;nan;nan;nan;nan;nan;nan;nan;nan;nan;nan;nan;nan;nan;nan;nan;nan;nan;nan;nan;nan;nan;nan;nan;nan;0.53172153;0.38286384555556063;0.8153664651231382;0.7586628391204805;0.8039668384707637;0.37002975;0.11245305982555474;0.9531;0.9525770810982285;0.9632098776788416;0.10559678077697754;0.53172153;0.38286384555556063;0.8153664651231382;0.7586628391204805;0.8039668384707637;0.37002975;0.11245305982555474;0.9531;0.9525770810982285;0.9632098776788416;0.0;0.0;0.0;0.0;0.0;0.0;0.0;0.0;0.0;0.0;0.10559678077697754;0.67558926;0.6545047986790452;0.7472349211030821;0.7166365622594659;0.5607135519790855;0.14626812934875488;6870.748;0.3698333502051414;0.8385193924199971;0.8570021745368188;0.8713688622744608;92.67976236343384;nan;nan;nan;nan;nan;nan;nan;nan;nan;nan;nan;nan;nan;nan;nan;nan;nan;nan;nan;nan;nan;nan;nan;nan;nan;nan;nan;nan;nan;nan;nan;nan;nan;nan;nan;nan;nan;nan;nan;nan;nan;nan;nan;nan;nan;nan;nan;nan;nan;nan;nan;nan;nan;nan;nan;nan;nan;nan;nan;nan;nan;nan;nan;nan;nan;nan;nan;nan;nan;nan;nan;nan;nan;nan;nan;nan;nan;nan;nan;nan;nan;nan;nan;nan;nan;nan;nan;nan;nan;nan;nan;nan;nan;nan;nan;nan;nan;nan;nan;nan;nan;nan;nan;nan;nan;nan;nan;nan;nan;nan;nan;nan;nan;nan;nan;nan;nan;nan;nan;nan;nan;nan;nan;nan;nan;nan;nan;nan;nan;nan;nan;nan;nan;nan;nan;nan;nan;nan;nan;nan;nan;nan;nan;nan;nan;nan;nan;nan;nan;nan;nan;nan;nan;nan;nan;nan;nan;nan;nan;nan;nan;nan;nan;nan;nan;nan;nan;nan;nan;nan;nan;nan;nan;nan;nan;nan;nan;nan;nan;nan;nan;nan;nan;nan;nan;nan;nan;nan;nan;nan;nan;nan;nan;nan;nan;nan;nan;nan;nan;nan;nan;nan;nan;nan;nan;nan;nan;nan;nan;nan;nan;nan;nan;nan;nan;nan;nan;nan;nan;nan;nan;nan;nan;nan;nan;nan;nan;nan;nan;nan;nan;nan;nan;nan;nan;nan;nan;nan;nan;nan;nan;nan;nan;nan;nan;nan;nan;nan;nan;nan;nan;nan;nan;nan;nan;nan;nan;nan;nan;nan;nan;nan;nan;nan;nan;nan;nan;nan;nan;nan;nan;nan;nan;nan;nan;nan;nan;nan;nan;nan;nan;nan;nan;nan;nan;nan;nan;nan;nan;nan;nan;nan;nan;nan;nan;nan;nan;nan;nan;nan;nan;nan;nan;nan;nan;nan;nan;nan;nan;nan;nan;nan;nan;nan;nan;nan;nan;nan;nan;nan;nan;nan;nan;nan;nan;nan;nan;nan;nan;nan;nan;nan;nan;nan;nan;nan;nan;nan;nan;nan;nan;nan;nan;nan;nan;nan;nan;nan;nan;nan;nan;nan;nan;nan;nan;nan;nan;nan;nan;nan;nan;nan;nan;nan;nan;nan;nan;nan;nan;nan;nan;nan;nan;nan;nan;nan;nan;nan;nan;nan;nan;nan;nan;nan;nan;nan;nan;nan;nan;nan;nan;nan;nan;nan;nan;nan;nan;nan;nan;nan;nan;nan;nan;nan;nan;nan;nan;nan;nan;nan;nan;nan;nan;nan;nan;nan;nan;nan;nan;nan;nan;nan;nan;nan;nan;nan;nan;nan;nan;nan;nan;nan;nan;nan;nan;nan;nan;nan;nan;nan;nan;nan;nan;nan;nan;nan;nan;nan;nan;nan;nan;nan;nan;nan;nan;nan;nan;nan;nan;nan;nan;nan;nan;nan;nan;nan;nan;nan;nan;nan;nan;nan;nan;nan;nan;nan;nan;nan;nan;nan;nan;nan;nan;nan;nan;nan;nan;nan;nan;nan;nan;nan;nan;nan;nan;nan;nan;nan;nan;nan;nan;nan;nan;nan;nan;nan;nan;nan;nan;nan;nan;nan;nan;nan;nan;nan;nan;nan;nan;nan;nan;nan;nan;nan;nan;nan;nan;nan;nan;nan;nan;nan;nan;nan;nan;nan;nan;nan;nan;nan;nan;nan;nan;nan;nan;nan;nan;nan;nan;nan;nan;nan;nan;nan;nan;nan;nan;nan;nan;nan;nan;nan;nan;nan;nan;nan;nan;nan;nan;nan;nan;nan;nan;nan;nan;nan;nan;nan;nan;nan;nan;nan;nan;nan;nan;nan;nan;nan;nan;nan;nan;nan;nan;nan;nan;nan;nan;nan;nan;nan;nan;nan;nan;nan;nan;nan;nan;nan;nan;nan;nan;nan;nan;nan;nan;nan;nan;nan;nan;nan;nan;nan;nan;nan;nan;nan;nan;nan;nan;nan;nan;nan;nan;nan;nan;nan;nan;nan;nan;nan;nan;nan;nan;nan;nan;nan;nan;nan;nan;nan;nan;nan;nan;nan;nan;nan;nan;nan;nan;nan;0.52520365;0.3718510171742603;0.8609349653443444;0.8402691885288469;0.814211717090784;0.3725316;0.11981597671813309;0.9473;0.9431546861309454;0.9612606862389578;0.10011029243469238;0.52520365;0.3718510171742603;0.8609349653443444;0.8402691885288469;0.814211717090784;0.3725316;0.11981597671813309;0.9473;0.9431546861309454;0.9612606862389578;0.0;0.0;0.0;0.0;0.0;0.0;0.0;0.0;0.0;0.0;0.10011029243469238;0.67558926;0.6545047986790452;0.7472349211030821;0.7166365622594659;0.5607135519790855;0.14626812934875488;6870.748;0.3698333502051414;0.8385193924199971;0.8570021745368188;0.8713688622744608;92.67976236343384;nan;nan;nan;nan;nan;nan;nan;nan;nan;nan;nan;nan;nan;nan;nan;nan;nan;nan;nan;nan;nan;nan;nan;nan;nan;nan;nan;nan;nan;nan;nan;nan;nan;nan;nan;nan;nan;nan;nan;nan;nan;nan;nan;nan;nan;nan;nan;nan;nan;nan;nan;nan;nan;nan;nan;nan;nan;nan;nan;nan;nan;nan;nan;nan;nan;nan;nan;nan;nan;nan;nan;nan;nan;nan;nan;nan;nan;nan;nan;nan;nan;nan;nan;nan;nan;nan;nan;nan;nan;nan;nan;nan;nan;nan;nan;nan;nan;nan;nan;nan;nan;nan;nan;nan;nan;nan;nan;nan;nan;nan;nan;nan;nan;nan;nan;nan;nan;nan;nan;nan;nan;nan;nan;nan;nan;nan;nan;nan;nan;nan;nan;nan;nan;nan;nan;nan;nan;nan;nan;nan;nan;nan;nan;nan;nan;nan;nan;nan;nan;nan;nan;nan;nan;nan;nan;nan;nan;nan;nan;nan;nan;nan;nan;nan;nan;nan;nan;nan;nan;nan;nan;nan;nan;nan;nan;nan;nan;nan;nan;nan;nan;nan;nan;nan;nan;nan;nan;nan;nan;nan;nan;nan;nan;nan;nan;nan;nan;nan;nan;nan;nan;nan;nan;nan;nan;nan;nan;nan;nan;nan;nan;nan;nan;nan;nan;nan;nan;nan;nan;nan;nan;nan;nan;nan;nan;nan;nan;nan;nan;nan;nan;nan;nan;nan;nan;nan;nan;nan;nan;nan;nan;nan;nan;nan;nan;nan;nan;nan;nan;nan;nan;nan;nan;nan;nan;nan;nan;nan;nan;nan;nan;nan;nan;nan;nan;nan;nan;nan;nan;nan;nan;nan;nan;nan;nan;nan;nan;nan;nan;nan;nan;nan;nan;nan;nan;nan;nan;nan;nan;nan;nan;nan;nan;nan;nan;nan;nan;nan;nan;nan;nan;nan;nan;nan;nan;nan;nan;nan;nan;nan;nan;nan;nan;nan;nan;nan;nan;nan;nan;nan;nan;nan;nan;nan;nan;nan;nan;nan;nan;nan;nan;nan;nan;nan;nan;nan;nan;nan;nan;nan;nan;nan;nan;nan;nan;nan;nan;nan;nan;nan;nan;nan;nan;nan;nan;nan;nan;nan;nan;nan;nan;nan;nan;nan;nan;nan;nan;nan;nan;nan;nan;nan;nan;nan;nan;nan;nan;nan;nan;nan;nan;nan;nan;nan;nan;nan;nan;nan;nan;nan;nan;nan;nan;nan;nan;nan;nan;nan;nan;nan;nan;nan;nan;nan;nan;nan;nan;nan;nan;nan;nan;nan;nan;nan;nan;nan;nan;nan;nan;nan;nan;nan;nan;nan;nan;nan;nan;nan;nan;nan;nan;nan;nan;nan;nan;nan;nan;nan;nan;nan;nan;nan;nan;nan;nan;nan;nan;nan;nan;nan;nan;nan;nan;nan;nan;nan;nan;nan;nan;nan;nan;nan;nan;nan;nan;nan;nan;nan;nan;nan;nan;nan;nan;nan;nan;nan;nan;nan;nan;nan;nan;nan;nan;nan;nan;nan;nan;nan;nan;nan;nan;nan;nan;nan;nan;nan;nan;nan;nan;nan;nan;nan;nan;nan;nan;nan;nan;nan;nan;nan;nan;nan;nan;nan;nan;nan;nan;nan;nan;nan;nan;nan;nan;nan;nan;nan;nan;nan;nan;nan;nan;nan;nan;nan;nan;nan;nan;nan;nan;nan;nan;nan;nan;nan;nan;nan;nan;nan;nan;nan;nan;nan;nan;nan;nan;nan;nan;nan;nan;nan;nan;nan;nan;nan;nan;nan;nan;nan;nan;nan;nan;nan;nan;nan;nan;nan;nan;nan;nan;nan;nan;nan;nan;nan;nan;nan;nan;nan;nan;nan;nan;nan;nan;nan;nan;nan;nan;nan;nan;nan;nan;nan;nan;nan;nan;nan;nan;nan;nan;nan;nan;nan;nan;nan;nan;nan;nan;nan;nan;nan;nan;nan;nan;nan;nan;nan;nan;nan;nan;nan;nan;nan;nan;nan;nan;nan;nan;nan;nan;nan;nan;nan;nan;nan;nan;nan;nan;nan;nan;nan;nan;nan;nan;nan;nan;nan;nan;nan;nan;nan;0.5269784;0.3951611951985253;0.813744285503613;0.7555818914149588;0.7839350328841773;0.37038985;0.1151990613082281;0.9474;0.9446252523257994;0.9601579182586466;0.1061089038848877;0.5269784;0.3951611951985253;0.813744285503613;0.7555818914149588;0.7839350328841773;0.37038985;0.1151990613082281;0.9474;0.9446252523257994;0.9601579182586466;0.0;0.0;0.0;0.0;0.0;0.0;0.0;0.0;0.0;0.0;0.1061089038848877;0.67558926;0.6545047986790452;0.7472349211030821;0.7166365622594659;0.5607135519790855;0.14626812934875488;6870.748;0.3698333502051414;0.8385193924199971;0.8570021745368188;0.8713688622744608;92.67976236343384;nan;nan;nan;nan;nan;nan;nan;nan;nan;nan;nan;nan;nan;nan;nan;nan;nan;nan;nan;nan;nan;nan;nan;nan;nan;nan;nan;nan;nan;nan;nan;nan;nan;nan;nan;nan;nan;nan;nan;nan;nan;nan;nan;nan;nan;nan;nan;nan;nan;nan;nan;nan;nan;nan;nan;nan;nan;nan;nan;nan;nan;nan;nan;nan;nan;nan;nan;nan;nan;nan;nan;nan;nan;nan;nan;nan;nan;nan;nan;nan;nan;nan;nan;nan;nan;nan;nan;nan;nan;nan;nan;nan;nan;nan;nan;nan;nan;nan;nan;nan;nan;nan;nan;nan;nan;nan;nan;nan;nan;nan;nan;nan;nan;nan;nan;nan;nan;nan;nan;nan;nan;nan;nan;nan;nan;nan;nan;nan;nan;nan;nan;nan;nan;nan;nan;nan;nan;nan;nan;nan;nan;nan;nan;nan;nan;nan;nan;nan;nan;nan;nan;nan;nan;nan;nan;nan;nan;nan;nan;nan;nan;nan;nan;nan;nan;nan;nan;nan;nan;nan;nan;nan;nan;nan;nan;nan;nan;nan;nan;nan;nan;nan;nan;nan;nan;nan;nan;nan;nan;nan;nan;nan;nan;nan;nan;nan;nan;nan;nan;nan;nan;nan;nan;nan;nan;nan;nan;nan;nan;nan;nan;nan;nan;nan;nan;nan;nan;nan;nan;nan;nan;nan;nan;nan;nan;nan;nan;nan;nan;nan;nan;nan;nan;nan;nan;nan;nan;nan;nan;nan;nan;nan;nan;nan;nan;nan;nan;nan;nan;nan;nan;nan;nan;nan;nan;nan;nan;nan;nan;nan;nan;nan;nan;nan;nan;nan;nan;nan;nan;nan;nan;nan;nan;nan;nan;nan;nan;nan;nan;nan;nan;nan;nan;nan;nan;nan;nan;nan;nan;nan;nan;nan;nan;nan;nan;nan;nan;nan;nan;nan;nan;nan;nan;nan;nan;nan;nan;nan;nan;nan;nan;nan;nan;nan;nan;nan;nan;nan;nan;nan;nan;nan;nan;nan;nan;nan;nan;nan;nan;nan;nan;nan;nan;nan;nan;nan;nan;nan;nan;nan;nan;nan;nan;nan;nan;nan;nan;nan;nan;nan;nan;nan;nan;nan;nan;nan;nan;nan;nan;nan;nan;nan;nan;nan;nan;nan;nan;nan;nan;nan;nan;nan;nan;nan;nan;nan;nan;nan;nan;nan;nan;nan;nan;nan;nan;nan;nan;nan;nan;nan;nan;nan;nan;nan;nan;nan;nan;nan;nan;nan;nan;nan;nan;nan;nan;nan;nan;nan;nan;nan;nan;nan;nan;nan;nan;nan;nan;nan;nan;nan;nan;nan;nan;nan;nan;nan;nan;nan;nan;nan;nan;nan;nan;nan;nan;nan;nan;nan;nan;nan;nan;nan;nan;nan;nan;nan;nan;nan;nan;nan;nan;nan;nan;nan;nan;nan;nan;nan;nan;nan;nan;nan;nan;nan;nan;nan;nan;nan;nan;nan;nan;nan;nan;nan;nan;nan;nan;nan;nan;nan;nan;nan;nan;nan;nan;nan;nan;nan;nan;nan;nan;nan;nan;nan;nan;nan;nan;nan;nan;nan;nan;nan;nan;nan;nan;nan;nan;nan;nan;nan;nan;nan;nan;nan;nan;nan;nan;nan;nan;nan;nan;nan;nan;nan;nan;nan;nan;nan;nan;nan;nan;nan;nan;nan;nan;nan;nan;nan;nan;nan;nan;nan;nan;nan;nan;nan;nan;nan;nan;nan;nan;nan;nan;nan;nan;nan;nan;nan;nan;nan;nan;nan;nan;nan;nan;nan;nan;nan;nan;nan;nan;nan;nan;nan;nan;nan;nan;nan;nan;nan;nan;nan;nan;nan;nan;nan;nan;nan;nan;nan;nan;nan;nan;nan;nan;nan;nan;nan;nan;nan;nan;nan;nan;nan;nan;nan;nan;nan;nan;nan;nan;nan;nan;nan;nan;nan;nan;nan;nan;nan;nan;nan;nan;nan;nan;nan;nan;nan;nan;nan;nan;nan;nan;nan;nan;nan;nan;nan;nan;nan;nan;nan;nan;nan;nan;nan;nan;nan;nan;nan;nan;nan;nan;nan;nan;nan;nan;nan;nan;nan;0.7947867;16.258641086845465;0.5292729685887038;0.570283471082359;0.5509350354522505;0.31385025;9.992007221626413e-16;1.0;1.0;1.0;0.07276463508605957;0.7947867;16.258641086845465;0.5292729685887038;0.570283471082359;0.5509350354522505;0.31385025;9.992007221626413e-16;1.0;1.0;1.0;0.0;0.0;0.0;0.0;0.0;0.0;0.0;0.0;0.0;0.0;0.07276463508605957;0.67558926;0.6545047986790452;0.7472349211030821;0.7166365622594659;0.5607135519790855;0.14626812934875488;6870.748;0.3698333502051414;0.8385193924199971;0.8570021745368188;0.8713688622744608;92.67976236343384;nan;nan;nan;nan;nan;nan;nan;nan;nan;nan;nan;nan;nan;nan;nan;nan;nan;nan;nan;nan;nan;nan;nan;nan;nan;nan;nan;nan;nan;nan;nan;nan;nan;nan;nan;nan;nan;nan;nan;nan;nan;nan;nan;nan;nan;nan;nan;nan;nan;nan;nan;nan;nan;nan;nan;nan;nan;nan;nan;nan;nan;nan;nan;nan;nan;nan;nan;nan;nan;nan;nan;nan;nan;nan;nan;nan;nan;nan;nan;nan;nan;nan;nan;nan;nan;nan;nan;nan;nan;nan;nan;nan;nan;nan;nan;nan;nan;nan;nan;nan;nan;nan;nan;nan;nan;nan;nan;nan;nan;nan;nan;nan;nan;nan;nan;nan;nan;nan;nan;nan;nan;nan;nan;nan;nan;nan;nan;nan;nan;nan;nan;nan;nan;nan;nan;nan;nan;nan;nan;nan;nan;nan;nan;nan;nan;nan;nan;nan;nan;nan;nan;nan;nan;nan;nan;nan;nan;nan;nan;nan;nan;nan;nan;nan;nan;nan;nan;nan;nan;nan;nan;nan;nan;nan;nan;nan;nan;nan;nan;nan;nan;nan;nan;nan;nan;nan;nan;nan;nan;nan;nan;nan;nan;nan;nan;nan;nan;nan;nan;nan;nan;nan;nan;nan;nan;nan;nan;nan;nan;nan;nan;nan;nan;nan;nan;nan;nan;nan;nan;nan;nan;nan;nan;nan;nan;nan;nan;nan;nan;nan;nan;nan;nan;nan;nan;nan;nan;nan;nan;nan;nan;nan;nan;nan;nan;nan;nan;nan;nan;nan;nan;nan;nan;nan;nan;nan;nan;nan;nan;nan;nan;nan;nan;nan;nan;nan;nan;nan;nan;nan;nan;nan;nan;nan;nan;nan;nan;nan;nan;nan;nan;nan;nan;nan;nan;nan;nan;nan;nan;nan;nan;nan;nan;nan;nan;nan;nan;nan;nan;nan;nan;nan;nan;nan;nan;nan;nan;nan;nan;nan;nan;nan;nan;nan;nan;nan;nan;nan;nan;nan;nan;nan;nan;nan;nan;nan;nan;nan;nan;nan;nan;nan;nan;nan;nan;nan;nan;nan;nan;nan;nan;nan;nan;nan;nan;nan;nan;nan;nan;nan;nan;nan;nan;nan;nan;nan;nan;nan;nan;nan;nan;nan;nan;nan;nan;nan;nan;nan;nan;nan;nan;nan;nan;nan;nan;nan;nan;nan;nan;nan;nan;nan;nan;nan;nan;nan;nan;nan;nan;nan;nan;nan;nan;nan;nan;nan;nan;nan;nan;nan;nan;nan;nan;nan;nan;nan;nan;nan;nan;nan;nan;nan;nan;nan;nan;nan;nan;nan;nan;nan;nan;nan;nan;nan;nan;nan;nan;nan;nan;nan;nan;nan;nan;nan;nan;nan;nan;nan;nan;nan;nan;nan;nan;nan;nan;nan;nan;nan;nan;nan;nan;nan;nan;nan;nan;nan;nan;nan;nan;nan;nan;nan;nan;nan;nan;nan;nan;nan;nan;nan;nan;nan;nan;nan;nan;nan;nan;nan;nan;nan;nan;nan;nan;nan;nan;nan;nan;nan;nan;nan;nan;nan;nan;nan;nan;nan;nan;nan;nan;nan;nan;nan;nan;nan;nan;nan;nan;nan;nan;nan;nan;nan;nan;nan;nan;nan;nan;nan;nan;nan;nan;nan;nan;nan;nan;nan;nan;nan;nan;nan;nan;nan;nan;nan;nan;nan;nan;nan;nan;nan;nan;nan;nan;nan;nan;nan;nan;nan;nan;nan;nan;nan;nan;nan;nan;nan;nan;nan;nan;nan;nan;nan;nan;nan;nan;nan;nan;nan;nan;nan;nan;nan;nan;nan;nan;nan;nan;nan;nan;nan;nan;nan;nan;nan;nan;nan;nan;nan;nan;nan;nan;nan;nan;nan;nan;nan;nan;nan;nan;nan;nan;nan;nan;nan;nan;nan;nan;nan;nan;nan;nan;nan;nan;nan;nan;nan;nan;nan;nan;nan;nan;nan;nan;nan;nan;nan;nan;nan;nan;nan;nan;nan;nan;nan;nan;nan;nan;nan;nan;nan;nan;nan;nan;nan;nan;nan;nan;nan;nan;nan;nan;nan;nan;nan;nan;nan;nan;nan;nan;nan;0.50883573;4.640185983907544;0.8656540333284176;0.8615419124970751;0.774376728634273;0.3133034;9.992007221626413e-16;1.0;1.0;1.0;0.03830885887145996;0.50883573;4.640185983907544;0.8656540333284176;0.8615419124970751;0.774376728634273;0.3133034;9.992007221626413e-16;1.0;1.0;1.0;0.0;0.0;0.0;0.0;0.0;0.0;0.0;0.0;0.0;0.0;0.03830885887145996;0.67558926;0.6545047986790452;0.7472349211030821;0.7166365622594659;0.5607135519790855;0.14626812934875488;6870.748;0.3698333502051414;0.8385193924199971;0.8570021745368188;0.8713688622744608;92.67976236343384;nan;nan;nan;nan;nan;nan;nan;nan;nan;nan;nan;nan;nan;nan;nan;nan;nan;nan;nan;nan;nan;nan;nan;nan;nan;nan;nan;nan;nan;nan;nan;nan;nan;nan;nan;nan;nan;nan;nan;nan;nan;nan;nan;nan;nan;nan;nan;nan;nan;nan;nan;nan;nan;nan;nan;nan;nan;nan;nan;nan;nan;nan;nan;nan;nan;nan;nan;nan;nan;nan;nan;nan;nan;nan;nan;nan;nan;nan;nan;nan;nan;nan;nan;nan;nan;nan;nan;nan;nan;nan;nan;nan;nan;nan;nan;nan;nan;nan;nan;nan;nan;nan;nan;nan;nan;nan;nan;nan;nan;nan;nan;nan;nan;nan;nan;nan;nan;nan;nan;nan;nan;nan;nan;nan;nan;nan;nan;nan;nan;nan;nan;nan;nan;nan;nan;nan;nan;nan;nan;nan;nan;nan;nan;nan;nan;nan;nan;nan;nan;nan;nan;nan;nan;nan;nan;nan;nan;nan;nan;nan;nan;nan;nan;nan;nan;nan;nan;nan;nan;nan;nan;nan;nan;nan;nan;nan;nan;nan;nan;nan;nan;nan;nan;nan;nan;nan;nan;nan;nan;nan;nan;nan;nan;nan;nan;nan;nan;nan;nan;nan;nan;nan;nan;nan;nan;nan;nan;nan;nan;nan;nan;nan;nan;nan;nan;nan;nan;nan;nan;nan;nan;nan;nan;nan;nan;nan;nan;nan;nan;nan;nan;nan;nan;nan;nan;nan;nan;nan;nan;nan;nan;nan;nan;nan;nan;nan;nan;nan;nan;nan;nan;nan;nan;nan;nan;nan;nan;nan;nan;nan;nan;nan;nan;nan;nan;nan;nan;nan;nan;nan;nan;nan;nan;nan;nan;nan;nan;nan;nan;nan;nan;nan;nan;nan;nan;nan;nan;nan;nan;nan;nan;nan;nan;nan;nan;nan;nan;nan;nan;nan;nan;nan;nan;nan;nan;nan;nan;nan;nan;nan;nan;nan;nan;nan;nan;nan;nan;nan;nan;nan;nan;nan;nan;nan;nan;nan;nan;nan;nan;nan;nan;nan;nan;nan;nan;nan;nan;nan;nan;nan;nan;nan;nan;nan;nan;nan;nan;nan;nan;nan;nan;nan;nan;nan;nan;nan;nan;nan;nan;nan;nan;nan;nan;nan;nan;nan;nan;nan;nan;nan;nan;nan;nan;nan;nan;nan;nan;nan;nan;nan;nan;nan;nan;nan;nan;nan;nan;nan;nan;nan;nan;nan;nan;nan;nan;nan;nan;nan;nan;nan;nan;nan;nan;nan;nan;nan;nan;nan;nan;nan;nan;nan;nan;nan;nan;nan;nan;nan;nan;nan;nan;nan;nan;nan;nan;nan;nan;nan;nan;nan;nan;nan;nan;nan;nan;nan;nan;nan;nan;nan;nan;nan;nan;nan;nan;nan;nan;nan;nan;nan;nan;nan;nan;nan;nan;nan;nan;nan;nan;nan;nan;nan;nan;nan;nan;nan;nan;nan;nan;nan;nan;nan;nan;nan;nan;nan;nan;nan;nan;nan;nan;nan;nan;nan;nan;nan;nan;nan;nan;nan;nan;nan;nan;nan;nan;nan;nan;nan;nan;nan;nan;nan;nan;nan;nan;nan;nan;nan;nan;nan;nan;nan;nan;nan;nan;nan;nan;nan;nan;nan;nan;nan;nan;nan;nan;nan;nan;nan;nan;nan;nan;nan;nan;nan;nan;nan;nan;nan;nan;nan;nan;nan;nan;nan;nan;nan;nan;nan;nan;nan;nan;nan;nan;nan;nan;nan;nan;nan;nan;nan;nan;nan;nan;nan;nan;nan;nan;nan;nan;nan;nan;nan;nan;nan;nan;nan;nan;nan;nan;nan;nan;nan;nan;nan;nan;nan;nan;nan;nan;nan;nan;nan;nan;nan;nan;nan;nan;nan;nan;nan;nan;nan;nan;nan;nan;nan;nan;nan;nan;nan;nan;nan;nan;nan;nan;nan;nan;nan;nan;nan;nan;nan;nan;nan;nan;nan;nan;nan;nan;nan;nan;nan;nan;nan;nan;nan;nan;nan;nan;nan;nan;nan;nan;nan;nan;nan;nan;nan;nan;nan;nan;nan;nan;nan;nan;nan;nan;nan;nan;nan;0.5792299;7.986696842477294;0.7687656687804159;0.7853225488901937;0.770931080619522;0.31348515;9.992007221626413e-16;1.0;1.0;1.0;0.07447195053100586;0.5792299;7.986696842477294;0.7687656687804159;0.7853225488901937;0.770931080619522;0.31348515;9.992007221626413e-16;1.0;1.0;1.0;0.0;0.0;0.0;0.0;0.0;0.0;0.0;0.0;0.0;0.0;0.07447195053100586;0.67558926;0.6545047986790452;0.7472349211030821;0.7166365622594659;0.5607135519790855;0.14626812934875488;6870.748;0.3698333502051414;0.8385193924199971;0.8570021745368188;0.8713688622744608;92.67976236343384;nan;nan;nan;nan;nan;nan;nan;nan;nan;nan;nan;nan;nan;nan;nan;nan;nan;nan;nan;nan;nan;nan;nan;nan;nan;nan;nan;nan;nan;nan;nan;nan;nan;nan;nan;nan;nan;nan;nan;nan;nan;nan;nan;nan;nan;nan;nan;nan;nan;nan;nan;nan;nan;nan;nan;nan;nan;nan;nan;nan;nan;nan;nan;nan;nan;nan;nan;nan;nan;nan;nan;nan;nan;nan;nan;nan;nan;nan;nan;nan;nan;nan;nan;nan;nan;nan;nan;nan;nan;nan;nan;nan;nan;nan;nan;nan;nan;nan;nan;nan;nan;nan;nan;nan;nan;nan;nan;nan;nan;nan;nan;nan;nan;nan;nan;nan;nan;nan;nan;nan;nan;nan;nan;nan;nan;nan;nan;nan;nan;nan;nan;nan;nan;nan;nan;nan;nan;nan;nan;nan;nan;nan;nan;nan;nan;nan;nan;nan;nan;nan;nan;nan;nan;nan;nan;nan;nan;nan;nan;nan;nan;nan;nan;nan;nan;nan;nan;nan;nan;nan;nan;nan;nan;nan;nan;nan;nan;nan;nan;nan;nan;nan;nan;nan;nan;nan;nan;nan;nan;nan;nan;nan;nan;nan;nan;nan;nan;nan;nan;nan;nan;nan;nan;nan;nan;nan;nan;nan;nan;nan;nan;nan;nan;nan;nan;nan;nan;nan;nan;nan;nan;nan;nan;nan;nan;nan;nan;nan;nan;nan;nan;nan;nan;nan;nan;nan;nan;nan;nan;nan;nan;nan;nan;nan;nan;nan;nan;nan;nan;nan;nan;nan;nan;nan;nan;nan;nan;nan;nan;nan;nan;nan;nan;nan;nan;nan;nan;nan;nan;nan;nan;nan;nan;nan;nan;nan;nan;nan;nan;nan;nan;nan;nan;nan;nan;nan;nan;nan;nan;nan;nan;nan;nan;nan;nan;nan;nan;nan;nan;nan;nan;nan;nan;nan;nan;nan;nan;nan;nan;nan;nan;nan;nan;nan;nan;nan;nan;nan;nan;nan;nan;nan;nan;nan;nan;nan;nan;nan;nan;nan;nan;nan;nan;nan;nan;nan;nan;nan;nan;nan;nan;nan;nan;nan;nan;nan;nan;nan;nan;nan;nan;nan;nan;nan;nan;nan;nan;nan;nan;nan;nan;nan;nan;nan;nan;nan;nan;nan;nan;nan;nan;nan;nan;nan;nan;nan;nan;nan;nan;nan;nan;nan;nan;nan;nan;nan;nan;nan;nan;nan;nan;nan;nan;nan;nan;nan;nan;nan;nan;nan;nan;nan;nan;nan;nan;nan;nan;nan;nan;nan;nan;nan;nan;nan;nan;nan;nan;nan;nan;nan;nan;nan;nan;nan;nan;nan;nan;nan;nan;nan;nan;nan;nan;nan;nan;nan;nan;nan;nan;nan;nan;nan;nan;nan;nan;nan;nan;nan;nan;nan;nan;nan;nan;nan;nan;nan;nan;nan;nan;nan;nan;nan;nan;nan;nan;nan;nan;nan;nan;nan;nan;nan;nan;nan;nan;nan;nan;nan;nan;nan;nan;nan;nan;nan;nan;nan;nan;nan;nan;nan;nan;nan;nan;nan;nan;nan;nan;nan;nan;nan;nan;nan;nan;nan;nan;nan;nan;nan;nan;nan;nan;nan;nan;nan;nan;nan;nan;nan;nan;nan;nan;nan;nan;nan;nan;nan;nan;nan;nan;nan;nan;nan;nan;nan;nan;nan;nan;nan;nan;nan;nan;nan;nan;nan;nan;nan;nan;nan;nan;nan;nan;nan;nan;nan;nan;nan;nan;nan;nan;nan;nan;nan;nan;nan;nan;nan;nan;nan;nan;nan;nan;nan;nan;nan;nan;nan;nan;nan;nan;nan;nan;nan;nan;nan;nan;nan;nan;nan;nan;nan;nan;nan;nan;nan;nan;nan;nan;nan;nan;nan;nan;nan;nan;nan;nan;nan;nan;nan;nan;nan;nan;nan;nan;nan;nan;nan;nan;nan;nan;nan;nan;nan;nan;nan;nan;nan;nan;nan;nan;nan;nan;nan;nan;nan;nan;nan;nan;nan;nan;nan;nan;nan;nan;nan;nan;nan;nan;nan;nan;nan;nan;nan;nan;nan;nan;nan;nan;nan;nan;nan;0.6027838;8.959586587499462;0.7405987317504793;0.7627145768559725;0.7858495314550447;0.31353486;9.992007221626413e-16;1.0;1.0;1.0;0.035032033920288086;0.6027838;8.959586587499462;0.7405987317504793;0.7627145768559725;0.7858495314550447;0.31353486;9.992007221626413e-16;1.0;1.0;1.0;0.0;0.0;0.0;0.0;0.0;0.0;0.0;0.0;0.0;0.0;0.035032033920288086;0.67558926;0.6545047986790452;0.7472349211030821;0.7166365622594659;0.5607135519790855;0.14626812934875488;6870.748;0.3698333502051414;0.8385193924199971;0.8570021745368188;0.8713688622744608;92.67976236343384;nan;nan;nan;nan;nan;nan;nan;nan;nan;nan;nan;nan;nan;nan;nan;nan;nan;nan;nan;nan;nan;nan;nan;nan;nan;nan;nan;nan;nan;nan;nan;nan;nan;nan;nan;nan;nan;nan;nan;nan;nan;nan;nan;nan;nan;nan;nan;nan;nan;nan;nan;nan;nan;nan;nan;nan;nan;nan;nan;nan;nan;nan;nan;nan;nan;nan;nan;nan;nan;nan;nan;nan;nan;nan;nan;nan;nan;nan;nan;nan;nan;nan;nan;nan;nan;nan;nan;nan;nan;nan;nan;nan;nan;nan;nan;nan;nan;nan;nan;nan;nan;nan;nan;nan;nan;nan;nan;nan;nan;nan;nan;nan;nan;nan;nan;nan;nan;nan;nan;nan;nan;nan;nan;nan;nan;nan;nan;nan;nan;nan;nan;nan;nan;nan;nan;nan;nan;nan;nan;nan;nan;nan;nan;nan;nan;nan;nan;nan;nan;nan;nan;nan;nan;nan;nan;nan;nan;nan;nan;nan;nan;nan;nan;nan;nan;nan;nan;nan;nan;nan;nan;nan;nan;nan;nan;nan;nan;nan;nan;nan;nan;nan;nan;nan;nan;nan;nan;nan;nan;nan;nan;nan;nan;nan;nan;nan;nan;nan;nan;nan;nan;nan;nan;nan;nan;nan;nan;nan;nan;nan;nan;nan;nan;nan;nan;nan;nan;nan;nan;nan;nan;nan;nan;nan;nan;nan;nan;nan;nan;nan;nan;nan;nan;nan;nan;nan;nan;nan;nan;nan;nan;nan;nan;nan;nan;nan;nan;nan;nan;nan;nan;nan;nan;nan;nan;nan;nan;nan;nan;nan;nan;nan;nan;nan;nan;nan;nan;nan;nan;nan;nan;nan;nan;nan;nan;nan;nan;nan;nan;nan;nan;nan;nan;nan;nan;nan;nan;nan;nan;nan;nan;nan;nan;nan;nan;nan;nan;nan;nan;nan;nan;nan;nan;nan;nan;nan;nan;nan;nan;nan;nan;nan;nan;nan;nan;nan;nan;nan;nan;nan;nan;nan;nan;nan;nan;nan;nan;nan;nan;nan;nan;nan;nan;nan;nan;nan;nan;nan;nan;nan;nan;nan;nan;nan;nan;nan;nan;nan;nan;nan;nan;nan;nan;nan;nan;nan;nan;nan;nan;nan;nan;nan;nan;nan;nan;nan;nan;nan;nan;nan;nan;nan;nan;nan;nan;nan;nan;nan;nan;nan;nan;nan;nan;nan;nan;nan;nan;nan;nan;nan;nan;nan;nan;nan;nan;nan;nan;nan;nan;nan;nan;nan;nan;nan;nan;nan;nan;nan;nan;nan;nan;nan;nan;nan;nan;nan;nan;nan;nan;nan;nan;nan;nan;nan;nan;nan;nan;nan;nan;nan;nan;nan;nan;nan;nan;nan;nan;nan;nan;nan;nan;nan;nan;nan;nan;nan;nan;nan;nan;nan;nan;nan;nan;nan;nan;nan;nan;nan;nan;nan;nan;nan;nan;nan;nan;nan;nan;nan;nan;nan;nan;nan;nan;nan;nan;nan;nan;nan;nan;nan;nan;nan;nan;nan;nan;nan;nan;nan;nan;nan;nan;nan;nan;nan;nan;nan;nan;nan;nan;nan;nan;nan;nan;nan;nan;nan;nan;nan;nan;nan;nan;nan;nan;nan;nan;nan;nan;nan;nan;nan;nan;nan;nan;nan;nan;nan;nan;nan;nan;nan;nan;nan;nan;nan;nan;nan;nan;nan;nan;nan;nan;nan;nan;nan;nan;nan;nan;nan;nan;nan;nan;nan;nan;nan;nan;nan;nan;nan;nan;nan;nan;nan;nan;nan;nan;nan;nan;nan;nan;nan;nan;nan;nan;nan;nan;nan;nan;nan;nan;nan;nan;nan;nan;nan;nan;nan;nan;nan;nan;nan;nan;nan;nan;nan;nan;nan;nan;nan;nan;nan;nan;nan;nan;nan;nan;nan;nan;nan;nan;nan;nan;nan;nan;nan;nan;nan;nan;nan;nan;nan;nan;nan;nan;nan;nan;nan;nan;nan;nan;nan;nan;nan;nan;nan;nan;nan;nan;nan;nan;nan;nan;nan;nan;nan;nan;nan;nan;nan;nan;nan;nan;nan;nan;nan;nan;nan;nan;nan;nan;nan;0.5914418;8.501161070843912;0.753871110455685;0.774103421726654;0.7876390290628844;0.313446;9.992007221626413e-16;1.0;1.0;1.0;0.036356449127197266;0.5914418;8.501161070843912;0.753871110455685;0.774103421726654;0.7876390290628844;0.313446;9.992007221626413e-16;1.0;1.0;1.0;0.0;0.0;0.0;0.0;0.0;0.0;0.0;0.0;0.0;0.0;0.036356449127197266;0.67558926;0.6545047986790452;0.7472349211030821;0.7166365622594659;0.5607135519790855;0.14626812934875488;6870.748;0.3698333502051414;0.8385193924199971;0.8570021745368188;0.8713688622744608;92.67976236343384;nan;nan;nan;nan;nan;nan;nan;nan;nan;nan;nan;nan;nan;nan;nan;nan;nan;nan;nan;nan;nan;nan;nan;nan;nan;nan;nan;nan;nan;nan;nan;nan;nan;nan;nan;nan;nan;nan;nan;nan;nan;nan;nan;nan;nan;nan;nan;nan;nan;nan;nan;nan;nan;nan;nan;nan;nan;nan;nan;nan;nan;nan;nan;nan;nan;nan;nan;nan;nan;nan;nan;nan;nan;nan;nan;nan;nan;nan;nan;nan;nan;nan;nan;nan;nan;nan;nan;nan;nan;nan;nan;nan;nan;nan;nan;nan;nan;nan;nan;nan;nan;nan;nan;nan;nan;nan;nan;nan;nan;nan;nan;nan;nan;nan;nan;nan;nan;nan;nan;nan;nan;nan;nan;nan;nan;nan;nan;nan;nan;nan;nan;nan;nan;nan;nan;nan;nan;nan;nan;nan;nan;nan;nan;nan;nan;nan;nan;nan;nan;nan;nan;nan;nan;nan;nan;nan;nan;nan;nan;nan;nan;nan;nan;nan;nan;nan;nan;nan;nan;nan;nan;nan;nan;nan;nan;nan;nan;nan;nan;nan;nan;nan;nan;nan;nan;nan;nan;nan;nan;nan;nan;nan;nan;nan;nan;nan;nan;nan;nan;nan;nan;nan;nan;nan;nan;nan;nan;nan;nan;nan;nan;nan;nan;nan;nan;nan;nan;nan;nan;nan;nan;nan;nan;nan;nan;nan;nan;nan;nan;nan;nan;nan;nan;nan;nan;nan;nan;nan;nan;nan;nan;nan;nan;nan;nan;nan;nan;nan;nan;nan;nan;nan;nan;nan;nan;nan;nan;nan;nan;nan;nan;nan;nan;nan;nan;nan;nan;nan;nan;nan;nan;nan;nan;nan;nan;nan;nan;nan;nan;nan;nan;nan;nan;nan;nan;nan;nan;nan;nan;nan;nan;nan;nan;nan;nan;nan;nan;nan;nan;nan;nan;nan;nan;nan;nan;nan;nan;nan;nan;nan;nan;nan;nan;nan;nan;nan;nan;nan;nan;nan;nan;nan;nan;nan;nan;nan;nan;nan;nan;nan;nan;nan;nan;nan;nan;nan;nan;nan;nan;nan;nan;nan;nan;nan;nan;nan;nan;nan;nan;nan;nan;nan;nan;nan;nan;nan;nan;nan;nan;nan;nan;nan;nan;nan;nan;nan;nan;nan;nan;nan;nan;nan;nan;nan;nan;nan;nan;nan;nan;nan;nan;nan;nan;nan;nan;nan;nan;nan;nan;nan;nan;nan;nan;nan;nan;nan;nan;nan;nan;nan;nan;nan;nan;nan;nan;nan;nan;nan;nan;nan;nan;nan;nan;nan;nan;nan;nan;nan;nan;nan;nan;nan;nan;nan;nan;nan;nan;nan;nan;nan;nan;nan;nan;nan;nan;nan;nan;nan;nan;nan;nan;nan;nan;nan;nan;nan;nan;nan;nan;nan;nan;nan;nan;nan;nan;nan;nan;nan;nan;nan;nan;nan;nan;nan;nan;nan;nan;nan;nan;nan;nan;nan;nan;nan;nan;nan;nan;nan;nan;nan;nan;nan;nan;nan;nan;nan;nan;nan;nan;nan;nan;nan;nan;nan;nan;nan;nan;nan;nan;nan;nan;nan;nan;nan;nan;nan;nan;nan;nan;nan;nan;nan;nan;nan;nan;nan;nan;nan;nan;nan;nan;nan;nan;nan;nan;nan;nan;nan;nan;nan;nan;nan;nan;nan;nan;nan;nan;nan;nan;nan;nan;nan;nan;nan;nan;nan;nan;nan;nan;nan;nan;nan;nan;nan;nan;nan;nan;nan;nan;nan;nan;nan;nan;nan;nan;nan;nan;nan;nan;nan;nan;nan;nan;nan;nan;nan;nan;nan;nan;nan;nan;nan;nan;nan;nan;nan;nan;nan;nan;nan;nan;nan;nan;nan;nan;nan;nan;nan;nan;nan;nan;nan;nan;nan;nan;nan;nan;nan;nan;nan;nan;nan;nan;nan;nan;nan;nan;nan;nan;nan;nan;nan;nan;nan;nan;nan;nan;nan;nan;nan;nan;nan;nan;nan;nan;nan;nan;nan;nan;nan;nan;nan;nan;nan;nan;nan;nan;nan;nan;nan;nan;nan;nan;nan;nan;nan;nan;nan;nan;nan;1.0491449;26.491695798471106;0.23300398171361156;0.15173227758263147;0.46581849629041827;0.3135861;9.992007221626413e-16;1.0;1.0;1.0;0.0692756175994873;1.0491449;26.491695798471106;0.23300398171361156;0.15173227758263147;0.46581849629041827;0.3135861;9.992007221626413e-16;1.0;1.0;1.0;0.0;0.0;0.0;0.0;0.0;0.0;0.0;0.0;0.0;0.0;0.0692756175994873;0.67558926;0.6545047986790452;0.7472349211030821;0.7166365622594659;0.5607135519790855;0.14626812934875488;6870.748;0.3698333502051414;0.8385193924199971;0.8570021745368188;0.8713688622744608;92.67976236343384;nan;nan;nan;nan;nan;nan;nan;nan;nan;nan;nan;nan;nan;nan;nan;nan;nan;nan;nan;nan;nan;nan;nan;nan;nan;nan;nan;nan;nan;nan;nan;nan;nan;nan;nan;nan;nan;nan;nan;nan;nan;nan;nan;nan;nan;nan;nan;nan;nan;nan;nan;nan;nan;nan;nan;nan;nan;nan;nan;nan;nan;nan;nan;nan;nan;nan;nan;nan;nan;nan;nan;nan;nan;nan;nan;nan;nan;nan;nan;nan;nan;nan;nan;nan;nan;nan;nan;nan;nan;nan;nan;nan;nan;nan;nan;nan;nan;nan;nan;nan;nan;nan;nan;nan;nan;nan;nan;nan;nan;nan;nan;nan;nan;nan;nan;nan;nan;nan;nan;nan;nan;nan;nan;nan;nan;nan;nan;nan;nan;nan;nan;nan;nan;nan;nan;nan;nan;nan;nan;nan;nan;nan;nan;nan;nan;nan;nan;nan;nan;nan;nan;nan;nan;nan;nan;nan;nan;nan;nan;nan;nan;nan;nan;nan;nan;nan;nan;nan;nan;nan;nan;nan;nan;nan;nan;nan;nan;nan;nan;nan;nan;nan;nan;nan;nan;nan;nan;nan;nan;nan;nan;nan;nan;nan;nan;nan;nan;nan;nan;nan;nan;nan;nan;nan;nan;nan;nan;nan;nan;nan;nan;nan;nan;nan;nan;nan;nan;nan;nan;nan;nan;nan;nan;nan;nan;nan;nan;nan;nan;nan;nan;nan;nan;nan;nan;nan;nan;nan;nan;nan;nan;nan;nan;nan;nan;nan;nan;nan;nan;nan;nan;nan;nan;nan;nan;nan;nan;nan;nan;nan;nan;nan;nan;nan;nan;nan;nan;nan;nan;nan;nan;nan;nan;nan;nan;nan;nan;nan;nan;nan;nan;nan;nan;nan;nan;nan;nan;nan;nan;nan;nan;nan;nan;nan;nan;nan;nan;nan;nan;nan;nan;nan;nan;nan;nan;nan;nan;nan;nan;nan;nan;nan;nan;nan;nan;nan;nan;nan;nan;nan;nan;nan;nan;nan;nan;nan;nan;nan;nan;nan;nan;nan;nan;nan;nan;nan;nan;nan;nan;nan;nan;nan;nan;nan;nan;nan;nan;nan;nan;nan;nan;nan;nan;nan;nan;nan;nan;nan;nan;nan;nan;nan;nan;nan;nan;nan;nan;nan;nan;nan;nan;nan;nan;nan;nan;nan;nan;nan;nan;nan;nan;nan;nan;nan;nan;nan;nan;nan;nan;nan;nan;nan;nan;nan;nan;nan;nan;nan;nan;nan;nan;nan;nan;nan;nan;nan;nan;nan;nan;nan;nan;nan;nan;nan;nan;nan;nan;nan;nan;nan;nan;nan;nan;nan;nan;nan;nan;nan;nan;nan;nan;nan;nan;nan;nan;nan;nan;nan;nan;nan;nan;nan;nan;nan;nan;nan;nan;nan;nan;nan;nan;nan;nan;nan;nan;nan;nan;nan;nan;nan;nan;nan;nan;nan;nan;nan;nan;nan;nan;nan;nan;nan;nan;nan;nan;nan;nan;nan;nan;nan;nan;nan;nan;nan;nan;nan;nan;nan;nan;nan;nan;nan;nan;nan;nan;nan;nan;nan;nan;nan;nan;nan;nan;nan;nan;nan;nan;nan;nan;nan;nan;nan;nan;nan;nan;nan;nan;nan;nan;nan;nan;nan;nan;nan;nan;nan;nan;nan;nan;nan;nan;nan;nan;nan;nan;nan;nan;nan;nan;nan;nan;nan;nan;nan;nan;nan;nan;nan;nan;nan;nan;nan;nan;nan;nan;nan;nan;nan;nan;nan;nan;nan;nan;nan;nan;nan;nan;nan;nan;nan;nan;nan;nan;nan;nan;nan;nan;nan;nan;nan;nan;nan;nan;nan;nan;nan;nan;nan;nan;nan;nan;nan;nan;nan;nan;nan;nan;nan;nan;nan;nan;nan;nan;nan;nan;nan;nan;nan;nan;nan;nan;nan;nan;nan;nan;nan;nan;nan;nan;nan;nan;nan;nan;nan;nan;nan;nan;nan;nan;nan;nan;nan;nan;nan;nan;nan;nan;nan;nan;nan;nan;nan;nan;nan;nan;nan;nan;nan;nan;nan;nan;nan;nan;nan;nan;nan;nan;nan;nan;nan;0.88146883;18.55270633949071;0.4009733077717151;0.4393327227372863;0.5096105645395317;0.31492242;0.0007521059452041749;0.9998;0.9998;0.9999158682237517;0.07224035263061523;0.88146883;18.55270633949071;0.4009733077717151;0.4393327227372863;0.5096105645395317;0.31492242;0.0007521059452041749;0.9998;0.9998;0.9999158682237517;0.0;0.0;0.0;0.0;0.0;0.0;0.0;0.0;0.0;0.0;0.07224035263061523;0.67558926;0.6545047986790452;0.7472349211030821;0.7166365622594659;0.5607135519790855;0.14626812934875488;6870.748;0.3698333502051414;0.8385193924199971;0.8570021745368188;0.8713688622744608;92.67976236343384;nan;nan;nan;nan;nan;nan;nan;nan;nan;nan;nan;nan;nan;nan;nan;nan;nan;nan;nan;nan;nan;nan;nan;nan;nan;nan;nan;nan;nan;nan;nan;nan;nan;nan;nan;nan;nan;nan;nan;nan;nan;nan;nan;nan;nan;nan;nan;nan;nan;nan;nan;nan;nan;nan;nan;nan;nan;nan;nan;nan;nan;nan;nan;nan;nan;nan;nan;nan;nan;nan;nan;nan;nan;nan;nan;nan;nan;nan;nan;nan;nan;nan;nan;nan;nan;nan;nan;nan;nan;nan;nan;nan;nan;nan;nan;nan;nan;nan;nan;nan;nan;nan;nan;nan;nan;nan;nan;nan;nan;nan;nan;nan;nan;nan;nan;nan;nan;nan;nan;nan;nan;nan;nan;nan;nan;nan;nan;nan;nan;nan;nan;nan;nan;nan;nan;nan;nan;nan;nan;nan;nan;nan;nan;nan;nan;nan;nan;nan;nan;nan;nan;nan;nan;nan;nan;nan;nan;nan;nan;nan;nan;nan;nan;nan;nan;nan;nan;nan;nan;nan;nan;nan;nan;nan;nan;nan;nan;nan;nan;nan;nan;nan;nan;nan;nan;nan;nan;nan;nan;nan;nan;nan;nan;nan;nan;nan;nan;nan;nan;nan;nan;nan;nan;nan;nan;nan;nan;nan;nan;nan;nan;nan;nan;nan;nan;nan;nan;nan;nan;nan;nan;nan;nan;nan;nan;nan;nan;nan;nan;nan;nan;nan;nan;nan;nan;nan;nan;nan;nan;nan;nan;nan;nan;nan;nan;nan;nan;nan;nan;nan;nan;nan;nan;nan;nan;nan;nan;nan;nan;nan;nan;nan;nan;nan;nan;nan;nan;nan;nan;nan;nan;nan;nan;nan;nan;nan;nan;nan;nan;nan;nan;nan;nan;nan;nan;nan;nan;nan;nan;nan;nan;nan;nan;nan;nan;nan;nan;nan;nan;nan;nan;nan;nan;nan;nan;nan;nan;nan;nan;nan;nan;nan;nan;nan;nan;nan;nan;nan;nan;nan;nan;nan;nan;nan;nan;nan;nan;nan;nan;nan;nan;nan;nan;nan;nan;nan;nan;nan;nan;nan;nan;nan;nan;nan;nan;nan;nan;nan;nan;nan;nan;nan;nan;nan;nan;nan;nan;nan;nan;nan;nan;nan;nan;nan;nan;nan;nan;nan;nan;nan;nan;nan;nan;nan;nan;nan;nan;nan;nan;nan;nan;nan;nan;nan;nan;nan;nan;nan;nan;nan;nan;nan;nan;nan;nan;nan;nan;nan;nan;nan;nan;nan;nan;nan;nan;nan;nan;nan;nan;nan;nan;nan;nan;nan;nan;nan;nan;nan;nan;nan;nan;nan;nan;nan;nan;nan;nan;nan;nan;nan;nan;nan;nan;nan;nan;nan;nan;nan;nan;nan;nan;nan;nan;nan;nan;nan;nan;nan;nan;nan;nan;nan;nan;nan;nan;nan;nan;nan;nan;nan;nan;nan;nan;nan;nan;nan;nan;nan;nan;nan;nan;nan;nan;nan;nan;nan;nan;nan;nan;nan;nan;nan;nan;nan;nan;nan;nan;nan;nan;nan;nan;nan;nan;nan;nan;nan;nan;nan;nan;nan;nan;nan;nan;nan;nan;nan;nan;nan;nan;nan;nan;nan;nan;nan;nan;nan;nan;nan;nan;nan;nan;nan;nan;nan;nan;nan;nan;nan;nan;nan;nan;nan;nan;nan;nan;nan;nan;nan;nan;nan;nan;nan;nan;nan;nan;nan;nan;nan;nan;nan;nan;nan;nan;nan;nan;nan;nan;nan;nan;nan;nan;nan;nan;nan;nan;nan;nan;nan;nan;nan;nan;nan;nan;nan;nan;nan;nan;nan;nan;nan;nan;nan;nan;nan;nan;nan;nan;nan;nan;nan;nan;nan;nan;nan;nan;nan;nan;nan;nan;nan;nan;nan;nan;nan;nan;nan;nan;nan;nan;nan;nan;nan;nan;nan;nan;nan;nan;nan;nan;nan;nan;nan;nan;nan;nan;nan;nan;nan;nan;nan;nan;nan;nan;nan;nan;nan;nan;nan;nan;nan;nan;nan;nan;nan;nan;nan;nan;nan;nan;nan;nan;nan;nan;nan;nan;nan;nan;nan;nan;nan;0.54569596;6.499369754240269;0.8118271641350833;0.822118649065807;0.7956756857397465;0.3133935;9.992007221626413e-16;1.0;1.0;1.0;0.035195112228393555;0.54569596;6.499369754240269;0.8118271641350833;0.822118649065807;0.7956756857397465;0.3133935;9.992007221626413e-16;1.0;1.0;1.0;0.0;0.0;0.0;0.0;0.0;0.0;0.0;0.0;0.0;0.0;0.035195112228393555;0.67558926;0.6545047986790452;0.7472349211030821;0.7166365622594659;0.5607135519790855;0.14626812934875488;6870.748;0.3698333502051414;0.8385193924199971;0.8570021745368188;0.8713688622744608;92.67976236343384;nan;nan;nan;nan;nan;nan;nan;nan;nan;nan;nan;nan;nan;nan;nan;nan;nan;nan;nan;nan;nan;nan;nan;nan;nan;nan;nan;nan;nan;nan;nan;nan;nan;nan;nan;nan;nan;nan;nan;nan;nan;nan;nan;nan;nan;nan;nan;nan;nan;nan;nan;nan;nan;nan;nan;nan;nan;nan;nan;nan;nan;nan;nan;nan;nan;nan;nan;nan;nan;nan;nan;nan;nan;nan;nan;nan;nan;nan;nan;nan;nan;nan;nan;nan;nan;nan;nan;nan;nan;nan;nan;nan;nan;nan;nan;nan;nan;nan;nan;nan;nan;nan;nan;nan;nan;nan;nan;nan;nan;nan;nan;nan;nan;nan;nan;nan;nan;nan;nan;nan;nan;nan;nan;nan;nan;nan;nan;nan;nan;nan;nan;nan;nan;nan;nan;nan;nan;nan;nan;nan;nan;nan;nan;nan;nan;nan;nan;nan;nan;nan;nan;nan;nan;nan;nan;nan;nan;nan;nan;nan;nan;nan;nan;nan;nan;nan;nan;nan;nan;nan;nan;nan;nan;nan;nan;nan;nan;nan;nan;nan;nan;nan;nan;nan;nan;nan;nan;nan;nan;nan;nan;nan;nan;nan;nan;nan;nan;nan;nan;nan;nan;nan;nan;nan;nan;nan;nan;nan;nan;nan;nan;nan;nan;nan;nan;nan;nan;nan;nan;nan;nan;nan;nan;nan;nan;nan;nan;nan;nan;nan;nan;nan;nan;nan;nan;nan;nan;nan;nan;nan;nan;nan;nan;nan;nan;nan;nan;nan;nan;nan;nan;nan;nan;nan;nan;nan;nan;nan;nan;nan;nan;nan;nan;nan;nan;nan;nan;nan;nan;nan;nan;nan;nan;nan;nan;nan;nan;nan;nan;nan;nan;nan;nan;nan;nan;nan;nan;nan;nan;nan;nan;nan;nan;nan;nan;nan;nan;nan;nan;nan;nan;nan;nan;nan;nan;nan;nan;nan;nan;nan;nan;nan;nan;nan;nan;nan;nan;nan;nan;nan;nan;nan;nan;nan;nan;nan;nan;nan;nan;nan;nan;nan;nan;nan;nan;nan;nan;nan;nan;nan;nan;nan;nan;nan;nan;nan;nan;nan;nan;nan;nan;nan;nan;nan;nan;nan;nan;nan;nan;nan;nan;nan;nan;nan;nan;nan;nan;nan;nan;nan;nan;nan;nan;nan;nan;nan;nan;nan;nan;nan;nan;nan;nan;nan;nan;nan;nan;nan;nan;nan;nan;nan;nan;nan;nan;nan;nan;nan;nan;nan;nan;nan;nan;nan;nan;nan;nan;nan;nan;nan;nan;nan;nan;nan;nan;nan;nan;nan;nan;nan;nan;nan;nan;nan;nan;nan;nan;nan;nan;nan;nan;nan;nan;nan;nan;nan;nan;nan;nan;nan;nan;nan;nan;nan;nan;nan;nan;nan;nan;nan;nan;nan;nan;nan;nan;nan;nan;nan;nan;nan;nan;nan;nan;nan;nan;nan;nan;nan;nan;nan;nan;nan;nan;nan;nan;nan;nan;nan;nan;nan;nan;nan;nan;nan;nan;nan;nan;nan;nan;nan;nan;nan;nan;nan;nan;nan;nan;nan;nan;nan;nan;nan;nan;nan;nan;nan;nan;nan;nan;nan;nan;nan;nan;nan;nan;nan;nan;nan;nan;nan;nan;nan;nan;nan;nan;nan;nan;nan;nan;nan;nan;nan;nan;nan;nan;nan;nan;nan;nan;nan;nan;nan;nan;nan;nan;nan;nan;nan;nan;nan;nan;nan;nan;nan;nan;nan;nan;nan;nan;nan;nan;nan;nan;nan;nan;nan;nan;nan;nan;nan;nan;nan;nan;nan;nan;nan;nan;nan;nan;nan;nan;nan;nan;nan;nan;nan;nan;nan;nan;nan;nan;nan;nan;nan;nan;nan;nan;nan;nan;nan;nan;nan;nan;nan;nan;nan;nan;nan;nan;nan;nan;nan;nan;nan;nan;nan;nan;nan;nan;nan;nan;nan;nan;nan;nan;nan;nan;nan;nan;nan;nan;nan;nan;nan;nan;nan;nan;nan;nan;nan;nan;nan;nan;nan;nan;nan;nan;nan;nan;nan;nan;nan;nan;nan;nan;nan;nan;nan;nan;nan;0.5068253;4.543397794962923;0.8684559799439611;0.8601478833934334;0.7549010392992243;0.31365207;9.992007221626413e-16;1.0;1.0;1.0;0.04123377799987793;0.5068253;4.543397794962923;0.8684559799439611;0.8601478833934334;0.7549010392992243;0.31365207;9.992007221626413e-16;1.0;1.0;1.0;0.0;0.0;0.0;0.0;0.0;0.0;0.0;0.0;0.0;0.0;0.04123377799987793;0.67558926;0.6545047986790452;0.7472349211030821;0.7166365622594659;0.5607135519790855;0.14626812934875488;6870.748;0.3698333502051414;0.8385193924199971;0.8570021745368188;0.8713688622744608;92.67976236343384;nan;nan;nan;nan;nan;nan;nan;nan;nan;nan;nan;nan;nan;nan;nan;nan;nan;nan;nan;nan;nan;nan;nan;nan;nan;nan;nan;nan;nan;nan;nan;nan;nan;nan;nan;nan;nan;nan;nan;nan;nan;nan;nan;nan;nan;nan;nan;nan;nan;nan;nan;nan;nan;nan;nan;nan;nan;nan;nan;nan;nan;nan;nan;nan;nan;nan;nan;nan;nan;nan;nan;nan;nan;nan;nan;nan;nan;nan;nan;nan;nan;nan;nan;nan;nan;nan;nan;nan;nan;nan;nan;nan;nan;nan;nan;nan;nan;nan;nan;nan;nan;nan;nan;nan;nan;nan;nan;nan;nan;nan;nan;nan;nan;nan;nan;nan;nan;nan;nan;nan;nan;nan;nan;nan;nan;nan;nan;nan;nan;nan;nan;nan;nan;nan;nan;nan;nan;nan;nan;nan;nan;nan;nan;nan;nan;nan;nan;nan;nan;nan;nan;nan;nan;nan;nan;nan;nan;nan;nan;nan;nan;nan;nan;nan;nan;nan;nan;nan;nan;nan;nan;nan;nan;nan;nan;nan;nan;nan;nan;nan;nan;nan;nan;nan;nan;nan;nan;nan;nan;nan;nan;nan;nan;nan;nan;nan;nan;nan;nan;nan;nan;nan;nan;nan;nan;nan;nan;nan;nan;nan;nan;nan;nan;nan;nan;nan;nan;nan;nan;nan;nan;nan;nan;nan;nan;nan;nan;nan;nan;nan;nan;nan;nan;nan;nan;nan;nan;nan;nan;nan;nan;nan;nan;nan;nan;nan;nan;nan;nan;nan;nan;nan;nan;nan;nan;nan;nan;nan;nan;nan;nan;nan;nan;nan;nan;nan;nan;nan;nan;nan;nan;nan;nan;nan;nan;nan;nan;nan;nan;nan;nan;nan;nan;nan;nan;nan;nan;nan;nan;nan;nan;nan;nan;nan;nan;nan;nan;nan;nan;nan;nan;nan;nan;nan;nan;nan;nan;nan;nan;nan;nan;nan;nan;nan;nan;nan;nan;nan;nan;nan;nan;nan;nan;nan;nan;nan;nan;nan;nan;nan;nan;nan;nan;nan;nan;nan;nan;nan;nan;nan;nan;nan;nan;nan;nan;nan;nan;nan;nan;nan;nan;nan;nan;nan;nan;nan;nan;nan;nan;nan;nan;nan;nan;nan;nan;nan;nan;nan;nan;nan;nan;nan;nan;nan;nan;nan;nan;nan;nan;nan;nan;nan;nan;nan;nan;nan;nan;nan;nan;nan;nan;nan;nan;nan;nan;nan;nan;nan;nan;nan;nan;nan;nan;nan;nan;nan;nan;nan;nan;nan;nan;nan;nan;nan;nan;nan;nan;nan;nan;nan;nan;nan;nan;nan;nan;nan;nan;nan;nan;nan;nan;nan;nan;nan;nan;nan;nan;nan;nan;nan;nan;nan;nan;nan;nan;nan;nan;nan;nan;nan;nan;nan;nan;nan;nan;nan;nan;nan;nan;nan;nan;nan;nan;nan;nan;nan;nan;nan;nan;nan;nan;nan;nan;nan;nan;nan;nan;nan;nan;nan;nan;nan;nan;nan;nan;nan;nan;nan;nan;nan;nan;nan;nan;nan;nan;nan;nan;nan;nan;nan;nan;nan;nan;nan;nan;nan;nan;nan;nan;nan;nan;nan;nan;nan;nan;nan;nan;nan;nan;nan;nan;nan;nan;nan;nan;nan;nan;nan;nan;nan;nan;nan;nan;nan;nan;nan;nan;nan;nan;nan;nan;nan;nan;nan;nan;nan;nan;nan;nan;nan;nan;nan;nan;nan;nan;nan;nan;nan;nan;nan;nan;nan;nan;nan;nan;nan;nan;nan;nan;nan;nan;nan;nan;nan;nan;nan;nan;nan;nan;nan;nan;nan;nan;nan;nan;nan;nan;nan;nan;nan;nan;nan;nan;nan;nan;nan;nan;nan;nan;nan;nan;nan;nan;nan;nan;nan;nan;nan;nan;nan;nan;nan;nan;nan;nan;nan;nan;nan;nan;nan;nan;nan;nan;nan;nan;nan;nan;nan;nan;nan;nan;nan;nan;nan;nan;nan;nan;nan;nan;nan;nan;nan;nan;nan;nan;nan;nan;nan;nan;nan;nan;nan;nan;nan;nan;nan;nan;nan;nan;nan;0.5365934;6.096970803810558;0.8234773632207639;0.8308142455582084;0.7904967809202433;0.31358495;9.992007221626413e-16;1.0;1.0;1.0;0.0355987548828125;0.5365934;6.096970803810558;0.8234773632207639;0.8308142455582084;0.7904967809202433;0.31358495;9.992007221626413e-16;1.0;1.0;1.0;0.0;0.0;0.0;0.0;0.0;0.0;0.0;0.0;0.0;0.0;0.0355987548828125;0.67558926;0.6545047986790452;0.7472349211030821;0.7166365622594659;0.5607135519790855;0.14626812934875488;6870.748;0.3698333502051414;0.8385193924199971;0.8570021745368188;0.8713688622744608;92.67976236343384;nan;nan;nan;nan;nan;nan;nan;nan;nan;nan;nan;nan;nan;nan;nan;nan;nan;nan;nan;nan;nan;nan;nan;nan;nan;nan;nan;nan;nan;nan;nan;nan;nan;nan;nan;nan;nan;nan;nan;nan;nan;nan;nan;nan;nan;nan;nan;nan;nan;nan;nan;nan;nan;nan;nan;nan;nan;nan;nan;nan;nan;nan;nan;nan;nan;nan;nan;nan;nan;nan;nan;nan;nan;nan;nan;nan;nan;nan;nan;nan;nan;nan;nan;nan;nan;nan;nan;nan;nan;nan;nan;nan;nan;nan;nan;nan;nan;nan;nan;nan;nan;nan;nan;nan;nan;nan;nan;nan;nan;nan;nan;nan;nan;nan;nan;nan;nan;nan;nan;nan;nan;nan;nan;nan;nan;nan;nan;nan;nan;nan;nan;nan;nan;nan;nan;nan;nan;nan;nan;nan;nan;nan;nan;nan;nan;nan;nan;nan;nan;nan;nan;nan;nan;nan;nan;nan;nan;nan;nan;nan;nan;nan;nan;nan;nan;nan;nan;nan;nan;nan;nan;nan;nan;nan;nan;nan;nan;nan;nan;nan;nan;nan;nan;nan;nan;nan;nan;nan;nan;nan;nan;nan;nan;nan;nan;nan;nan;nan;nan;nan;nan;nan;nan;nan;nan;nan;nan;nan;nan;nan;nan;nan;nan;nan;nan;nan;nan;nan;nan;nan;nan;nan;nan;nan;nan;nan;nan;nan;nan;nan;nan;nan;nan;nan;nan;nan;nan;nan;nan;nan;nan;nan;nan;nan;nan;nan;nan;nan;nan;nan;nan;nan;nan;nan;nan;nan;nan;nan;nan;nan;nan;nan;nan;nan;nan;nan;nan;nan;nan;nan;nan;nan;nan;nan;nan;nan;nan;nan;nan;nan;nan;nan;nan;nan;nan;nan;nan;nan;nan;nan;nan;nan;nan;nan;nan;nan;nan;nan;nan;nan;nan;nan;nan;nan;nan;nan;nan;nan;nan;nan;nan;nan;nan;nan;nan;nan;nan;nan;nan;nan;nan;nan;nan;nan;nan;nan;nan;nan;nan;nan;nan;nan;nan;nan;nan;nan;nan;nan;nan;nan;nan;nan;nan;nan;nan;nan;nan;nan;nan;nan;nan;nan;nan;nan;nan;nan;nan;nan;nan;nan;nan;nan;nan;nan;nan;nan;nan;nan;nan;nan;nan;nan;nan;nan;nan;nan;nan;nan;nan;nan;nan;nan;nan;nan;nan;nan;nan;nan;nan;nan;nan;nan;nan;nan;nan;nan;nan;nan;nan;nan;nan;nan;8852.439756963668;nan;nan;nan;nan;nan;nan;nan;nan;nan;1970.9885462817929;1877.8939474819133;2009.750500123763;nan;nan;nan;nan;nan;nan;1148.0222;nan;nan;nan;nan;nan;nan;nan;nan;nan;344.4616751941756;323.4555805660737;339.99683;nan;nan;nan;nan;nan;nan;1243.1501931261332;nan;nan;nan;nan;nan;nan;nan;nan;nan;529.86726729432;510.71231831885626;524.8635663956695;nan;nan;nan;nan;nan;nan;1123.6702907336846;nan;nan;nan;nan;nan;nan;nan;nan;nan;0.0;334.96212114688393;346.6726513742041;nan;nan;nan;nan;nan;nan;4.784799874273444;nan;nan;nan;nan;nan;nan;nan;nan;nan;3.2218519646335686;2.852806506146162;2.7196266299569123;nan;nan;nan;nan;nan;nan;3.7505584060721437;nan;nan;nan;nan;nan;nan;nan;nan;nan;0.0;1.5662475324999998;1.54801068638002;
3;1;1;True;vanilla;22;456;32;2;[];True;True;1;True;False;False;True;False;False;vanilla;3;1;distribution;True;[['uniform', 'normal', 'gamma', 'beta', 'poisson']];[['uniform', 'normal', 'gamma', 'beta', 'poisson']];classification;1;0;uniform;5000;10000;0;flip_percentage;0;5;1000;True;0.001;True;50;64;0;[128];False;adam;binary_crossentropy;4353;1;10000;[1792, 512, 512];[0, 0, 0.5];['sigmoid', 'sigmoid', 'sigmoid'];adam;0.001;False;None;None;False;binary_crossentropy;['binary_accuracy'];500;True;256;10000;10;True;False;5;False;True;True;None;None;0.25;False;SEQUENTIAL;60;greedy;10;False;500;['uniform', 'normal', 'gamma', 'beta', 'poisson'];5000;False;make_classification;5000;0;flip_percentage;100;100;False;8;False;2;42;0;0.6193298;0.60883933;0.45651275;0.46616405;2.3531049164362146;0.661682862096924;0.25280574724649435;0.263445294268476;0.6784000000000001;0.6672;0.89534;0.895;0.6262586093881027;0.6266458707838869;0.8869000483709473;0.886620623473255;0.764836695490682;0.8003467771942347;0.8957269395690796;0.873967064352515;0.048715734481811525;0.04695391654968262;0.65020967;0.6723815;0.6246654280960561;0.6510145303726196;0.6416;0.6456;0.5901121866189343;0.624206537256478;0.6798593973884723;0.6911391818500834;0.005901718139648437;0.005901718139648437;0.6320516;0.6508553;0.4311028;0.40851748;2.9310785980030207;0.8353099526793499;0.20152868225973694;0.19119732209101298;0.6390399999999999;0.542;0.91666;0.9311;0.5488601716053582;0.4224743426587334;0.9119038469751631;0.9245754927755496;0.7812639351757855;0.7548792482115826;0.9091979203940411;0.8997311831052168;0.05244131088256836;0.05082821846008301;0.6545509;0.6904387;0.6255013098376988;0.6897528747081756;0.59376;0.5256000000000001;0.5142409614353385;0.4830927996901614;0.6431287185144273;0.5688876689116459;0.012424516677856445;0.012424516677856445;0.5164199;0.50947356;0.39961287;0.36650932;0.5547384755678071;0.4199120922847679;0.14753595308713202;0.06483006729346286;0.7864000000000001;0.774;0.93645;0.98075;0.7446406701061217;0.7578586669663634;0.9317611692015635;0.9769919334703865;0.8982104237303565;0.9466478233540685;0.8928523526313134;0.9191117678659578;0.09685869216918945;0.09411942958831787;0.35932928;0.35470673;0.1326399236508493;0.1178277161100948;0.978;0.983;0.977994223356565;0.9829973914001935;0.9857493443010776;0.9878546159859252;0.55602616;0.5567721;0.4871863626977365;0.45854575854275587;0.7796000000000001;0.819;0.7432330722676077;0.8103189923435046;0.8837818550810186;0.8782472767708422;0.6277061;0.62949044;4.317474701232788;0.9562988053388479;0.6658000000000001;0.629;0.6039255651203804;0.5687462407840466;0.7237861608603242;0.7410739023529618;0.6315752;0.6620148;0.5882284981455654;0.661773729711771;0.6862;0.685;0.6257048154699126;0.6615017565460399;0.6543001100549939;0.6762490821878959;1.776415181159973;0.16821348667144775;nan;nan;nan;nan;nan;nan;nan;nan;nan;nan;nan;nan;nan;nan;nan;nan;nan;nan;nan;nan;nan;nan;nan;nan;nan;nan;nan;nan;nan;nan;nan;nan;nan;nan;nan;nan;nan;nan;nan;nan;nan;nan;nan;nan;nan;nan;nan;nan;nan;nan;nan;nan;nan;nan;nan;nan;nan;nan;nan;nan;nan;nan;nan;nan;nan;nan;nan;nan;nan;nan;nan;nan;nan;nan;nan;nan;nan;nan;nan;nan;nan;nan;nan;nan;nan;nan;nan;nan;nan;nan;nan;nan;nan;nan;nan;nan;nan;nan;nan;nan;nan;nan;nan;nan;nan;nan;nan;nan;nan;nan;nan;nan;nan;nan;nan;nan;nan;nan;nan;nan;nan;nan;nan;nan;nan;nan;nan;nan;nan;nan;nan;nan;nan;nan;nan;nan;nan;nan;nan;nan;nan;nan;nan;nan;nan;nan;nan;nan;nan;nan;nan;nan;nan;nan;nan;nan;nan;nan;nan;nan;nan;nan;nan;nan;nan;nan;nan;nan;nan;nan;nan;nan;nan;nan;nan;nan;0.646533;8.653584459814585;0.7494530680279196;0.6421205706416785;0.5;0.31326193;9.992007221626413e-16;1.0;1.0;0;0.0013015270233154297;0.646533;8.653584459814585;0.7494530680279196;0.6421205706416785;0.5;0.31326193;9.992007221626413e-16;1.0;1.0;0.0;0.0;0.0;0.0;0.0;0.0;0.0;0.0;0.0;0.0;0.0;0.0013015270233154297;0.70571905;0.7282888576479949;0.2838837378893635;0.3034661805884537;0.2896146419082199;0.31292033195495605;20437.152;0.4456968847946047;0.7984165017189291;0.8001768723995489;0.8187498279211801;202.35379838943481;nan;nan;nan;nan;nan;nan;nan;nan;nan;nan;nan;nan;nan;nan;nan;nan;nan;nan;nan;nan;nan;nan;nan;nan;nan;nan;nan;nan;nan;nan;nan;nan;nan;nan;nan;nan;nan;nan;nan;nan;nan;nan;nan;nan;nan;nan;nan;nan;nan;nan;nan;nan;nan;nan;nan;nan;nan;nan;nan;nan;nan;nan;nan;nan;nan;nan;nan;nan;nan;nan;nan;nan;nan;nan;nan;nan;nan;nan;nan;nan;nan;nan;nan;nan;nan;nan;nan;nan;nan;nan;nan;nan;nan;nan;nan;nan;nan;nan;nan;nan;nan;nan;nan;nan;nan;nan;nan;nan;nan;nan;nan;nan;nan;nan;nan;nan;nan;nan;nan;nan;nan;nan;nan;nan;nan;nan;nan;nan;nan;nan;nan;nan;nan;nan;nan;nan;nan;nan;nan;nan;nan;nan;nan;nan;nan;nan;nan;nan;nan;nan;nan;nan;nan;nan;nan;nan;nan;nan;nan;nan;nan;nan;nan;nan;nan;nan;nan;nan;nan;nan;nan;nan;nan;nan;nan;nan;nan;nan;nan;nan;nan;nan;nan;nan;nan;nan;nan;nan;nan;nan;nan;nan;nan;nan;nan;nan;nan;nan;nan;nan;nan;nan;nan;nan;nan;nan;nan;nan;nan;nan;nan;nan;nan;nan;nan;nan;nan;nan;nan;nan;nan;nan;nan;nan;nan;nan;nan;nan;nan;nan;nan;nan;nan;nan;nan;nan;nan;nan;nan;nan;nan;nan;nan;nan;nan;nan;nan;nan;nan;nan;nan;nan;nan;nan;nan;nan;nan;nan;nan;nan;nan;nan;nan;nan;nan;nan;nan;nan;nan;nan;nan;nan;nan;nan;nan;nan;nan;nan;nan;nan;nan;nan;nan;nan;nan;nan;nan;nan;nan;nan;nan;nan;nan;nan;nan;nan;nan;nan;nan;nan;nan;nan;nan;nan;nan;nan;nan;nan;nan;nan;nan;nan;nan;nan;nan;nan;nan;nan;nan;nan;nan;nan;nan;nan;nan;nan;nan;nan;nan;nan;nan;nan;nan;nan;nan;nan;nan;nan;nan;nan;nan;nan;nan;nan;nan;nan;nan;nan;nan;nan;nan;nan;nan;nan;nan;nan;nan;nan;nan;nan;nan;nan;nan;nan;nan;nan;nan;nan;nan;nan;nan;nan;nan;nan;nan;nan;nan;nan;nan;nan;nan;nan;nan;nan;nan;nan;nan;nan;nan;nan;nan;nan;nan;nan;nan;nan;nan;nan;nan;nan;nan;nan;nan;nan;nan;nan;nan;nan;nan;nan;nan;nan;nan;nan;nan;nan;nan;nan;nan;nan;nan;nan;nan;nan;nan;nan;nan;nan;nan;nan;nan;nan;nan;nan;nan;nan;nan;nan;nan;nan;nan;nan;nan;nan;nan;nan;nan;nan;nan;nan;nan;nan;nan;nan;nan;nan;nan;nan;nan;nan;nan;nan;nan;nan;nan;nan;nan;nan;nan;nan;nan;nan;nan;nan;nan;nan;nan;nan;nan;nan;nan;nan;nan;nan;nan;nan;nan;nan;nan;nan;nan;nan;nan;nan;nan;nan;nan;nan;nan;nan;nan;nan;nan;nan;nan;nan;nan;nan;nan;nan;nan;nan;nan;nan;nan;nan;nan;nan;nan;nan;nan;nan;nan;nan;nan;nan;nan;nan;nan;nan;nan;nan;nan;nan;nan;nan;nan;nan;nan;nan;nan;nan;nan;nan;nan;nan;nan;nan;nan;nan;nan;nan;nan;nan;nan;nan;nan;nan;nan;nan;nan;nan;nan;nan;nan;nan;nan;nan;nan;nan;nan;nan;nan;nan;nan;nan;nan;nan;nan;nan;nan;nan;nan;nan;nan;nan;nan;nan;nan;nan;nan;nan;nan;nan;nan;nan;nan;nan;nan;nan;nan;nan;nan;nan;nan;nan;nan;nan;nan;nan;nan;nan;nan;nan;nan;nan;nan;nan;nan;nan;nan;nan;nan;nan;nan;nan;nan;nan;nan;nan;nan;nan;nan;nan;nan;nan;nan;nan;nan;nan;nan;nan;nan;nan;nan;nan;nan;nan;nan;nan;nan;nan;nan;nan;nan;nan;nan;nan;nan;nan;0.646533;8.653584459814585;0.7494530680279196;0.6421205706416785;0.5;0.3132621;9.992007221626413e-16;1.0;1.0;0;0.0009679794311523438;0.646533;8.653584459814585;0.7494530680279196;0.6421205706416785;0.5;0.3132621;9.992007221626413e-16;1.0;1.0;0.0;0.0;0.0;0.0;0.0;0.0;0.0;0.0;0.0;0.0;0.0;0.0009679794311523438;0.70571905;0.7282888576479949;0.2838837378893635;0.3034661805884537;0.2896146419082199;0.31292033195495605;20437.152;0.4456968847946047;0.7984165017189291;0.8001768723995489;0.8187498279211801;202.35379838943481;nan;nan;nan;nan;nan;nan;nan;nan;nan;nan;nan;nan;nan;nan;nan;nan;nan;nan;nan;nan;nan;nan;nan;nan;nan;nan;nan;nan;nan;nan;nan;nan;nan;nan;nan;nan;nan;nan;nan;nan;nan;nan;nan;nan;nan;nan;nan;nan;nan;nan;nan;nan;nan;nan;nan;nan;nan;nan;nan;nan;nan;nan;nan;nan;nan;nan;nan;nan;nan;nan;nan;nan;nan;nan;nan;nan;nan;nan;nan;nan;nan;nan;nan;nan;nan;nan;nan;nan;nan;nan;nan;nan;nan;nan;nan;nan;nan;nan;nan;nan;nan;nan;nan;nan;nan;nan;nan;nan;nan;nan;nan;nan;nan;nan;nan;nan;nan;nan;nan;nan;nan;nan;nan;nan;nan;nan;nan;nan;nan;nan;nan;nan;nan;nan;nan;nan;nan;nan;nan;nan;nan;nan;nan;nan;nan;nan;nan;nan;nan;nan;nan;nan;nan;nan;nan;nan;nan;nan;nan;nan;nan;nan;nan;nan;nan;nan;nan;nan;nan;nan;nan;nan;nan;nan;nan;nan;nan;nan;nan;nan;nan;nan;nan;nan;nan;nan;nan;nan;nan;nan;nan;nan;nan;nan;nan;nan;nan;nan;nan;nan;nan;nan;nan;nan;nan;nan;nan;nan;nan;nan;nan;nan;nan;nan;nan;nan;nan;nan;nan;nan;nan;nan;nan;nan;nan;nan;nan;nan;nan;nan;nan;nan;nan;nan;nan;nan;nan;nan;nan;nan;nan;nan;nan;nan;nan;nan;nan;nan;nan;nan;nan;nan;nan;nan;nan;nan;nan;nan;nan;nan;nan;nan;nan;nan;nan;nan;nan;nan;nan;nan;nan;nan;nan;nan;nan;nan;nan;nan;nan;nan;nan;nan;nan;nan;nan;nan;nan;nan;nan;nan;nan;nan;nan;nan;nan;nan;nan;nan;nan;nan;nan;nan;nan;nan;nan;nan;nan;nan;nan;nan;nan;nan;nan;nan;nan;nan;nan;nan;nan;nan;nan;nan;nan;nan;nan;nan;nan;nan;nan;nan;nan;nan;nan;nan;nan;nan;nan;nan;nan;nan;nan;nan;nan;nan;nan;nan;nan;nan;nan;nan;nan;nan;nan;nan;nan;nan;nan;nan;nan;nan;nan;nan;nan;nan;nan;nan;nan;nan;nan;nan;nan;nan;nan;nan;nan;nan;nan;nan;nan;nan;nan;nan;nan;nan;nan;nan;nan;nan;nan;nan;nan;nan;nan;nan;nan;nan;nan;nan;nan;nan;nan;nan;nan;nan;nan;nan;nan;nan;nan;nan;nan;nan;nan;nan;nan;nan;nan;nan;nan;nan;nan;nan;nan;nan;nan;nan;nan;nan;nan;nan;nan;nan;nan;nan;nan;nan;nan;nan;nan;nan;nan;nan;nan;nan;nan;nan;nan;nan;nan;nan;nan;nan;nan;nan;nan;nan;nan;nan;nan;nan;nan;nan;nan;nan;nan;nan;nan;nan;nan;nan;nan;nan;nan;nan;nan;nan;nan;nan;nan;nan;nan;nan;nan;nan;nan;nan;nan;nan;nan;nan;nan;nan;nan;nan;nan;nan;nan;nan;nan;nan;nan;nan;nan;nan;nan;nan;nan;nan;nan;nan;nan;nan;nan;nan;nan;nan;nan;nan;nan;nan;nan;nan;nan;nan;nan;nan;nan;nan;nan;nan;nan;nan;nan;nan;nan;nan;nan;nan;nan;nan;nan;nan;nan;nan;nan;nan;nan;nan;nan;nan;nan;nan;nan;nan;nan;nan;nan;nan;nan;nan;nan;nan;nan;nan;nan;nan;nan;nan;nan;nan;nan;nan;nan;nan;nan;nan;nan;nan;nan;nan;nan;nan;nan;nan;nan;nan;nan;nan;nan;nan;nan;nan;nan;nan;nan;nan;nan;nan;nan;nan;nan;nan;nan;nan;nan;nan;nan;nan;nan;nan;nan;nan;nan;nan;nan;nan;nan;nan;nan;nan;nan;nan;nan;nan;nan;nan;nan;nan;nan;nan;nan;nan;nan;nan;nan;nan;nan;nan;nan;nan;nan;nan;nan;nan;nan;nan;nan;nan;nan;nan;nan;nan;nan;nan;nan;nan;nan;nan;nan;nan;0.646533;8.653584459814585;0.7494530680279196;0.6421205706416785;0.5;0.31326216;9.992007221626413e-16;1.0;1.0;0;0.0024139881134033203;0.646533;8.653584459814585;0.7494530680279196;0.6421205706416785;0.5;0.31326216;9.992007221626413e-16;1.0;1.0;0.0;0.0;0.0;0.0;0.0;0.0;0.0;0.0;0.0;0.0;0.0;0.0024139881134033203;0.70571905;0.7282888576479949;0.2838837378893635;0.3034661805884537;0.2896146419082199;0.31292033195495605;20437.152;0.4456968847946047;0.7984165017189291;0.8001768723995489;0.8187498279211801;202.35379838943481;nan;nan;nan;nan;nan;nan;nan;nan;nan;nan;nan;nan;nan;nan;nan;nan;nan;nan;nan;nan;nan;nan;nan;nan;nan;nan;nan;nan;nan;nan;nan;nan;nan;nan;nan;nan;nan;nan;nan;nan;nan;nan;nan;nan;nan;nan;nan;nan;nan;nan;nan;nan;nan;nan;nan;nan;nan;nan;nan;nan;nan;nan;nan;nan;nan;nan;nan;nan;nan;nan;nan;nan;nan;nan;nan;nan;nan;nan;nan;nan;nan;nan;nan;nan;nan;nan;nan;nan;nan;nan;nan;nan;nan;nan;nan;nan;nan;nan;nan;nan;nan;nan;nan;nan;nan;nan;nan;nan;nan;nan;nan;nan;nan;nan;nan;nan;nan;nan;nan;nan;nan;nan;nan;nan;nan;nan;nan;nan;nan;nan;nan;nan;nan;nan;nan;nan;nan;nan;nan;nan;nan;nan;nan;nan;nan;nan;nan;nan;nan;nan;nan;nan;nan;nan;nan;nan;nan;nan;nan;nan;nan;nan;nan;nan;nan;nan;nan;nan;nan;nan;nan;nan;nan;nan;nan;nan;nan;nan;nan;nan;nan;nan;nan;nan;nan;nan;nan;nan;nan;nan;nan;nan;nan;nan;nan;nan;nan;nan;nan;nan;nan;nan;nan;nan;nan;nan;nan;nan;nan;nan;nan;nan;nan;nan;nan;nan;nan;nan;nan;nan;nan;nan;nan;nan;nan;nan;nan;nan;nan;nan;nan;nan;nan;nan;nan;nan;nan;nan;nan;nan;nan;nan;nan;nan;nan;nan;nan;nan;nan;nan;nan;nan;nan;nan;nan;nan;nan;nan;nan;nan;nan;nan;nan;nan;nan;nan;nan;nan;nan;nan;nan;nan;nan;nan;nan;nan;nan;nan;nan;nan;nan;nan;nan;nan;nan;nan;nan;nan;nan;nan;nan;nan;nan;nan;nan;nan;nan;nan;nan;nan;nan;nan;nan;nan;nan;nan;nan;nan;nan;nan;nan;nan;nan;nan;nan;nan;nan;nan;nan;nan;nan;nan;nan;nan;nan;nan;nan;nan;nan;nan;nan;nan;nan;nan;nan;nan;nan;nan;nan;nan;nan;nan;nan;nan;nan;nan;nan;nan;nan;nan;nan;nan;nan;nan;nan;nan;nan;nan;nan;nan;nan;nan;nan;nan;nan;nan;nan;nan;nan;nan;nan;nan;nan;nan;nan;nan;nan;nan;nan;nan;nan;nan;nan;nan;nan;nan;nan;nan;nan;nan;nan;nan;nan;nan;nan;nan;nan;nan;nan;nan;nan;nan;nan;nan;nan;nan;nan;nan;nan;nan;nan;nan;nan;nan;nan;nan;nan;nan;nan;nan;nan;nan;nan;nan;nan;nan;nan;nan;nan;nan;nan;nan;nan;nan;nan;nan;nan;nan;nan;nan;nan;nan;nan;nan;nan;nan;nan;nan;nan;nan;nan;nan;nan;nan;nan;nan;nan;nan;nan;nan;nan;nan;nan;nan;nan;nan;nan;nan;nan;nan;nan;nan;nan;nan;nan;nan;nan;nan;nan;nan;nan;nan;nan;nan;nan;nan;nan;nan;nan;nan;nan;nan;nan;nan;nan;nan;nan;nan;nan;nan;nan;nan;nan;nan;nan;nan;nan;nan;nan;nan;nan;nan;nan;nan;nan;nan;nan;nan;nan;nan;nan;nan;nan;nan;nan;nan;nan;nan;nan;nan;nan;nan;nan;nan;nan;nan;nan;nan;nan;nan;nan;nan;nan;nan;nan;nan;nan;nan;nan;nan;nan;nan;nan;nan;nan;nan;nan;nan;nan;nan;nan;nan;nan;nan;nan;nan;nan;nan;nan;nan;nan;nan;nan;nan;nan;nan;nan;nan;nan;nan;nan;nan;nan;nan;nan;nan;nan;nan;nan;nan;nan;nan;nan;nan;nan;nan;nan;nan;nan;nan;nan;nan;nan;nan;nan;nan;nan;nan;nan;nan;nan;nan;nan;nan;nan;nan;nan;nan;nan;nan;nan;nan;nan;nan;nan;nan;nan;nan;nan;nan;nan;nan;nan;nan;nan;nan;nan;nan;nan;nan;nan;nan;nan;nan;nan;nan;nan;nan;nan;nan;nan;nan;nan;nan;nan;nan;nan;nan;nan;nan;0.646533;8.653584459814585;0.7494530680279196;0.6421205706416785;0.5;0.31326193;9.992007221626413e-16;1.0;1.0;0;0.0019969940185546875;0.646533;8.653584459814585;0.7494530680279196;0.6421205706416785;0.5;0.31326193;9.992007221626413e-16;1.0;1.0;0.0;0.0;0.0;0.0;0.0;0.0;0.0;0.0;0.0;0.0;0.0;0.0019969940185546875;0.70571905;0.7282888576479949;0.2838837378893635;0.3034661805884537;0.2896146419082199;0.31292033195495605;20437.152;0.4456968847946047;0.7984165017189291;0.8001768723995489;0.8187498279211801;202.35379838943481;nan;nan;nan;nan;nan;nan;nan;nan;nan;nan;nan;nan;nan;nan;nan;nan;nan;nan;nan;nan;nan;nan;nan;nan;nan;nan;nan;nan;nan;nan;nan;nan;nan;nan;nan;nan;nan;nan;nan;nan;nan;nan;nan;nan;nan;nan;nan;nan;nan;nan;nan;nan;nan;nan;nan;nan;nan;nan;nan;nan;nan;nan;nan;nan;nan;nan;nan;nan;nan;nan;nan;nan;nan;nan;nan;nan;nan;nan;nan;nan;nan;nan;nan;nan;nan;nan;nan;nan;nan;nan;nan;nan;nan;nan;nan;nan;nan;nan;nan;nan;nan;nan;nan;nan;nan;nan;nan;nan;nan;nan;nan;nan;nan;nan;nan;nan;nan;nan;nan;nan;nan;nan;nan;nan;nan;nan;nan;nan;nan;nan;nan;nan;nan;nan;nan;nan;nan;nan;nan;nan;nan;nan;nan;nan;nan;nan;nan;nan;nan;nan;nan;nan;nan;nan;nan;nan;nan;nan;nan;nan;nan;nan;nan;nan;nan;nan;nan;nan;nan;nan;nan;nan;nan;nan;nan;nan;nan;nan;nan;nan;nan;nan;nan;nan;nan;nan;nan;nan;nan;nan;nan;nan;nan;nan;nan;nan;nan;nan;nan;nan;nan;nan;nan;nan;nan;nan;nan;nan;nan;nan;nan;nan;nan;nan;nan;nan;nan;nan;nan;nan;nan;nan;nan;nan;nan;nan;nan;nan;nan;nan;nan;nan;nan;nan;nan;nan;nan;nan;nan;nan;nan;nan;nan;nan;nan;nan;nan;nan;nan;nan;nan;nan;nan;nan;nan;nan;nan;nan;nan;nan;nan;nan;nan;nan;nan;nan;nan;nan;nan;nan;nan;nan;nan;nan;nan;nan;nan;nan;nan;nan;nan;nan;nan;nan;nan;nan;nan;nan;nan;nan;nan;nan;nan;nan;nan;nan;nan;nan;nan;nan;nan;nan;nan;nan;nan;nan;nan;nan;nan;nan;nan;nan;nan;nan;nan;nan;nan;nan;nan;nan;nan;nan;nan;nan;nan;nan;nan;nan;nan;nan;nan;nan;nan;nan;nan;nan;nan;nan;nan;nan;nan;nan;nan;nan;nan;nan;nan;nan;nan;nan;nan;nan;nan;nan;nan;nan;nan;nan;nan;nan;nan;nan;nan;nan;nan;nan;nan;nan;nan;nan;nan;nan;nan;nan;nan;nan;nan;nan;nan;nan;nan;nan;nan;nan;nan;nan;nan;nan;nan;nan;nan;nan;nan;nan;nan;nan;nan;nan;nan;nan;nan;nan;nan;nan;nan;nan;nan;nan;nan;nan;nan;nan;nan;nan;nan;nan;nan;nan;nan;nan;nan;nan;nan;nan;nan;nan;nan;nan;nan;nan;nan;nan;nan;nan;nan;nan;nan;nan;nan;nan;nan;nan;nan;nan;nan;nan;nan;nan;nan;nan;nan;nan;nan;nan;nan;nan;nan;nan;nan;nan;nan;nan;nan;nan;nan;nan;nan;nan;nan;nan;nan;nan;nan;nan;nan;nan;nan;nan;nan;nan;nan;nan;nan;nan;nan;nan;nan;nan;nan;nan;nan;nan;nan;nan;nan;nan;nan;nan;nan;nan;nan;nan;nan;nan;nan;nan;nan;nan;nan;nan;nan;nan;nan;nan;nan;nan;nan;nan;nan;nan;nan;nan;nan;nan;nan;nan;nan;nan;nan;nan;nan;nan;nan;nan;nan;nan;nan;nan;nan;nan;nan;nan;nan;nan;nan;nan;nan;nan;nan;nan;nan;nan;nan;nan;nan;nan;nan;nan;nan;nan;nan;nan;nan;nan;nan;nan;nan;nan;nan;nan;nan;nan;nan;nan;nan;nan;nan;nan;nan;nan;nan;nan;nan;nan;nan;nan;nan;nan;nan;nan;nan;nan;nan;nan;nan;nan;nan;nan;nan;nan;nan;nan;nan;nan;nan;nan;nan;nan;nan;nan;nan;nan;nan;nan;nan;nan;nan;nan;nan;nan;nan;nan;nan;nan;nan;nan;nan;nan;nan;nan;nan;nan;nan;nan;nan;nan;nan;nan;nan;nan;nan;nan;nan;nan;nan;nan;nan;nan;nan;nan;nan;nan;nan;nan;nan;nan;nan;nan;nan;nan;0.646533;8.653584459814585;0.7494530680279196;0.6421205706416785;0.5;0.31326193;9.992007221626413e-16;1.0;1.0;0;0.0008311271667480469;0.646533;8.653584459814585;0.7494530680279196;0.6421205706416785;0.5;0.31326193;9.992007221626413e-16;1.0;1.0;0.0;0.0;0.0;0.0;0.0;0.0;0.0;0.0;0.0;0.0;0.0;0.0008311271667480469;0.70571905;0.7282888576479949;0.2838837378893635;0.3034661805884537;0.2896146419082199;0.31292033195495605;20437.152;0.4456968847946047;0.7984165017189291;0.8001768723995489;0.8187498279211801;202.35379838943481;nan;nan;nan;nan;nan;nan;nan;nan;nan;nan;nan;nan;nan;nan;nan;nan;nan;nan;nan;nan;nan;nan;nan;nan;nan;nan;nan;nan;nan;nan;nan;nan;nan;nan;nan;nan;nan;nan;nan;nan;nan;nan;nan;nan;nan;nan;nan;nan;nan;nan;nan;nan;nan;nan;nan;nan;nan;nan;nan;nan;nan;nan;nan;nan;nan;nan;nan;nan;nan;nan;nan;nan;nan;nan;nan;nan;nan;nan;nan;nan;nan;nan;nan;nan;nan;nan;nan;nan;nan;nan;nan;nan;nan;nan;nan;nan;nan;nan;nan;nan;nan;nan;nan;nan;nan;nan;nan;nan;nan;nan;nan;nan;nan;nan;nan;nan;nan;nan;nan;nan;nan;nan;nan;nan;nan;nan;nan;nan;nan;nan;nan;nan;nan;nan;nan;nan;nan;nan;nan;nan;nan;nan;nan;nan;nan;nan;nan;nan;nan;nan;nan;nan;nan;nan;nan;nan;nan;nan;nan;nan;nan;nan;nan;nan;nan;nan;nan;nan;nan;nan;nan;nan;nan;nan;nan;nan;nan;nan;nan;nan;nan;nan;nan;nan;nan;nan;nan;nan;nan;nan;nan;nan;nan;nan;nan;nan;nan;nan;nan;nan;nan;nan;nan;nan;nan;nan;nan;nan;nan;nan;nan;nan;nan;nan;nan;nan;nan;nan;nan;nan;nan;nan;nan;nan;nan;nan;nan;nan;nan;nan;nan;nan;nan;nan;nan;nan;nan;nan;nan;nan;nan;nan;nan;nan;nan;nan;nan;nan;nan;nan;nan;nan;nan;nan;nan;nan;nan;nan;nan;nan;nan;nan;nan;nan;nan;nan;nan;nan;nan;nan;nan;nan;nan;nan;nan;nan;nan;nan;nan;nan;nan;nan;nan;nan;nan;nan;nan;nan;nan;nan;nan;nan;nan;nan;nan;nan;nan;nan;nan;nan;nan;nan;nan;nan;nan;nan;nan;nan;nan;nan;nan;nan;nan;nan;nan;nan;nan;nan;nan;nan;nan;nan;nan;nan;nan;nan;nan;nan;nan;nan;nan;nan;nan;nan;nan;nan;nan;nan;nan;nan;nan;nan;nan;nan;nan;nan;nan;nan;nan;nan;nan;nan;nan;nan;nan;nan;nan;nan;nan;nan;nan;nan;nan;nan;nan;nan;nan;nan;nan;nan;nan;nan;nan;nan;nan;nan;nan;nan;nan;nan;nan;nan;nan;nan;nan;nan;nan;nan;nan;nan;nan;nan;nan;nan;nan;nan;nan;nan;nan;nan;nan;nan;nan;nan;nan;nan;nan;nan;nan;nan;nan;nan;nan;nan;nan;nan;nan;nan;nan;nan;nan;nan;nan;nan;nan;nan;nan;nan;nan;nan;nan;nan;nan;nan;nan;nan;nan;nan;nan;nan;nan;nan;nan;nan;nan;nan;nan;nan;nan;nan;nan;nan;nan;nan;nan;nan;nan;nan;nan;nan;nan;nan;nan;nan;nan;nan;nan;nan;nan;nan;nan;nan;nan;nan;nan;nan;nan;nan;nan;nan;nan;nan;nan;nan;nan;nan;nan;nan;nan;nan;nan;nan;nan;nan;nan;nan;nan;nan;nan;nan;nan;nan;nan;nan;nan;nan;nan;nan;nan;nan;nan;nan;nan;nan;nan;nan;nan;nan;nan;nan;nan;nan;nan;nan;nan;nan;nan;nan;nan;nan;nan;nan;nan;nan;nan;nan;nan;nan;nan;nan;nan;nan;nan;nan;nan;nan;nan;nan;nan;nan;nan;nan;nan;nan;nan;nan;nan;nan;nan;nan;nan;nan;nan;nan;nan;nan;nan;nan;nan;nan;nan;nan;nan;nan;nan;nan;nan;nan;nan;nan;nan;nan;nan;nan;nan;nan;nan;nan;nan;nan;nan;nan;nan;nan;nan;nan;nan;nan;nan;nan;nan;nan;nan;nan;nan;nan;nan;nan;nan;nan;nan;nan;nan;nan;nan;nan;nan;nan;nan;nan;nan;nan;nan;nan;nan;nan;nan;nan;nan;nan;nan;nan;nan;nan;nan;nan;nan;nan;nan;nan;nan;nan;nan;nan;nan;nan;nan;nan;nan;nan;nan;nan;nan;nan;nan;nan;nan;nan;nan;nan;0.646533;8.653584459814585;0.7494530680279196;0.6421205706416785;0.5;0.31326193;9.992007221626413e-16;1.0;1.0;0;0.0009667873382568359;0.646533;8.653584459814585;0.7494530680279196;0.6421205706416785;0.5;0.31326193;9.992007221626413e-16;1.0;1.0;0.0;0.0;0.0;0.0;0.0;0.0;0.0;0.0;0.0;0.0;0.0;0.0009667873382568359;0.70571905;0.7282888576479949;0.2838837378893635;0.3034661805884537;0.2896146419082199;0.31292033195495605;20437.152;0.4456968847946047;0.7984165017189291;0.8001768723995489;0.8187498279211801;202.35379838943481;nan;nan;nan;nan;nan;nan;nan;nan;nan;nan;nan;nan;nan;nan;nan;nan;nan;nan;nan;nan;nan;nan;nan;nan;nan;nan;nan;nan;nan;nan;nan;nan;nan;nan;nan;nan;nan;nan;nan;nan;nan;nan;nan;nan;nan;nan;nan;nan;nan;nan;nan;nan;nan;nan;nan;nan;nan;nan;nan;nan;nan;nan;nan;nan;nan;nan;nan;nan;nan;nan;nan;nan;nan;nan;nan;nan;nan;nan;nan;nan;nan;nan;nan;nan;nan;nan;nan;nan;nan;nan;nan;nan;nan;nan;nan;nan;nan;nan;nan;nan;nan;nan;nan;nan;nan;nan;nan;nan;nan;nan;nan;nan;nan;nan;nan;nan;nan;nan;nan;nan;nan;nan;nan;nan;nan;nan;nan;nan;nan;nan;nan;nan;nan;nan;nan;nan;nan;nan;nan;nan;nan;nan;nan;nan;nan;nan;nan;nan;nan;nan;nan;nan;nan;nan;nan;nan;nan;nan;nan;nan;nan;nan;nan;nan;nan;nan;nan;nan;nan;nan;nan;nan;nan;nan;nan;nan;nan;nan;nan;nan;nan;nan;nan;nan;nan;nan;nan;nan;nan;nan;nan;nan;nan;nan;nan;nan;nan;nan;nan;nan;nan;nan;nan;nan;nan;nan;nan;nan;nan;nan;nan;nan;nan;nan;nan;nan;nan;nan;nan;nan;nan;nan;nan;nan;nan;nan;nan;nan;nan;nan;nan;nan;nan;nan;nan;nan;nan;nan;nan;nan;nan;nan;nan;nan;nan;nan;nan;nan;nan;nan;nan;nan;nan;nan;nan;nan;nan;nan;nan;nan;nan;nan;nan;nan;nan;nan;nan;nan;nan;nan;nan;nan;nan;nan;nan;nan;nan;nan;nan;nan;nan;nan;nan;nan;nan;nan;nan;nan;nan;nan;nan;nan;nan;nan;nan;nan;nan;nan;nan;nan;nan;nan;nan;nan;nan;nan;nan;nan;nan;nan;nan;nan;nan;nan;nan;nan;nan;nan;nan;nan;nan;nan;nan;nan;nan;nan;nan;nan;nan;nan;nan;nan;nan;nan;nan;nan;nan;nan;nan;nan;nan;nan;nan;nan;nan;nan;nan;nan;nan;nan;nan;nan;nan;nan;nan;nan;nan;nan;nan;nan;nan;nan;nan;nan;nan;nan;nan;nan;nan;nan;nan;nan;nan;nan;nan;nan;nan;nan;nan;nan;nan;nan;nan;nan;nan;nan;nan;nan;nan;nan;nan;nan;nan;nan;nan;nan;nan;nan;nan;nan;nan;nan;nan;nan;nan;nan;nan;nan;nan;nan;nan;nan;nan;nan;nan;nan;nan;nan;nan;nan;nan;nan;nan;nan;nan;nan;nan;nan;nan;nan;nan;nan;nan;nan;nan;nan;nan;nan;nan;nan;nan;nan;nan;nan;nan;nan;nan;nan;nan;nan;nan;nan;nan;nan;nan;nan;nan;nan;nan;nan;nan;nan;nan;nan;nan;nan;nan;nan;nan;nan;nan;nan;nan;nan;nan;nan;nan;nan;nan;nan;nan;nan;nan;nan;nan;nan;nan;nan;nan;nan;nan;nan;nan;nan;nan;nan;nan;nan;nan;nan;nan;nan;nan;nan;nan;nan;nan;nan;nan;nan;nan;nan;nan;nan;nan;nan;nan;nan;nan;nan;nan;nan;nan;nan;nan;nan;nan;nan;nan;nan;nan;nan;nan;nan;nan;nan;nan;nan;nan;nan;nan;nan;nan;nan;nan;nan;nan;nan;nan;nan;nan;nan;nan;nan;nan;nan;nan;nan;nan;nan;nan;nan;nan;nan;nan;nan;nan;nan;nan;nan;nan;nan;nan;nan;nan;nan;nan;nan;nan;nan;nan;nan;nan;nan;nan;nan;nan;nan;nan;nan;nan;nan;nan;nan;nan;nan;nan;nan;nan;nan;nan;nan;nan;nan;nan;nan;nan;nan;nan;nan;nan;nan;nan;nan;nan;nan;nan;nan;nan;nan;nan;nan;nan;nan;nan;nan;nan;nan;nan;nan;nan;nan;nan;nan;nan;nan;nan;nan;nan;nan;nan;nan;nan;nan;nan;nan;nan;nan;nan;nan;nan;nan;nan;nan;nan;nan;nan;nan;nan;nan;0.646533;8.653584459814585;0.7494530680279196;0.6421205706416785;0.5;0.3133199;9.992007221626413e-16;1.0;1.0;0;0.0030028820037841797;0.646533;8.653584459814585;0.7494530680279196;0.6421205706416785;0.5;0.3133199;9.992007221626413e-16;1.0;1.0;0.0;0.0;0.0;0.0;0.0;0.0;0.0;0.0;0.0;0.0;0.0;0.0030028820037841797;0.70571905;0.7282888576479949;0.2838837378893635;0.3034661805884537;0.2896146419082199;0.31292033195495605;20437.152;0.4456968847946047;0.7984165017189291;0.8001768723995489;0.8187498279211801;202.35379838943481;nan;nan;nan;nan;nan;nan;nan;nan;nan;nan;nan;nan;nan;nan;nan;nan;nan;nan;nan;nan;nan;nan;nan;nan;nan;nan;nan;nan;nan;nan;nan;nan;nan;nan;nan;nan;nan;nan;nan;nan;nan;nan;nan;nan;nan;nan;nan;nan;nan;nan;nan;nan;nan;nan;nan;nan;nan;nan;nan;nan;nan;nan;nan;nan;nan;nan;nan;nan;nan;nan;nan;nan;nan;nan;nan;nan;nan;nan;nan;nan;nan;nan;nan;nan;nan;nan;nan;nan;nan;nan;nan;nan;nan;nan;nan;nan;nan;nan;nan;nan;nan;nan;nan;nan;nan;nan;nan;nan;nan;nan;nan;nan;nan;nan;nan;nan;nan;nan;nan;nan;nan;nan;nan;nan;nan;nan;nan;nan;nan;nan;nan;nan;nan;nan;nan;nan;nan;nan;nan;nan;nan;nan;nan;nan;nan;nan;nan;nan;nan;nan;nan;nan;nan;nan;nan;nan;nan;nan;nan;nan;nan;nan;nan;nan;nan;nan;nan;nan;nan;nan;nan;nan;nan;nan;nan;nan;nan;nan;nan;nan;nan;nan;nan;nan;nan;nan;nan;nan;nan;nan;nan;nan;nan;nan;nan;nan;nan;nan;nan;nan;nan;nan;nan;nan;nan;nan;nan;nan;nan;nan;nan;nan;nan;nan;nan;nan;nan;nan;nan;nan;nan;nan;nan;nan;nan;nan;nan;nan;nan;nan;nan;nan;nan;nan;nan;nan;nan;nan;nan;nan;nan;nan;nan;nan;nan;nan;nan;nan;nan;nan;nan;nan;nan;nan;nan;nan;nan;nan;nan;nan;nan;nan;nan;nan;nan;nan;nan;nan;nan;nan;nan;nan;nan;nan;nan;nan;nan;nan;nan;nan;nan;nan;nan;nan;nan;nan;nan;nan;nan;nan;nan;nan;nan;nan;nan;nan;nan;nan;nan;nan;nan;nan;nan;nan;nan;nan;nan;nan;nan;nan;nan;nan;nan;nan;nan;nan;nan;nan;nan;nan;nan;nan;nan;nan;nan;nan;nan;nan;nan;nan;nan;nan;nan;nan;nan;nan;nan;nan;nan;nan;nan;nan;nan;nan;nan;nan;nan;nan;nan;nan;nan;nan;nan;nan;nan;nan;nan;nan;nan;nan;nan;nan;nan;nan;nan;nan;nan;nan;nan;nan;nan;nan;nan;nan;nan;nan;nan;nan;nan;nan;nan;nan;nan;nan;nan;nan;nan;nan;nan;nan;nan;nan;nan;nan;nan;nan;nan;nan;nan;nan;nan;nan;nan;nan;nan;nan;nan;nan;nan;nan;nan;nan;nan;nan;nan;nan;nan;nan;nan;nan;nan;nan;nan;nan;nan;nan;nan;nan;nan;nan;nan;nan;nan;nan;nan;nan;nan;nan;nan;nan;nan;nan;nan;nan;nan;nan;nan;nan;nan;nan;nan;nan;nan;nan;nan;nan;nan;nan;nan;nan;nan;nan;nan;nan;nan;nan;nan;nan;nan;nan;nan;nan;nan;nan;nan;nan;nan;nan;nan;nan;nan;nan;nan;nan;nan;nan;nan;nan;nan;nan;nan;nan;nan;nan;nan;nan;nan;nan;nan;nan;nan;nan;nan;nan;nan;nan;nan;nan;nan;nan;nan;nan;nan;nan;nan;nan;nan;nan;nan;nan;nan;nan;nan;nan;nan;nan;nan;nan;nan;nan;nan;nan;nan;nan;nan;nan;nan;nan;nan;nan;nan;nan;nan;nan;nan;nan;nan;nan;nan;nan;nan;nan;nan;nan;nan;nan;nan;nan;nan;nan;nan;nan;nan;nan;nan;nan;nan;nan;nan;nan;nan;nan;nan;nan;nan;nan;nan;nan;nan;nan;nan;nan;nan;nan;nan;nan;nan;nan;nan;nan;nan;nan;nan;nan;nan;nan;nan;nan;nan;nan;nan;nan;nan;nan;nan;nan;nan;nan;nan;nan;nan;nan;nan;nan;nan;nan;nan;nan;nan;nan;nan;nan;nan;nan;nan;nan;nan;nan;nan;nan;nan;nan;nan;nan;nan;nan;nan;nan;nan;nan;nan;nan;nan;nan;nan;nan;nan;nan;nan;nan;nan;nan;nan;nan;nan;nan;nan;nan;nan;nan;0.646533;8.653584459814585;0.7494530680279196;0.6421205706416785;0.5;0.31327257;9.992007221626413e-16;1.0;1.0;0;0.0010013580322265625;0.646533;8.653584459814585;0.7494530680279196;0.6421205706416785;0.5;0.31327257;9.992007221626413e-16;1.0;1.0;0.0;0.0;0.0;0.0;0.0;0.0;0.0;0.0;0.0;0.0;0.0;0.0010013580322265625;0.70571905;0.7282888576479949;0.2838837378893635;0.3034661805884537;0.2896146419082199;0.31292033195495605;20437.152;0.4456968847946047;0.7984165017189291;0.8001768723995489;0.8187498279211801;202.35379838943481;nan;nan;nan;nan;nan;nan;nan;nan;nan;nan;nan;nan;nan;nan;nan;nan;nan;nan;nan;nan;nan;nan;nan;nan;nan;nan;nan;nan;nan;nan;nan;nan;nan;nan;nan;nan;nan;nan;nan;nan;nan;nan;nan;nan;nan;nan;nan;nan;nan;nan;nan;nan;nan;nan;nan;nan;nan;nan;nan;nan;nan;nan;nan;nan;nan;nan;nan;nan;nan;nan;nan;nan;nan;nan;nan;nan;nan;nan;nan;nan;nan;nan;nan;nan;nan;nan;nan;nan;nan;nan;nan;nan;nan;nan;nan;nan;nan;nan;nan;nan;nan;nan;nan;nan;nan;nan;nan;nan;nan;nan;nan;nan;nan;nan;nan;nan;nan;nan;nan;nan;nan;nan;nan;nan;nan;nan;nan;nan;nan;nan;nan;nan;nan;nan;nan;nan;nan;nan;nan;nan;nan;nan;nan;nan;nan;nan;nan;nan;nan;nan;nan;nan;nan;nan;nan;nan;nan;nan;nan;nan;nan;nan;nan;nan;nan;nan;nan;nan;nan;nan;nan;nan;nan;nan;nan;nan;nan;nan;nan;nan;nan;nan;nan;nan;nan;nan;nan;nan;nan;nan;nan;nan;nan;nan;nan;nan;nan;nan;nan;nan;nan;nan;nan;nan;nan;nan;nan;nan;nan;nan;nan;nan;nan;nan;nan;nan;nan;nan;nan;nan;nan;nan;nan;nan;nan;nan;nan;nan;nan;nan;nan;nan;nan;nan;nan;nan;nan;nan;nan;nan;nan;nan;nan;nan;nan;nan;nan;nan;nan;nan;nan;nan;nan;nan;nan;nan;nan;nan;nan;nan;nan;nan;nan;nan;nan;nan;nan;nan;nan;nan;nan;nan;nan;nan;nan;nan;nan;nan;nan;nan;nan;nan;nan;nan;nan;nan;nan;nan;nan;nan;nan;nan;nan;nan;nan;nan;nan;nan;nan;nan;nan;nan;nan;nan;nan;nan;nan;nan;nan;nan;nan;nan;nan;nan;nan;nan;nan;nan;nan;nan;nan;nan;nan;nan;nan;nan;nan;nan;nan;nan;nan;nan;nan;nan;nan;nan;nan;nan;nan;nan;nan;nan;nan;nan;nan;nan;nan;nan;nan;nan;nan;nan;nan;nan;nan;nan;nan;nan;nan;nan;nan;nan;nan;nan;nan;nan;nan;nan;nan;nan;nan;nan;nan;nan;nan;nan;nan;nan;nan;nan;nan;nan;nan;nan;nan;nan;nan;nan;nan;nan;nan;nan;nan;nan;nan;nan;nan;nan;nan;nan;nan;nan;nan;nan;nan;nan;nan;nan;nan;nan;nan;nan;nan;nan;nan;nan;nan;nan;nan;nan;nan;nan;nan;nan;nan;nan;nan;nan;nan;nan;nan;nan;nan;nan;nan;nan;nan;nan;nan;nan;nan;nan;nan;nan;nan;nan;nan;nan;nan;nan;nan;nan;nan;nan;nan;nan;nan;nan;nan;nan;nan;nan;nan;nan;nan;nan;nan;nan;nan;nan;nan;nan;nan;nan;nan;nan;nan;nan;nan;nan;nan;nan;nan;nan;nan;nan;nan;nan;nan;nan;nan;nan;nan;nan;nan;nan;nan;nan;nan;nan;nan;nan;nan;nan;nan;nan;nan;nan;nan;nan;nan;nan;nan;nan;nan;nan;nan;nan;nan;nan;nan;nan;nan;nan;nan;nan;nan;nan;nan;nan;nan;nan;nan;nan;nan;nan;nan;nan;nan;nan;nan;nan;nan;nan;nan;nan;nan;nan;nan;nan;nan;nan;nan;nan;nan;nan;nan;nan;nan;nan;nan;nan;nan;nan;nan;nan;nan;nan;nan;nan;nan;nan;nan;nan;nan;nan;nan;nan;nan;nan;nan;nan;nan;nan;nan;nan;nan;nan;nan;nan;nan;nan;nan;nan;nan;nan;nan;nan;nan;nan;nan;nan;nan;nan;nan;nan;nan;nan;nan;nan;nan;nan;nan;nan;nan;nan;nan;nan;nan;nan;nan;nan;nan;nan;nan;nan;nan;nan;nan;nan;nan;nan;nan;nan;nan;nan;nan;nan;nan;nan;nan;nan;nan;nan;nan;nan;nan;nan;nan;nan;nan;nan;nan;nan;nan;nan;nan;nan;nan;nan;0.646533;8.653584459814585;0.7494530680279196;0.6421205706416785;0.5;0.31326193;9.992007221626413e-16;1.0;1.0;0;0.00557398796081543;0.646533;8.653584459814585;0.7494530680279196;0.6421205706416785;0.5;0.31326193;9.992007221626413e-16;1.0;1.0;0.0;0.0;0.0;0.0;0.0;0.0;0.0;0.0;0.0;0.0;0.0;0.00557398796081543;0.70571905;0.7282888576479949;0.2838837378893635;0.3034661805884537;0.2896146419082199;0.31292033195495605;20437.152;0.4456968847946047;0.7984165017189291;0.8001768723995489;0.8187498279211801;202.35379838943481;nan;nan;nan;nan;nan;nan;nan;nan;nan;nan;nan;nan;nan;nan;nan;nan;nan;nan;nan;nan;nan;nan;nan;nan;nan;nan;nan;nan;nan;nan;nan;nan;nan;nan;nan;nan;nan;nan;nan;nan;nan;nan;nan;nan;nan;nan;nan;nan;nan;nan;nan;nan;nan;nan;nan;nan;nan;nan;nan;nan;nan;nan;nan;nan;nan;nan;nan;nan;nan;nan;nan;nan;nan;nan;nan;nan;nan;nan;nan;nan;nan;nan;nan;nan;nan;nan;nan;nan;nan;nan;nan;nan;nan;nan;nan;nan;nan;nan;nan;nan;nan;nan;nan;nan;nan;nan;nan;nan;nan;nan;nan;nan;nan;nan;nan;nan;nan;nan;nan;nan;nan;nan;nan;nan;nan;nan;nan;nan;nan;nan;nan;nan;nan;nan;nan;nan;nan;nan;nan;nan;nan;nan;nan;nan;nan;nan;nan;nan;nan;nan;nan;nan;nan;nan;nan;nan;nan;nan;nan;nan;nan;nan;nan;nan;nan;nan;nan;nan;nan;nan;nan;nan;nan;nan;nan;nan;nan;nan;nan;nan;nan;nan;nan;nan;nan;nan;nan;nan;nan;nan;nan;nan;nan;nan;nan;nan;nan;nan;nan;nan;nan;nan;nan;nan;nan;nan;nan;nan;nan;nan;nan;nan;nan;nan;nan;nan;nan;nan;nan;nan;nan;nan;nan;nan;nan;nan;nan;nan;nan;nan;nan;nan;nan;nan;nan;nan;nan;nan;nan;nan;nan;nan;nan;nan;nan;nan;nan;nan;nan;nan;nan;nan;nan;nan;nan;nan;nan;nan;nan;nan;nan;nan;nan;nan;nan;nan;nan;nan;nan;nan;nan;nan;nan;nan;nan;nan;nan;nan;nan;nan;nan;nan;nan;nan;nan;nan;nan;nan;nan;nan;nan;nan;nan;nan;nan;nan;nan;nan;nan;nan;nan;nan;nan;nan;nan;nan;nan;nan;nan;nan;nan;nan;nan;nan;nan;nan;nan;nan;nan;nan;nan;nan;nan;nan;nan;nan;nan;nan;nan;nan;nan;nan;nan;nan;nan;nan;nan;nan;nan;nan;nan;nan;nan;nan;nan;nan;nan;nan;nan;nan;nan;nan;nan;nan;nan;nan;nan;nan;nan;nan;nan;nan;nan;nan;nan;nan;nan;nan;nan;nan;nan;nan;nan;nan;nan;nan;nan;nan;nan;nan;nan;nan;nan;nan;nan;nan;nan;nan;nan;nan;nan;nan;nan;nan;nan;nan;nan;nan;nan;nan;nan;nan;nan;nan;nan;nan;nan;nan;nan;nan;nan;nan;nan;nan;nan;nan;nan;nan;nan;nan;nan;nan;nan;nan;nan;nan;nan;nan;nan;nan;nan;nan;nan;nan;nan;nan;nan;nan;nan;nan;nan;nan;nan;nan;nan;nan;nan;nan;nan;nan;nan;nan;nan;nan;nan;nan;nan;nan;nan;nan;nan;nan;nan;nan;nan;nan;nan;nan;nan;nan;nan;nan;nan;nan;nan;nan;nan;nan;nan;nan;nan;nan;nan;nan;nan;nan;nan;nan;nan;nan;nan;nan;nan;nan;nan;nan;nan;nan;nan;nan;nan;nan;nan;nan;nan;nan;nan;nan;nan;nan;nan;nan;nan;nan;nan;nan;nan;nan;nan;nan;nan;nan;nan;nan;nan;nan;nan;nan;nan;nan;nan;nan;nan;nan;nan;nan;nan;nan;nan;nan;nan;nan;nan;nan;nan;nan;nan;nan;nan;nan;nan;nan;nan;nan;nan;nan;nan;nan;nan;nan;nan;nan;nan;nan;nan;nan;nan;nan;nan;nan;nan;nan;nan;nan;nan;nan;nan;nan;nan;nan;nan;nan;nan;nan;nan;nan;nan;nan;nan;nan;nan;nan;nan;nan;nan;nan;nan;nan;nan;nan;nan;nan;nan;nan;nan;nan;nan;nan;nan;nan;nan;nan;nan;nan;nan;nan;nan;nan;nan;nan;nan;nan;nan;nan;nan;nan;nan;nan;nan;nan;nan;nan;nan;nan;nan;nan;nan;nan;nan;nan;nan;nan;nan;nan;nan;nan;nan;nan;nan;nan;nan;nan;nan;nan;nan;nan;nan;nan;nan;nan;0.646533;8.653584459814585;0.7494530680279196;0.6421205706416785;0.5;0.31326196;9.992007221626413e-16;1.0;1.0;0;0.001497030258178711;0.646533;8.653584459814585;0.7494530680279196;0.6421205706416785;0.5;0.31326196;9.992007221626413e-16;1.0;1.0;0.0;0.0;0.0;0.0;0.0;0.0;0.0;0.0;0.0;0.0;0.0;0.001497030258178711;0.70571905;0.7282888576479949;0.2838837378893635;0.3034661805884537;0.2896146419082199;0.31292033195495605;20437.152;0.4456968847946047;0.7984165017189291;0.8001768723995489;0.8187498279211801;202.35379838943481;nan;nan;nan;nan;nan;nan;nan;nan;nan;nan;nan;nan;nan;nan;nan;nan;nan;nan;nan;nan;nan;nan;nan;nan;nan;nan;nan;nan;nan;nan;nan;nan;nan;nan;nan;nan;nan;nan;nan;nan;nan;nan;nan;nan;nan;nan;nan;nan;nan;nan;nan;nan;nan;nan;nan;nan;nan;nan;nan;nan;nan;nan;nan;nan;nan;nan;nan;nan;nan;nan;nan;nan;nan;nan;nan;nan;nan;nan;nan;nan;nan;nan;nan;nan;nan;nan;nan;nan;nan;nan;nan;nan;nan;nan;nan;nan;nan;nan;nan;nan;nan;nan;nan;nan;nan;nan;nan;nan;nan;nan;nan;nan;nan;nan;nan;nan;nan;nan;nan;nan;nan;nan;nan;nan;nan;nan;nan;nan;nan;nan;nan;nan;nan;nan;nan;nan;nan;nan;nan;nan;nan;nan;nan;nan;nan;nan;nan;nan;nan;nan;nan;nan;nan;nan;nan;nan;nan;nan;nan;nan;nan;nan;nan;nan;nan;nan;nan;nan;nan;nan;nan;nan;nan;nan;nan;nan;nan;nan;nan;nan;nan;nan;nan;nan;nan;nan;nan;nan;nan;nan;nan;nan;nan;nan;nan;nan;nan;nan;nan;nan;nan;nan;nan;nan;nan;nan;nan;nan;nan;nan;nan;nan;nan;nan;nan;nan;nan;nan;nan;nan;nan;nan;nan;nan;nan;nan;nan;nan;nan;nan;nan;nan;nan;nan;nan;nan;nan;nan;nan;nan;nan;nan;nan;nan;nan;nan;nan;nan;nan;nan;nan;nan;nan;nan;nan;nan;nan;nan;nan;nan;nan;nan;nan;nan;nan;nan;nan;nan;nan;nan;nan;nan;nan;nan;nan;nan;nan;nan;nan;nan;nan;nan;nan;nan;nan;nan;nan;nan;nan;nan;nan;nan;nan;nan;nan;nan;nan;nan;nan;nan;nan;nan;nan;nan;nan;nan;nan;nan;nan;nan;nan;nan;nan;nan;nan;nan;nan;nan;nan;nan;nan;nan;nan;nan;nan;nan;nan;nan;nan;nan;nan;nan;nan;nan;nan;nan;nan;nan;nan;nan;nan;nan;nan;nan;nan;nan;nan;nan;nan;nan;nan;nan;nan;nan;nan;nan;nan;nan;nan;nan;nan;nan;nan;nan;nan;nan;nan;nan;nan;nan;nan;nan;nan;nan;nan;nan;nan;nan;nan;nan;nan;nan;nan;nan;nan;nan;nan;nan;nan;nan;nan;nan;nan;nan;nan;nan;nan;nan;nan;nan;nan;nan;nan;nan;nan;nan;nan;nan;nan;nan;nan;nan;nan;nan;nan;nan;nan;nan;nan;nan;nan;nan;nan;nan;nan;nan;nan;nan;nan;nan;nan;nan;nan;nan;nan;nan;nan;nan;nan;nan;nan;nan;nan;nan;nan;nan;nan;nan;nan;nan;nan;nan;nan;nan;nan;nan;nan;nan;nan;nan;nan;nan;nan;nan;nan;nan;nan;nan;nan;nan;nan;nan;nan;nan;nan;nan;nan;nan;nan;nan;nan;nan;nan;nan;nan;nan;nan;nan;nan;nan;nan;nan;nan;nan;nan;nan;nan;nan;nan;nan;nan;nan;nan;nan;nan;nan;nan;nan;nan;nan;nan;nan;nan;nan;nan;nan;nan;nan;nan;nan;nan;nan;nan;nan;nan;nan;nan;nan;nan;nan;nan;nan;nan;nan;nan;nan;nan;nan;nan;nan;nan;nan;nan;nan;nan;nan;nan;nan;nan;nan;nan;nan;nan;nan;nan;nan;nan;nan;nan;nan;nan;nan;nan;nan;nan;nan;nan;nan;nan;nan;nan;nan;nan;nan;nan;nan;nan;nan;nan;nan;nan;nan;nan;nan;nan;nan;nan;nan;nan;nan;nan;nan;nan;nan;nan;nan;nan;nan;nan;nan;nan;nan;nan;nan;nan;nan;nan;nan;nan;nan;nan;nan;nan;nan;nan;nan;nan;nan;nan;nan;nan;nan;nan;nan;nan;nan;nan;nan;nan;nan;nan;nan;nan;nan;nan;nan;nan;nan;nan;nan;nan;nan;nan;nan;nan;nan;nan;nan;nan;nan;nan;nan;nan;nan;nan;nan;nan;nan;nan;nan;0.59756863;0.45263589843005403;0.8250859464527555;0.8152197515847437;0.744738280976813;0.6021608;0.487593469934372;0.7831251099771248;0.7730535151437229;0.7716493671744338;0.20267486572265625;0.59756863;0.45263589843005403;0.8250859464527555;0.8152197515847437;0.744738280976813;0.6021608;0.487593469934372;0.7831251099771248;0.7730535151437229;0.7716493671744338;0.0;0.0;0.0;0.0;0.0;0.0;0.0;0.0;0.0;0.0;0.20267486572265625;0.70571905;0.7282888576479949;0.2838837378893635;0.3034661805884537;0.2896146419082199;0.31292033195495605;20437.152;0.4456968847946047;0.7984165017189291;0.8001768723995489;0.8187498279211801;202.35379838943481;nan;nan;nan;nan;nan;nan;nan;nan;nan;nan;nan;nan;nan;nan;nan;nan;nan;nan;nan;nan;nan;nan;nan;nan;nan;nan;nan;nan;nan;nan;nan;nan;nan;nan;nan;nan;nan;nan;nan;nan;nan;nan;nan;nan;nan;nan;nan;nan;nan;nan;nan;nan;nan;nan;nan;nan;nan;nan;nan;nan;nan;nan;nan;nan;nan;nan;nan;nan;nan;nan;nan;nan;nan;nan;nan;nan;nan;nan;nan;nan;nan;nan;nan;nan;nan;nan;nan;nan;nan;nan;nan;nan;nan;nan;nan;nan;nan;nan;nan;nan;nan;nan;nan;nan;nan;nan;nan;nan;nan;nan;nan;nan;nan;nan;nan;nan;nan;nan;nan;nan;nan;nan;nan;nan;nan;nan;nan;nan;nan;nan;nan;nan;nan;nan;nan;nan;nan;nan;nan;nan;nan;nan;nan;nan;nan;nan;nan;nan;nan;nan;nan;nan;nan;nan;nan;nan;nan;nan;nan;nan;nan;nan;nan;nan;nan;nan;nan;nan;nan;nan;nan;nan;nan;nan;nan;nan;nan;nan;nan;nan;nan;nan;nan;nan;nan;nan;nan;nan;nan;nan;nan;nan;nan;nan;nan;nan;nan;nan;nan;nan;nan;nan;nan;nan;nan;nan;nan;nan;nan;nan;nan;nan;nan;nan;nan;nan;nan;nan;nan;nan;nan;nan;nan;nan;nan;nan;nan;nan;nan;nan;nan;nan;nan;nan;nan;nan;nan;nan;nan;nan;nan;nan;nan;nan;nan;nan;nan;nan;nan;nan;nan;nan;nan;nan;nan;nan;nan;nan;nan;nan;nan;nan;nan;nan;nan;nan;nan;nan;nan;nan;nan;nan;nan;nan;nan;nan;nan;nan;nan;nan;nan;nan;nan;nan;nan;nan;nan;nan;nan;nan;nan;nan;nan;nan;nan;nan;nan;nan;nan;nan;nan;nan;nan;nan;nan;nan;nan;nan;nan;nan;nan;nan;nan;nan;nan;nan;nan;nan;nan;nan;nan;nan;nan;nan;nan;nan;nan;nan;nan;nan;nan;nan;nan;nan;nan;nan;nan;nan;nan;nan;nan;nan;nan;nan;nan;nan;nan;nan;nan;nan;nan;nan;nan;nan;nan;nan;nan;nan;nan;nan;nan;nan;nan;nan;nan;nan;nan;nan;nan;nan;nan;nan;nan;nan;nan;nan;nan;nan;nan;nan;nan;nan;nan;nan;nan;nan;nan;nan;nan;nan;nan;nan;nan;nan;nan;nan;nan;nan;nan;nan;nan;nan;nan;nan;nan;nan;nan;nan;nan;nan;nan;nan;nan;nan;nan;nan;nan;nan;nan;nan;nan;nan;nan;nan;nan;nan;nan;nan;nan;nan;nan;nan;nan;nan;nan;nan;nan;nan;nan;nan;nan;nan;nan;nan;nan;nan;nan;nan;nan;nan;nan;nan;nan;nan;nan;nan;nan;nan;nan;nan;nan;nan;nan;nan;nan;nan;nan;nan;nan;nan;nan;nan;nan;nan;nan;nan;nan;nan;nan;nan;nan;nan;nan;nan;nan;nan;nan;nan;nan;nan;nan;nan;nan;nan;nan;nan;nan;nan;nan;nan;nan;nan;nan;nan;nan;nan;nan;nan;nan;nan;nan;nan;nan;nan;nan;nan;nan;nan;nan;nan;nan;nan;nan;nan;nan;nan;nan;nan;nan;nan;nan;nan;nan;nan;nan;nan;nan;nan;nan;nan;nan;nan;nan;nan;nan;nan;nan;nan;nan;nan;nan;nan;nan;nan;nan;nan;nan;nan;nan;nan;nan;nan;nan;nan;nan;nan;nan;nan;nan;nan;nan;nan;nan;nan;nan;nan;nan;nan;nan;nan;nan;nan;nan;nan;nan;nan;nan;nan;nan;nan;nan;nan;nan;nan;nan;nan;nan;nan;nan;nan;nan;nan;nan;nan;nan;nan;nan;nan;nan;nan;nan;nan;nan;nan;nan;nan;nan;nan;nan;nan;nan;nan;nan;nan;nan;nan;nan;nan;nan;nan;nan;nan;nan;nan;nan;nan;nan;nan;nan;nan;nan;nan;nan;nan;nan;nan;nan;nan;nan;nan;nan;nan;nan;nan;nan;nan;nan;nan;nan;nan;0.646533;8.653584459814585;0.7494530680279196;0.6421205706416785;0.5;0.31326196;9.992007221626413e-16;1.0;1.0;0;0.0017764568328857422;0.646533;8.653584459814585;0.7494530680279196;0.6421205706416785;0.5;0.31326196;9.992007221626413e-16;1.0;1.0;0.0;0.0;0.0;0.0;0.0;0.0;0.0;0.0;0.0;0.0;0.0;0.0017764568328857422;0.70571905;0.7282888576479949;0.2838837378893635;0.3034661805884537;0.2896146419082199;0.31292033195495605;20437.152;0.4456968847946047;0.7984165017189291;0.8001768723995489;0.8187498279211801;202.35379838943481;nan;nan;nan;nan;nan;nan;nan;nan;nan;nan;nan;nan;nan;nan;nan;nan;nan;nan;nan;nan;nan;nan;nan;nan;nan;nan;nan;nan;nan;nan;nan;nan;nan;nan;nan;nan;nan;nan;nan;nan;nan;nan;nan;nan;nan;nan;nan;nan;nan;nan;nan;nan;nan;nan;nan;nan;nan;nan;nan;nan;nan;nan;nan;nan;nan;nan;nan;nan;nan;nan;nan;nan;nan;nan;nan;nan;nan;nan;nan;nan;nan;nan;nan;nan;nan;nan;nan;nan;nan;nan;nan;nan;nan;nan;nan;nan;nan;nan;nan;nan;nan;nan;nan;nan;nan;nan;nan;nan;nan;nan;nan;nan;nan;nan;nan;nan;nan;nan;nan;nan;nan;nan;nan;nan;nan;nan;nan;nan;nan;nan;nan;nan;nan;nan;nan;nan;nan;nan;nan;nan;nan;nan;nan;nan;nan;nan;nan;nan;nan;nan;nan;nan;nan;nan;nan;nan;nan;nan;nan;nan;nan;nan;nan;nan;nan;nan;nan;nan;nan;nan;nan;nan;nan;nan;nan;nan;nan;nan;nan;nan;nan;nan;nan;nan;nan;nan;nan;nan;nan;nan;nan;nan;nan;nan;nan;nan;nan;nan;nan;nan;nan;nan;nan;nan;nan;nan;nan;nan;nan;nan;nan;nan;nan;nan;nan;nan;nan;nan;nan;nan;nan;nan;nan;nan;nan;nan;nan;nan;nan;nan;nan;nan;nan;nan;nan;nan;nan;nan;nan;nan;nan;nan;nan;nan;nan;nan;nan;nan;nan;nan;nan;nan;nan;nan;nan;nan;nan;nan;nan;nan;nan;nan;nan;nan;nan;nan;nan;nan;nan;nan;nan;nan;nan;nan;nan;nan;nan;nan;nan;nan;nan;nan;nan;nan;nan;nan;nan;nan;nan;nan;nan;nan;nan;nan;nan;nan;nan;nan;nan;nan;nan;nan;nan;nan;nan;nan;nan;nan;nan;nan;nan;nan;nan;nan;nan;nan;nan;nan;nan;nan;nan;nan;nan;nan;nan;nan;nan;nan;nan;nan;nan;nan;nan;nan;nan;nan;nan;nan;nan;nan;nan;nan;nan;nan;nan;nan;nan;nan;nan;nan;nan;nan;nan;nan;nan;nan;nan;nan;nan;nan;nan;nan;nan;nan;nan;nan;nan;nan;nan;nan;nan;nan;nan;nan;nan;nan;nan;nan;nan;nan;nan;nan;nan;nan;nan;nan;nan;nan;nan;nan;nan;nan;nan;nan;nan;nan;nan;nan;nan;nan;nan;nan;nan;nan;nan;nan;nan;nan;nan;nan;nan;nan;nan;nan;nan;nan;nan;nan;nan;nan;nan;nan;nan;nan;nan;nan;nan;nan;nan;nan;nan;nan;nan;nan;nan;nan;nan;nan;nan;nan;nan;nan;nan;nan;nan;nan;nan;nan;nan;nan;nan;nan;nan;nan;nan;nan;nan;nan;nan;nan;nan;nan;nan;nan;nan;nan;nan;nan;nan;nan;nan;nan;nan;nan;nan;nan;nan;nan;nan;nan;nan;nan;nan;nan;nan;nan;nan;nan;nan;nan;nan;nan;nan;nan;nan;nan;nan;nan;nan;nan;nan;nan;nan;nan;nan;nan;nan;nan;nan;nan;nan;nan;nan;nan;nan;nan;nan;nan;nan;nan;nan;nan;nan;nan;nan;nan;nan;nan;nan;nan;nan;nan;nan;nan;nan;nan;nan;nan;nan;nan;nan;nan;nan;nan;nan;nan;nan;nan;nan;nan;nan;nan;nan;nan;nan;nan;nan;nan;nan;nan;nan;nan;nan;nan;nan;nan;nan;nan;nan;nan;nan;nan;nan;nan;nan;nan;nan;nan;nan;nan;nan;nan;nan;nan;nan;nan;nan;nan;nan;nan;nan;nan;nan;nan;nan;nan;nan;nan;nan;nan;nan;nan;nan;nan;nan;nan;nan;nan;nan;nan;nan;nan;nan;nan;nan;nan;nan;nan;nan;nan;nan;nan;nan;nan;nan;nan;nan;nan;nan;nan;nan;nan;nan;nan;nan;nan;nan;nan;nan;nan;nan;nan;nan;nan;nan;nan;nan;nan;nan;nan;nan;nan;nan;nan;nan;nan;nan;nan;nan;nan;0.646533;8.653584459814585;0.7494530680279196;0.6421205706416785;0.5;0.31326208;9.992007221626413e-16;1.0;1.0;0;0.0015392303466796875;0.646533;8.653584459814585;0.7494530680279196;0.6421205706416785;0.5;0.31326208;9.992007221626413e-16;1.0;1.0;0.0;0.0;0.0;0.0;0.0;0.0;0.0;0.0;0.0;0.0;0.0;0.0015392303466796875;0.70571905;0.7282888576479949;0.2838837378893635;0.3034661805884537;0.2896146419082199;0.31292033195495605;20437.152;0.4456968847946047;0.7984165017189291;0.8001768723995489;0.8187498279211801;202.35379838943481;nan;nan;nan;nan;nan;nan;nan;nan;nan;nan;nan;nan;nan;nan;nan;nan;nan;nan;nan;nan;nan;nan;nan;nan;nan;nan;nan;nan;nan;nan;nan;nan;nan;nan;nan;nan;nan;nan;nan;nan;nan;nan;nan;nan;nan;nan;nan;nan;nan;nan;nan;nan;nan;nan;nan;nan;nan;nan;nan;nan;nan;nan;nan;nan;nan;nan;nan;nan;nan;nan;nan;nan;nan;nan;nan;nan;nan;nan;nan;nan;nan;nan;nan;nan;nan;nan;nan;nan;nan;nan;nan;nan;nan;nan;nan;nan;nan;nan;nan;nan;nan;nan;nan;nan;nan;nan;nan;nan;nan;nan;nan;nan;nan;nan;nan;nan;nan;nan;nan;nan;nan;nan;nan;nan;nan;nan;nan;nan;nan;nan;nan;nan;nan;nan;nan;nan;nan;nan;nan;nan;nan;nan;nan;nan;nan;nan;nan;nan;nan;nan;nan;nan;nan;nan;nan;nan;nan;nan;nan;nan;nan;nan;nan;nan;nan;nan;nan;nan;nan;nan;nan;nan;nan;nan;nan;nan;nan;nan;nan;nan;nan;nan;nan;nan;nan;nan;nan;nan;nan;nan;nan;nan;nan;nan;nan;nan;nan;nan;nan;nan;nan;nan;nan;nan;nan;nan;nan;nan;nan;nan;nan;nan;nan;nan;nan;nan;nan;nan;nan;nan;nan;nan;nan;nan;nan;nan;nan;nan;nan;nan;nan;nan;nan;nan;nan;nan;nan;nan;nan;nan;nan;nan;nan;nan;nan;nan;nan;nan;nan;nan;nan;nan;nan;nan;nan;nan;nan;nan;nan;nan;nan;nan;nan;nan;nan;nan;nan;nan;nan;nan;nan;nan;nan;nan;nan;nan;nan;nan;nan;nan;nan;nan;nan;nan;nan;nan;nan;nan;nan;nan;nan;nan;nan;nan;nan;nan;nan;nan;nan;nan;nan;nan;nan;nan;nan;nan;nan;nan;nan;nan;nan;nan;nan;nan;nan;nan;nan;nan;nan;nan;nan;nan;nan;nan;nan;nan;nan;nan;nan;nan;nan;nan;nan;nan;nan;nan;nan;nan;nan;nan;nan;nan;nan;nan;nan;nan;nan;nan;nan;nan;nan;nan;nan;nan;nan;nan;nan;nan;nan;nan;nan;nan;nan;nan;nan;nan;nan;nan;nan;nan;nan;nan;nan;nan;nan;nan;nan;nan;nan;nan;nan;nan;nan;nan;nan;nan;nan;nan;nan;nan;nan;nan;nan;nan;nan;nan;nan;nan;nan;nan;nan;nan;nan;nan;nan;nan;nan;nan;nan;nan;nan;nan;nan;nan;nan;nan;nan;nan;nan;nan;nan;nan;nan;nan;nan;nan;nan;nan;nan;nan;nan;nan;nan;nan;nan;nan;nan;nan;nan;nan;nan;nan;nan;nan;nan;nan;nan;nan;nan;nan;nan;nan;nan;nan;nan;nan;nan;nan;nan;nan;nan;nan;nan;nan;nan;nan;nan;nan;nan;nan;nan;nan;nan;nan;nan;nan;nan;nan;nan;nan;nan;nan;nan;nan;nan;nan;nan;nan;nan;nan;nan;nan;nan;nan;nan;nan;nan;nan;nan;nan;nan;nan;nan;nan;nan;nan;nan;nan;nan;nan;nan;nan;nan;nan;nan;nan;nan;nan;nan;nan;nan;nan;nan;nan;nan;nan;nan;nan;nan;nan;nan;nan;nan;nan;nan;nan;nan;nan;nan;nan;nan;nan;nan;nan;nan;nan;nan;nan;nan;nan;nan;nan;nan;nan;nan;nan;nan;nan;nan;nan;nan;nan;nan;nan;nan;nan;nan;nan;nan;nan;nan;nan;nan;nan;nan;nan;nan;nan;nan;nan;nan;nan;nan;nan;nan;nan;nan;nan;nan;nan;nan;nan;nan;nan;nan;nan;nan;nan;nan;nan;nan;nan;nan;nan;nan;nan;nan;nan;nan;nan;nan;nan;nan;nan;nan;nan;nan;nan;nan;nan;nan;nan;nan;nan;nan;nan;nan;nan;nan;nan;nan;nan;nan;nan;nan;nan;nan;nan;nan;nan;nan;nan;nan;nan;nan;nan;nan;nan;nan;nan;nan;nan;nan;nan;nan;nan;nan;nan;nan;nan;0.646533;8.653584459814585;0.7494530680279196;0.6421205706416785;0.5;0.31328973;9.992007221626413e-16;1.0;1.0;0;0.0018489360809326172;0.646533;8.653584459814585;0.7494530680279196;0.6421205706416785;0.5;0.31328973;9.992007221626413e-16;1.0;1.0;0.0;0.0;0.0;0.0;0.0;0.0;0.0;0.0;0.0;0.0;0.0;0.0018489360809326172;0.70571905;0.7282888576479949;0.2838837378893635;0.3034661805884537;0.2896146419082199;0.31292033195495605;20437.152;0.4456968847946047;0.7984165017189291;0.8001768723995489;0.8187498279211801;202.35379838943481;nan;nan;nan;nan;nan;nan;nan;nan;nan;nan;nan;nan;nan;nan;nan;nan;nan;nan;nan;nan;nan;nan;nan;nan;nan;nan;nan;nan;nan;nan;nan;nan;nan;nan;nan;nan;nan;nan;nan;nan;nan;nan;nan;nan;nan;nan;nan;nan;nan;nan;nan;nan;nan;nan;nan;nan;nan;nan;nan;nan;nan;nan;nan;nan;nan;nan;nan;nan;nan;nan;nan;nan;nan;nan;nan;nan;nan;nan;nan;nan;nan;nan;nan;nan;nan;nan;nan;nan;nan;nan;nan;nan;nan;nan;nan;nan;nan;nan;nan;nan;nan;nan;nan;nan;nan;nan;nan;nan;nan;nan;nan;nan;nan;nan;nan;nan;nan;nan;nan;nan;nan;nan;nan;nan;nan;nan;nan;nan;nan;nan;nan;nan;nan;nan;nan;nan;nan;nan;nan;nan;nan;nan;nan;nan;nan;nan;nan;nan;nan;nan;nan;nan;nan;nan;nan;nan;nan;nan;nan;nan;nan;nan;nan;nan;nan;nan;nan;nan;nan;nan;nan;nan;nan;nan;nan;nan;nan;nan;nan;nan;nan;nan;nan;nan;nan;nan;nan;nan;nan;nan;nan;nan;nan;nan;nan;nan;nan;nan;nan;nan;nan;nan;nan;nan;nan;nan;nan;nan;nan;nan;nan;nan;nan;nan;nan;nan;nan;nan;nan;nan;nan;nan;nan;nan;nan;nan;nan;nan;nan;nan;nan;nan;nan;nan;nan;nan;nan;nan;nan;nan;nan;nan;nan;nan;nan;nan;nan;nan;nan;nan;nan;nan;nan;nan;nan;nan;nan;nan;nan;nan;nan;nan;nan;nan;nan;nan;nan;nan;nan;nan;nan;nan;nan;nan;nan;nan;nan;nan;nan;nan;nan;nan;nan;nan;nan;nan;nan;nan;nan;nan;nan;nan;nan;nan;nan;nan;nan;nan;nan;nan;nan;nan;nan;nan;nan;nan;nan;nan;nan;nan;nan;nan;nan;nan;nan;nan;nan;nan;nan;nan;nan;nan;nan;nan;nan;nan;nan;nan;nan;nan;nan;nan;nan;nan;nan;nan;nan;nan;nan;nan;nan;nan;nan;nan;nan;nan;nan;nan;nan;nan;nan;nan;nan;nan;nan;nan;nan;nan;nan;nan;nan;nan;nan;nan;nan;nan;nan;nan;nan;nan;nan;nan;nan;nan;nan;nan;nan;nan;nan;nan;nan;nan;nan;nan;nan;nan;nan;nan;nan;nan;nan;nan;nan;nan;nan;nan;nan;nan;nan;nan;nan;nan;nan;nan;nan;nan;nan;nan;nan;nan;nan;nan;nan;nan;nan;nan;nan;nan;nan;nan;nan;nan;nan;nan;nan;nan;nan;nan;nan;nan;nan;nan;nan;nan;nan;nan;nan;nan;nan;nan;nan;nan;nan;nan;nan;nan;nan;nan;nan;nan;nan;nan;nan;nan;nan;nan;nan;nan;nan;nan;nan;nan;nan;nan;nan;nan;nan;nan;nan;nan;nan;nan;nan;nan;nan;nan;nan;nan;nan;nan;nan;nan;nan;nan;nan;nan;nan;nan;nan;nan;nan;nan;nan;nan;nan;nan;nan;nan;nan;nan;nan;nan;nan;nan;nan;nan;nan;nan;nan;nan;nan;nan;nan;nan;nan;nan;nan;nan;nan;nan;nan;nan;nan;nan;nan;nan;nan;nan;nan;nan;nan;nan;nan;nan;nan;nan;nan;nan;nan;nan;nan;nan;nan;nan;nan;nan;nan;nan;nan;nan;nan;nan;nan;nan;nan;nan;nan;nan;nan;nan;nan;nan;nan;nan;nan;nan;nan;nan;nan;nan;nan;nan;nan;nan;nan;nan;nan;nan;nan;nan;nan;nan;nan;nan;nan;nan;nan;nan;nan;nan;nan;nan;nan;nan;nan;nan;nan;nan;nan;nan;nan;nan;nan;nan;nan;nan;nan;nan;nan;nan;nan;nan;nan;nan;nan;nan;nan;nan;nan;nan;nan;nan;nan;nan;nan;nan;nan;nan;nan;nan;nan;nan;nan;nan;nan;nan;nan;nan;nan;nan;nan;nan;nan;nan;nan;nan;nan;nan;nan;nan;nan;nan;nan;nan;nan;nan;nan;nan;nan;nan;0.646533;8.653584459814585;0.7494530680279196;0.6421205706416785;0.5;0.31326205;9.992007221626413e-16;1.0;1.0;0;0.0014901161193847656;0.646533;8.653584459814585;0.7494530680279196;0.6421205706416785;0.5;0.31326205;9.992007221626413e-16;1.0;1.0;0.0;0.0;0.0;0.0;0.0;0.0;0.0;0.0;0.0;0.0;0.0;0.0014901161193847656;0.70571905;0.7282888576479949;0.2838837378893635;0.3034661805884537;0.2896146419082199;0.31292033195495605;20437.152;0.4456968847946047;0.7984165017189291;0.8001768723995489;0.8187498279211801;202.35379838943481;nan;nan;nan;nan;nan;nan;nan;nan;nan;nan;nan;nan;nan;nan;nan;nan;nan;nan;nan;nan;nan;nan;nan;nan;nan;nan;nan;nan;nan;nan;nan;nan;nan;nan;nan;nan;nan;nan;nan;nan;nan;nan;nan;nan;nan;nan;nan;nan;nan;nan;nan;nan;nan;nan;nan;nan;nan;nan;nan;nan;nan;nan;nan;nan;nan;nan;nan;nan;nan;nan;nan;nan;nan;nan;nan;nan;nan;nan;nan;nan;nan;nan;nan;nan;nan;nan;nan;nan;nan;nan;nan;nan;nan;nan;nan;nan;nan;nan;nan;nan;nan;nan;nan;nan;nan;nan;nan;nan;nan;nan;nan;nan;nan;nan;nan;nan;nan;nan;nan;nan;nan;nan;nan;nan;nan;nan;nan;nan;nan;nan;nan;nan;nan;nan;nan;nan;nan;nan;nan;nan;nan;nan;nan;nan;nan;nan;nan;nan;nan;nan;nan;nan;nan;nan;nan;nan;nan;nan;nan;nan;nan;nan;nan;nan;nan;nan;nan;nan;nan;nan;nan;nan;nan;nan;nan;nan;nan;nan;nan;nan;nan;nan;nan;nan;nan;nan;nan;nan;nan;nan;nan;nan;nan;nan;nan;nan;nan;nan;nan;nan;nan;nan;nan;nan;nan;nan;nan;nan;nan;nan;nan;nan;nan;nan;nan;nan;nan;nan;nan;nan;nan;nan;nan;nan;nan;nan;nan;nan;nan;nan;nan;nan;nan;nan;nan;nan;nan;nan;nan;nan;nan;nan;nan;nan;nan;nan;nan;nan;nan;nan;nan;nan;nan;nan;nan;nan;nan;nan;nan;nan;nan;nan;nan;nan;nan;nan;nan;nan;nan;nan;nan;nan;nan;nan;nan;nan;nan;nan;nan;nan;nan;nan;nan;nan;nan;nan;nan;nan;nan;nan;nan;nan;nan;nan;nan;nan;nan;nan;nan;nan;nan;nan;nan;nan;nan;nan;nan;nan;nan;nan;nan;nan;nan;nan;nan;nan;nan;nan;nan;nan;nan;nan;nan;nan;nan;nan;nan;nan;nan;nan;nan;nan;nan;nan;nan;nan;nan;nan;nan;nan;nan;nan;nan;nan;nan;nan;nan;nan;nan;nan;nan;nan;nan;nan;nan;nan;nan;nan;nan;nan;nan;nan;nan;nan;nan;nan;nan;nan;nan;nan;nan;nan;nan;nan;nan;nan;nan;nan;nan;nan;nan;nan;nan;nan;nan;nan;nan;nan;nan;nan;nan;nan;nan;nan;nan;nan;nan;nan;nan;nan;nan;nan;nan;nan;nan;nan;nan;nan;nan;nan;nan;nan;nan;nan;nan;nan;nan;nan;nan;nan;nan;nan;nan;nan;nan;nan;nan;nan;nan;nan;nan;nan;nan;nan;nan;nan;nan;nan;nan;nan;nan;nan;nan;nan;nan;nan;nan;nan;nan;nan;nan;nan;nan;nan;nan;nan;nan;nan;nan;nan;nan;nan;nan;nan;nan;nan;nan;nan;nan;nan;nan;nan;nan;nan;nan;nan;nan;nan;nan;nan;nan;nan;nan;nan;nan;nan;nan;nan;nan;nan;nan;nan;nan;nan;nan;nan;nan;nan;nan;nan;nan;nan;nan;nan;nan;nan;nan;nan;nan;nan;nan;nan;nan;nan;nan;nan;nan;nan;nan;nan;nan;nan;nan;nan;nan;nan;nan;nan;nan;nan;nan;nan;nan;nan;nan;nan;nan;nan;nan;nan;nan;nan;nan;nan;nan;nan;nan;nan;nan;nan;nan;nan;nan;nan;nan;nan;nan;nan;nan;nan;nan;nan;nan;nan;nan;nan;nan;nan;nan;nan;nan;nan;nan;nan;nan;nan;nan;nan;nan;nan;nan;nan;nan;nan;nan;nan;nan;nan;nan;nan;nan;nan;nan;nan;nan;nan;nan;nan;nan;nan;nan;nan;nan;nan;nan;nan;nan;nan;nan;nan;nan;nan;nan;nan;nan;nan;nan;nan;nan;nan;nan;nan;nan;nan;nan;nan;nan;nan;nan;nan;nan;nan;nan;nan;nan;nan;nan;nan;nan;nan;nan;nan;nan;nan;nan;nan;nan;nan;nan;nan;nan;nan;nan;nan;nan;nan;nan;nan;nan;nan;0.646533;8.653584459814585;0.7494530680279196;0.6421205706416785;0.5;0.31326228;9.992007221626413e-16;1.0;1.0;0;0.0020804405212402344;0.646533;8.653584459814585;0.7494530680279196;0.6421205706416785;0.5;0.31326228;9.992007221626413e-16;1.0;1.0;0.0;0.0;0.0;0.0;0.0;0.0;0.0;0.0;0.0;0.0;0.0;0.0020804405212402344;0.70571905;0.7282888576479949;0.2838837378893635;0.3034661805884537;0.2896146419082199;0.31292033195495605;20437.152;0.4456968847946047;0.7984165017189291;0.8001768723995489;0.8187498279211801;202.35379838943481;nan;nan;nan;nan;nan;nan;nan;nan;nan;nan;nan;nan;nan;nan;nan;nan;nan;nan;nan;nan;nan;nan;nan;nan;nan;nan;nan;nan;nan;nan;nan;nan;nan;nan;nan;nan;nan;nan;nan;nan;nan;nan;nan;nan;nan;nan;nan;nan;nan;nan;nan;nan;nan;nan;nan;nan;nan;nan;nan;nan;nan;nan;nan;nan;nan;nan;nan;nan;nan;nan;nan;nan;nan;nan;nan;nan;nan;nan;nan;nan;nan;nan;nan;nan;nan;nan;nan;nan;nan;nan;nan;nan;nan;nan;nan;nan;nan;nan;nan;nan;nan;nan;nan;nan;nan;nan;nan;nan;nan;nan;nan;nan;nan;nan;nan;nan;nan;nan;nan;nan;nan;nan;nan;nan;nan;nan;nan;nan;nan;nan;nan;nan;nan;nan;nan;nan;nan;nan;nan;nan;nan;nan;nan;nan;nan;nan;nan;nan;nan;nan;nan;nan;nan;nan;nan;nan;nan;nan;nan;nan;nan;nan;nan;nan;nan;nan;nan;nan;nan;nan;nan;nan;nan;nan;nan;nan;nan;nan;nan;nan;nan;nan;nan;nan;nan;nan;nan;nan;nan;nan;nan;nan;nan;nan;nan;nan;nan;nan;nan;nan;nan;nan;nan;nan;nan;nan;nan;nan;nan;nan;nan;nan;nan;nan;nan;nan;nan;nan;nan;nan;nan;nan;nan;nan;nan;nan;nan;nan;nan;nan;nan;nan;nan;nan;nan;nan;nan;nan;nan;nan;nan;nan;nan;nan;nan;nan;nan;nan;nan;nan;nan;nan;nan;nan;nan;nan;nan;nan;nan;nan;nan;nan;nan;nan;nan;nan;nan;nan;nan;nan;nan;nan;nan;nan;nan;nan;nan;nan;nan;nan;nan;nan;nan;nan;nan;nan;nan;nan;nan;nan;nan;nan;nan;nan;nan;nan;nan;nan;nan;nan;nan;nan;nan;nan;nan;nan;nan;nan;nan;nan;nan;nan;nan;nan;nan;nan;nan;nan;nan;nan;nan;nan;nan;nan;nan;nan;nan;nan;nan;nan;nan;nan;nan;nan;nan;nan;nan;nan;nan;nan;nan;nan;nan;nan;nan;nan;nan;nan;nan;nan;nan;nan;nan;nan;nan;nan;nan;nan;nan;nan;nan;nan;nan;nan;nan;nan;nan;nan;nan;nan;nan;nan;nan;nan;nan;nan;nan;nan;nan;nan;nan;nan;nan;nan;nan;nan;nan;nan;nan;nan;nan;nan;nan;nan;nan;nan;nan;nan;nan;nan;nan;nan;nan;nan;nan;nan;nan;nan;nan;nan;nan;nan;nan;nan;nan;nan;nan;nan;nan;nan;nan;nan;nan;nan;nan;nan;nan;nan;nan;nan;nan;nan;nan;nan;nan;nan;nan;nan;nan;nan;nan;nan;nan;nan;nan;nan;nan;nan;nan;nan;nan;nan;nan;nan;nan;nan;nan;nan;nan;nan;nan;nan;nan;nan;nan;nan;nan;nan;nan;nan;nan;nan;nan;nan;nan;nan;nan;nan;nan;nan;nan;nan;nan;nan;nan;nan;nan;nan;nan;nan;nan;nan;nan;nan;nan;nan;nan;nan;nan;nan;nan;nan;nan;nan;nan;nan;nan;nan;nan;nan;nan;nan;nan;nan;nan;nan;nan;nan;nan;nan;nan;nan;nan;nan;nan;nan;nan;nan;nan;nan;nan;nan;nan;nan;nan;nan;nan;nan;nan;nan;nan;nan;nan;nan;nan;nan;nan;nan;nan;nan;nan;nan;nan;nan;nan;nan;nan;nan;nan;nan;nan;nan;nan;nan;nan;nan;nan;nan;nan;nan;nan;nan;nan;nan;nan;nan;nan;nan;nan;nan;nan;nan;nan;nan;nan;nan;nan;nan;nan;nan;nan;nan;nan;nan;nan;nan;nan;nan;nan;nan;nan;nan;nan;nan;nan;nan;nan;nan;nan;nan;nan;nan;nan;nan;nan;nan;nan;nan;nan;nan;nan;nan;nan;nan;nan;nan;nan;nan;nan;nan;nan;nan;nan;nan;nan;nan;nan;nan;nan;nan;nan;nan;nan;nan;nan;nan;nan;nan;nan;nan;nan;nan;nan;nan;nan;nan;nan;nan;nan;nan;0.646533;8.653584459814585;0.7494530680279196;0.6421205706416785;0.5;0.3132645;9.992007221626413e-16;1.0;1.0;0;0.0013477802276611328;0.646533;8.653584459814585;0.7494530680279196;0.6421205706416785;0.5;0.3132645;9.992007221626413e-16;1.0;1.0;0.0;0.0;0.0;0.0;0.0;0.0;0.0;0.0;0.0;0.0;0.0;0.0013477802276611328;0.70571905;0.7282888576479949;0.2838837378893635;0.3034661805884537;0.2896146419082199;0.31292033195495605;20437.152;0.4456968847946047;0.7984165017189291;0.8001768723995489;0.8187498279211801;202.35379838943481;nan;nan;nan;nan;nan;nan;nan;nan;nan;nan;nan;nan;nan;nan;nan;nan;nan;nan;nan;nan;nan;nan;nan;nan;nan;nan;nan;nan;nan;nan;nan;nan;nan;nan;nan;nan;nan;nan;nan;nan;nan;nan;nan;nan;nan;nan;nan;nan;nan;nan;nan;nan;nan;nan;nan;nan;nan;nan;nan;nan;nan;nan;nan;nan;nan;nan;nan;nan;nan;nan;nan;nan;nan;nan;nan;nan;nan;nan;nan;nan;nan;nan;nan;nan;nan;nan;nan;nan;nan;nan;nan;nan;nan;nan;nan;nan;nan;nan;nan;nan;nan;nan;nan;nan;nan;nan;nan;nan;nan;nan;nan;nan;nan;nan;nan;nan;nan;nan;nan;nan;nan;nan;nan;nan;nan;nan;nan;nan;nan;nan;nan;nan;nan;nan;nan;nan;nan;nan;nan;nan;nan;nan;nan;nan;nan;nan;nan;nan;nan;nan;nan;nan;nan;nan;nan;nan;nan;nan;nan;nan;nan;nan;nan;nan;nan;nan;nan;nan;nan;nan;nan;nan;nan;nan;nan;nan;nan;nan;nan;nan;nan;nan;nan;nan;nan;nan;nan;nan;nan;nan;nan;nan;nan;nan;nan;nan;nan;nan;nan;nan;nan;nan;nan;nan;nan;nan;nan;nan;nan;nan;nan;nan;nan;nan;nan;nan;nan;nan;nan;nan;nan;nan;nan;nan;nan;nan;nan;nan;nan;nan;nan;nan;nan;nan;nan;nan;nan;nan;nan;nan;nan;nan;nan;nan;nan;nan;nan;nan;nan;nan;nan;nan;nan;nan;nan;nan;nan;nan;nan;nan;nan;nan;nan;nan;nan;nan;nan;nan;nan;nan;nan;nan;nan;nan;nan;nan;nan;nan;nan;nan;nan;nan;nan;nan;nan;nan;nan;nan;nan;nan;nan;nan;nan;nan;nan;nan;nan;nan;nan;nan;nan;nan;nan;nan;nan;nan;nan;nan;nan;nan;nan;nan;nan;nan;nan;nan;nan;nan;nan;nan;nan;nan;nan;nan;nan;nan;nan;nan;nan;nan;nan;nan;nan;nan;nan;nan;nan;nan;nan;nan;nan;nan;nan;nan;nan;nan;nan;nan;nan;nan;nan;nan;nan;nan;nan;nan;nan;nan;nan;nan;nan;nan;nan;nan;nan;nan;nan;nan;nan;nan;nan;nan;nan;nan;nan;nan;nan;nan;nan;nan;nan;nan;nan;nan;nan;nan;nan;nan;nan;nan;nan;nan;nan;nan;nan;nan;nan;nan;nan;nan;nan;nan;nan;nan;nan;nan;nan;nan;nan;nan;nan;nan;nan;nan;nan;nan;nan;nan;nan;nan;nan;nan;nan;nan;nan;nan;nan;nan;nan;nan;nan;nan;nan;nan;nan;nan;nan;nan;nan;nan;nan;nan;nan;nan;nan;nan;nan;nan;nan;nan;nan;nan;nan;nan;nan;nan;nan;nan;nan;nan;nan;nan;nan;nan;nan;nan;nan;nan;nan;nan;nan;nan;nan;nan;nan;nan;nan;nan;nan;nan;nan;nan;nan;nan;nan;nan;nan;nan;nan;nan;nan;nan;nan;nan;nan;nan;nan;nan;nan;nan;nan;nan;nan;nan;nan;nan;nan;nan;nan;nan;nan;nan;nan;nan;nan;nan;nan;nan;nan;nan;nan;nan;nan;nan;nan;nan;nan;nan;nan;nan;nan;nan;nan;nan;nan;nan;nan;nan;nan;nan;nan;nan;nan;nan;nan;nan;nan;nan;nan;nan;nan;nan;nan;nan;nan;nan;nan;nan;nan;nan;nan;nan;nan;nan;nan;nan;nan;nan;nan;nan;nan;nan;nan;nan;nan;nan;nan;nan;nan;nan;nan;nan;nan;nan;nan;nan;nan;nan;nan;nan;nan;nan;nan;nan;nan;nan;nan;nan;nan;nan;nan;nan;nan;nan;nan;nan;nan;nan;nan;nan;nan;nan;nan;nan;nan;nan;nan;nan;nan;nan;nan;nan;nan;nan;nan;nan;nan;nan;nan;nan;nan;nan;nan;nan;nan;nan;nan;nan;nan;nan;nan;nan;nan;nan;nan;nan;nan;nan;nan;nan;nan;nan;nan;nan;nan;nan;nan;nan;nan;nan;0.646533;8.653584459814585;0.7494530680279196;0.6421205706416785;0.5;0.31326234;9.992007221626413e-16;1.0;1.0;0;0.002236604690551758;0.646533;8.653584459814585;0.7494530680279196;0.6421205706416785;0.5;0.31326234;9.992007221626413e-16;1.0;1.0;0.0;0.0;0.0;0.0;0.0;0.0;0.0;0.0;0.0;0.0;0.0;0.002236604690551758;0.70571905;0.7282888576479949;0.2838837378893635;0.3034661805884537;0.2896146419082199;0.31292033195495605;20437.152;0.4456968847946047;0.7984165017189291;0.8001768723995489;0.8187498279211801;202.35379838943481;nan;nan;nan;nan;nan;nan;nan;nan;nan;nan;nan;nan;nan;nan;nan;nan;nan;nan;nan;nan;nan;nan;nan;nan;nan;nan;nan;nan;nan;nan;nan;nan;nan;nan;nan;nan;nan;nan;nan;nan;nan;nan;nan;nan;nan;nan;nan;nan;nan;nan;nan;nan;nan;nan;nan;nan;nan;nan;nan;nan;nan;nan;nan;nan;nan;nan;nan;nan;nan;nan;nan;nan;nan;nan;nan;nan;nan;nan;nan;nan;nan;nan;nan;nan;nan;nan;nan;nan;nan;nan;nan;nan;nan;nan;nan;nan;nan;nan;nan;nan;nan;nan;nan;nan;nan;nan;nan;nan;nan;nan;nan;nan;nan;nan;nan;nan;nan;nan;nan;nan;nan;nan;nan;nan;nan;nan;nan;nan;nan;nan;nan;nan;nan;nan;nan;nan;nan;nan;nan;nan;nan;nan;nan;nan;nan;nan;nan;nan;nan;nan;nan;nan;nan;nan;nan;nan;nan;nan;nan;nan;nan;nan;nan;nan;nan;nan;nan;nan;nan;nan;nan;nan;nan;nan;nan;nan;nan;nan;nan;nan;nan;nan;nan;nan;nan;nan;nan;nan;nan;nan;nan;nan;nan;nan;nan;nan;nan;nan;nan;nan;nan;nan;nan;nan;nan;nan;nan;nan;nan;nan;nan;nan;nan;nan;nan;nan;nan;nan;nan;nan;nan;nan;nan;nan;nan;nan;nan;nan;nan;nan;nan;nan;nan;nan;nan;nan;nan;nan;nan;nan;nan;nan;nan;nan;nan;nan;nan;nan;nan;nan;nan;nan;nan;nan;nan;nan;nan;nan;nan;nan;nan;nan;nan;nan;nan;nan;nan;nan;nan;nan;nan;nan;nan;nan;nan;nan;nan;nan;nan;nan;nan;nan;nan;nan;nan;nan;nan;nan;nan;nan;nan;nan;nan;nan;nan;nan;nan;nan;nan;nan;nan;nan;nan;nan;nan;nan;nan;nan;nan;nan;nan;nan;nan;nan;nan;nan;nan;nan;nan;nan;nan;nan;nan;nan;nan;nan;nan;nan;nan;nan;nan;nan;nan;nan;nan;nan;nan;nan;nan;nan;nan;nan;nan;nan;nan;nan;nan;nan;nan;nan;nan;nan;nan;nan;nan;nan;nan;nan;nan;nan;nan;nan;nan;nan;nan;nan;nan;nan;nan;nan;nan;nan;nan;nan;nan;nan;nan;nan;nan;nan;nan;nan;nan;nan;nan;nan;nan;nan;nan;nan;nan;nan;nan;nan;nan;nan;nan;nan;nan;nan;nan;nan;nan;nan;nan;nan;nan;nan;nan;nan;nan;nan;nan;nan;nan;nan;nan;nan;nan;nan;nan;nan;nan;nan;nan;nan;nan;nan;nan;nan;nan;nan;nan;nan;nan;nan;nan;nan;nan;nan;nan;nan;nan;nan;nan;nan;nan;nan;nan;nan;nan;nan;nan;nan;nan;nan;nan;nan;nan;nan;nan;nan;nan;nan;nan;nan;nan;nan;nan;nan;nan;nan;nan;nan;nan;nan;nan;nan;nan;nan;nan;nan;nan;nan;nan;nan;nan;nan;nan;nan;nan;nan;nan;nan;nan;nan;nan;nan;nan;nan;nan;nan;nan;nan;nan;nan;nan;nan;nan;nan;nan;nan;nan;nan;nan;nan;nan;nan;nan;nan;nan;nan;nan;nan;nan;nan;nan;nan;nan;nan;nan;nan;nan;nan;nan;nan;nan;nan;nan;nan;nan;nan;nan;nan;nan;nan;nan;nan;nan;nan;nan;nan;nan;nan;nan;nan;nan;nan;nan;nan;nan;nan;nan;nan;nan;nan;nan;nan;nan;nan;nan;nan;nan;nan;nan;nan;nan;nan;nan;nan;nan;nan;nan;nan;nan;nan;nan;nan;nan;nan;nan;nan;nan;nan;nan;nan;nan;nan;nan;nan;nan;nan;nan;nan;nan;nan;nan;nan;nan;nan;nan;nan;nan;nan;nan;nan;nan;nan;nan;nan;nan;nan;nan;nan;nan;nan;nan;nan;nan;nan;nan;nan;nan;nan;nan;nan;nan;nan;nan;nan;nan;nan;nan;nan;nan;nan;nan;nan;nan;nan;nan;nan;nan;nan;nan;nan;nan;nan;nan;nan;0.646533;8.653584459814585;0.7494530680279196;0.6421205706416785;0.5;0.3132625;9.992007221626413e-16;1.0;1.0;0;0.0009236335754394531;0.646533;8.653584459814585;0.7494530680279196;0.6421205706416785;0.5;0.3132625;9.992007221626413e-16;1.0;1.0;0.0;0.0;0.0;0.0;0.0;0.0;0.0;0.0;0.0;0.0;0.0;0.0009236335754394531;0.70571905;0.7282888576479949;0.2838837378893635;0.3034661805884537;0.2896146419082199;0.31292033195495605;20437.152;0.4456968847946047;0.7984165017189291;0.8001768723995489;0.8187498279211801;202.35379838943481;nan;nan;nan;nan;nan;nan;nan;nan;nan;nan;nan;nan;nan;nan;nan;nan;nan;nan;nan;nan;nan;nan;nan;nan;nan;nan;nan;nan;nan;nan;nan;nan;nan;nan;nan;nan;nan;nan;nan;nan;nan;nan;nan;nan;nan;nan;nan;nan;nan;nan;nan;nan;nan;nan;nan;nan;nan;nan;nan;nan;nan;nan;nan;nan;nan;nan;nan;nan;nan;nan;nan;nan;nan;nan;nan;nan;nan;nan;nan;nan;nan;nan;nan;nan;nan;nan;nan;nan;nan;nan;nan;nan;nan;nan;nan;nan;nan;nan;nan;nan;nan;nan;nan;nan;nan;nan;nan;nan;nan;nan;nan;nan;nan;nan;nan;nan;nan;nan;nan;nan;nan;nan;nan;nan;nan;nan;nan;nan;nan;nan;nan;nan;nan;nan;nan;nan;nan;nan;nan;nan;nan;nan;nan;nan;nan;nan;nan;nan;nan;nan;nan;nan;nan;nan;nan;nan;nan;nan;nan;nan;nan;nan;nan;nan;nan;nan;nan;nan;nan;nan;nan;nan;nan;nan;nan;nan;nan;nan;nan;nan;nan;nan;nan;nan;nan;nan;nan;nan;nan;nan;nan;nan;nan;nan;nan;nan;nan;nan;nan;nan;nan;nan;nan;nan;nan;nan;nan;nan;nan;nan;nan;nan;nan;nan;nan;nan;nan;nan;nan;nan;nan;nan;nan;nan;nan;nan;nan;nan;nan;nan;nan;nan;nan;nan;nan;nan;nan;nan;nan;nan;nan;nan;nan;nan;nan;nan;nan;nan;nan;nan;nan;nan;nan;nan;nan;nan;nan;nan;nan;nan;nan;nan;nan;nan;nan;nan;nan;nan;nan;nan;nan;nan;nan;nan;nan;nan;nan;nan;nan;nan;nan;nan;nan;nan;nan;nan;nan;nan;nan;nan;nan;nan;nan;nan;nan;nan;nan;nan;nan;nan;nan;nan;nan;nan;nan;nan;nan;nan;nan;nan;nan;nan;nan;nan;nan;nan;nan;nan;nan;nan;nan;nan;nan;nan;nan;nan;nan;nan;nan;nan;nan;nan;nan;nan;nan;nan;nan;nan;nan;nan;nan;nan;nan;nan;nan;nan;nan;nan;nan;nan;nan;nan;nan;nan;nan;nan;nan;nan;nan;nan;nan;nan;nan;nan;nan;nan;nan;nan;nan;nan;nan;nan;nan;nan;nan;nan;nan;nan;nan;nan;nan;nan;nan;nan;nan;nan;nan;nan;nan;nan;nan;nan;nan;nan;nan;nan;nan;nan;nan;nan;nan;nan;nan;nan;nan;nan;nan;nan;nan;nan;nan;nan;nan;nan;nan;nan;nan;nan;nan;nan;nan;nan;nan;nan;nan;nan;nan;nan;nan;nan;nan;nan;nan;nan;nan;nan;nan;nan;nan;nan;nan;nan;nan;nan;nan;nan;nan;nan;nan;nan;nan;nan;nan;nan;nan;nan;nan;nan;nan;nan;nan;nan;nan;nan;nan;nan;nan;nan;nan;nan;nan;nan;nan;nan;nan;nan;nan;nan;nan;nan;nan;nan;nan;nan;nan;nan;nan;nan;nan;nan;nan;nan;nan;nan;nan;nan;nan;nan;nan;nan;nan;nan;nan;nan;nan;nan;nan;nan;nan;nan;nan;nan;nan;nan;nan;nan;nan;nan;nan;nan;nan;nan;nan;nan;nan;nan;nan;nan;nan;nan;nan;nan;nan;nan;nan;nan;nan;nan;nan;nan;nan;nan;nan;nan;nan;nan;nan;nan;nan;nan;nan;nan;nan;nan;nan;nan;nan;nan;nan;nan;nan;nan;nan;nan;nan;nan;nan;nan;nan;nan;nan;nan;nan;nan;nan;nan;nan;nan;nan;nan;nan;nan;nan;nan;nan;nan;nan;nan;nan;nan;nan;nan;nan;nan;nan;nan;nan;nan;nan;nan;nan;nan;nan;nan;nan;nan;nan;nan;nan;nan;nan;nan;nan;nan;nan;nan;nan;nan;nan;nan;nan;nan;nan;nan;nan;nan;nan;nan;nan;nan;nan;nan;nan;nan;nan;nan;nan;nan;nan;nan;nan;nan;nan;nan;nan;nan;nan;nan;nan;nan;nan;nan;nan;nan;nan;nan;nan;nan;nan;nan;0.646533;8.653584459814585;0.7494530680279196;0.6421205706416785;0.5;0.31326205;9.992007221626413e-16;1.0;1.0;0;0.0018162727355957031;0.646533;8.653584459814585;0.7494530680279196;0.6421205706416785;0.5;0.31326205;9.992007221626413e-16;1.0;1.0;0.0;0.0;0.0;0.0;0.0;0.0;0.0;0.0;0.0;0.0;0.0;0.0018162727355957031;0.70571905;0.7282888576479949;0.2838837378893635;0.3034661805884537;0.2896146419082199;0.31292033195495605;20437.152;0.4456968847946047;0.7984165017189291;0.8001768723995489;0.8187498279211801;202.35379838943481;nan;nan;nan;nan;nan;nan;nan;nan;nan;nan;nan;nan;nan;nan;nan;nan;nan;nan;nan;nan;nan;nan;nan;nan;nan;nan;nan;nan;nan;nan;nan;nan;nan;nan;nan;nan;nan;nan;nan;nan;nan;nan;nan;nan;nan;nan;nan;nan;nan;nan;nan;nan;nan;nan;nan;nan;nan;nan;nan;nan;nan;nan;nan;nan;nan;nan;nan;nan;nan;nan;nan;nan;nan;nan;nan;nan;nan;nan;nan;nan;nan;nan;nan;nan;nan;nan;nan;nan;nan;nan;nan;nan;nan;nan;nan;nan;nan;nan;nan;nan;nan;nan;nan;nan;nan;nan;nan;nan;nan;nan;nan;nan;nan;nan;nan;nan;nan;nan;nan;nan;nan;nan;nan;nan;nan;nan;nan;nan;nan;nan;nan;nan;nan;nan;nan;nan;nan;nan;nan;nan;nan;nan;nan;nan;nan;nan;nan;nan;nan;nan;nan;nan;nan;nan;nan;nan;nan;nan;nan;nan;nan;nan;nan;nan;nan;nan;nan;nan;nan;nan;nan;nan;nan;nan;nan;nan;nan;nan;nan;nan;nan;nan;nan;nan;nan;nan;nan;nan;nan;nan;nan;nan;nan;nan;nan;nan;nan;nan;nan;nan;nan;nan;nan;nan;nan;nan;nan;nan;nan;nan;nan;nan;nan;nan;nan;nan;nan;nan;nan;nan;nan;nan;nan;nan;nan;nan;nan;nan;nan;nan;nan;nan;nan;nan;nan;nan;nan;nan;nan;nan;nan;nan;nan;nan;nan;nan;nan;nan;nan;nan;nan;nan;nan;nan;nan;nan;nan;nan;nan;nan;nan;nan;nan;nan;nan;nan;nan;nan;nan;nan;nan;nan;nan;nan;nan;nan;nan;nan;nan;nan;nan;nan;nan;nan;nan;nan;nan;nan;nan;nan;nan;nan;nan;nan;nan;nan;nan;nan;nan;nan;nan;nan;nan;nan;nan;nan;nan;nan;nan;nan;nan;nan;nan;nan;nan;nan;nan;nan;nan;nan;nan;nan;nan;nan;nan;nan;nan;nan;nan;nan;nan;nan;nan;nan;nan;nan;nan;nan;nan;nan;nan;nan;nan;nan;nan;nan;nan;nan;nan;nan;nan;nan;nan;nan;nan;nan;nan;nan;nan;nan;nan;nan;nan;nan;nan;nan;nan;nan;nan;nan;nan;nan;nan;nan;nan;nan;nan;nan;nan;nan;nan;nan;nan;nan;nan;nan;nan;nan;nan;nan;nan;nan;nan;nan;nan;nan;nan;nan;nan;nan;nan;nan;nan;nan;nan;nan;nan;nan;nan;nan;nan;nan;nan;nan;nan;nan;nan;nan;nan;nan;nan;nan;nan;nan;nan;nan;nan;nan;nan;nan;nan;nan;nan;nan;nan;nan;nan;nan;nan;nan;nan;nan;nan;nan;nan;nan;nan;nan;nan;nan;nan;nan;nan;nan;nan;nan;nan;nan;nan;nan;nan;nan;nan;nan;nan;nan;nan;nan;nan;nan;nan;nan;nan;nan;nan;nan;nan;nan;nan;nan;nan;nan;nan;nan;nan;nan;nan;nan;nan;nan;nan;nan;nan;nan;nan;nan;nan;nan;nan;nan;nan;nan;nan;nan;nan;nan;nan;nan;nan;nan;nan;nan;nan;nan;nan;nan;nan;nan;nan;nan;nan;nan;nan;nan;nan;nan;nan;nan;nan;nan;nan;nan;nan;nan;nan;nan;nan;nan;nan;nan;nan;nan;nan;nan;nan;nan;nan;nan;nan;nan;nan;nan;nan;nan;nan;nan;nan;nan;nan;nan;nan;nan;nan;nan;nan;nan;nan;nan;nan;nan;nan;nan;nan;nan;nan;nan;nan;nan;nan;nan;nan;nan;nan;nan;nan;nan;nan;nan;nan;nan;nan;nan;nan;nan;nan;nan;nan;nan;nan;nan;nan;nan;nan;nan;nan;nan;nan;nan;nan;nan;nan;nan;nan;nan;nan;nan;nan;nan;nan;nan;nan;nan;nan;nan;nan;nan;nan;nan;nan;nan;nan;nan;nan;nan;nan;nan;nan;nan;nan;nan;nan;nan;nan;nan;nan;nan;nan;nan;nan;nan;nan;nan;nan;nan;nan;nan;nan;nan;nan;nan;0.646533;8.653584459814585;0.7494530680279196;0.6421205706416785;0.5;0.31326196;9.992007221626413e-16;1.0;1.0;0;0.0007894039154052734;0.646533;8.653584459814585;0.7494530680279196;0.6421205706416785;0.5;0.31326196;9.992007221626413e-16;1.0;1.0;0.0;0.0;0.0;0.0;0.0;0.0;0.0;0.0;0.0;0.0;0.0;0.0007894039154052734;0.70571905;0.7282888576479949;0.2838837378893635;0.3034661805884537;0.2896146419082199;0.31292033195495605;20437.152;0.4456968847946047;0.7984165017189291;0.8001768723995489;0.8187498279211801;202.35379838943481;nan;nan;nan;nan;nan;nan;nan;nan;nan;nan;nan;nan;nan;nan;nan;nan;nan;nan;nan;nan;nan;nan;nan;nan;nan;nan;nan;nan;nan;nan;nan;nan;nan;nan;nan;nan;nan;nan;nan;nan;nan;nan;nan;nan;nan;nan;nan;nan;nan;nan;nan;nan;nan;nan;nan;nan;nan;nan;nan;nan;nan;nan;nan;nan;nan;nan;nan;nan;nan;nan;nan;nan;nan;nan;nan;nan;nan;nan;nan;nan;nan;nan;nan;nan;nan;nan;nan;nan;nan;nan;nan;nan;nan;nan;nan;nan;nan;nan;nan;nan;nan;nan;nan;nan;nan;nan;nan;nan;nan;nan;nan;nan;nan;nan;nan;nan;nan;nan;nan;nan;nan;nan;nan;nan;nan;nan;nan;nan;nan;nan;nan;nan;nan;nan;nan;nan;nan;nan;nan;nan;nan;nan;nan;nan;nan;nan;nan;nan;nan;nan;nan;nan;nan;nan;nan;nan;nan;nan;nan;nan;nan;nan;nan;nan;nan;nan;nan;nan;nan;nan;nan;nan;nan;nan;nan;nan;nan;nan;nan;nan;nan;nan;nan;nan;nan;nan;nan;nan;nan;nan;nan;nan;nan;nan;nan;nan;nan;nan;nan;nan;nan;nan;nan;nan;nan;nan;nan;nan;nan;nan;nan;nan;nan;nan;nan;nan;nan;nan;nan;nan;nan;nan;nan;nan;nan;nan;nan;nan;nan;nan;nan;nan;nan;nan;nan;nan;nan;nan;nan;nan;nan;nan;nan;nan;nan;nan;nan;nan;nan;nan;nan;nan;nan;nan;nan;nan;nan;nan;nan;nan;nan;nan;nan;nan;nan;nan;nan;nan;nan;nan;nan;nan;nan;nan;nan;nan;nan;nan;nan;nan;nan;nan;nan;nan;nan;nan;nan;nan;nan;nan;nan;nan;nan;nan;nan;nan;nan;nan;nan;nan;nan;nan;nan;nan;nan;nan;nan;nan;nan;nan;nan;nan;nan;nan;nan;nan;nan;nan;nan;nan;nan;nan;nan;nan;nan;nan;nan;nan;nan;nan;nan;nan;nan;nan;nan;nan;nan;nan;nan;nan;nan;nan;nan;nan;nan;nan;nan;nan;nan;nan;nan;nan;nan;nan;nan;nan;nan;nan;nan;nan;nan;nan;nan;nan;nan;nan;nan;nan;nan;nan;nan;nan;nan;nan;nan;nan;nan;nan;nan;nan;nan;nan;nan;nan;nan;nan;nan;nan;nan;nan;nan;nan;nan;nan;nan;nan;nan;nan;nan;nan;nan;nan;nan;nan;nan;nan;nan;nan;nan;nan;nan;nan;nan;nan;nan;nan;nan;nan;nan;nan;nan;nan;nan;nan;nan;nan;nan;nan;nan;nan;nan;nan;nan;nan;nan;nan;nan;nan;nan;nan;nan;nan;nan;nan;nan;nan;nan;nan;nan;nan;nan;nan;nan;nan;nan;nan;nan;nan;nan;nan;nan;nan;nan;nan;nan;nan;nan;nan;nan;nan;nan;nan;nan;nan;nan;nan;nan;nan;nan;nan;nan;nan;nan;nan;nan;nan;nan;nan;nan;nan;nan;nan;nan;nan;nan;nan;nan;nan;nan;nan;nan;nan;nan;nan;nan;nan;nan;nan;nan;nan;nan;nan;nan;nan;nan;nan;nan;nan;nan;nan;nan;nan;nan;nan;nan;nan;nan;nan;nan;nan;nan;nan;nan;nan;nan;nan;nan;nan;nan;nan;nan;nan;nan;nan;nan;nan;nan;nan;nan;nan;nan;nan;nan;nan;nan;nan;nan;nan;nan;nan;nan;nan;nan;nan;nan;nan;nan;nan;nan;nan;nan;nan;nan;nan;nan;nan;nan;nan;nan;nan;nan;nan;nan;nan;nan;nan;nan;nan;nan;nan;nan;nan;nan;nan;nan;nan;nan;nan;nan;nan;nan;nan;nan;nan;nan;nan;nan;nan;nan;nan;nan;nan;nan;nan;nan;nan;nan;nan;nan;nan;nan;nan;nan;nan;nan;nan;nan;nan;nan;nan;nan;nan;nan;nan;nan;nan;nan;nan;nan;nan;nan;nan;nan;nan;nan;nan;nan;nan;nan;nan;nan;nan;nan;nan;nan;nan;nan;nan;nan;nan;0.646533;8.653584459814585;0.7494530680279196;0.6421205706416785;0.5;0.31326193;9.992007221626413e-16;1.0;1.0;0;0.0014472007751464844;0.646533;8.653584459814585;0.7494530680279196;0.6421205706416785;0.5;0.31326193;9.992007221626413e-16;1.0;1.0;0.0;0.0;0.0;0.0;0.0;0.0;0.0;0.0;0.0;0.0;0.0;0.0014472007751464844;0.70571905;0.7282888576479949;0.2838837378893635;0.3034661805884537;0.2896146419082199;0.31292033195495605;20437.152;0.4456968847946047;0.7984165017189291;0.8001768723995489;0.8187498279211801;202.35379838943481;nan;nan;nan;nan;nan;nan;nan;nan;nan;nan;nan;nan;nan;nan;nan;nan;nan;nan;nan;nan;nan;nan;nan;nan;nan;nan;nan;nan;nan;nan;nan;nan;nan;nan;nan;nan;nan;nan;nan;nan;nan;nan;nan;nan;nan;nan;nan;nan;nan;nan;nan;nan;nan;nan;nan;nan;nan;nan;nan;nan;nan;nan;nan;nan;nan;nan;nan;nan;nan;nan;nan;nan;nan;nan;nan;nan;nan;nan;nan;nan;nan;nan;nan;nan;nan;nan;nan;nan;nan;nan;nan;nan;nan;nan;nan;nan;nan;nan;nan;nan;nan;nan;nan;nan;nan;nan;nan;nan;nan;nan;nan;nan;nan;nan;nan;nan;nan;nan;nan;nan;nan;nan;nan;nan;nan;nan;nan;nan;nan;nan;nan;nan;nan;nan;nan;nan;nan;nan;nan;nan;nan;nan;nan;nan;nan;nan;nan;nan;nan;nan;nan;nan;nan;nan;nan;nan;nan;nan;nan;nan;nan;nan;nan;nan;nan;nan;nan;nan;nan;nan;nan;nan;nan;nan;nan;nan;nan;nan;nan;nan;nan;nan;nan;nan;nan;nan;nan;nan;nan;nan;nan;nan;nan;nan;nan;nan;nan;nan;nan;nan;nan;nan;nan;nan;nan;nan;nan;nan;nan;nan;nan;nan;nan;nan;nan;nan;nan;nan;nan;nan;nan;nan;nan;nan;nan;nan;nan;nan;nan;nan;nan;nan;nan;nan;nan;nan;nan;nan;nan;nan;nan;nan;nan;nan;nan;nan;nan;nan;nan;nan;nan;nan;nan;nan;nan;nan;nan;nan;nan;nan;nan;nan;nan;nan;nan;nan;nan;nan;nan;nan;nan;nan;nan;nan;nan;nan;nan;nan;nan;nan;nan;nan;nan;nan;nan;nan;nan;nan;nan;nan;nan;nan;nan;nan;nan;nan;nan;nan;nan;nan;nan;nan;nan;nan;nan;nan;nan;nan;nan;nan;nan;nan;nan;nan;nan;nan;nan;nan;nan;nan;nan;nan;nan;nan;nan;nan;nan;nan;nan;nan;nan;nan;nan;nan;nan;nan;nan;nan;nan;nan;nan;nan;nan;nan;nan;nan;nan;nan;nan;nan;nan;nan;nan;nan;nan;nan;nan;nan;nan;nan;nan;nan;nan;nan;nan;nan;nan;nan;nan;nan;nan;nan;nan;nan;nan;nan;nan;nan;nan;nan;nan;nan;nan;nan;nan;nan;nan;nan;nan;nan;nan;nan;nan;nan;nan;nan;nan;nan;nan;nan;nan;nan;nan;nan;nan;nan;nan;nan;nan;nan;nan;nan;nan;nan;nan;nan;nan;nan;nan;nan;nan;nan;nan;nan;nan;nan;nan;nan;nan;nan;nan;nan;nan;nan;nan;nan;nan;nan;nan;nan;nan;nan;nan;nan;nan;nan;nan;nan;nan;nan;nan;nan;nan;nan;nan;nan;nan;nan;nan;nan;nan;nan;nan;nan;nan;nan;nan;nan;nan;nan;nan;nan;nan;nan;nan;nan;nan;nan;nan;nan;nan;nan;nan;nan;nan;nan;nan;nan;nan;nan;nan;nan;nan;nan;nan;nan;nan;nan;nan;nan;nan;nan;nan;nan;nan;nan;nan;nan;nan;nan;nan;nan;nan;nan;nan;nan;nan;nan;nan;nan;nan;nan;nan;nan;nan;nan;nan;nan;nan;nan;nan;nan;nan;nan;nan;nan;nan;nan;nan;nan;nan;nan;nan;nan;nan;nan;nan;nan;nan;nan;nan;nan;nan;nan;nan;nan;nan;nan;nan;nan;nan;nan;nan;nan;nan;nan;nan;nan;nan;nan;nan;nan;nan;nan;nan;nan;nan;nan;nan;nan;nan;nan;nan;nan;nan;nan;nan;nan;nan;nan;nan;nan;nan;nan;nan;nan;nan;nan;nan;nan;nan;nan;nan;nan;nan;nan;nan;nan;nan;nan;nan;nan;nan;nan;nan;nan;nan;nan;nan;nan;nan;nan;nan;nan;nan;nan;nan;nan;nan;nan;nan;nan;nan;nan;nan;nan;nan;nan;nan;nan;nan;nan;nan;nan;nan;nan;nan;nan;nan;nan;nan;nan;nan;nan;nan;nan;nan;nan;nan;nan;0.646533;8.653584459814585;0.7494530680279196;0.6421205706416785;0.5;0.31326193;9.992007221626413e-16;1.0;1.0;0;0.0008563995361328125;0.646533;8.653584459814585;0.7494530680279196;0.6421205706416785;0.5;0.31326193;9.992007221626413e-16;1.0;1.0;0.0;0.0;0.0;0.0;0.0;0.0;0.0;0.0;0.0;0.0;0.0;0.0008563995361328125;0.70571905;0.7282888576479949;0.2838837378893635;0.3034661805884537;0.2896146419082199;0.31292033195495605;20437.152;0.4456968847946047;0.7984165017189291;0.8001768723995489;0.8187498279211801;202.35379838943481;nan;nan;nan;nan;nan;nan;nan;nan;nan;nan;nan;nan;nan;nan;nan;nan;nan;nan;nan;nan;nan;nan;nan;nan;nan;nan;nan;nan;nan;nan;nan;nan;nan;nan;nan;nan;nan;nan;nan;nan;nan;nan;nan;nan;nan;nan;nan;nan;nan;nan;nan;nan;nan;nan;nan;nan;nan;nan;nan;nan;nan;nan;nan;nan;nan;nan;nan;nan;nan;nan;nan;nan;nan;nan;nan;nan;nan;nan;nan;nan;nan;nan;nan;nan;nan;nan;nan;nan;nan;nan;nan;nan;nan;nan;nan;nan;nan;nan;nan;nan;nan;nan;nan;nan;nan;nan;nan;nan;nan;nan;nan;nan;nan;nan;nan;nan;nan;nan;nan;nan;nan;nan;nan;nan;nan;nan;nan;nan;nan;nan;nan;nan;nan;nan;nan;nan;nan;nan;nan;nan;nan;nan;nan;nan;nan;nan;nan;nan;nan;nan;nan;nan;nan;nan;nan;nan;nan;nan;nan;nan;nan;nan;nan;nan;nan;nan;nan;nan;nan;nan;nan;nan;nan;nan;nan;nan;nan;nan;nan;nan;nan;nan;nan;nan;nan;nan;nan;nan;nan;nan;nan;nan;nan;nan;nan;nan;nan;nan;nan;nan;nan;nan;nan;nan;nan;nan;nan;nan;nan;nan;nan;nan;nan;nan;nan;nan;nan;nan;nan;nan;nan;nan;nan;nan;nan;nan;nan;nan;nan;nan;nan;nan;nan;nan;nan;nan;nan;nan;nan;nan;nan;nan;nan;nan;nan;nan;nan;nan;nan;nan;nan;nan;nan;nan;nan;nan;nan;nan;nan;nan;nan;nan;nan;nan;nan;nan;nan;nan;nan;nan;nan;nan;nan;nan;nan;nan;nan;nan;nan;nan;nan;nan;nan;nan;nan;nan;nan;nan;nan;nan;nan;nan;nan;nan;nan;nan;nan;nan;nan;nan;nan;nan;nan;nan;nan;nan;nan;nan;nan;nan;nan;nan;nan;nan;nan;nan;nan;nan;nan;nan;nan;nan;nan;nan;nan;nan;nan;nan;nan;nan;nan;nan;nan;nan;nan;nan;nan;nan;nan;nan;nan;nan;nan;nan;nan;nan;nan;nan;nan;nan;nan;nan;nan;nan;nan;nan;nan;nan;nan;nan;nan;nan;nan;nan;nan;nan;nan;nan;nan;nan;nan;nan;nan;nan;nan;nan;nan;nan;nan;nan;nan;nan;nan;nan;nan;nan;nan;nan;nan;nan;nan;nan;nan;nan;nan;nan;nan;nan;nan;nan;nan;nan;nan;nan;nan;nan;nan;nan;nan;nan;nan;nan;nan;nan;nan;nan;nan;nan;nan;nan;nan;nan;nan;nan;nan;nan;nan;nan;nan;nan;nan;nan;nan;nan;nan;nan;nan;nan;nan;nan;nan;nan;nan;nan;nan;nan;nan;nan;nan;nan;nan;nan;nan;nan;nan;nan;nan;nan;nan;nan;nan;nan;nan;nan;nan;nan;nan;nan;nan;nan;nan;nan;nan;nan;nan;nan;nan;nan;nan;nan;nan;nan;nan;nan;nan;nan;nan;nan;nan;nan;nan;nan;nan;nan;nan;nan;nan;nan;nan;nan;nan;nan;nan;nan;nan;nan;nan;nan;nan;nan;nan;nan;nan;nan;nan;nan;nan;nan;nan;nan;nan;nan;nan;nan;nan;nan;nan;nan;nan;nan;nan;nan;nan;nan;nan;nan;nan;nan;nan;nan;nan;nan;nan;nan;nan;nan;nan;nan;nan;nan;nan;nan;nan;nan;nan;nan;nan;nan;nan;nan;nan;nan;nan;nan;nan;nan;nan;nan;nan;nan;nan;nan;nan;nan;nan;nan;nan;nan;nan;nan;nan;nan;nan;nan;nan;nan;nan;nan;nan;nan;nan;nan;nan;nan;nan;nan;nan;nan;nan;nan;nan;nan;nan;nan;nan;nan;nan;nan;nan;nan;nan;nan;nan;nan;nan;nan;nan;nan;nan;nan;nan;nan;nan;nan;nan;nan;nan;nan;nan;nan;nan;nan;nan;nan;nan;nan;nan;nan;nan;nan;nan;nan;nan;nan;nan;nan;nan;nan;nan;nan;nan;nan;nan;nan;nan;nan;nan;nan;nan;nan;0.646533;8.653584459814585;0.7494530680279196;0.6421205706416785;0.5;0.31326193;9.992007221626413e-16;1.0;1.0;0;0.0017673969268798828;0.646533;8.653584459814585;0.7494530680279196;0.6421205706416785;0.5;0.31326193;9.992007221626413e-16;1.0;1.0;0.0;0.0;0.0;0.0;0.0;0.0;0.0;0.0;0.0;0.0;0.0;0.0017673969268798828;0.70571905;0.7282888576479949;0.2838837378893635;0.3034661805884537;0.2896146419082199;0.31292033195495605;20437.152;0.4456968847946047;0.7984165017189291;0.8001768723995489;0.8187498279211801;202.35379838943481;nan;nan;nan;nan;nan;nan;nan;nan;nan;nan;nan;nan;nan;nan;nan;nan;nan;nan;nan;nan;nan;nan;nan;nan;nan;nan;nan;nan;nan;nan;nan;nan;nan;nan;nan;nan;nan;nan;nan;nan;nan;nan;nan;nan;nan;nan;nan;nan;nan;nan;nan;nan;nan;nan;nan;nan;nan;nan;nan;nan;nan;nan;nan;nan;nan;nan;nan;nan;nan;nan;nan;nan;nan;nan;nan;nan;nan;nan;nan;nan;nan;nan;nan;nan;nan;nan;nan;nan;nan;nan;nan;nan;nan;nan;nan;nan;nan;nan;nan;nan;nan;nan;nan;nan;nan;nan;nan;nan;nan;nan;nan;nan;nan;nan;nan;nan;nan;nan;nan;nan;nan;nan;nan;nan;nan;nan;nan;nan;nan;nan;nan;nan;nan;nan;nan;nan;nan;nan;nan;nan;nan;nan;nan;nan;nan;nan;nan;nan;nan;nan;nan;nan;nan;nan;nan;nan;nan;nan;nan;nan;nan;nan;nan;nan;nan;nan;nan;nan;nan;nan;nan;nan;nan;nan;nan;nan;nan;nan;nan;nan;nan;nan;nan;nan;nan;nan;nan;nan;nan;nan;nan;nan;nan;nan;nan;nan;nan;nan;nan;nan;nan;nan;nan;nan;nan;nan;nan;nan;nan;nan;nan;nan;nan;nan;nan;nan;nan;nan;nan;nan;nan;nan;nan;nan;nan;nan;nan;nan;nan;nan;nan;nan;nan;nan;nan;nan;nan;nan;nan;nan;nan;nan;nan;nan;nan;nan;nan;nan;nan;nan;nan;nan;nan;nan;nan;nan;nan;nan;nan;nan;nan;nan;nan;nan;nan;nan;nan;nan;nan;nan;nan;nan;nan;nan;nan;nan;nan;nan;nan;nan;nan;nan;nan;nan;nan;nan;nan;nan;nan;nan;nan;nan;nan;nan;nan;nan;nan;nan;nan;nan;nan;nan;nan;nan;nan;nan;nan;nan;nan;nan;nan;nan;nan;nan;nan;nan;nan;nan;nan;nan;nan;nan;nan;nan;nan;nan;nan;nan;nan;nan;nan;nan;nan;nan;nan;nan;nan;nan;nan;nan;nan;nan;nan;nan;nan;nan;nan;nan;nan;nan;nan;nan;nan;nan;nan;nan;nan;nan;nan;nan;nan;nan;nan;nan;nan;nan;nan;nan;nan;nan;nan;nan;nan;nan;nan;nan;nan;nan;nan;nan;nan;nan;nan;nan;nan;nan;nan;nan;nan;nan;nan;nan;nan;nan;nan;nan;nan;nan;nan;nan;nan;nan;nan;nan;nan;nan;nan;nan;nan;nan;nan;nan;nan;nan;nan;nan;nan;nan;nan;nan;nan;nan;nan;nan;nan;nan;nan;nan;nan;nan;nan;nan;nan;nan;nan;nan;nan;nan;nan;nan;nan;nan;nan;nan;nan;nan;nan;nan;nan;nan;nan;nan;nan;nan;nan;nan;nan;nan;nan;nan;nan;nan;nan;nan;nan;nan;nan;nan;nan;nan;nan;nan;nan;nan;nan;nan;nan;nan;nan;nan;nan;nan;nan;nan;nan;nan;nan;nan;nan;nan;nan;nan;nan;nan;nan;nan;nan;nan;nan;nan;nan;nan;nan;nan;nan;nan;nan;nan;nan;nan;nan;nan;nan;nan;nan;nan;nan;nan;nan;nan;nan;nan;nan;nan;nan;nan;nan;nan;nan;nan;nan;nan;nan;nan;nan;nan;nan;nan;nan;nan;nan;nan;nan;nan;nan;nan;nan;nan;nan;nan;nan;nan;nan;nan;nan;nan;nan;nan;nan;nan;nan;nan;nan;nan;nan;nan;nan;nan;nan;nan;nan;nan;nan;nan;nan;nan;nan;nan;nan;nan;nan;nan;nan;nan;nan;nan;nan;nan;nan;nan;nan;nan;nan;nan;nan;nan;nan;nan;nan;nan;nan;nan;nan;nan;nan;nan;nan;nan;nan;nan;nan;nan;nan;nan;nan;nan;nan;nan;nan;nan;nan;nan;nan;nan;nan;nan;nan;nan;nan;nan;nan;nan;nan;nan;nan;nan;nan;nan;nan;nan;nan;nan;nan;nan;nan;nan;nan;nan;nan;nan;nan;nan;nan;nan;nan;nan;nan;nan;nan;nan;0.646533;8.653584459814585;0.7494530680279196;0.6421205706416785;0.5;0.31326193;9.992007221626413e-16;1.0;1.0;0;0.0017731189727783203;0.646533;8.653584459814585;0.7494530680279196;0.6421205706416785;0.5;0.31326193;9.992007221626413e-16;1.0;1.0;0.0;0.0;0.0;0.0;0.0;0.0;0.0;0.0;0.0;0.0;0.0;0.0017731189727783203;0.70571905;0.7282888576479949;0.2838837378893635;0.3034661805884537;0.2896146419082199;0.31292033195495605;20437.152;0.4456968847946047;0.7984165017189291;0.8001768723995489;0.8187498279211801;202.35379838943481;nan;nan;nan;nan;nan;nan;nan;nan;nan;nan;nan;nan;nan;nan;nan;nan;nan;nan;nan;nan;nan;nan;nan;nan;nan;nan;nan;nan;nan;nan;nan;nan;nan;nan;nan;nan;nan;nan;nan;nan;nan;nan;nan;nan;nan;nan;nan;nan;nan;nan;nan;nan;nan;nan;nan;nan;nan;nan;nan;nan;nan;nan;nan;nan;nan;nan;nan;nan;nan;nan;nan;nan;nan;nan;nan;nan;nan;nan;nan;nan;nan;nan;nan;nan;nan;nan;nan;nan;nan;nan;nan;nan;nan;nan;nan;nan;nan;nan;nan;nan;nan;nan;nan;nan;nan;nan;nan;nan;nan;nan;nan;nan;nan;nan;nan;nan;nan;nan;nan;nan;nan;nan;nan;nan;nan;nan;nan;nan;nan;nan;nan;nan;nan;nan;nan;nan;nan;nan;nan;nan;nan;nan;nan;nan;nan;nan;nan;nan;nan;nan;nan;nan;nan;nan;nan;nan;nan;nan;nan;nan;nan;nan;nan;nan;nan;nan;nan;nan;nan;nan;nan;nan;nan;nan;nan;nan;nan;nan;nan;nan;nan;nan;nan;nan;nan;nan;nan;nan;nan;nan;nan;nan;nan;nan;nan;nan;nan;nan;nan;nan;nan;nan;nan;nan;nan;nan;nan;nan;nan;nan;nan;nan;nan;nan;nan;nan;nan;nan;nan;nan;nan;nan;nan;nan;nan;nan;nan;nan;nan;nan;nan;nan;nan;nan;nan;nan;nan;nan;nan;nan;nan;nan;nan;nan;nan;nan;nan;nan;nan;nan;nan;nan;nan;nan;nan;nan;nan;nan;nan;nan;nan;nan;nan;nan;nan;nan;nan;nan;nan;nan;nan;nan;nan;nan;nan;nan;nan;nan;nan;nan;nan;nan;nan;nan;nan;nan;nan;nan;nan;nan;nan;nan;nan;nan;nan;nan;nan;nan;nan;nan;nan;nan;nan;nan;nan;nan;nan;nan;nan;nan;nan;nan;nan;nan;nan;nan;nan;nan;nan;nan;nan;nan;nan;nan;nan;nan;nan;nan;nan;nan;nan;nan;nan;nan;nan;nan;nan;nan;nan;nan;nan;nan;nan;nan;nan;nan;nan;nan;nan;nan;nan;nan;nan;nan;nan;nan;nan;nan;nan;nan;nan;nan;nan;nan;nan;nan;nan;nan;nan;nan;nan;nan;nan;nan;nan;nan;nan;nan;nan;nan;nan;nan;nan;nan;nan;nan;nan;nan;nan;nan;nan;nan;nan;nan;nan;nan;nan;nan;nan;nan;nan;nan;nan;nan;nan;nan;nan;nan;nan;nan;nan;nan;nan;nan;nan;nan;nan;nan;nan;nan;nan;nan;nan;nan;nan;nan;nan;nan;nan;nan;nan;nan;nan;nan;nan;nan;nan;nan;nan;nan;nan;nan;nan;nan;nan;nan;nan;nan;nan;nan;nan;nan;nan;nan;nan;nan;nan;nan;nan;nan;nan;nan;nan;nan;nan;nan;nan;nan;nan;nan;nan;nan;nan;nan;nan;nan;nan;nan;nan;nan;nan;nan;nan;nan;nan;nan;nan;nan;nan;nan;nan;nan;nan;nan;nan;nan;nan;nan;nan;nan;nan;nan;nan;nan;nan;nan;nan;nan;nan;nan;nan;nan;nan;nan;nan;nan;nan;nan;nan;nan;nan;nan;nan;nan;nan;nan;nan;nan;nan;nan;nan;nan;nan;nan;nan;nan;nan;nan;nan;nan;nan;nan;nan;nan;nan;nan;nan;nan;nan;nan;nan;nan;nan;nan;nan;nan;nan;nan;nan;nan;nan;nan;nan;nan;nan;nan;nan;nan;nan;nan;nan;nan;nan;nan;nan;nan;nan;nan;nan;nan;nan;nan;nan;nan;nan;nan;nan;nan;nan;nan;nan;nan;nan;nan;nan;nan;nan;nan;nan;nan;nan;nan;nan;nan;nan;nan;nan;nan;nan;nan;nan;nan;nan;nan;nan;nan;nan;nan;nan;nan;nan;nan;nan;nan;nan;nan;nan;nan;nan;nan;nan;nan;nan;nan;nan;nan;nan;nan;nan;nan;nan;nan;nan;nan;nan;nan;nan;nan;nan;nan;nan;nan;nan;nan;nan;nan;nan;nan;nan;nan;0.646533;8.653584459814585;0.7494530680279196;0.6421205706416785;0.5;0.31326193;9.992007221626413e-16;1.0;1.0;0;0.0013051033020019531;0.646533;8.653584459814585;0.7494530680279196;0.6421205706416785;0.5;0.31326193;9.992007221626413e-16;1.0;1.0;0.0;0.0;0.0;0.0;0.0;0.0;0.0;0.0;0.0;0.0;0.0;0.0013051033020019531;0.70571905;0.7282888576479949;0.2838837378893635;0.3034661805884537;0.2896146419082199;0.31292033195495605;20437.152;0.4456968847946047;0.7984165017189291;0.8001768723995489;0.8187498279211801;202.35379838943481;nan;nan;nan;nan;nan;nan;nan;nan;nan;nan;nan;nan;nan;nan;nan;nan;nan;nan;nan;nan;nan;nan;nan;nan;nan;nan;nan;nan;nan;nan;nan;nan;nan;nan;nan;nan;nan;nan;nan;nan;nan;nan;nan;nan;nan;nan;nan;nan;nan;nan;nan;nan;nan;nan;nan;nan;nan;nan;nan;nan;nan;nan;nan;nan;nan;nan;nan;nan;nan;nan;nan;nan;nan;nan;nan;nan;nan;nan;nan;nan;nan;nan;nan;nan;nan;nan;nan;nan;nan;nan;nan;nan;nan;nan;nan;nan;nan;nan;nan;nan;nan;nan;nan;nan;nan;nan;nan;nan;nan;nan;nan;nan;nan;nan;nan;nan;nan;nan;nan;nan;nan;nan;nan;nan;nan;nan;nan;nan;nan;nan;nan;nan;nan;nan;nan;nan;nan;nan;nan;nan;nan;nan;nan;nan;nan;nan;nan;nan;nan;nan;nan;nan;nan;nan;nan;nan;nan;nan;nan;nan;nan;nan;nan;nan;nan;nan;nan;nan;nan;nan;nan;nan;nan;nan;nan;nan;nan;nan;nan;nan;nan;nan;nan;nan;nan;nan;nan;nan;nan;nan;nan;nan;nan;nan;nan;nan;nan;nan;nan;nan;nan;nan;nan;nan;nan;nan;nan;nan;nan;nan;nan;nan;nan;nan;nan;nan;nan;nan;nan;nan;nan;nan;nan;nan;nan;nan;nan;nan;nan;nan;nan;nan;nan;nan;nan;nan;nan;nan;nan;nan;nan;nan;nan;nan;nan;nan;nan;nan;nan;nan;nan;nan;nan;nan;nan;nan;nan;nan;nan;nan;nan;nan;nan;nan;nan;nan;nan;nan;nan;nan;nan;nan;nan;nan;nan;nan;nan;nan;nan;nan;nan;nan;nan;nan;nan;nan;nan;nan;nan;nan;nan;nan;nan;nan;nan;nan;nan;nan;nan;nan;nan;nan;nan;nan;nan;nan;nan;nan;nan;nan;nan;nan;nan;nan;nan;nan;nan;nan;nan;nan;nan;nan;nan;nan;nan;nan;nan;nan;nan;nan;nan;nan;nan;nan;nan;nan;nan;nan;nan;nan;nan;nan;nan;nan;nan;nan;nan;nan;nan;nan;nan;nan;nan;nan;nan;nan;nan;nan;nan;nan;nan;nan;nan;nan;nan;nan;nan;nan;nan;nan;nan;nan;nan;nan;nan;nan;nan;nan;nan;nan;nan;nan;nan;nan;nan;nan;nan;nan;nan;nan;nan;nan;nan;nan;nan;nan;nan;nan;nan;nan;nan;nan;nan;nan;nan;nan;nan;nan;nan;nan;nan;nan;nan;nan;nan;nan;nan;nan;nan;nan;nan;nan;nan;nan;nan;nan;nan;nan;nan;nan;nan;nan;nan;nan;nan;nan;nan;nan;nan;nan;nan;nan;nan;nan;nan;nan;nan;nan;nan;nan;nan;nan;nan;nan;nan;nan;nan;nan;nan;nan;nan;nan;nan;nan;nan;nan;nan;nan;nan;nan;nan;nan;nan;nan;nan;nan;nan;nan;nan;nan;nan;nan;nan;nan;nan;nan;nan;nan;nan;nan;nan;nan;nan;nan;nan;nan;nan;nan;nan;nan;nan;nan;nan;nan;nan;nan;nan;nan;nan;nan;nan;nan;nan;nan;nan;nan;nan;nan;nan;nan;nan;nan;nan;nan;nan;nan;nan;nan;nan;nan;nan;nan;nan;nan;nan;nan;nan;nan;nan;nan;nan;nan;nan;nan;nan;nan;nan;nan;nan;nan;nan;nan;nan;nan;nan;nan;nan;nan;nan;nan;nan;nan;nan;nan;nan;nan;nan;nan;nan;nan;nan;nan;nan;nan;nan;nan;nan;nan;nan;nan;nan;nan;nan;nan;nan;nan;nan;nan;nan;nan;nan;nan;nan;nan;nan;nan;nan;nan;nan;nan;nan;nan;nan;nan;nan;nan;nan;nan;nan;nan;nan;nan;nan;nan;nan;nan;nan;nan;nan;nan;nan;nan;nan;nan;nan;nan;nan;nan;nan;nan;nan;nan;nan;nan;nan;nan;nan;nan;nan;nan;nan;nan;nan;nan;nan;nan;nan;nan;nan;nan;nan;nan;nan;nan;nan;nan;nan;nan;nan;nan;0.646533;8.653584459814585;0.7494530680279196;0.6421205706416785;0.5;0.31326193;9.992007221626413e-16;1.0;1.0;0;0.0011098384857177734;0.646533;8.653584459814585;0.7494530680279196;0.6421205706416785;0.5;0.31326193;9.992007221626413e-16;1.0;1.0;0.0;0.0;0.0;0.0;0.0;0.0;0.0;0.0;0.0;0.0;0.0;0.0011098384857177734;0.70571905;0.7282888576479949;0.2838837378893635;0.3034661805884537;0.2896146419082199;0.31292033195495605;20437.152;0.4456968847946047;0.7984165017189291;0.8001768723995489;0.8187498279211801;202.35379838943481;nan;nan;nan;nan;nan;nan;nan;nan;nan;nan;nan;nan;nan;nan;nan;nan;nan;nan;nan;nan;nan;nan;nan;nan;nan;nan;nan;nan;nan;nan;nan;nan;nan;nan;nan;nan;nan;nan;nan;nan;nan;nan;nan;nan;nan;nan;nan;nan;nan;nan;nan;nan;nan;nan;nan;nan;nan;nan;nan;nan;nan;nan;nan;nan;nan;nan;nan;nan;nan;nan;nan;nan;nan;nan;nan;nan;nan;nan;nan;nan;nan;nan;nan;nan;nan;nan;nan;nan;nan;nan;nan;nan;nan;nan;nan;nan;nan;nan;nan;nan;nan;nan;nan;nan;nan;nan;nan;nan;nan;nan;nan;nan;nan;nan;nan;nan;nan;nan;nan;nan;nan;nan;nan;nan;nan;nan;nan;nan;nan;nan;nan;nan;nan;nan;nan;nan;nan;nan;nan;nan;nan;nan;nan;nan;nan;nan;nan;nan;nan;nan;nan;nan;nan;nan;nan;nan;nan;nan;nan;nan;nan;nan;nan;nan;nan;nan;nan;nan;nan;nan;nan;nan;nan;nan;nan;nan;nan;nan;nan;nan;nan;nan;nan;nan;nan;nan;nan;nan;nan;nan;nan;nan;nan;nan;nan;nan;nan;nan;nan;nan;nan;nan;nan;nan;nan;nan;nan;nan;nan;nan;nan;nan;nan;nan;nan;nan;nan;nan;nan;nan;nan;nan;nan;nan;nan;nan;nan;nan;nan;nan;nan;nan;nan;nan;nan;nan;nan;nan;nan;nan;nan;nan;nan;nan;nan;nan;nan;nan;nan;nan;nan;nan;nan;nan;nan;nan;nan;nan;nan;nan;nan;nan;nan;nan;nan;nan;nan;nan;nan;nan;nan;nan;nan;nan;nan;nan;nan;nan;nan;nan;nan;nan;nan;nan;nan;nan;nan;nan;nan;nan;nan;nan;nan;nan;nan;nan;nan;nan;nan;nan;nan;nan;nan;nan;nan;nan;nan;nan;nan;nan;nan;nan;nan;nan;nan;nan;nan;nan;nan;nan;nan;nan;nan;nan;nan;nan;nan;nan;nan;nan;nan;nan;nan;nan;nan;nan;nan;nan;nan;nan;nan;nan;nan;nan;nan;nan;nan;nan;nan;nan;nan;nan;nan;nan;nan;nan;nan;nan;nan;nan;nan;nan;nan;nan;nan;nan;nan;nan;nan;nan;nan;nan;nan;nan;nan;nan;nan;nan;nan;nan;nan;nan;nan;nan;nan;nan;nan;nan;nan;nan;nan;nan;nan;nan;nan;nan;nan;nan;nan;nan;nan;nan;nan;nan;nan;nan;nan;nan;nan;nan;nan;nan;nan;nan;nan;nan;nan;nan;nan;nan;nan;nan;nan;nan;nan;nan;nan;nan;nan;nan;nan;nan;nan;nan;nan;nan;nan;nan;nan;nan;nan;nan;nan;nan;nan;nan;nan;nan;nan;nan;nan;nan;nan;nan;nan;nan;nan;nan;nan;nan;nan;nan;nan;nan;nan;nan;nan;nan;nan;nan;nan;nan;nan;nan;nan;nan;nan;nan;nan;nan;nan;nan;nan;nan;nan;nan;nan;nan;nan;nan;nan;nan;nan;nan;nan;nan;nan;nan;nan;nan;nan;nan;nan;nan;nan;nan;nan;nan;nan;nan;nan;nan;nan;nan;nan;nan;nan;nan;nan;nan;nan;nan;nan;nan;nan;nan;nan;nan;nan;nan;nan;nan;nan;nan;nan;nan;nan;nan;nan;nan;nan;nan;nan;nan;nan;nan;nan;nan;nan;nan;nan;nan;nan;nan;nan;nan;nan;nan;nan;nan;nan;nan;nan;nan;nan;nan;nan;nan;nan;nan;nan;nan;nan;nan;nan;nan;nan;nan;nan;nan;nan;nan;nan;nan;nan;nan;nan;nan;nan;nan;nan;nan;nan;nan;nan;nan;nan;nan;nan;nan;nan;nan;nan;nan;nan;nan;nan;nan;nan;nan;nan;nan;nan;nan;nan;nan;nan;nan;nan;nan;nan;nan;nan;nan;nan;nan;nan;nan;nan;nan;nan;nan;nan;nan;nan;nan;nan;nan;nan;nan;nan;nan;nan;nan;nan;nan;nan;nan;nan;nan;nan;nan;nan;nan;nan;nan;nan;nan;nan;nan;0.646533;8.653584459814585;0.7494530680279196;0.6421205706416785;0.5;0.31326193;9.992007221626413e-16;1.0;1.0;0;0.001474142074584961;0.646533;8.653584459814585;0.7494530680279196;0.6421205706416785;0.5;0.31326193;9.992007221626413e-16;1.0;1.0;0.0;0.0;0.0;0.0;0.0;0.0;0.0;0.0;0.0;0.0;0.0;0.001474142074584961;0.70571905;0.7282888576479949;0.2838837378893635;0.3034661805884537;0.2896146419082199;0.31292033195495605;20437.152;0.4456968847946047;0.7984165017189291;0.8001768723995489;0.8187498279211801;202.35379838943481;nan;nan;nan;nan;nan;nan;nan;nan;nan;nan;nan;nan;nan;nan;nan;nan;nan;nan;nan;nan;nan;nan;nan;nan;nan;nan;nan;nan;nan;nan;nan;nan;nan;nan;nan;nan;nan;nan;nan;nan;nan;nan;nan;nan;nan;nan;nan;nan;nan;nan;nan;nan;nan;nan;nan;nan;nan;nan;nan;nan;nan;nan;nan;nan;nan;nan;nan;nan;nan;nan;nan;nan;nan;nan;nan;nan;nan;nan;nan;nan;nan;nan;nan;nan;nan;nan;nan;nan;nan;nan;nan;nan;nan;nan;nan;nan;nan;nan;nan;nan;nan;nan;nan;nan;nan;nan;nan;nan;nan;nan;nan;nan;nan;nan;nan;nan;nan;nan;nan;nan;nan;nan;nan;nan;nan;nan;nan;nan;nan;nan;nan;nan;nan;nan;nan;nan;nan;nan;nan;nan;nan;nan;nan;nan;nan;nan;nan;nan;nan;nan;nan;nan;nan;nan;nan;nan;nan;nan;nan;nan;nan;nan;nan;nan;nan;nan;nan;nan;nan;nan;nan;nan;nan;nan;nan;nan;nan;nan;nan;nan;nan;nan;nan;nan;nan;nan;nan;nan;nan;nan;nan;nan;nan;nan;nan;nan;nan;nan;nan;nan;nan;nan;nan;nan;nan;nan;nan;nan;nan;nan;nan;nan;nan;nan;nan;nan;nan;nan;nan;nan;nan;nan;nan;nan;nan;nan;nan;nan;nan;nan;nan;nan;nan;nan;nan;nan;nan;nan;nan;nan;nan;nan;nan;nan;nan;nan;nan;nan;nan;nan;nan;nan;nan;nan;nan;nan;nan;nan;nan;nan;nan;nan;nan;nan;nan;nan;nan;nan;nan;nan;nan;nan;nan;nan;nan;nan;nan;nan;nan;nan;nan;nan;nan;nan;nan;nan;nan;nan;nan;nan;nan;nan;nan;nan;nan;nan;nan;nan;nan;nan;nan;nan;nan;nan;nan;nan;nan;nan;nan;nan;nan;nan;nan;nan;nan;nan;nan;nan;nan;nan;nan;nan;nan;nan;nan;nan;nan;nan;nan;nan;nan;nan;nan;nan;nan;nan;nan;nan;nan;nan;nan;nan;nan;nan;nan;nan;nan;nan;nan;nan;nan;nan;nan;nan;nan;nan;nan;nan;nan;nan;nan;nan;nan;nan;nan;nan;nan;nan;nan;nan;nan;nan;nan;nan;nan;nan;nan;nan;nan;nan;nan;nan;nan;nan;nan;nan;nan;nan;nan;nan;nan;nan;nan;nan;nan;nan;nan;nan;nan;nan;nan;nan;nan;nan;nan;nan;nan;nan;nan;nan;nan;nan;nan;nan;nan;nan;nan;nan;nan;nan;nan;nan;nan;nan;nan;nan;nan;nan;nan;nan;nan;nan;nan;nan;nan;nan;nan;nan;nan;nan;nan;nan;nan;nan;nan;nan;nan;nan;nan;nan;nan;nan;nan;nan;nan;nan;nan;nan;nan;nan;nan;nan;nan;nan;nan;nan;nan;nan;nan;nan;nan;nan;nan;nan;nan;nan;nan;nan;nan;nan;nan;nan;nan;nan;nan;nan;nan;nan;nan;nan;nan;nan;nan;nan;nan;nan;nan;nan;nan;nan;nan;nan;nan;nan;nan;nan;nan;nan;nan;nan;nan;nan;nan;nan;nan;nan;nan;nan;nan;nan;nan;nan;nan;nan;nan;nan;nan;nan;nan;nan;nan;nan;nan;nan;nan;nan;nan;nan;nan;nan;nan;nan;nan;nan;nan;nan;nan;nan;nan;nan;nan;nan;nan;nan;nan;nan;nan;nan;nan;nan;nan;nan;nan;nan;nan;nan;nan;nan;nan;nan;nan;nan;nan;nan;nan;nan;nan;nan;nan;nan;nan;nan;nan;nan;nan;nan;nan;nan;nan;nan;nan;nan;nan;nan;nan;nan;nan;nan;nan;nan;nan;nan;nan;nan;nan;nan;nan;nan;nan;nan;nan;nan;nan;nan;nan;nan;nan;nan;nan;nan;nan;nan;nan;nan;nan;nan;nan;nan;nan;nan;nan;nan;nan;nan;nan;nan;nan;nan;nan;nan;nan;nan;nan;nan;nan;nan;nan;nan;nan;nan;nan;nan;nan;nan;nan;nan;nan;nan;nan;nan;0.646533;8.653584459814585;0.7494530680279196;0.6421205706416785;0.5;0.31326193;9.992007221626413e-16;1.0;1.0;0;0.0009217262268066406;0.646533;8.653584459814585;0.7494530680279196;0.6421205706416785;0.5;0.31326193;9.992007221626413e-16;1.0;1.0;0.0;0.0;0.0;0.0;0.0;0.0;0.0;0.0;0.0;0.0;0.0;0.0009217262268066406;0.70571905;0.7282888576479949;0.2838837378893635;0.3034661805884537;0.2896146419082199;0.31292033195495605;20437.152;0.4456968847946047;0.7984165017189291;0.8001768723995489;0.8187498279211801;202.35379838943481;nan;nan;nan;nan;nan;nan;nan;nan;nan;nan;nan;nan;nan;nan;nan;nan;nan;nan;nan;nan;nan;nan;nan;nan;nan;nan;nan;nan;nan;nan;nan;nan;nan;nan;nan;nan;nan;nan;nan;nan;nan;nan;nan;nan;nan;nan;nan;nan;nan;nan;nan;nan;nan;nan;nan;nan;nan;nan;nan;nan;nan;nan;nan;nan;nan;nan;nan;nan;nan;nan;nan;nan;nan;nan;nan;nan;nan;nan;nan;nan;nan;nan;nan;nan;nan;nan;nan;nan;nan;nan;nan;nan;nan;nan;nan;nan;nan;nan;nan;nan;nan;nan;nan;nan;nan;nan;nan;nan;nan;nan;nan;nan;nan;nan;nan;nan;nan;nan;nan;nan;nan;nan;nan;nan;nan;nan;nan;nan;nan;nan;nan;nan;nan;nan;nan;nan;nan;nan;nan;nan;nan;nan;nan;nan;nan;nan;nan;nan;nan;nan;nan;nan;nan;nan;nan;nan;nan;nan;nan;nan;nan;nan;nan;nan;nan;nan;nan;nan;nan;nan;nan;nan;nan;nan;nan;nan;nan;nan;nan;nan;nan;nan;nan;nan;nan;nan;nan;nan;nan;nan;nan;nan;nan;nan;nan;nan;nan;nan;nan;nan;nan;nan;nan;nan;nan;nan;nan;nan;nan;nan;nan;nan;nan;nan;nan;nan;nan;nan;nan;nan;nan;nan;nan;nan;nan;nan;nan;nan;nan;nan;nan;nan;nan;nan;nan;nan;nan;nan;nan;nan;nan;nan;nan;nan;nan;nan;nan;nan;nan;nan;nan;nan;nan;nan;nan;nan;nan;nan;nan;nan;nan;nan;nan;nan;nan;nan;nan;nan;nan;nan;nan;nan;nan;nan;nan;nan;nan;nan;nan;nan;nan;nan;nan;nan;nan;nan;nan;nan;nan;nan;nan;nan;nan;nan;nan;nan;nan;nan;nan;nan;nan;nan;nan;nan;nan;nan;nan;nan;nan;nan;nan;nan;nan;nan;nan;nan;nan;nan;nan;nan;nan;nan;nan;nan;nan;nan;nan;nan;nan;nan;nan;nan;nan;nan;nan;nan;nan;nan;nan;nan;nan;nan;nan;nan;nan;nan;nan;nan;nan;nan;nan;nan;nan;nan;nan;nan;nan;nan;nan;nan;nan;nan;nan;nan;nan;nan;nan;nan;nan;nan;nan;nan;nan;nan;nan;nan;nan;nan;nan;nan;nan;nan;nan;nan;nan;nan;nan;nan;nan;nan;nan;nan;nan;nan;nan;nan;nan;nan;nan;nan;nan;nan;nan;nan;nan;nan;nan;nan;nan;nan;nan;nan;nan;nan;nan;nan;nan;nan;nan;nan;nan;nan;nan;nan;nan;nan;nan;nan;nan;nan;nan;nan;nan;nan;nan;nan;nan;nan;nan;nan;nan;nan;nan;nan;nan;nan;nan;nan;nan;nan;nan;nan;nan;nan;nan;nan;nan;nan;nan;nan;nan;nan;nan;nan;nan;nan;nan;nan;nan;nan;nan;nan;nan;nan;nan;nan;nan;nan;nan;nan;nan;nan;nan;nan;nan;nan;nan;nan;nan;nan;nan;nan;nan;nan;nan;nan;nan;nan;nan;nan;nan;nan;nan;nan;nan;nan;nan;nan;nan;nan;nan;nan;nan;nan;nan;nan;nan;nan;nan;nan;nan;nan;nan;nan;nan;nan;nan;nan;nan;nan;nan;nan;nan;nan;nan;nan;nan;nan;nan;nan;nan;nan;nan;nan;nan;nan;nan;nan;nan;nan;nan;nan;nan;nan;nan;nan;nan;nan;nan;nan;nan;nan;nan;nan;nan;nan;nan;nan;nan;nan;nan;nan;nan;nan;nan;nan;nan;nan;nan;nan;nan;nan;nan;nan;nan;nan;nan;nan;nan;nan;nan;nan;nan;nan;nan;nan;nan;nan;nan;nan;nan;nan;nan;nan;nan;nan;nan;nan;nan;nan;nan;nan;nan;nan;nan;nan;nan;nan;nan;nan;nan;nan;nan;nan;nan;nan;nan;nan;nan;nan;nan;nan;nan;nan;nan;nan;nan;nan;nan;nan;nan;nan;nan;nan;nan;nan;nan;nan;nan;nan;nan;nan;nan;nan;nan;nan;nan;nan;nan;nan;0.646533;8.653584459814585;0.7494530680279196;0.6421205706416785;0.5;0.31326193;9.992007221626413e-16;1.0;1.0;0;0.0015261173248291016;0.646533;8.653584459814585;0.7494530680279196;0.6421205706416785;0.5;0.31326193;9.992007221626413e-16;1.0;1.0;0.0;0.0;0.0;0.0;0.0;0.0;0.0;0.0;0.0;0.0;0.0;0.0015261173248291016;0.70571905;0.7282888576479949;0.2838837378893635;0.3034661805884537;0.2896146419082199;0.31292033195495605;20437.152;0.4456968847946047;0.7984165017189291;0.8001768723995489;0.8187498279211801;202.35379838943481;nan;nan;nan;nan;nan;nan;nan;nan;nan;nan;nan;nan;nan;nan;nan;nan;nan;nan;nan;nan;nan;nan;nan;nan;nan;nan;nan;nan;nan;nan;nan;nan;nan;nan;nan;nan;nan;nan;nan;nan;nan;nan;nan;nan;nan;nan;nan;nan;nan;nan;nan;nan;nan;nan;nan;nan;nan;nan;nan;nan;nan;nan;nan;nan;nan;nan;nan;nan;nan;nan;nan;nan;nan;nan;nan;nan;nan;nan;nan;nan;nan;nan;nan;nan;nan;nan;nan;nan;nan;nan;nan;nan;nan;nan;nan;nan;nan;nan;nan;nan;nan;nan;nan;nan;nan;nan;nan;nan;nan;nan;nan;nan;nan;nan;nan;nan;nan;nan;nan;nan;nan;nan;nan;nan;nan;nan;nan;nan;nan;nan;nan;nan;nan;nan;nan;nan;nan;nan;nan;nan;nan;nan;nan;nan;nan;nan;nan;nan;nan;nan;nan;nan;nan;nan;nan;nan;nan;nan;nan;nan;nan;nan;nan;nan;nan;nan;nan;nan;nan;nan;nan;nan;nan;nan;nan;nan;nan;nan;nan;nan;nan;nan;nan;nan;nan;nan;nan;nan;nan;nan;nan;nan;nan;nan;nan;nan;nan;nan;nan;nan;nan;nan;nan;nan;nan;nan;nan;nan;nan;nan;nan;nan;nan;nan;nan;nan;nan;nan;nan;nan;nan;nan;nan;nan;nan;nan;nan;nan;nan;nan;nan;nan;nan;nan;nan;nan;nan;nan;nan;nan;nan;nan;nan;nan;nan;nan;nan;nan;nan;nan;nan;nan;nan;nan;nan;nan;nan;nan;nan;nan;nan;nan;nan;nan;nan;nan;nan;nan;nan;nan;nan;nan;nan;nan;nan;nan;nan;nan;nan;nan;nan;nan;nan;nan;nan;nan;nan;nan;nan;nan;nan;nan;nan;nan;nan;nan;nan;nan;nan;nan;nan;nan;nan;nan;nan;nan;nan;nan;nan;nan;nan;nan;nan;nan;nan;nan;nan;nan;nan;nan;nan;nan;nan;nan;nan;nan;nan;nan;nan;nan;nan;nan;nan;nan;nan;nan;nan;nan;nan;nan;nan;nan;nan;nan;nan;nan;nan;nan;nan;nan;nan;nan;nan;nan;nan;nan;nan;nan;nan;nan;nan;nan;nan;nan;nan;nan;nan;nan;nan;nan;nan;nan;nan;nan;nan;nan;nan;nan;nan;nan;nan;nan;nan;nan;nan;nan;nan;nan;nan;nan;nan;nan;nan;nan;nan;nan;nan;nan;nan;nan;nan;nan;nan;nan;nan;nan;nan;nan;nan;nan;nan;nan;nan;nan;nan;nan;nan;nan;nan;nan;nan;nan;nan;nan;nan;nan;nan;nan;nan;nan;nan;nan;nan;nan;nan;nan;nan;nan;nan;nan;nan;nan;nan;nan;nan;nan;nan;nan;nan;nan;nan;nan;nan;nan;nan;nan;nan;nan;nan;nan;nan;nan;nan;nan;nan;nan;nan;nan;nan;nan;nan;nan;nan;nan;nan;nan;nan;nan;nan;nan;nan;nan;nan;nan;nan;nan;nan;nan;nan;nan;nan;nan;nan;nan;nan;nan;nan;nan;nan;nan;nan;nan;nan;nan;nan;nan;nan;nan;nan;nan;nan;nan;nan;nan;nan;nan;nan;nan;nan;nan;nan;nan;nan;nan;nan;nan;nan;nan;nan;nan;nan;nan;nan;nan;nan;nan;nan;nan;nan;nan;nan;nan;nan;nan;nan;nan;nan;nan;nan;nan;nan;nan;nan;nan;nan;nan;nan;nan;nan;nan;nan;nan;nan;nan;nan;nan;nan;nan;nan;nan;nan;nan;nan;nan;nan;nan;nan;nan;nan;nan;nan;nan;nan;nan;nan;nan;nan;nan;nan;nan;nan;nan;nan;nan;nan;nan;nan;nan;nan;nan;nan;nan;nan;nan;nan;nan;nan;nan;nan;nan;nan;nan;nan;nan;nan;nan;nan;nan;nan;nan;nan;nan;nan;nan;nan;nan;nan;nan;nan;nan;nan;nan;nan;nan;nan;nan;nan;nan;nan;nan;nan;nan;nan;nan;nan;nan;nan;nan;nan;nan;nan;nan;nan;nan;nan;nan;nan;nan;nan;nan;0.646533;8.653584459814585;0.7494530680279196;0.6421205706416785;0.5;0.31326193;9.992007221626413e-16;1.0;1.0;0;0.0011401176452636719;0.646533;8.653584459814585;0.7494530680279196;0.6421205706416785;0.5;0.31326193;9.992007221626413e-16;1.0;1.0;0.0;0.0;0.0;0.0;0.0;0.0;0.0;0.0;0.0;0.0;0.0;0.0011401176452636719;0.70571905;0.7282888576479949;0.2838837378893635;0.3034661805884537;0.2896146419082199;0.31292033195495605;20437.152;0.4456968847946047;0.7984165017189291;0.8001768723995489;0.8187498279211801;202.35379838943481;nan;nan;nan;nan;nan;nan;nan;nan;nan;nan;nan;nan;nan;nan;nan;nan;nan;nan;nan;nan;nan;nan;nan;nan;nan;nan;nan;nan;nan;nan;nan;nan;nan;nan;nan;nan;nan;nan;nan;nan;nan;nan;nan;nan;nan;nan;nan;nan;nan;nan;nan;nan;nan;nan;nan;nan;nan;nan;nan;nan;nan;nan;nan;nan;nan;nan;nan;nan;nan;nan;nan;nan;nan;nan;nan;nan;nan;nan;nan;nan;nan;nan;nan;nan;nan;nan;nan;nan;nan;nan;nan;nan;nan;nan;nan;nan;nan;nan;nan;nan;nan;nan;nan;nan;nan;nan;nan;nan;nan;nan;nan;nan;nan;nan;nan;nan;nan;nan;nan;nan;nan;nan;nan;nan;nan;nan;nan;nan;nan;nan;nan;nan;nan;nan;nan;nan;nan;nan;nan;nan;nan;nan;nan;nan;nan;nan;nan;nan;nan;nan;nan;nan;nan;nan;nan;nan;nan;nan;nan;nan;nan;nan;nan;nan;nan;nan;nan;nan;nan;nan;nan;nan;nan;nan;nan;nan;nan;nan;nan;nan;nan;nan;nan;nan;nan;nan;nan;nan;nan;nan;nan;nan;nan;nan;nan;nan;nan;nan;nan;nan;nan;nan;nan;nan;nan;nan;nan;nan;nan;nan;nan;nan;nan;nan;nan;nan;nan;nan;nan;nan;nan;nan;nan;nan;nan;nan;nan;nan;nan;nan;nan;nan;nan;nan;nan;nan;nan;nan;nan;nan;nan;nan;nan;nan;nan;nan;nan;nan;nan;nan;nan;nan;nan;nan;nan;nan;nan;nan;nan;nan;nan;nan;nan;nan;nan;nan;nan;nan;nan;nan;nan;nan;nan;nan;nan;nan;nan;nan;nan;nan;nan;nan;nan;nan;nan;nan;nan;nan;nan;nan;nan;nan;nan;nan;nan;nan;nan;nan;nan;nan;nan;nan;nan;nan;nan;nan;nan;nan;nan;nan;nan;nan;nan;nan;nan;nan;nan;nan;nan;nan;nan;nan;nan;nan;nan;nan;nan;nan;nan;nan;nan;nan;nan;nan;nan;nan;nan;nan;nan;nan;nan;nan;nan;nan;nan;nan;nan;nan;nan;nan;nan;nan;nan;nan;nan;nan;nan;nan;nan;nan;nan;nan;nan;nan;nan;nan;nan;nan;nan;nan;nan;nan;nan;nan;nan;nan;nan;nan;nan;nan;nan;nan;nan;nan;nan;nan;nan;nan;nan;nan;nan;nan;nan;nan;nan;nan;nan;nan;nan;nan;nan;nan;nan;nan;nan;nan;nan;nan;nan;nan;nan;nan;nan;nan;nan;nan;nan;nan;nan;nan;nan;nan;nan;nan;nan;nan;nan;nan;nan;nan;nan;nan;nan;nan;nan;nan;nan;nan;nan;nan;nan;nan;nan;nan;nan;nan;nan;nan;nan;nan;nan;nan;nan;nan;nan;nan;nan;nan;nan;nan;nan;nan;nan;nan;nan;nan;nan;nan;nan;nan;nan;nan;nan;nan;nan;nan;nan;nan;nan;nan;nan;nan;nan;nan;nan;nan;nan;nan;11310.163030622825;nan;nan;nan;nan;nan;nan;nan;nan;nan;nan;nan;2251.5747596329497;2412.4478860441995;2210.319355022686;nan;nan;nan;nan;1723.6211;nan;nan;nan;nan;nan;nan;nan;nan;nan;nan;nan;371.10741146410896;391.8901669525764;358.86212;nan;nan;nan;nan;1819.8241857124074;nan;nan;nan;nan;nan;nan;nan;nan;nan;nan;nan;559.8353850377285;579.5509789615828;548.267870359474;nan;nan;nan;nan;1581.2471009773026;nan;nan;nan;nan;nan;nan;nan;nan;nan;nan;nan;0.0;407.18648412019326;370.7591887134014;nan;nan;nan;nan;6.003065534612755;nan;nan;nan;nan;nan;nan;nan;nan;nan;nan;nan;3.303530473466354;2.9334542283090133;2.7458562076666184;nan;nan;nan;nan;5.258469953981933;nan;nan;nan;nan;nan;nan;nan;nan;nan;nan;nan;0.0;1.6102625634999999;1.5308335851451518;
